"AXP","BA","CAT","HD","JNJ","JPM","KO","MCD","PG"
0.058336484829044,0.0455413805897818,0.0327776256797331,0.00893385928657879,-0.00273238595170909,0.0556737901037727,0.00967790606701884,0.00943903446134,0.0216875767501587
0.0456029575307461,0.0075465493669307,0.0110584045188939,0.0113944280138618,0.00435055566456081,0.0398882286430473,0.00230224072717601,0.019042383681698,0.0115740463853377
-0.00128182565336743,-0.00737955460835659,-0.00131074006149643,0.0274823574107328,-0.00362722648182057,-0.0126932958059232,0.00460914177684366,0.0055766331951411,0.000726641401615772
-0.00792812835465963,-0.0271844311596929,-0.0379239110831321,0.000884156471499813,-0.0115116455688334,0.0120559827200503,-0.0130803963535288,0.0034063407693449,-0.0202365073817167
-0.0542534460606284,0.0145154540612925,-0.0532683609716849,0.0162986619816,-0.000309415643777744,-0.0276245987340724,0.00725817745553398,0.003358800149543,0.0151146863894478
-0.0590108294121466,-0.0171496575649761,-0.0221760796422735,-0.0161857750371179,0.00322931924492438,-0.0238109610716601,-0.00974712741887791,-0.00955381001688867,-0.0128494362763906
0.00597181758789991,-0.00271940408515159,0.00509647760712371,0.00878295200771281,-0.00759250045641615,-0.00185476216954019,0.00925728860529977,-0.00836576212983859,-0.014430267830125
0.0271363652516618,0.0327257195012605,0.0356565764261007,0.0427145440359071,0.00542679367850562,0.014301396145734,0.0235123123100749,0.0161259852935147,0.0087232522092289
0.024012521073461,-0.0119688964743551,0.010911204126707,-0.00322919396681099,-0.00732323375452101,0.00589516371156962,0.00302356915062247,-0.023679087148757,-0.0150605047910954
0.0236330819906027,0.00911460247720555,0.0183004214787465,0.0242665167021587,-0.00359613713473317,0.00413756046387258,0.00696185846021681,-0.0108085206117234,-0.0056505874610155
0.00366013097918673,0.0189679578468722,0.0224303849440109,0.0261507060062934,0.00388517790697721,-0.00362987574816821,0.0230240597350543,0.00608299438021951,0.0149051467779631
-0.0458509468873979,-0.0323029547858601,-0.0243379911860166,-0.0170933088445309,0.00351598298566575,-0.00742505366899722,-0.00513434825314684,-0.0178078351225479,-0.00301421213813036
-0.0341930370237853,0.021910121176898,-0.0298842694625296,0.00264390166330911,-0.00384672318857536,-0.0172331337425827,0.0013628463907339,0.0155574752553239,0.00745374483576265
0.0789389984370051,-0.0102388892483531,-0.0102508582352865,0.0338845397724916,0.00384441689126876,0.039924169114616,0.0135070507745164,0.0259823122705607,0.000777935167225949
0.0112897045702546,-0.0183528693929253,-0.015092010922693,-0.013997796157776,-0.00376714752091548,0.00231183290955712,0.00547986882915331,-0.00204210224742418,-0.00376891670634594
-0.018514636763778,-0.014354640230749,-0.000115523893595867,0.0161863134430416,0.00336643303820505,-0.0159693646034825,0.00720279719254219,0.0178956393466911,-0.00317938722376277
0.0835876381319639,-0.00288791444371841,0.0384357713343881,0.0183110344077314,0.000396937662523239,0.0429006027053342,0.0064167695733383,0.00164656677480307,0.0132527604697656
-0.0126955264073081,0.0218790623155853,0.00419525624206313,-0.0114492227003241,0.00330021755237916,-0.0341769825322694,0.00782605280182736,0.000784745982786869,0.00253285604194471
-0.0282805850822998,0.0267967737215862,-0.0161615740968521,0.0116771274548153,0.00201403069392294,-0.0191631326791985,0.0137248124308537,0.00221796608799704,0.00178885701383554
0.0952683737132392,0.0243608250256275,0.0251789014944591,0.0281828917746583,0.0133255813417011,0.0869458641138267,0.0178668119452992,0.0228730954290215,0.0352193471005633
-0.0519951190092889,0.0124898834849125,-0.0341633810588943,-0.0285641080314738,0.000773748786515621,-0.0326160569928722,-0.00943597391078344,0.011830940719428,0.00261702713602193
-0.0111839503225798,-0.00674059502681363,-0.0151679393754544,0.0205641123185579,0.0150231866397806,0.0140819034738466,0.00908304906708568,0.0120697932097873,0.0134188152196917
-0.00198902609819628,-0.0189897199111375,0.0123259259160993,0.00033679094219573,-0.00844907573731022,-0.0162489051734475,0.00533433446392734,-0.0265564022186394,-0.0145079930578886
0.0746796324341777,0.0192304586258394,0.0144288146526932,0.0255659730369828,0.00970273627125131,0.0399965382692118,0.0232787836696878,0.0211293286925913,0.0339562383958808
0.0281548499164964,0.0157605250546932,-0.000787432640947178,0.0193387386761901,0.00429745871061304,0.0054559889889881,0.00679208176477087,0.00280786281998456,0.013545196878784
0.00239783421358084,0.0303030855429517,0.0270373663860219,0.00525685004841831,0.00502978095529097,0.00351430068292418,0.000190305743789419,0.00258833057591471,0.0117061377477631
0.0125730329740685,0.00732223972686905,0.00687511289331894,0.0129438737030811,0.00524728087984167,-0.0025695662912391,-0.00142924410539517,-0.0108258357556626,0.011775817899732
0.00947021248382704,-0.0238925063303048,-0.00500047049297958,0.0249352293976418,-0.000824068126826238,0.020154990595317,0.00303633809979145,0.00129283700224808,0.0267068716369855
-0.00714797432090156,-0.0164896102323276,-0.0178894797554796,-0.0323851043405652,-0.00292252237468566,-0.0176409639811508,-0.00210978023994511,-0.0133781762526054,-0.00290386408275242
0.00659737589720968,-0.0094583831018984,-0.00661367884583201,0.00920595068974677,0.00436693959260946,0.000948796881788345,-0.00153662158852842,0.000636741384970535,0.0101739505088834
0.00418628245244458,-0.00366157068764724,0.0163587825237923,-0.00653258110568192,0.0049388175568745,0.0196930943992464,-0.00671636191423373,-0.00275737758271355,-4.01541416499483e-05
0.018294759857052,0.000228041504809971,-0.0115450983963991,0.0078674482166503,0.00285056454720956,-0.0129214213120462,0.00844270901157385,0.0108032825095637,0.000456820989603114
0.0302832539648448,0.0110349555970853,0.00983635310547989,0.0243927720771776,-0.00411668787965211,0.0327196472360403,-0.00120031006098748,0.01135720144093,-0.00719511819550347
0.0284369140792694,-0.0185826481064219,-0.00337472953075129,0.0106059272419295,-0.0131655820529024,0.0334633793348347,-0.0113327452902454,0.00136117137476119,-0.0230052232114545
0.0283184476793727,-0.00106104222531704,0.0127904634999141,-0.00462010586063989,0.00935101546361914,-0.00105668293340946,0.0121346614670433,-0.00974747462263351,0.0114880115248319
-0.0400573901464602,-0.0189471546280069,-0.0529599878590844,0.00591103040055354,0.00397981808469449,-0.0105975912783089,0.0194425962620881,0.0220847597088636,0.0230065104108024
-0.054414256220434,-0.0334180765673445,-0.0463117882902322,-0.0285146048754779,-0.00788127550048817,-0.0121734785401027,-0.00746679842541432,-0.0330754728037911,-0.0113214319622753
0.000245353603746665,-0.00158904478320518,0.0151523894059691,-0.00426410152493786,-0.00125188103193094,0.0037941606272743,-0.0102267019300157,0.00168668736274615,-0.000891341187879171
-0.088379455431968,0.0107720344438276,0.00259365725073889,-0.0510867298457517,-0.00468279355091852,-0.0632369691294123,-0.0155416535206612,-0.0282466772551558,-0.00827976316599697
-0.02052249607376,0.0130331927785984,-0.00445654613216974,0.0286942477708996,-0.00875959749873546,-0.000800820063645112,-0.00197021837314392,-0.00444665745268391,-0.00474554264231946
-0.0419689236715889,-0.00152346045101584,-0.0358651106751157,-0.0102536550727455,0.00599835413903056,-0.029572294494932,0.00372152295090789,-0.00673020547499022,0.00383837293014675
0.0315600140421348,0.0407765240966627,0.0364660370618305,0.00956240977293691,-0.0174043279516214,0.0204791311352288,0.0031339409309074,0.00047501749213514,0.0210971686621077
-0.0446049422548969,0.00191807887029938,-0.0100005784179004,-0.0187265918852142,0.0085222753504673,-0.0340866322269706,-0.00268591757306744,0.00723848429028752,0.00550843964813972
0.0464938641108992,0.018078534217588,0.0222229699549494,0.0222406158187314,0.0186011493029102,0.0393130549795341,0.0234376253963364,0.0285065559639073,0.0312828798993504
0.0774983367264726,0.011349975604834,0.0151153783299015,0.0187219737439784,0.00808155500145631,0.0614079682715361,0.00918564948414048,0.00776603792124837,0.0167109589876324
-0.0228813397613607,0.00495663633076464,0.00148522514825934,-0.018539136967996,0.00250055259174471,-0.0414798466806995,-0.00733361555746887,0.00352123907784354,-0.00995553916925125
0.00575652151647166,0.00628599173115224,0.00915952085729439,-0.00625653623458742,-0.00323891148092494,0.00113848124655688,-0.00285080251690397,-0.013039296974161,-0.0039222500961008
0.0168387054556127,-0.0020899982125325,0.00812362739027203,-0.000529406164740736,0.0112790019803241,0.0145378322157416,-6.76502592854907e-05,0.00286897126734279,0.0200107490926452
0.0372669205468064,-0.00149115089153185,0.00975728988709356,-0.016893828042148,0.0166107542593485,0.00278353462988676,0.0181852149735803,0.00485335403823827,0.015853576394391
-0.0513762804568008,-0.0276819183196371,0.0151271038206003,-0.0222863154874119,-0.00310127107089928,-0.0148840082419145,-0.0184543094690196,-0.0344754430293879,-0.0189701873023227
-0.0136563216070732,0.015002146109911,0.0153343708288204,-0.0110844116457186,0.0122001420429438,-0.0230261726786278,0.0127452524157873,-0.000963115715672872,0.00765813502101076
0.0427631019437971,-0.00166163931465863,0.000582282515346055,0.0197080518248695,0.000143085901126691,0.00518581658588954,0.00453470702848726,-0.00893249505660708,-0.00970113392571269
0.0398198649259874,-0.0321189709305497,-0.0109732665017162,0.0302600996898364,-0.000505966283146181,0.0163225323903191,-0.00691217168552157,-0.00772743621824583,-0.00163300754223952
-0.0586234157785064,-0.0263756645756882,-0.0272609592797549,-0.0131674222537295,0.00669461952901713,-0.0549159747911046,0.000949049562191898,-0.019680064838877,-0.00515893321491616
-0.0540064033222748,-0.0070400736961102,-0.0127482687258409,-0.0300283078456151,0.00381527654564711,-0.0295008762765256,-0.00979496964423806,-0.0150488900131272,-0.0155926317361307
0.00821284765120747,0.02045832166446,0.00907691578199436,0.0300635636365768,0.0108537767735046,0.017787829931685,0.0170303441751627,0.00699159171729064,0.00944570541414271
0.0183665171667376,-0.00103100791483111,0.00622976674018126,0.011026334956405,-0.0102643155422727,0.00422726985333451,-0.00652569772968827,-0.0148359846175449,-0.0078797711184611
0.00307500497104392,0.0357487733988396,0.0215172867218385,0.0317680893337831,0.0162083450735619,0.0121982722044178,0.0215747861270188,0.0360647433817136,0.0123779056846045
-0.023009288694206,0.0121660136760084,-0.0200466914532919,-0.00205194509797148,-0.000228922818816461,-0.000652418275334919,-0.0118831437430003,3.73646898043142e-05,-0.0073931385608911
-0.0112499850584812,-0.00412220912745167,-0.00725907051550007,0.0202255578639407,-0.00438818540963163,-0.000278461567268344,0.00237493957081884,-0.0105646969282831,-0.0118418839440002
0.0164750740564197,-0.00301563813977713,0.00520412807212909,0.0298149664950883,0.0112298339771114,0.0215837494822164,0.0220624317662867,0.00524767131968176,0.0215789798692111
0.0403698168655328,0.0272613279061036,0.0189510775865444,-0.0118888740454275,-0.00921920498984761,0.0251908598544403,-0.0110297361510974,0.023859851190077,-0.0132317339301999
-0.0337173110654325,-0.00849157699132632,-0.00259647701499492,-0.00536210422466443,-0.00666408947902806,-0.0263521050466829,0.00944344706133855,-0.0208592585220674,-0.0214031228804422
-0.0558885404170461,-0.0423189756053364,-0.0429347691887461,-0.0442006107536488,-0.0133357532971655,-0.0180853220574838,-0.0297767756993225,-0.0147179968498628,-0.00556333531173062
0.0717462402534089,0.068123577615315,0.0653913870496965,0.0166250128703871,0.0149886886216063,0.045724925086034,0.00402615299732992,0.002464629680237,0.0310343386691448
0.0190288921922729,0.027288072306151,0.0099954724470767,0.0016349443288659,0.00284873147920147,-0.0211398532159208,-0.0154275697537321,0.00933087667895399,0.0108431579937379
0.0175037938872166,0.0209640604856016,-0.0135871052774966,0.0270915549171944,0.00555519989435111,-0.00753528317834307,0.0191166159632943,0.0118044780472436,0.0192493079621911
0.0178320490963755,0.00522658293218962,-0.0087949311496459,0.0154374676660899,-0.00183989814848876,0.0181780450816317,-0.00305449524005905,-0.00786827646160431,-0.0186915804509043
-0.039488658307151,-0.00317902358064759,-0.0303408063267798,-0.0221087136216278,-0.000208845856226705,0.0145188922989626,-0.00771297030038155,-0.0287183926425419,-0.00665054069663966
0.0061220786741839,0.0167064776630419,0.0161335760774183,-0.00387127642179655,0.0166008738084634,0.00335215571154755,-0.00805236564074382,0.0300411231020372,0.0238142328023757
-0.0171201112292677,-0.0412798335972578,-0.0267503373349339,0.00246304552987996,0.00383888805418092,-0.0261952540641213,-0.00439537578970185,-0.0114900383656794,-0.00989715544911187
0.0260579274358057,-0.0140397156127909,-0.0155203854178207,0.0120972946097694,0.000700454105319522,-0.0242499385923554,0.00577539828635525,0.0180928337549962,-0.00211225146521999
-0.0128903603315249,0.000155774704625523,-0.0366677801484334,-0.0106529364511195,-0.00644775494243582,-0.00309529230000852,-0.00112377458804638,0.00704944159743242,0.00534718766330518
-0.0163326566312024,0.0130799032000732,-0.0191690818562185,0.0380354762731463,0.00135853590501782,-0.0184935636902161,0.0123659221265641,0.00772735109661253,0.00772670216360119
0.00487856389481913,-0.0080877533206245,-0.00654605142536744,0.030376946697971,0.00145433602942641,-0.00754238120757555,0.00172464610949773,0.00927878258329689,0.00168642402081406
-0.0561415220011725,-0.0305461826537399,-0.00954061135772232,-0.00769492929125489,0.00833196961843628,-0.0223587013072024,-0.00572716011626282,-0.00934494309388222,0.0179980606415922
-0.0277396216188365,0.0168391463322395,0.0103415425008011,-3.00399146138671e-05,-0.00361091183788118,0.00411688324981722,-0.00189151868112373,5.56283193568919e-05,-0.00975287882784488
-0.00513636048427491,0.0183294310164928,-0.0054074832235678,0.00323372622223068,-0.00646501098385722,-0.0296620797115033,-0.000809325195579799,0.00034393163573447,0.00712296619389518
-0.0289547090578738,-0.00227094033763215,0.0338374327739931,0.0327119944652685,0.000627162579838387,0.000223109946389586,0.0256203110566505,0.0107743867115115,-0.000817606566480989
0.0343394528223732,0.020733139542969,-0.00426843347339667,0.011111222903065,0.0103898322967564,-0.00373893786843356,0.0251954541675088,0.0218553387666496,0.0226205610958879
0.0338098178714639,0.0104629879614586,0.0231148444780771,0.0475781718871256,0.0137383089203712,0.0415829081786867,-0.00209194718204508,0.0232397448891953,0.026069468600658
0.0749683263104778,0.0258006142771869,0.0259613815045304,0.0137283003681899,0.00480468243251688,0.0627359413881824,0.0059995131735946,-0.00529451380443351,0.0118197003894363
-0.0826022108153415,-0.0393728369348717,-0.0302413900221004,-0.047788944254765,-0.00658566066971629,-0.0732949230990971,-0.0302024873624899,-0.01824750414557,-0.0173672166322948
-0.00100232305951846,-0.00166784629086667,-0.00752964243887235,-0.0200399036046816,-0.0124659438728932,-0.0187704813111288,0.00786812896843943,0.00428620989554819,-0.0101360331369761
0.00954005507974989,-0.0104305202284974,0.00124386642065695,-0.0322900617780925,0.00173465787951892,-0.00565440473104235,-0.0171092151064531,-0.0227604299034362,-0.00651604334045561
-0.00617625000712063,-0.00909448283630151,-0.0400903128569425,-0.00301198957432309,-0.00418418788767327,-0.00760549229042523,-0.0379245266789059,0.00177091300667173,0.00183438348961634
-0.0118697705713413,0.00682016775162804,0.00919870771677957,0.014191769560732,0.00535975893767532,-0.0235877449952326,-0.00373938129922226,0.0189355405961313,0.0126473562388229
-0.0073142476424946,0.0166991148661339,0.0206976935939356,-0.00544170399321647,0.0016761591725828,0.00508707592723766,0.0103855171584009,-0.0023976175538707,0.0115707769474599
-0.03067275971972,0.00563901712033627,-0.0148198220483344,-0.000400082178032185,-0.0018692255872532,-0.0182813502450725,-0.0243014644327016,-0.00291797687441152,0.00537722141971539
0.0626789452214994,-0.00468654424932428,0.0129279985009232,0.0114155372715012,0.00824803430079218,-0.0114203384321146,0.0138047802594788,0.0078696437278829,0.0156129445314837
0.0769922431633159,0.0499917565242451,0.0431030438060734,0.0624736671355099,0.00576504304001473,0.0569183131516719,0.010659248598691,0.0205040856203304,0.00601549451547142
0.00468166875262952,0.00159466566460319,-0.0115051009975284,0.0123409561324776,0.00403449277409509,0.0112619137084785,-0.0133800265386703,0.00502326879660744,0.000629155755775796
0.0550549688720758,0.0229635350315728,0.0224020035975205,0.0330674911423913,-0.00104759799174411,0.0221568898774707,-0.000917772625302569,0.0303373338784612,0.00498806437114727
-0.0314964037354719,-0.0166773197393505,-0.002927295240263,-0.00894204956961926,0.00396342059690552,0.0588607893557892,-0.0104516727002802,-0.014692182626609,-0.0211954344713273
-0.00581394252474685,0.0186463383556113,-0.00265392970354753,0.0116832885172566,-0.00156141181637306,-0.0138724404539094,0.0140155288574228,0.000300872451174544,0.0227349404855839
0.00638136614708311,-0.00718058822449796,-0.0195867304231862,0.0237814013313057,0.00677170348136538,0.00645300227387839,0.0362312430392805,-0.00447041913362461,0.021570261892862
-0.0300187578177648,-0.00161935832282823,-0.0274204323766581,-0.0342125580868754,-0.00133339220453015,-0.0156814671441235,0.00398911174539952,-0.0120865714167922,-0.0089786921955128
-0.0439946780794161,-0.00266338437508159,-0.013564119681367,-0.0197076240370223,-0.00853479775128656,-0.0390572593867219,-0.00957014651127065,-0.0091648231454488,-0.0103227635012391
-0.0039043421755376,-0.0117226067944671,-0.0224980227172729,0.0037516755209248,-0.00265423096641894,-0.0490660317865375,-0.0121015970160832,-0.0169869103256399,-0.0132811022210243
-0.0142179282808666,0.000297465252091849,-0.0102032026261256,0.0196098326985749,-0.00209068220522324,0.0185272357750615,0.0040753411032558,0.0237935872428551,-0.00502358943665825
0.0454630895261174,0.011504728722651,0.0190331738534359,0.0152426491590951,-0.00159800250732822,0.00655808379143984,0.011343292496867,0.0358394886005349,0.0106450383886859
0.0425379436444806,0.0333461501423678,0.0254070434384843,0.0465118818734342,0.0201325781767934,0.0450855623737126,0.0108422000752917,0.0151368314369294,0.0377813424648845
0.0642783535032964,0.0409612797163133,0.033513690286261,0.00672442135120416,0.00859806644945933,0.0303473815828916,0.0128611153642539,0.0176301816447856,0.0168643884828553
-0.00305474406662823,-0.00490962724476912,-0.00389317684399226,0.00963892693123465,-0.008367274944139,-0.00267635856206863,0.00618827346937349,0.00796110401362202,-0.00568690916372003
-0.0103589937693981,-0.0199188335707386,0.00550858160999685,-0.0223665186268207,0.0031336876400115,-0.0131122596614568,-0.00581860968372021,-0.0213644757592024,-0.00283816115631326
0.00890973365883596,0.0449684131321316,0.0356225704390926,0.0172128586578196,-0.00972691851871198,0.00176721931518241,0.00877019720815529,0.0315469793109401,-0.0151652256164989
-0.10886692997664,-0.0217828151311611,-0.0400025968113522,-0.0592272600506219,0.000487506968920012,-0.0660153706745022,-0.0117042845895807,-0.00368840530373527,-0.00909549693165222
-0.026846122221203,-0.01062780767406,-0.00148361245701692,-0.000773733137532495,-0.00964009406098093,-0.0144063061223679,0.0095907908437537,-0.00753207401598433,-0.00368616621196526
0.00814536140511876,0.00849336214292217,-0.0130216718457558,0.0152510502889325,-3.39972264280457e-05,0.00477975502655622,-0.00505149221242525,0.02478228122186,-0.000453666383740087
0.0472828121174338,0.0214544904414582,0.000313378517560769,-0.0135781564151516,0.00441894526153453,0.0302640658579097,-0.00609756120637193,0.00413934507061934,0.000661918703344099
-0.0576958793391075,-0.0243875432347588,-0.0259861545633159,-0.030406801905968,0.00687204893481396,-0.0285831429489092,0.00238270252025763,-0.0175747185850079,-0.00385691096054752
-0.0447699131886223,-0.014034205490042,-0.0305050462871776,-0.0298056331705892,-0.00171023165597848,-0.0359353013415721,-0.0138827594629778,0.00807247271649439,-0.00226657244300319
-0.00151705901268465,0.00339892134494739,0.00223469325087292,-0.0165007288702895,-0.000862275267855925,-0.0188408342928487,-2.3156059393263e-06,0.0170749334429406,-0.00457197836759635
0.0209405667561499,-0.00160972958122061,-0.00419321130612271,-0.00442990715069965,0.0047714343841082,0.0270318637719838,-0.0059720452881195,-0.0179676661230594,0.0146625388016286
0.0360664113717227,0.00881080214667932,0.037806943205492,0.0251590891711615,0.00930557184982487,0.0446556555175328,-0.0101277334081421,0.00228289142088617,0.0225604762136004
-0.0398821713779614,-0.0187349494032392,-0.0351738120494378,-0.010229450179815,0.00311751072396929,-0.000601037818057964,0.0043318977905419,-0.0119315765182491,-0.0150099572608167
-0.0627370081837205,-0.0219347424046577,-0.0118569586533696,-0.0133487627364454,-0.00667046730901132,-0.0383905741331407,-0.00703847006827057,-0.0122994135131967,-0.0365039909854016
-0.0143127285715843,-0.00295841819440647,0.00105195714645765,0.0070590234181355,-0.00147982971481514,-0.00131812317324606,0.0080806568950118,0.012509892086257,0.0203222540563646
-0.0356528737164678,-0.00371155880561096,-0.0244870396988027,-0.0189612787824976,-0.00373763951230849,-0.0340286880112885,-0.0118520394713926,-0.00823018432991203,-0.013922517307289
-0.0268812969543136,-0.0578680324231441,-0.0145241702845437,0.0283804187218421,-0.00315196765367065,-0.0107383516134696,-0.00664578740225974,0.00144581555297348,0.00734974097914495
0.0311951587064016,0.000331124599408663,0.00424618201837169,-0.00915988213555958,-0.00371186539924385,-0.00357733947814051,-0.0162648226438423,-0.00593838094974417,0.00256936740729258
0.02132391024117,0.00706351362838006,0.000951338011867845,0.0457444504513046,0.00193624663516416,0.0153736916366653,0.0321663672837691,0.00999195572588518,0.0484356811494552
-0.0178636328655682,-0.0292720207270947,-0.0353810647730068,0.00813222416317287,0.00239878366118634,0.00422624900749574,0.0169024152230401,-0.00655192916572346,-0.00192784885560766
-0.0995365404910364,-0.0491311339691449,-0.0147686348121587,0.00127711536193722,-0.00469386416753543,-0.0614805200164225,-0.0073646864380392,-0.000774163322973291,-0.0102816472595855
0.0251628909450123,0.0253711332091158,0.0280556981012523,0.0323370158859456,0.0196426832898077,0.00105614167001976,0.0164105662590034,0.0158259062612989,0.0278035733276272
0.041216088956574,0.00619020698948146,0.00344258567585275,0.0199742354907854,-0.00633854265007445,0.0169610444527819,-0.00837931717249071,0.0129357497188441,-0.00654352169670547
-0.0534490883083767,-0.0162731828426311,-0.0219007910816103,-0.0272511734151181,-0.0144794053377362,-0.0251811122682178,-0.00401361893897741,-0.00738639758074838,-0.0124814227027629
-0.0358104916668332,-0.0104598976930518,-0.00615761529348768,-0.0211454502727705,-0.0151104803059269,-0.00139349290338742,-0.00986966691379413,-0.0086252557276547,-0.0071485930330006
0.00245946207875649,0.0209760451017826,0.000500110330174523,-0.00295545745383624,-0.00374881777645085,0.00729296658788796,-0.00228305307135001,0.0105293028088782,0.00456697462780202
0.0655720614294263,0.0315110681430406,-0.00114131144154574,0.0221766410981983,0.00226207473832309,0.029070776513699,0.00456857229778148,0.0120823452314816,0.0210919779513809
0.0249662478715924,0.0395571967811417,0.0348447854611841,0.0359308104526275,-0.00179227195525723,0.0237790559563098,0.00902670760651192,0.0206537055767493,-0.00233435019791941
-0.00297803354878924,-0.0236655848023193,-0.0101645512381264,-0.0358139774518702,-0.00897248001136092,-0.0294359903472235,-0.00034493995293939,-0.0139215203850141,-0.00942991638713971
0.0399270590041409,0.0419162674790076,0.0394816604263596,0.0491160351666795,0.0117543689100388,0.00692093596107466,0.0235312769981187,0.0254592057776152,0.0261518529335129
0.0163829418729831,0.00666758234808125,-0.00583558425528976,-0.0248569535296857,-0.00525092855136387,0.00323877875707802,-0.00606227228657565,-0.00551903018300456,-0.0125351777324376
0.00194130927652915,-0.0111240444795066,-0.0252917331474694,0.0137224748912891,0.00630824896212885,0.00148799625352919,0.00038619184153383,0.00359067604681984,-0.00274841248812615
0.0463831926110337,0.0194471540440961,0.0265816423194649,0.0338011318511463,0.00786171915946937,0.0314483044905286,0.00219535285946297,0.00837970543589712,0.0110955391731197
-0.0176473922495443,-0.0134479313980474,-0.0120359601212434,0.0350606046615948,0.00218402058372249,0.0103232838949507,0.0116239969705248,0.0101368953680766,-0.000215117602224142
0.0101168223683477,-0.00957598634958512,-0.0144559764737071,-0.015197130384034,-0.00116790738941042,-0.0204951233750669,0.00744460380507161,0.0152961703672742,0.00673160736730781
0.0116921056456838,0.0323217488633775,0.0224887262849405,0.054808567035399,0.0188851831557865,0.0407196637847644,0.0127717112167865,0.0346837789051661,0.0226772498937547
0.0293136526499407,0.00876270158031866,-0.0171514745487649,-0.00501835539596375,8.92131720313003e-05,-0.0099869135001164,-0.00673746340852792,0.00350937407900868,0.00518641924371139
0.0114189357821839,0.0392614255008493,0.00816336441949565,0.0289350563311803,-0.00425855301904148,0.00732844020264689,-0.00276174031729688,0.0209664957561491,-0.0078240571699379
-0.0120477094205167,-0.00718370042796668,-0.0100423191817016,0.0023718340119834,0.000814287892142288,-0.0175231584999269,0.0104250076719834,0.0112744344429954,-0.0118311773697288
-0.0269624137250813,-0.0151960443618608,-0.010653119033078,-0.0148886671080009,-0.00191754107856309,-0.0512136763899946,-0.00725411203709562,-0.0201237165734786,0.000668232941898346
0.0698971712109218,0.00149236102446818,0.00991729806305027,0.0523503194517027,0.0115709341559219,0.0421055343743093,0.00659630545704281,0.0363637028504981,0.00884699477613822
0.0730779857986277,0.0317815466459705,0.0423668157734159,0.0224033234453463,-0.00238099101262184,0.0275453503136683,-0.00298466500235027,-0.00250871556071214,0.00382654265108477
0.0168254504582234,0.0253136099147725,-0.0017280976434654,0.0139274755339416,0.00195175787333239,-0.0272736046658602,-0.0173535481592582,-0.0070351038172242,-0.0136260683052375
-0.0164522738622131,0.0144728225433378,0.00199932695199383,-0.0120526552026232,0.000288245501690316,-0.0270022484492935,-0.00384653384122849,-0.00474774461171018,-0.0014134408483985
-0.0893160989028537,-0.0605744512507022,-0.0551403561944289,-0.0767798830728468,-0.01011170659965,-0.0728304225030839,-0.0240402542134587,-0.0265923013530927,-0.0326268056861829
-0.0841375891370545,0.0176320635927926,-0.0226620932313681,-0.0445741163232395,-0.0107708106973695,-0.0398267788513229,-0.011861430861025,-0.0268760045768719,-0.0101424161004632
-0.024077981643641,-0.024949081570183,-0.0238591036779819,-0.0135922634835223,-0.00348328256892395,-0.0269778880356196,-0.00670213665343173,-0.0137248376376418,-0.0252652078255503
-0.0610688169796739,-0.0280345627987634,-0.0338029839304069,-0.0343457215341396,0.0089649677017208,-0.0240088105841054,-0.00379277496719714,-0.0411611583295579,-0.00173005514585604
0.0240059041755603,0.000959313376647913,-0.00817193408131306,0.00805789431469386,0.00970726127954658,0.00628465166758865,0.00714472344921181,0.00810463073431684,0.0193503791513086
0.0144404408918155,0.0238540664404721,0.00717356414495979,0.0040063449383843,0.00123453942399196,-0.00531123301785137,-0.00147488935044443,-0.00176857435966907,0.008450521465121
0.0126303959278557,0.0174241746083768,-0.0076533672380223,-0.0226415240898447,-0.00419726862378021,-0.0102633974413846,-0.00859714612193811,0.00274336641712888,0.0103040718333867
-0.0113326917634424,0.0134138489771723,-0.00198220883110072,0.0134415674624882,0.00698976926075403,0.0115512614536462,0.00131792392927987,0.0228099524934657,0.00281359635103733
0.045799448941067,0.0082602504832997,0.00422713716402809,0.0192836296217937,0.000331822130858048,0.0208207906689432,-0.000971055985745693,0.0154519774213616,0.00979941230272535
0.0610093233061991,0.0151983824182632,0.0121621969203361,0.0317857380398924,-0.00130170139778196,0.0267990241076087,0.00562167027068075,0.00915039719064025,0.0157214311937383
-0.107192201667111,0.0161437139765937,-0.0426819856244786,-0.0311028496396173,0.00517894039494984,-0.0526648492927518,-0.0105795905748702,0.00617250601982879,0.0126042951943587
0.0241546255270264,0.0382951413585304,0.0306752154838875,-0.00363851290536987,-0.0110422418023631,-0.00140073249386082,-0.00687576848511645,0.0128778704067743,-0.00700504788420825
-0.0167846912598465,-0.00797367347033197,-0.0390059134519652,-0.0372766021153657,0.00422422349318827,-0.00107658577851707,0.00691310801099942,-0.0256404465358831,0.0111122629290334
-0.0652860511061985,-0.0184206301755068,-0.00226779603442133,-0.0302881323245992,-0.00302949687012819,-0.0126588047370306,0.00815407732790571,-0.0260881366509815,-0.0372986850620138
0.0292877989993033,0.00413555824924486,-0.000922610740299274,-0.00749858779574445,0.00646453725924545,-0.0174434087833687,0.00768134539826281,0.00599047501406104,0.0169238072690686
-0.0611529503024218,-0.0263268460110425,-0.0247573627214527,-0.0456069385046036,-0.00998877599693634,-0.0296317940353904,-0.0108457631252837,-0.0357447760399287,-0.0176141549272513
-0.0275551827884266,-0.0617712937183427,-0.0401412228288816,0.00117465659995284,-0.0122720035830153,-0.0364566265254262,-0.0114198179125918,-0.0242653869544509,-0.0367580149518596
0.0332980021716166,0.00180009484356594,0.00332938332661187,0.0200624911130898,-0.002842012881739,0.0188949484098106,-0.000660881451424722,-0.014441154627946,-0.00791555726192535
0.0284402774109378,-0.0193410930956523,-0.0146739007585666,0.0233311857009573,0.00592005319954981,0.0159657876345478,-0.00852724970014469,0.0134036610840999,0.0147803561569471
-0.023450197745008,-0.0070342376176975,-0.0200947946593523,-0.0182292662970469,0.00903708669000397,-0.00478868266173146,-0.0224661373828825,-0.00352084653054485,0.0164559372948696
0.0107717651108589,0.016525949068966,0.0049829026724531,0.0268981553721967,0.0123235303499263,-0.0237636427825777,0.00965233128333394,0.0182646039292471,0.0130760351434813
-0.0499323534535621,0.00797633949535763,-0.0147099943885061,0.000643472951428519,-0.00418937310710232,-0.00785147342560825,-0.00692418702041412,-0.0239587298123635,-0.0161469031456854
-0.0249883229372026,0.00379414854453924,-0.0282967940022957,-0.00748079831066345,-0.0142661667917137,-0.011445305630968,-0.00795424531282091,-0.00476427437193051,0.00139379930928476
-0.0361010274998997,-0.0154488287093533,-0.0026711008885353,-0.0152084485679585,-0.00312209323566346,-0.0223703015787617,-0.00863824925995362,-0.0230441411907215,-0.00920703057692575
0.0201878423490115,0.0275406275366386,0.0130872680247772,0.011830145320876,-0.00651618180610642,0.0299521411474541,0.00593487833284878,-0.00405219104945801,-0.00726739081093192
0.0185451134491041,0.0219360534587074,-0.0124091790469622,0.00240329370417135,0.00942186089934477,0.00731202545886925,0.0121799685895998,0.00254103994539894,0.00137279158234966
0.0147623256437374,-0.0127303968734239,-0.0125404173252315,0.00446894808412544,0.00553052386002393,0.00191417922185088,0.00995319099839755,0.00415329658146285,0.0129567048980777
0.0316980822427212,0.0352484220552767,0.031608318274622,0.0149938743038575,-0.00722353467776415,-0.0065598484656092,-0.00219435506479473,-1.83934004135289e-05,-0.00426552009061747
-0.0640081631278438,-0.027486089034118,-0.0487487459481131,-0.0402816111450945,-0.0214736933126206,-0.0668948150424922,-0.000212557557183745,-0.0133194791789647,-0.0221793640770534
0.0390810832931585,-0.00890082295160663,0.01245750326172,0.00380950384263077,-0.0105139841026495,0.0406962696404988,-0.0101561740665308,-0.00919002368163527,-0.00987626044388369
-0.0418976292431658,0.0094224963217174,-0.0120335775020634,0.000403874268851286,0.000583964117723827,-0.0202411899269647,-0.00066767012350673,-0.0125415880050309,0.00280362851313029
0.0126295592658391,-0.00219340079596123,0.0135335375624408,0.00684942152238731,0.00336114681247269,-0.0487366752649218,0.0120900741663447,-0.00143292107948004,-0.0142868658621406
0.0484189421408482,0.00435241661808658,0.0160141378492484,0.00167818386045288,-0.0130944979654078,0.0133660587231053,-0.0176855891601346,0.00730680550617031,0.00552442978178538
-0.0887811189711692,-0.0181303827156681,-0.0425416512772501,-0.049307329907713,-0.00822226505335209,-0.0460750326768338,-0.0233775171697682,-0.0174449616767035,-0.0305008966479555
-0.00649381742965176,-0.0095650163507526,0.00965616674165256,-0.0233413721380159,-0.00828485187427188,-0.01398546422014,-0.00815582435117052,-0.0342697772440781,-0.00295615859082351
-0.0439853179146279,-0.0314627413303728,-0.0189268917066513,-0.0269351428478244,-0.0061356780346197,-0.0389979401223516,-0.0110579100711585,-0.00819102664632733,-0.0126695792556541
-0.00301102077381552,0.00158569925025274,-0.00344967991830584,-0.000388574246203345,-0.00570988386152867,0.0198953677534805,-0.00114830766175735,0.00297307359638973,-0.00782135729174526
0.0113979709470495,-0.0150888135395195,-0.0148158782736925,0.0245363870622284,0.0110859007285251,0.00509652985163509,0.00867584267096291,0.0156383617188719,0.0174019836406289
0.0230322012632508,0.0134301644206828,-0.0177321941554468,-0.00627380089129088,-0.0056457377209511,0.00764433323224582,0.00948848041291206,-0.012073651693506,0.0123763915763547
0.0162965694791604,-0.00589003106798206,-0.0220863755937085,0.00921674000785491,0.00294175114440913,-0.000115216250709593,0.00232450492664828,0.0139890972313646,0.00805185832582156
0.00926346348373945,-0.016488624976279,-0.00465950914349681,-0.0184575904008802,-0.00498340484622108,-0.00209432227945452,-0.0275891712412039,-0.0317581797941204,-0.0164368978915755
-0.0768195965978011,-0.0257890274141015,-0.0510955211477166,-0.0254388759691007,-0.00190791249397121,-0.0436222109408333,-0.0152897132692498,-0.017147304387744,-0.0104591943209693
0.0394998818914159,0.00177940120725718,0.00661451913846406,0.0181689167684791,-0.00549431672379047,0.0365877799461961,0.00682984979585043,0.0153304638758629,-0.00709955599965358
-0.0204858874480576,-0.0224577124807773,-0.0170698827899602,-0.00122200355659339,-0.00293734016903909,-0.0111769523652745,0.012040137488585,0.00505046882350799,0.00681962252482729
-0.037548616205925,-0.0135543116121358,-0.0318283132459867,0.048011546075757,0.00128790864887973,-0.00832130906148053,0.00945435594841376,0.014491807548148,0.00913738117024645
-0.0419767076258201,0.00561602544119352,-0.0163312551594399,0.0050919373564375,-0.0110309813315785,-0.036869866825059,-0.0106914914518614,-0.00503757183490869,-0.00821097352580933
0.0109028333566743,0.00265227017369172,-0.00241301921482151,0.011015460291284,0.00817962759890715,0.00254955259863,0.019435002330601,0.00104443828477004,0.000292949646425464
-0.0160532321827971,-0.0159194170345029,-0.0307292270960009,-0.00395160538937516,-0.00446182466960158,-0.0328161351759117,-0.0101267592245031,0.00799722334793343,-0.0190938194845172
-0.100963775291227,-0.0038220842317136,-0.0171154002493714,-0.0314824738413095,-0.00166389758281899,-0.0524229001011987,-0.00651900279362738,-0.0278981082872211,-0.0020061302094016
-0.018983721140605,0.0312983529863143,-0.00168853551553543,0.00410890967043365,0.012182148914102,0.00122468966205567,0.00171176615359199,0.00575366467243372,0.0292802760135222
-0.00116849820845358,0.00463906183932888,0.00815892910414743,0.000955612386464948,0.00205038016030143,-0.010589405467955,-0.000544111567702912,0.019128925223688,-0.0052123345554792
0.00916906253133022,-0.0155832488326942,-0.0134712631667768,-0.00283678684630584,-0.0112728016721511,0.00485154387054004,-0.0012456010137674,-0.00382996497123934,-0.0221922090626648
-0.0690977458536966,0.018275521801589,-0.0590121984677763,-0.0136603760199263,-0.00487500033333408,-0.0460459065024143,-0.0211175003109785,-0.0312033857990993,-0.0226311961242239
-0.0232606127164996,-0.0203911799724541,-0.00710185073021177,0.00852557392164978,-0.00341854740182326,0.0212197307172923,0.00725670170392192,-0.00255727385465469,-0.0116722841760976
-0.0423023353463396,-0.0146529075197461,-0.0350298266243253,0.000381939348661221,0.00776630617957285,-0.00064486651207451,0.00479064094106401,-0.00171166668966019,0.00331758701960882
-0.00665010486855704,0.0141401635157931,-0.00397758144892378,0.00735362297320341,0.00502163837841544,-0.0304008226750417,-0.000283052576847146,-0.00826497233859911,0.00114723861282237
-0.0113477153337077,-0.0221226118005447,0.010833387593646,-0.00706138912869153,-0.00595449202138515,-0.00887763063844436,0.0017954334528113,-0.0140521656387501,-0.0102558661642369
-0.0126308040188771,0.00561821283001729,-0.0170661829968005,-0.0141043235862562,0.00118738795935683,-0.0470741164977315,0.00856493926755846,0.0165719682273368,0.00853631468291595
-0.0552555205770788,0.00531797646818119,-0.0223621415199853,-0.0226376364505374,-0.00713575580530729,-0.0468399733410654,-0.00442596262550819,0.00141825485950596,-0.00373665797109429
0.0128539518497422,0.0304703035986725,-0.0189665111756094,-0.0102749883050471,0.000760835033669072,-0.0140897843185621,-0.00963463917959926,-0.0118440551496059,-0.00207320672041448
-0.0538825025161313,-0.0194116690612345,-0.0250725371031686,-0.0261067295770367,-0.0044110710743238,-0.040305308067785,-0.00292872711319613,0.00837757030352421,-0.00566197506015084
-0.00393889650829751,0.0136101746347726,0.0150013099499371,0.0244323992399891,0.00863147999376091,0.0054179004023558,0.00522279964530067,0.0198818641208722,0.00546376404657563
0.0106367081036376,-0.0256031883933405,0.00650507316016902,0.0067884716940713,-6.50405886115792e-05,0.0151212685609999,0.0194415638764617,0.00738189466571393,0.00300864213509594
-0.0523239120537563,-0.0288351110990205,-0.0356769526161608,0.0133711786251258,-0.00400012210418511,-0.0548708923806918,-0.0052907778025201,-0.00751883551860343,-0.00138569078519245
-0.000599427607944414,0.00592420530260097,-0.0183466160658881,-0.0228424304631347,-0.00259322571253648,0.00748632070280574,-0.000929412592014754,-0.00287115076979397,0.00105569040758941
-0.0600315243499334,-0.0383847451131622,-0.0437141086841906,-0.0228844710049462,-0.00507987299184073,-0.0375368631446437,-0.0285210746841699,-0.0389162793169142,-0.0111342071918557
-0.00625532024814245,-0.0380737939440794,-0.00696979846506501,-0.000679494886425897,0.00321840373836428,-0.0147232651032884,0.00781105290986546,0.0107786868142103,-0.000894940543981838
-0.00986466319648033,-0.0381354306419427,-0.0430516847538905,0.0189444821233641,-0.00360679991506695,0.000835265591618722,-0.00566064672679658,0.0175249787386825,-0.0201479169369721
-0.0393546880444179,-0.048530510690883,-0.0356429678331791,-0.0339086025252623,-0.00016386041126369,-0.00177399318540566,-0.00292679146389834,-0.00448892595825436,0.00166717126828663
-0.0047070986696414,0.0206093066936167,0.0304071061839482,0.0114251377026573,0.000978155044341435,-0.00650174853556261,0.0126920206188621,-0.0110468118824006,-0.0077078908895322
0.0211437532995989,0.0305818068147599,0.0150602501573661,0.0200718908568348,0.00596216822606441,0.010504437847067,0.0251276254989591,0.0292519037780132,0.0253981515548263
0.000485921953558476,0.00259066164272326,0.00800582694427877,0.0362005715280938,0.00879328010226951,0.0089474714971499,0.0229509741481875,0.00723851968479668,0.0282133788622926
-0.0563735320045817,-0.0125292483855489,-0.00485447393367696,0.00724068879324932,-0.00535441270884841,0.00472965778388533,-0.000356824200705448,0.00816948840789095,-0.0134337079045462
-0.0221707630755988,-0.000815662506552292,-0.00628123006898279,-0.0256660341371266,-0.00454218831319829,-0.0128485478159345,-0.000583807321442725,-0.0242864361487405,-0.000941959403673565
0.0136037744976337,0.0124328981777802,-0.00880047561664569,0.00821204217260279,0.0082941889535809,0.0197010024026836,0.0119001454983351,0.0169259803065001,0.00790564108910433
0.00169494390271458,0.00824390946446143,0.00208486951825875,0.00245558064523086,-0.000756079901277635,-0.0109447466120699,0.00638397344839932,0.00936847484172657,-0.00224068524408501
-0.030945619102064,-0.01381203509582,-0.011211162488305,-0.0153241664573656,-0.00607898344934825,-0.0272207246567976,0.000516831405218508,0.00280122679847192,-0.00689698081524468
-0.0258662260992598,-0.0161399679449887,-0.0402040472794567,-0.0146987247095086,-0.00845325038870721,0.00844571982770046,-0.00238408743564793,-0.0143486337860902,-0.00339649578449447
0.0386921459037308,0.0301880981671492,0.0322849203410828,0.0343879961221663,-0.000404256188064879,0.019381105500966,0.00405095895421675,0.0273127657229468,0.00124413457042919
0.0659487669976861,0.00993513377245905,-0.00377691550479669,0.00590264669777797,0.0122521104553676,0.044989314050234,0.0171127850451246,0.0322354804387609,0.0260875953637506
0.019314822365186,0.00802921054240863,-0.000980849382642789,0.0285103162619248,0.00478224374574226,0.00566885736246748,0.00468473857909756,0.000771046326569976,0.0011496461764672
-0.028701159715989,-0.0235597174291016,0.0229588823708203,-0.0341005062629459,-0.0033064580853683,-0.0229551745282499,-0.0055741569828448,-0.0253374466253794,-0.0257804845202141
0.00973499419075371,-0.0078297255384637,-0.0120464649769116,0.0231514889621929,-0.00455804083565988,-0.0185647868953142,0.00374510270225325,0.00600867815706249,-0.000946997299312586
-0.0022891130039712,-0.0361057155339233,-0.0338161785163691,-0.0123058993516323,-0.00481515234013493,-0.0561909240179984,-0.00474994064475984,-0.00720647948769799,-0.00599403206537384
0.0191786866200271,0.013722606720736,0.0289121378447745,-0.0056223439715761,0.00233457657044664,0.00769558061418727,0.00967969091564141,0.0175401937616289,0.00335085814127817
0.00792171538513505,-0.0161430955379875,-0.012092460088211,0.000436379117712268,-0.0116862654627686,-0.0131976465173074,-0.00477264103503879,-0.00471024486049575,-0.0137335130378296
0.0207544958227254,0.0367463479348996,0.0102349569097908,0.00448429702099436,0.00336520589448945,-0.0201872486725231,0.00734602998447897,0.00664098856559287,-0.00290753051238401
-0.0203732914790275,-0.0127272337259789,0.00628398597076008,0.00558426517357454,0.00559307894405233,-2.57497976567161e-05,0.0320019199025486,-0.00287621964935797,-0.00152574930447468
0.00296068603353019,-0.0238759786166041,-0.0222513911427049,0.0119204185704046,0.00326816901538938,0.0467650237500577,-0.00407546174013272,-0.016006751892754,-0.0208891372231963
0.0297979674593291,0.0341503779797765,0.0343503853462604,0.0301767860830846,0.0042396968481227,0.009824518601096,0.0102957302746729,0.0211993943197568,0.0187205669678479
-0.0451080960056585,-0.0156060027745666,0.00366383413522336,-0.0111506284472366,-0.00392159218762477,-0.0136726784151182,-0.00588217411547315,-0.021540940234419,-0.0229966611126044
0.0526923408273166,0.0119612620497639,0.0183891365539247,0.0150206219886198,-0.00172607484864363,0.00907540677046216,-0.00756574115792236,0.00960687014981293,0.000845178056020315
0.0469755975078358,-0.00132512555909475,0.0031740165913932,0.0384649448211467,0.00135141011600273,0.014349550110713,-0.0143240100915533,0.0282041789753518,-0.00582353004931126
-0.00167781612349574,0.0142072260970216,0.0113398059427259,0.023709268724221,0.00900164267044493,0.0078002521665798,0.00736792920748491,0.0309048467590206,0.00731369622760012
-0.0182042930549807,-0.000256582467652494,-0.00733277418773851,-0.0100558961961847,0.00110495015850213,-0.0014722210662215,-0.00710295950943411,-0.0111541888737926,-0.0091789487108588
0.0223107659587,0.0110239062444526,0.0107277258918117,0.0165505071537505,-0.00658350927921567,0.0295795389524362,0.0099526845040162,0.018283245527725,0.0090870250194675
-0.0304960314659783,-0.0100894829796804,-0.0279797072517009,-0.0361637696860994,0.0185376579685345,-0.0452807902495652,0.00567492320602753,0.00263131935763914,-0.000832714327571209
-0.0269418147995858,-0.0145859294972445,-0.0220590307833091,0.0186450607601612,-0.0125236402312784,-0.0263662418118745,-0.00506926575234501,-0.0145264842149435,-0.0193576617111079
-0.015479149725172,0.00882889928888015,0.0170776422911411,-0.00156488506468811,0.00108686164668826,-0.0222377582138517,-3.65886497475586e-05,-0.00035795523513654,-0.00392687636970201
-0.037332228064759,-0.0171554558317688,0.0189848688779729,0.0264227243053587,0.0058467719822166,-0.026441729433706,0.000400955121895605,0.0321999255303485,0.0133804672325172
0.0147663664538481,-0.016914228682058,-0.0146043602405692,0.00330523781912013,-0.00350672253787846,-0.0148683369046654,0.00473414028445007,-0.00596480560370685,-0.00657479640141217
-0.0146760160099303,0.00463040043637536,-0.00325738874773765,0.0103616940212977,-0.00107767880701411,-0.0220950204926584,0.00428942583487342,0.00524753457931903,0.00536813055343694
0.0535579038203603,0.0429229936045895,0.0324859663923818,0.0200320690449485,0.0134844541297866,0.022782544027117,0.0130715768706073,0.00288166492968349,0.0301576604199669
0.0385278730164629,0.0179637141343708,0.021459322081241,0.0199228741407108,0.00638553263717424,0.000966316628043226,0.00934468000117939,0.0212579287479436,0.0110309882679819
-0.0111009544607496,0.0143608091682004,-0.0191738522917225,-0.00894696506912276,-0.010145607035665,0.00350643655887142,-0.00370405835925175,0.00269080771609175,-5.71017063068816e-05
0.0630682267885832,0.0560120086428911,0.0461050792126623,0.0495318586146126,0.0055249673331156,0.0531610889992599,0.0144922941621619,0.0211970950008516,0.0203571018124622
0.0465852257491155,-0.0145284344866016,0.00892767706504098,-0.00924001859258376,-0.00348746344377432,-0.0107610996885187,-0.00598338320048849,-0.019172958246492,-0.0123857053362399
-0.117289965612688,-0.0607413555080434,-0.048520720075878,-0.0362699890670596,-0.0231945799186001,-0.0819303076374389,-0.0138671263658869,-0.0336825599926103,-0.0332978265683024
-0.0131167597175432,-0.00432502841502643,-0.0291344488226621,-0.00935008198188948,-0.00192837198326473,-0.0231297927606162,-0.0150523369916704,-0.00222863111766031,0.000587128843241461
0.00691230207655132,-0.0165183054980547,-0.0405018006865995,-0.0125233752247264,0.000661236905548001,0.00702902137759879,-0.0204797111748518,-0.0101065674131987,0.00436643511367073
0.0195477376856573,0.00164833725975208,0.0224710116286661,0.0305720783746535,-0.00489035272129632,0.0406960243451613,0.00255923247141395,0.0199382998763094,0.000519515580230639
-0.00666154244202416,-0.00564157735843718,0.00346739472529071,-0.00148744187279498,-0.00952698057832019,-0.00386561377550726,-0.0218833737819627,0.010295260175758,-0.0124966393330326
0.0212963752425893,-0.00726168749344879,0.00677480548013843,0.0134816854164415,-0.0113743312491204,-0.0318637138201288,0.0040941749968754,-0.00156783227542364,-0.022794048657236
0.00439256497395716,-0.0124001080089018,-0.00912717589528154,0.023139578697488,-0.00253846920653562,-0.00678194508189676,0.00395473973213767,0.0233970768300494,-0.0016616953892477
0.0347256232882382,0.0389210595074533,0.0411965870385458,0.0313802309258736,0.0229003318947453,0.0226319980832632,0.0208741955555637,0.0216123153712813,0.032704585913296
0.0066504796577496,-0.013765647507786,-0.0329342164520058,0.00334628052489314,-0.00272395727421286,-3.40828071836883e-05,-0.0164365103656082,0.00049071569603835,-0.00448910708129561
0.0460596368281452,-0.0395208149972268,-0.0173978465394974,0.0120385647215329,0.00315255473035413,-0.00445396758584148,0.00437835874251524,-0.00100307209223813,0.0139124522996368
-0.0115246567566205,-0.0119644592231411,-0.0380219181229596,-0.0179241321438631,0.00558127147998441,-0.0182189917461276,0.0104824125593276,-0.0112965430088788,-0.0125814593477588
0.0158056085647589,-0.00832049454890183,0.0034114385480608,-0.0107712320487586,-0.00471850366456335,0.0269560978227671,0.0015778686351406,0.00806476379248803,0.0120152435101985
0.0732428327320344,0.0207544957046344,-0.0197674351137277,0.050504368470365,0.00810463691950937,0.0345249003941962,-0.000664021365708881,0.0136664714842953,0.0142443331635857
0.0239887379714708,0.00617046053025508,-0.0108721166178301,0.00991357958312498,0.010578430444463,0.0248895470773883,0.00624837666673138,0.0072878550101134,0.0114764737943657
-0.0421428096163305,-0.000823326143955998,-0.010529569135095,-0.0226396901585774,-0.00775018779003027,-0.0449406901465427,0.00671087286968185,-0.00987543617224054,-0.0139553986031275
0.0121229215593363,-0.0051528848546115,0.0193167683373194,0.00176345501607385,-0.0155567278051415,-0.00664973129126575,-0.00915679415223507,0.00919193769457465,-0.00922207492726622
0.00903979025409833,0.00946899608878998,0.0155281366430814,0.00722581685567007,0.00419655322447805,0.00631784599331844,0.00480500225042966,-0.0158113280851074,-0.000182085163338512
0.000716332942524838,0.0185818785657901,0.01655052045472,0.064256240097288,0.00743626021113794,0.022540500844508,0.0164747248731157,0.0199960325848948,0.0214920306554748
-0.0409529632596119,-0.0210266417914776,-0.0434582298582127,-0.0237528153321627,-0.00126909813366513,-0.0198873392848674,0.00220794849030329,-0.00726782048871146,0.00595787991646308
0.0663565742066831,0.0205549617919902,0.0250758168047548,0.00186949685597554,0.00657244922468279,-0.00370782389536755,0.0271670485485505,0.00721593923020544,-0.0121595774078885
0.0405560388475359,-0.00459907397630453,0.0142230714903431,0.00250283727431234,0.0053290608245994,0.00219710932388895,0.0142655701540977,0.0104069526291344,0.00397270984863253
0.011683574368943,0.00855224744888255,0.0128209015496387,-0.0221343214070771,-0.004112855710978,0.0270953302964659,-0.0349520819889064,-0.00124312609350933,-0.0210412726434337
-0.0418973759643036,-0.0335900542586724,-0.0274691654683181,-0.030032653776565,-0.0100303211458154,-0.0216043401717199,-0.00604913130131767,-0.0169093600616722,-0.0121444547527649
-0.0209082380146646,-0.0231740289531285,0.00968487813749738,0.010775579980756,0.0054471597518477,-0.0179949066809308,0.015726313912592,0.0110878362332139,0.0146600077901652
-0.0184509342526251,0.00149645206088134,-0.0368815578843868,-0.00426208026970323,-0.00154222737684332,-0.0336899800954181,0.00573543205546823,-0.0120777986286163,-0.0220603720273978
0.0839345120371232,0.0603215791331668,0.0413421431789626,0.0290762060535072,0.00692179952700321,0.0328739138961581,0.0130330456700943,0.0246899479634141,0.0191540513415002
0.0428371726495402,0.00420482276546194,0.0144292668117689,0.00906843480378917,-0.00584758088653411,0.00746984979074972,-0.0103537350559928,0.0138639244331549,0.00687435918674076
-0.0193395886036527,-0.0017969114211499,-0.027096228677389,-0.0168423326386997,-0.00726881807332065,-0.011705647925017,-0.00260931967506472,-0.00899541504299736,-0.0114784457143787
-0.0330624025269458,-0.0403459568209035,-0.029175372941644,0.00883411527279142,-0.0166606993329642,-0.0215804799752685,-0.0163304460770327,-0.0151733021388405,-0.0172306075508699
0.0347316645890431,0.00224793943330684,0.00111604640797545,-0.0147713879602137,0.00405071190294028,0.00660537835277235,-0.00972813094733755,-0.0016270001105676,0.00880484769272518
-0.011844348012738,-0.0298744843097296,-0.0110576067788004,-0.00771082425714398,-0.00348587175011381,0.000136482749835513,0.00337941846801457,0.000158157401354688,-0.0179026064948382
-0.032574271792574,0.0203250042135456,-0.00423757837582004,-0.0259768626670097,-0.0205552230053807,-0.0278302191140835,-0.0193730230428443,-0.033911970677828,-0.0269616813432187
-0.0385304537101087,0.0156310841062893,0.00278275413318739,0.0125741844063024,0.00129810482184317,0.026167899884236,0.0259391342180181,-0.010448996211897,0.00388378106655574
-0.0358513227759265,-0.00126022183330037,0.00937315798194418,-0.0115354475741078,-0.0162536914521607,-0.0229367417101805,-0.0273302211504823,-0.0271899664796781,-0.0200287466747009
0.0213111202272859,0.0380638675702846,0.0294020172784896,0.0678561912260708,0.0028010422325589,0.012503096673441,0.0200022525414671,0.0301607070288136,0.0158168859307088
0.0543048355101151,0.004519801096475,0.00730631462209832,0.0202537788052019,-0.00145932155716916,0.00450420690263479,0.0032059695534399,0.000816295822564653,0.00993526367273013
0.00196751461931922,0.00418811402158449,0.00203140048751077,0.0153027907087808,0.000148795482571027,-0.0165077733910594,0.0070815853080185,0.00285601337243964,-0.00739216208108734
-0.0328168717867107,-0.0132717211838554,0.00882892990079939,-0.0253910564150474,-0.00378458005872259,-0.0227276633919122,-0.0242016096355723,-0.0225225773484283,-0.00798504398109291
-0.0377800769876396,0.00199004286378792,-0.0116463523099444,-0.0142706095051079,0.00234610407633876,-0.00209497141987635,7.02984352962386e-05,0.00380714941444941,0.00320249310120022
0.0333263035683215,-0.0551304290216391,0.0128942376421787,0.0282849276139261,0.00555808407144488,0.00551799194140767,0.00658190482535218,-0.00311832925803391,0.00989762044090146
-0.0508071707087375,-0.0166582930873126,-0.0279332932070145,-0.00997688870239611,-0.0132115504344369,-0.040225873324113,-0.002312944368444,-0.0177632535141312,-0.0284011914890591
0.0440217196787391,-0.00118038158627312,0.00404395321751872,0.0356288981918341,-0.0133444258970677,0.0321304462345091,0.00260855112687983,0.0116329500654441,-0.0230123494188734
0.0609328346685614,-0.0128400354645242,0.00268443222244863,0.00832807273071054,0.00197714188564594,-0.00735589924803265,0.0075213763384605,0.0118141115178253,0.00250127893373113
-0.00846717538200741,-0.00828537371912427,-0.00300866290366294,0.00483987587842503,-0.00854417963641909,-0.00534371173582393,-0.00503875638210971,-0.0051766152515,0.00221587107518812
-0.0159253441804268,-0.0272536593273161,-0.00546766855291412,0.0203724436704798,-0.0011240068326964,0.00479785743202022,0.00196695651101277,-0.0010820482065321,-0.0112379658163235
0.036612734978617,0.0349010726638823,0.0342587102114592,-0.00381430620761597,-0.012500348321712,0.0366120167086149,-0.0201524093246986,-0.00252590358612075,-0.00930507749226839
0.0281423720342255,0.0164677325397756,0.031322063575881,0.0296304093981573,0.00153655270798447,-0.0187742601997029,0.00764451125430665,-0.0119985549512081,0.00316153113292759
0.0659806256282053,0.0442915651482032,0.0517166169135008,0.0171610581965741,0.00523140706587773,0.044415202135224,0.0066526122013337,-0.00433451990125822,0.00614357895277829
0.0420698806478251,0.000456017129686633,0.0047071609006389,0.0149006652905598,0.0157887939036482,0.034664169074258,0.00451018850897201,0.0103370088231702,0.0108557524131696
0.00765574408019343,0.0476449647230694,-0.000907329280362027,0.0725306049182422,0.0212454389254983,0.00328439475015202,0.0506914991380749,0.0404125352971638,0.0358038760564117
-0.00502695820875768,0.00498372327709681,-0.0127616380353449,0.00343902014235641,0.00645425204620803,0.0126861939534656,0.0117259423419864,-0.00759926339207416,0.00283318183238228
0.0336512379723858,-0.0435564140356717,0.00328869230597861,0.00876228578439558,-0.0181495570031496,0.0197825999209529,-0.0114797050575536,-0.0223966816862666,-0.0168271446404416
-0.0212639880463913,-0.0276102127879745,-0.0048225228487225,-0.00500819979891002,-0.0181949672134596,-0.00499457896617434,-0.0118737478094087,-0.010867204192616,-0.0223010479288373
0.00880281748568572,0.00486905011391495,0.0318972374463956,0.0121449229196491,-0.00431245157494888,0.00955697312708819,-0.0141447818635899,0.00074035745653728,-0.00891399793338185
-0.019310447782005,-0.00322300748114666,-0.0321108704921783,0.00334843604220308,-0.0022756351431216,-0.00873922757077717,0.00287794446166041,-0.00675889941216328,-0.00402778052887718
-0.000636651250384061,-0.014362035076202,-0.0112611661385255,0.00270501137174061,0.00675817775644735,-0.00102855574326871,0.00520564513713202,0.00110344375979649,-0.0169078746933818
-0.00904045647493344,0.00873006051866822,0.00119564931945115,-0.0169244801362282,-0.0024262555838532,0.00780899557282598,0.00783151813875328,-0.00241970602886724,-0.00137243577273591
0.00835035013374374,0.00852944188666236,0.00357031969251743,0.0114152781052251,0.00286016924359342,0.00577821970203325,0.0211510004168183,0.0104298766123051,0.00526478350270826
0.000676548958019046,-0.0220989680105171,0.00775531793994253,-0.0155252931715854,-0.00985512300261922,0.00314828176620261,-0.0265677233348332,0.00244277431770811,-0.0119719416101178
-0.0200909838390812,0.00179190844308524,-0.00334450163777385,-0.0044631403478559,0.00778957725929854,0.0158279065628453,0.00187706495675838,-0.00602135869352622,0.00349048439672763
-0.0377507545309682,-0.00118789343349664,0.00865076776201566,-0.0245055043675179,-0.00982697437168349,-0.00633212512736871,-0.0128774502600708,-0.0337762674811607,-0.0193973705651342
0.0835243128428063,-0.0100115903947764,0.00594313523537299,-0.0130460825290829,-0.00370251926357087,0.0332210971462614,-0.0165362561400445,-0.00400880451251897,-0.0111044829433102
-0.00843712333643553,-0.0223076341725575,-0.0474756260189957,-0.0161361647911462,-0.00159502773980784,-0.0244302287316555,-0.031508127763109,-0.00970089722018753,0.0141794665605326
0.0182119190829872,-0.0154089629234831,-0.00405023019369357,0.0256165914275623,-0.00645557495423461,0.020736884712096,0.00544310536310179,0.00376336785098672,-0.000197761000974725
-0.0089703875018854,0.00941025374444547,0.00405952137609648,-0.0325709116023121,-0.00212878133503785,-0.00118018938319995,-0.00722927366578872,-0.00772842199425037,-0.00117425498704702
-0.107889601502919,-0.0553713526152156,-0.0105545079945729,-0.0619328026306415,-0.00717330572229532,-0.117438927660949,-0.00710637649172902,-0.0103719688122767,-0.0152971215714091
-0.00873992740835111,0.0159370970293587,0.00334423882081496,0.0112948886369776,-0.0162550772716239,0.000515076771393079,-0.00263538678454642,-0.00298283137551199,-0.0237920988552989
0.0170119783648669,0.0182416401933046,0.00695818336097679,0.00532444702803506,-0.00095778467791765,-0.00182267833495324,0.00187046021030108,-0.0119552204808386,0.00733687219310083
0.0153517877431697,-0.00973553766635315,-0.0150221808103632,0.0217040282576473,0.00229227435524689,0.0257750007077731,0.00600101023093197,0.0160508212282572,0.0108883231502855
0.0637012161716898,0.0135527018171473,0.0126214638393443,0.0280045559658537,0.00438036846391919,0.042373860338799,0.0297988647275697,0.0198243224314651,0.0367063968558312
-0.0234940255171661,-0.0187994967934901,-0.0188824601100167,-0.0365921424770188,-0.000921192476857649,-0.0197586540155414,0.00586982386191046,-0.00608349128862787,-0.00139412016941894
0.0171143434535761,-0.00198645397067468,-0.00635257273942074,-0.00463105800005028,-0.00438127580317412,0.0366713872028521,-0.00766146820483296,0.0187919234556388,-0.0124043409374105
-0.00245722519457968,-0.0051348116341086,0.0107885238774954,-0.00219358113147072,0.00458506316939449,-0.0184169722903353,-2.85719916841071e-05,-0.000100778815429396,-0.00533701253324117
-0.0434981757212768,-0.0426746345894546,-0.0210171192890647,-0.00490275038099086,-0.0129662755586821,-0.0331830004129412,-0.0187079350995277,-0.00910175713070227,0.00614331542905478
-0.0171776209142077,0.0116708453931694,-0.0200586896348741,0.0101944322142722,0.00336302750108783,0.0297402572228652,0.01837844563989,0.00802306103392785,0.0149483647155707
-0.0466222171483486,0.00738516637108417,-0.0134792245779998,-0.0295392622124254,-0.00333170172364778,-0.0288845231746566,-0.0207302170524228,-0.019964360818817,-0.00827694665435921
-0.0593083862399469,-0.0339308081677,-0.0629856385077502,-0.0318547803955116,-0.0051740688857916,-0.0185829012357181,-0.00639259988934866,-0.0141782310993889,-0.0112150898036913
-0.0407384670550883,-0.00779657281152723,-0.00551085112826825,-0.00544791153658674,-0.00582105640048368,-0.00589054149534369,-0.00298446624560906,-0.000368328319257505,-0.0044441913722441
0.0120962795825071,-0.0209613243202869,-0.0209178557818431,-0.00951210482257786,0.00135968392519455,0.00848232361750523,-0.00353854131649407,-0.0110710312086936,0.00431742052386351
-0.0613425936577529,-0.0330638347295898,-0.0436440760688414,-0.0328662923709281,-0.0175927077793994,-0.0575250547410081,-0.0272691496230724,-0.00392024700309194,-0.0235740202120348
-0.0172116681240538,-0.00645184098540083,-0.0107808958714474,0.0165163301623886,0.000957522696852177,-0.00838998227242121,0.0122503624116806,-0.000932361521053178,0.00108633928396546
0.108058593688707,0.0375208687199112,0.0302006375487932,0.0139601960687591,0.00951404117792832,-0.055580528740143,-0.000478445835608466,0.0224120577699235,0.0294711573836064
0.0375279734701715,-0.00462866800003868,-0.00750569470962189,-0.0012495017253697,0.00482175497072121,0.0228953282490407,0.00609919243980704,0.0156963538680667,0.010028506316488
-0.0140571286425291,-0.0364100420291185,-0.0221431001689822,0.00953462492143627,-0.00427839390882794,0.0127248421013324,0.00513077060721628,-0.0109310895456796,0.000763014477033264
-0.0033488981361776,0.0148505244552812,-0.00365434290272023,0.002614627500973,-0.00371752605356149,-0.00712974944487937,-0.00947478635565045,0.0013587779889367,-0.00187168492060234
-0.0467585005076221,-0.00569391191423478,-0.0327426779654978,-0.0299756790868509,0.00139183426809843,-0.0496553080685545,-0.0144454810452827,-0.00173500546702975,0.000412444357582722
-0.0331638938987691,-0.00315463206703578,0.0179478771946096,0.00384387976876381,-0.00223852833384856,-0.0180764018717969,-0.0020781574947087,0.00105268286698299,0.000935905875012708
0.0169072443847012,0.00796388240569701,-0.00209951920862522,0.00402220152245214,0.00219508502919269,-0.000634122363616363,0.0103294914036487,0.0265073582749693,0.00654834111985569
-0.049675858583209,-0.0196624580510149,-0.0109290061670949,-0.0397243792267809,0.00374340687196544,-0.021378945235907,-0.0120747152833711,-0.0200180512020551,0.00549575377983456
-0.0295675677190101,-0.00680033100627238,0.00530263675334702,-0.00785354341607779,-0.00939013223271229,-0.018816956238929,0.00141110933188737,-0.00910887860344424,-0.0197052259968564
-0.0277006509386951,-0.0012924146318579,-0.0439177707334266,-0.0146588820534281,0.00927353277201841,-0.0361964972939345,-0.00102236230901446,-0.00546033293338035,2.46120227018713e-05
0.0225368660239919,0.00859869845486641,-0.00115533770098579,0.0332968664808542,0.0055798101817045,-0.000521133121656536,0.00707671962936844,0.00762294844453571,0.0161830692081684
0.0285799014444539,-0.00876245261197064,-0.00629522028263383,0.0114689944945018,0.0188525280406721,0.0177563091241075,0.0345681517379883,0.0203612332245741,0.0202991420775273
-0.00195038533609295,0.00141320226517269,0.0111441865583193,0.00228720860595975,-0.00476273353017951,-0.00803958398102486,-0.000771354305269915,0.0028710771615825,0.00245630378293623
-0.0416243165803775,-0.0266510719453225,-0.00325293631917602,-0.0182004200989332,-0.00553948660597792,-0.041192449767747,-0.0228758402669386,0.00623490462939322,-0.00975603108302691
-0.0102123256364958,0.0251938588319148,0.00173715974436687,-0.00913562560667062,-0.0129832955582094,-0.0192118836957346,-0.00656660963198333,0.0110596986056824,0.00749622191118796
-0.0265102082970186,0.00659000368939575,-0.0150819923640397,-0.00523099923851565,0.00546219533029544,-0.00327708884005918,-0.000547200235310497,0.00812969362759916,-0.00813910664983982
0.0867123869845296,0.0384390372156449,0.0405572969183519,0.0065112070415923,0.0048190450901219,0.045471012906207,0.0173016483661678,0.0171579915072009,0.0103024998445949
0.0440916869384849,0.0346664294691212,0.0209687676650943,0.0243094617999932,0.00684339399191378,0.0496922950900164,0.0185406294522809,0.0188301717367982,0.0309026727138624
-0.0139587632742187,0.0334708617635263,0.0156382186915629,0.0111254763586251,0.00501236185552629,-0.0259810134817202,-0.0039833817244856,-0.00635645889590466,-0.00734750327806764
-0.0266746702292516,-0.0290940044147104,-0.0170537673993473,-0.00177270421664867,-0.00960627937689292,-0.0259847076158509,-0.00689988858373213,-0.0141951611726255,-0.0107539846200678
0.0189908170427417,-0.00486915634155206,-0.0199826720981451,-0.010496938328913,-0.00439769289725886,-0.00559962155384417,0.00111712668558087,-0.0205331125822253,-0.0112080847991028
0.0138824592010029,0.0303780958710116,0.0401986342299764,0.0267048453636599,0.000470816714900348,0.00310452234008721,-0.0033756467621892,6.8512221902199e-06,-0.0124018741725706
0.0407613391019931,0.0204596735482188,0.0208221753913057,0.00287467019649771,-0.00200309367513879,0.0085147885090954,0.0166301933800529,0.012356987264509,0.017276764137642
0.0260618353077418,0.0425979245335522,0.0260578139929788,0.0405520155016635,0.0151631333573039,0.0458175132401932,0.0206940061123172,0.0175490956336347,0.026209298700405
0.0324817356489771,0.0314662884365519,0.0409680133015817,0.0447502486400379,0.00423557105986949,0.0303867834661763,0.00491642871937475,0.0186257210044122,0.0284821305659314
0.0670176199244543,0.0248702537152875,0.0473066591422622,0.0175843301175562,0.00737817042224676,0.0596937899897727,0.00826565625113341,-0.00718698073210342,0.0191499713251177
-0.01913558215896,-0.0355647923131733,-0.0283206232689103,0.00373148006100249,-0.00496328076359083,-0.00823022558374448,-0.000462429451790106,-0.0208143980593288,-0.0123958470390781
0.0194804691484352,0.00343256618766248,-0.0199975009364795,0.0182425286557497,-0.0118017370591637,0.025129660379299,-0.0104835680825151,-0.000373493762177686,0.0113615862622562
-0.0134392239295378,0.00376036767175177,-0.0237882516317857,-0.00991624531705617,-0.000824160381261047,-0.0100297706693623,-0.00055720746209662,0.00589866524376849,0.0189913869514168
-0.00986905091203218,0.0159758263813006,0.0169840942776587,0.0162354868303432,0.0134927422985335,-0.00489309354521392,0.0129860777591337,0.0142654273027968,0.0115180725048256
-0.036215165136707,-0.035562213141682,-0.0157205035490906,-0.0221631884688014,-0.011030644725817,-0.0270246086565219,-0.0160550422781284,-0.00316472483357521,-0.00717205716150023
-0.000542321025273049,0.0274044246371247,0.0143030175936983,-0.0213190453226703,-0.0135926840151259,-0.00464441889540769,-0.000792566482993019,-0.017794175813552,-0.0106103308917961
0.0281220971810025,0.00881649652901296,0.00119464404097491,0.00273936592364114,-0.0058030718239427,0.00742720914609002,-0.000766865393468209,0.0185649212679309,-0.000225654474383325
-0.0138345287350733,-0.00853833935656525,-0.0094441947607606,-0.00244686065509272,-0.0168912718639662,-0.0301976045483191,-0.0186167601084822,-0.0367531324758436,-0.0342295102159429
-0.0650208367968813,-0.0128340309132813,-0.0290878831796536,-0.0139608842490577,-0.0103687172615853,-0.0353559587114392,-0.015244200173489,0.00208368841793248,-0.0128161410355601
0.0295919971150716,0.0119779850637804,0.00243082911941648,0.0315285336659286,0.0234127748772011,0.0105685915348506,0.0189928831143374,0.0278367865701117,0.0314993102648693
-0.0787461363341626,-0.033336242733214,-0.0690436832329495,-0.0540238282196456,-0.0150850340193263,-0.0721748130624052,-0.015040660375765,-0.0176239807789413,-0.0107727818557011
0.0852781591460514,0.0165014191225266,-0.00429193764714742,0.00401031219026025,-0.00583748688044015,0.0472192564458759,-0.0107595421558988,-0.00487985471878204,0.000720709286659725
0.0822016626080541,-0.00147033367253128,0.00634744904534168,-7.29440067079933e-05,0.00103737400858541,-0.0146133857507017,0.010716871865667,-0.000190171692115898,0.0173533288021917
-0.058603034492757,-0.0567398950756356,-0.0698510919183569,-0.0251948190076829,-0.0242009026140403,-0.0348690835800794,-0.00731418931562904,-0.0361605633126436,-0.0436241714612261
-0.0651249067379032,-0.00345624971747649,0.00441597608578721,-0.00953036722889904,-0.0176665230982002,-0.0862772441572232,-0.0303332873864791,-0.00647749398063728,-0.0316573039739176
-0.0707005220995918,0.00732016146804199,-0.0210117794002602,-0.0439515310643375,-0.000687362718432029,-0.0730854557027779,0.0102950830787106,-0.0243610815723381,-0.0142946792325509
-0.0358272419267965,0.00126965152452519,0.00172092285663832,0.0253731029065923,0.00629043322667566,-0.0232303580669418,0.00982771620306213,0.0342016555093717,0.00410505395489351
-0.0142968867383449,-0.0253821200136163,-0.00862805760494722,-0.0126544754554593,-0.0110820807524314,-0.0291596989862782,-0.0254220606187316,-0.0304825238552193,-0.0109795088696129
0.00675280830666423,0.0266374027942961,0.0199935144020342,0.0105404848103051,0.00624108227281706,0.00118618140136982,-0.000916338691412995,0.00213263581256156,0.00334660678966612
0.0660779199016329,0.0260381720506579,0.032289351616549,0.0122155875328287,-0.00409590164914768,0.0151688252735183,0.00428498503043449,0.0113193256739855,0.00580952773511229
0.00182735895931336,0.00888635401486948,0.0101632834465289,-0.00345038747598689,0.00315024484597367,-0.0172867788150789,0.00857583911880293,0.000424887980928519,-0.0028456307087318
0.00166907229603318,0.0214989903527848,-0.0178509335310278,-0.00161732884157652,0.0137007340094739,0.0167647921464452,0.00836302310580809,0.0121536007920931,0.0173275035505053
0.0718754450381745,0.0400425483196909,0.0317920772680276,0.0305891998779697,0.00282317518096109,0.0216437398889316,0.000937833870946653,-0.00627025878082208,-0.000715853598438099
-0.0670235189660054,0.01261171375521,-0.0313654244314254,-0.0373803593500143,-0.00540262208042435,-0.0461542439849401,-0.00051881112581177,-0.00188329007733087,-0.0187422991890988
-0.0334287656982463,0.0145771605542256,0.00789228692919978,-0.000725793660090586,-0.0021767711461892,-0.0112731064121998,-0.000907098960320537,0.0142252145283081,-0.00294453745054367
-0.00449968195400015,0.0217090774375437,0.0147448730494162,0.0108821896018195,0.00644641693991159,0.0184448895838217,0.00275546753541073,-0.0289471857253106,0.00681160582739902
-0.0073726631359037,0.0180103805977283,0.0039229984435382,0.00520185421689509,0.00961310343826315,-0.0335067263394313,0.023078054637203,0.0019617444987183,0.0170519317969114
-0.0602598714550384,-0.0276748895446883,-0.0380828950774656,-0.0195780437271202,-0.000954589586295331,0.0430345461732655,0.00505578615800146,-0.0309521606082121,-0.0110351448255028
0.0461339629261432,0.0244656591870325,0.0139163615113778,-0.0124237897166295,0.006657185891635,0.0262377521046002,-0.0233266263252172,0.0183288769762792,-0.002200426699835
-0.0482444805948949,-0.00942004870431852,-0.0149724145403745,7.1415709527167e-05,-0.000808594884414986,-0.00647203793619293,0.00546752197954797,0.0164936851047139,-0.00361548241335521
-0.0429472262948838,-0.0308317659126896,-0.0203429172930273,-0.0395538155119672,-0.00266442014306272,-0.0499548617228342,-0.0317357252841147,-0.0196330092070914,-0.0157263599341604
-0.0116282761414742,0.00490516074234651,-0.0090028533801098,0.003231868656848,0.00119135540020734,-0.0156585755558025,-0.0091912932786746,-0.0224010591003025,-0.0102925333232691
0.0706074677512202,0.000292052163774097,0.00453777154600627,0.0308489010451568,0.00760876377251789,0.00418958712992321,0.000278157754047005,0.0181009358898024,0.0248877133841749
0.0104594218929645,0.0161300233345248,-0.000817266854417621,-0.00162340083198445,-0.0127940622981537,-0.0236785623891688,-0.00374710305448339,0.00255323689863618,-0.00576702301313117
0.0859500503031464,0.0269295440047684,0.0171031678951588,-0.00249701302881813,0.0162560863826563,0.0374403135401122,0.0217739747801719,0.0185716931544975,0.0239154928380423
-0.02655486538381,-0.0143322998866518,-0.0079246191045705,-0.0082178951862101,-0.0118564092935199,-0.0354925964172484,-0.0169954367656134,-0.00569468087435784,-0.0074498063692874
-0.0190893524116808,-0.00400042854789863,-0.00595459996664255,0.00713193731585196,-0.00974469964017992,9.64283056948696e-05,-0.0282154857654939,-0.00104425832877051,-0.0122205923440026
0.0533059374381859,0.0372836738234909,0.0287919112402293,0.0407441015020263,0.00723223517004985,0.0339154782498819,0.0134576122372834,0.0233832392965681,0.0109983968480784
0.0032808472665786,-0.00636906321749756,0.000230003406763101,0.00624803878584469,-0.0114070815553639,0.000643605979816448,-0.002509164532998,-0.0152244683378085,-0.0118180225258458
-0.041955192374883,-0.039281389721352,-0.0384225609058648,-0.0351987649242484,0.0110507033794075,-0.0296044378364044,-0.00606875389842297,-0.0339815120635748,-0.00321310533267588
0.00868977567307723,-0.0211592767556592,-0.0191855805773383,-0.00664320424839704,-0.00757611385061336,-0.000532833747896514,-0.00680171303688167,0.00165879651110061,-0.0105024813687617
0.00413053149069413,0.0114012518869121,-0.0176890978356527,0.000551764795884457,0.00587624801438541,-0.0161116408554732,-7.73603907336673e-05,0.0035364640325757,0.00888444566730669
0.000503929012883511,0.0184089780916461,0.0358032140707675,-0.016213469260069,-0.00812930537311567,0.00013602912732949,-0.0257159845256323,-0.0136056714018615,-0.015390263001914
-0.00340373394374483,-0.00334216468130683,-0.00143685071281215,-0.000560102305019649,0.000378556201370246,-0.000975128365330558,0.00183965312151542,0.00492025047999911,-0.00427020195400626
-0.0437420506043442,-0.00574168791318368,0.0122985401153571,-0.0416392013018711,-0.0225491898922951,-0.0611009892998623,-0.0437643497796253,-0.0316492034036826,-0.0344362168758253
0.0401244683891797,0.00988014873356758,-0.00293966211793881,0.0207231882726506,0.00263348334428687,0.0190537052704133,0.0110527756730858,0.0276209570697666,0.0095469034053082
-0.0330465907364879,-0.0293641239070001,-0.0295794857904196,0.0204919268227732,-0.0134829543627043,-0.0517135244010463,-0.00349890333945802,0.00979263299142207,-0.00993305681730675
0.0112171551528344,-0.0194232819957901,-0.00902356199456999,0.00801180011078,-0.00212967751403909,0.00635737551323653,-0.0030287661061344,-0.0255068062959783,-0.00316285002787383
0.0175978532456716,0.018162341827105,0.00474798349910445,0.0425906334519988,0.00506195104972475,0.0171902935756353,0.00908322326277671,0.022895986540566,0.0193547008370241
-0.0157893754755057,-0.0377657989306876,-0.022106609933973,-0.0104278523176066,-0.019363275588643,-0.00180590320698546,0.00105592950043691,-0.015571720098407,-0.0256663821797993
0.0023187631355807,-0.0231836113302924,-0.0365378230552387,-0.0195397154802606,-0.0140486525911424,0.00558505190327909,-0.020049085503609,-0.00334910221860948,-0.0039446401360109
0.0292419117648093,0.0179516245976444,0.0196141219288039,0.00476494238452093,0.0165242283878665,-0.00188722169403682,0.0261663041900951,0.0421514139741838,0.0261440094824081
-0.0160952697601276,0.00638690766414845,0.0187714585418472,0.00253894068354702,-0.00795358237328048,-0.029995069271387,-0.00267864858672262,-0.00134234131373329,-0.00963165534216604
0.00116875267979301,-0.00216630155684336,0.00914782676164896,0.00462534551070136,0.00491516027239795,-0.00230413266422539,0.0156485919422508,0.00585257827854947,0.0321477944440356
0.0154170310539048,0.00731596577797686,0.026574442942299,0.0140074485612516,0.00592881790657319,-0.00753533094811851,0.00154139486970245,-0.00274584529817402,0.0170125292939791
-0.0681244380394284,-0.026959364341739,-0.0354549776224482,-0.0213552209927506,-0.00619854618137328,0.0278473758957138,-0.00119488471135542,-0.0102021975706484,-0.0254965417605791
0.0207215387802283,0.0245945909677993,0.00925655057958307,0.0355013750964435,0.00339793745874234,0.0129709396989111,0.015235151597849,0.0173814785074443,0.015710873173623
-0.0175725608685871,-0.0155783227922831,-0.00850988922907071,-0.0149386562755705,0.00110931326492656,-0.0188297034417099,-0.0155396171202069,-0.00189657438955211,-0.0163816853024075
-0.0549317123818657,-0.0185840322286945,0.0116115483248669,0.0174057138881198,-0.00370989361938288,-0.0319803776034839,-0.0145388051597983,0.0125896366005059,0.00367592187877352
0.011377810104727,-0.0108711617319151,-0.00731668890961332,-0.0195405755741334,-0.00936620964846295,0.000602055290412244,-0.00164501912975771,-0.0203137797392464,-0.0109752594830185
0.0376357010051929,0.00806607478311147,0.00859184811824527,0.0191912935626906,-0.00400302038084197,-0.00781765997704609,-0.00776176764126551,0.0143220207734313,-0.00476243396512906
0.0798681602661343,0.0434711828442465,0.0285725223033132,0.022682595147381,0.00842598181028419,0.0455984659977399,0.00166937834826449,0.0201426914128213,0.0165893650414788
0.024697256106202,0.0297502598576148,0.00777507878368884,0.0531599194270974,0.00399951084097544,0.0309341083483956,0.0152475868876285,0.00523914835894882,0.00627184985141993
0.04201043484132,0.0141335821507525,0.00214230506926825,0.00559629446261673,0.000435218179685978,-0.0381236751735957,0.0100258320368813,0.0362631748779478,0.0066817550818069
-0.0411726279710074,-0.0347856953385886,-0.0136406564461236,-0.0078913648219104,0.000765894250681331,-0.0469899474625235,0.00499520669825705,-0.00465560078734651,-0.00540365038315602
-0.0121620968907163,0.0138704796466313,0.0298886179193343,0.0206535417492394,0.012798844889258,-0.012609943935114,0.00879378730442101,0.00901486206902961,0.00670865702459044
-0.00440825319589565,-0.00972455608577783,-0.0120567874225614,0.0410076002750285,0.00383891368881193,-0.0129005017498621,0.00899664595691982,0.0365130502294735,0.00885362493712231
0.00391461513528014,-0.00167469554792739,-0.00844079422981319,0.00503354876333102,0.00609844854954954,-0.0342565175744512,0.0124085133297026,0.0174290916510504,0.0122146323627254
-0.0496775855495794,-0.0521206251080701,-0.00591265464696301,0.023774500468857,-0.0152720977767799,-0.0206831701931949,-0.011869603755045,-0.00728065373396029,-0.0135104906012212
0.00562663333243883,-0.0131228926788981,-0.00598499613094304,0.00679646878617167,-0.00388511070531653,0.0262987278378684,0.00700226917476837,-0.00778067956130776,0.00992716989779556
-0.0420070783738272,-0.0352145766085805,-0.0482081877049796,-0.0256349184060449,0.00176390657893896,-0.0435120354229667,0.000971318411159897,-0.0044265643706692,-0.00478792149974607
-0.00730141281660352,0.0194935091979369,0.023067151727174,0.00904299083726034,-0.000307065236790582,-0.00820045682876766,0.00436431127572859,0.0231577403498715,0.00878527539633397
0.053236725484282,0.0357259830642079,0.0334544347203178,0.0405740050832025,0.0175477013325723,0.044330306782854,-0.0174452029564337,0.0119196000937465,0.0305757179290466
0.0321114262599117,0.0268909899394996,0.00299491253236942,0.0191446404354133,-0.000361103456225996,0.0258827966368792,-0.000750199940845723,0.0132920658101456,0.0118015848888872
0.0227515610616417,0.014573185727492,0.017910313055996,0.0143060795687515,-0.00782039009546476,0.00626663626531464,-0.0341894440839069,0.000354150295426087,-0.0134658722950554
0.050345094887427,0.0466653448486022,0.0282680124198932,0.0627205056355699,0.0112363559934614,0.00570337865013688,0.00944434376527412,0.0208842516499211,0.0245400453088851
0.0118402639697782,0.0213075789325677,0.0288699948386248,0.0321319646682892,0.0124178006693733,0.010487732490458,0.0138475591347635,0.0191937080246492,0.0206393897621122
-0.0407990880313613,-0.00685552908288686,-0.0286060868832824,-0.00509789514686843,-0.000544036734249612,-0.0412203213116111,0.0114292436148535,-0.00229021640470223,-0.0130661535607104
0.0464289604837606,-0.000583311324546623,-0.0138736460699075,0.010480086098515,0.00341582382296304,0.0254334327236965,0.0136787129880153,0.0179721116990554,-0.00329303062259942
-0.0646676361269761,-0.00494687709458008,-0.0342686131976934,-0.0246566181002176,0.00481431859538172,-0.0656153898676802,-0.0039775578501324,-0.0134627434205228,0.005370099579288
0.00215670348831422,0.00809900867709381,-0.00461540976051433,0.0230325735395975,0.00372772170219279,0.00194973041009966,-0.0101346601776978,-0.00147064005413033,0.0174349373766284
-0.00682386504089276,0.0133730533455311,0.0247497685189591,0.0179445132900682,-0.00556036972396289,-0.00568741641041345,0.0210073294297891,0.00450465669762827,0.00017380348141586
-0.0124126445704262,-0.0126471572320918,-0.0179130023954339,-0.0297870642335569,-0.00830884495544843,-0.0232515009339237,-0.00647270424781749,-0.00907355742055762,-0.00897553829123524
0.0344948225959998,0.0167352957958355,0.00873317825420428,0.0165096198191626,0.00039983334300364,0.0028080662351566,0.0165950105321337,0.00326852064545173,0.00754475637740968
0.075589955387187,0.0574662100957213,0.0447436211869681,0.0365988449307552,0.00703310876236115,0.05987117172582,0.0117320572228796,0.0366004041960331,0.0152257162250579
0.0031421808455962,0.00760313774387494,-0.0178748432812649,0.0144976612971869,0.017149399421782,0.0246658380428883,0.0265561090940749,0.0159348008728668,0.0290787287082854
0.0187429453767491,0.0402454244090955,0.00851386898372391,0.0014767289341843,0.00109841504536364,0.0178368830108352,-0.012971899242428,0.0118867865246427,-0.0001431934778575
-0.0699831545745723,-0.0335174601153103,-0.0225047412859452,-0.00420019642365095,0.00365067576197325,-0.0161406211641718,0.00088980262270954,0.00407227008930512,0.000993534589240611
0.0165470444976176,0.016814405450937,-0.00747969247164837,0.0397635805245726,-0.00180601700432371,0.0162471320065069,0.00777761446424007,0.00883307381656138,0.010656027185336
0.040464434217934,0.0435537769561039,0.0207614690614643,0.0082901652686492,0.00347545462926366,0.0573603875413772,-0.00927691997765734,-0.00680710352100097,-0.00051621359674854
0.0357875767992371,0.0214129825553699,0.00143654741751932,0.0399765060640195,0.00226025659758508,-0.0129216050531914,-0.00348943250306519,0.00792914000283936,0.00488376653088428
0.00633171200417357,0.0129436454971259,-0.000847937690589024,0.0127981743010652,0.00351639886994799,-0.0126371894425171,0.00929363322160903,0.0287091862638313,0.00111578958869909
-0.0607226763542676,-0.0261306222460772,-0.0255175670739522,-0.0341936039856764,-0.00512253484236349,-0.0123625045584324,-0.00337386767015876,-0.0148147744563774,-0.00569395581711089
0.0216335730978569,0.00434840890293188,0.0155279109570333,-0.00476169758188997,0.00170022746525765,-0.00870166639605333,0.00112069464405371,0.00378497678641423,-0.000847104777773891
-0.0257183280707645,0.0134341812584805,0.0270955759370547,-0.0454601961890962,-0.0124338721756099,-0.0336903007640092,0.00984898898655893,-0.0143302208961753,-0.0257499479639382
-0.00017944608702728,-0.00781868918697659,-0.0203301529314384,-0.0214856359682928,-0.0063337675786624,0.000941835358219238,-0.0188225160058823,0.00383277925150635,-0.0113002240808643
-0.0137708688441332,-0.0283726143458943,-0.00993803554604325,-0.00719773007206014,0.00216189683535091,-1.32950687332734e-05,-0.0116921762219185,-0.0126723351441296,-0.0193325917514294
0.0238585743861014,0.0302904530070041,0.0216114591167732,0.0284248010906455,0.0131485920966457,0.00889264486268615,0.00941077843177801,0.00653284254986478,0.00698087474940269
-0.0279645856308427,-0.00512097849319045,0.0040965287248152,-0.00853548905463351,0.0020368971113126,-0.017645868561385,-0.00545792524608265,-0.00628035443568843,-0.00513268628569718
-0.0265461148645398,0.0103953059714344,8.1452740724752e-05,-0.000140298708899325,0.0123370160432525,-0.0219244591897846,-0.00393135490254432,-0.0127493983987177,0.0147959970375816
-0.0331313985103529,-0.0304077483469134,-0.00947969019199499,-0.00746634498685556,-0.00338776223249267,-0.0555721288554288,-0.017201071062876,-0.0102627813633012,-0.0167207708869034
-0.0150729309729479,-0.0124726603608846,-0.0280035459310695,-0.0149336450950795,-0.000671621653675205,0.00698815789236343,-0.00067721339147265,0.0015164880941425,-0.00427136043565388
-0.100430007544971,-0.0595342544314635,-0.0636356167910377,-0.054249435903447,-0.00972779861433556,-0.0623668387648129,-0.0159942531070799,-0.0307369725258014,-0.0432093063960726
0.0115775367870375,-0.0151618876223118,-0.0147294740402607,0.00841851124515862,-0.00240111882206641,0.00970234316481277,-0.000412765483969091,0.0118573954428342,0.00900759912005298
-0.103424987586779,-0.0431005957901833,-0.0424011527182715,-0.040547544860755,-0.0144967677810477,-0.07013380631848,-0.0179919599978658,-0.0333265267439432,-0.0311906788677158
-0.020231426510533,-0.00183893046959023,-0.0109506259802249,0.00653488964182743,-0.000356327071763477,0.0149027835114288,0.00775290048130724,-0.0284451601405535,-0.0154339161385341
0.065926646369603,0.0288600572936801,0.0147323277734644,0.0277545009417743,0.0174211147410846,0.0568456294376933,0.0225916514841489,0.0466025692833653,0.0191226025096867
0.0722829952893326,-0.0275953579227392,0.0327773593579336,0.0345979133717822,-0.00323846242344219,0.0340964912272896,0.0157287404308262,0.0185164112679249,0.00588304507637373
-0.0164593992508754,-0.0165031638653078,-0.00206325855343363,-0.000263197056643813,-0.00285228531747894,0.0109555521935965,0.00397298329849565,-0.0187365324163795,0.00225318526446907
0.00200860825351016,-0.00882501783952918,-0.00612633667030981,-0.0150980338129607,-0.012711584131236,-0.0166783134251295,-0.0159804572088696,-0.00715264684806989,-0.0107478360043781
-0.0649617275953717,0.0160219865351363,-0.0336396287230506,-0.00127612090002164,0.0145449855229563,-0.0366079704919348,0.0198569234700402,0.0142092878239069,0.0150350407936758
0.00491729706446447,-0.016512661391078,0.00026494550746015,-0.0104173745549916,-0.0108670488671813,-0.0154421163417255,-0.0170720376243082,0.00987442456331956,-0.00209018908292474
0.0242407675723366,0.0142870278069766,0.0157310105479114,0.0164786711645905,-0.00163246538060574,0.0136529347684792,0.00206106821133387,-0.00965326883340921,0.0103075030859047
0.0577014427839478,0.00538172652531189,0.0165444487266376,0.000701737252343481,-0.00775106154532196,0.0277836287575034,0.00233244119089892,-0.0149554102082026,-0.00930311539946084
-0.0151613932149195,0.0100940171036048,-0.000114984942869679,3.3210752922898e-05,0.00246194675935845,-0.010034096186003,-0.00279109754610077,0.00888589811197051,0.00769767469706615
-0.0213708880043479,-0.0298526452563856,-0.0342449262669116,-0.0107898273920983,-0.00261880383011037,-0.00783466422392908,-0.0247913447325522,-0.0031711843763662,-0.00920390997371347
0.0235688035117864,0.0181144726052389,0.0171968712131833,0.00975484582700195,0.00430064918999274,0.0228498725138376,-0.020690613316958,-0.00201447726877838,0.00324110114115361
0.000959706508317758,0.00634826546055353,0.000124233314702824,-0.00853741492494033,0.0102423682467681,0.0042921332879769,0.00186487432515092,-0.00836976517555453,0.0234484293142249
-0.0142706360648102,-0.0478965839651817,-0.0340074540191235,-0.0109656538664076,-0.00824346310351842,-0.0281932009430921,0.0119045141956936,-0.0211665154421293,-0.0228877880074779
0.0591683997439183,0.0188596872976563,0.0146030164542079,0.013604476734595,0.0018560619905229,0.0465866310311475,-1.48763859741879e-05,0.0177102323877795,0.0122756265037465
-0.025186697065655,-0.0290059557380177,-0.0227068455695751,-0.00312913117759604,-0.0121187929070485,-0.0114761804832217,-0.0166745304631309,-0.0213155062054562,-0.0294550139041629
0.0527708536468534,0.0454590909288831,0.0471799404607883,0.00331681047269393,0.00765465455734257,0.0360284385729343,-0.00920086755169312,0.0102680176864532,0.0123287472653534
-0.0466002447466978,0.010521852689895,0.000125241199832406,-0.015909381749562,0.00671761289216792,-0.0436478590394323,0.00175467243137545,-0.0124806138644697,-0.0071911533001717
0.0500045888507997,-0.006844956308625,-0.00441962931513198,0.00691096818024383,0.00386405361021891,0.0135024867296366,-0.00684217832352441,0.0191348514359933,0.0212413579341243
0.0287950453492814,0.00976652906035564,0.0145285491443994,-0.00890016533585727,0.00231183365695479,-0.0217191415795227,-0.0097288936442763,0.0052218581915219,0.00226653170042643
0.00853237943147915,0.0114247943529189,0.0348846645351539,0.0236067693857085,-0.00256728991202891,-0.00588640426990694,-0.0276663865403694,-0.00289951897909106,-0.00638902057955364
-0.0215831593999915,0.0217893346261637,-0.0143348332929916,0.0393025686843996,0.0164739357405048,-0.0184229622181523,0.0217613340183867,0.0145934410550996,0.0126697201128819
-0.00725871640692752,0.0408749019538071,-0.0118324553543507,-0.00278027510180424,-0.00355783162350153,-0.0144451942925482,0.00296392278150369,0.0119081928219338,-0.0109632364547857
0.032278440170764,0.0237576507527998,0.00281930457005535,0.0547641282708212,0.0106569071153901,0.0111507541621568,0.0359873393873498,0.029039408952808,0.0145844951249978
-0.0216988383457961,0.00312939088324442,0.000365145968824622,0.00845814406538777,-0.00976044721384037,-0.023175110779474,-0.0140110716443237,-0.00431918927931732,-0.0101803145610404
0.0416544463275056,0.0708169557730642,0.0490562480644738,0.0477862632568163,0.0178562553058253,0.0198869849078527,0.00854874982678399,0.0208780169421904,0.0308017205245956
0.0240694699725261,0.0453685336830636,0.0474418113042583,0.0132731256066651,-0.00230046970359399,0.0123754551054001,0.00424632614889614,0.00964561381672998,0.00113417297463464
0.0299670656802283,-0.0265010719465509,0.0147250716320452,0.00855497449248984,-0.00268117637329681,0.00754406990034107,0.0168328882308297,0.0026548280850254,-0.00198310013376282
-0.0196633131993064,0.00697128820989193,-0.0119339049493725,0.00452231082453249,-0.00699614203691196,-0.000733396007838641,-0.00186450852711589,-0.0117319507538035,-0.0066619701105012
-0.0475697251940295,0.00366309646747981,0.00481827618016563,0.0108224132360932,-0.0104631553059999,-0.0593949849679444,0.00200436191527543,-0.0112656346050358,-0.0107678754627828
-0.0703316593781849,0.00145778788231915,-0.0435970076573481,-0.0285410717394988,-0.00833605019935361,-0.0634997251748232,-0.00302933495267904,-0.000424026938312409,-0.00986901870731852
0.0135122479962448,-0.00937671170328413,0.0242972788334687,0.0467411182901104,-0.00428532179176863,0.0103766797217795,0.00304699047446301,-0.000155331352983405,0.00581909390279685
0.0289456723269471,-0.00243198909509742,8.61281676595941e-05,0.0157936744815564,-0.0103543323260299,0.0184562692963517,-0.00600590044361352,-0.0212141839160623,-0.00882934329252384
0.0602443599272932,0.0450708429199232,0.0376901223933088,0.0150312215006926,0.00638678204829176,0.0287664082536217,0.00890547209171666,0.0116612268936728,0.00935320701400787
0.00883137116391726,-0.00532485929390151,0.00506848168635669,-0.00402217951401277,-0.0111790111972742,-0.0208393551427387,-0.00561345226673708,0.00375097475205827,-0.00910541905496601
0.0088831322924142,-0.000439206910423764,0.000565742839099343,0.000392566029282498,-0.00390774702015193,-0.0265762774361901,0.00750592305884636,-0.0233204635343089,-0.0073177796554795
-0.0352430772707454,-0.0431582227376625,-0.0323773564942096,-0.00773113873218607,0.00663524760445467,-0.0352596167579948,0.00802114888768396,-0.0100285667540985,-0.0014856601768953
0.000423440986861453,0.00190001905100004,0.0154173528610651,0.010422094062001,0.00247216034556967,0.00021800107866835,-0.0052242088714988,-0.00325603100270667,0.00660099580027537
0.0231932469947567,-0.0324205061786566,-0.0214374657776905,-0.0100797839597077,-0.00205051568786861,0.0122382808545958,0.00420338563844097,-0.0253346860358376,-0.00295082375438194
-0.000335272567465648,0.00925878977422724,-0.0175366384133834,-0.00066949601807347,-0.00439236363585169,0.00649778559892771,-0.0060631832339975,-0.00304429224718069,0.000319657666781862
-0.0298209982702899,-0.0405875230236125,0.00105583181552476,-0.00552261713877252,-0.0212612867424456,-0.021893542147284,-0.0141857921023132,0.0099374909017146,-0.0191241371054193
0.0202212420633453,0.00411773522065155,0.0154302500729238,-0.000256546020598181,0.000655158297970393,-0.0108176593108068,-0.00375498577725127,0.0135133990161122,0.00527769240161399
-0.00412813219280051,0.0271641927710379,0.0130043178923728,0.02875725743543,-0.00226370126463047,0.0157277010536418,-0.00779853540335884,0.00682770694658025,0.00031235664720755
0.0133439890090449,0.016169516712854,-0.0246507384571207,0.00598755334649259,0.00165144040131437,0.00737644900925776,-0.00433210803772621,0.0125279109665303,0.00861543616024944
0.0056214032698116,0.0105216641630345,0.00639965580580118,0.0122523831815472,0.00459957309600072,-0.00661082233061162,0.00614977545154678,0.00121041510230758,0.00853009637262184
0.0363047021273571,0.0296276496381918,0.00781606656416815,0.0413690852262929,0.00924243363552415,0.0439732799854082,0.015856072923705,0.00451764650573332,0.0142384418559171
0.0461222957522227,0.0400709882871165,0.0264294204680978,0.0505407527350764,0.00997635556087349,0.0344361898980927,0.000660620821164007,-0.014473462988413,0.017621272101545
0.0665510165488072,0.0559535686565321,0.044689273126832,0.0465464508509579,0.00546022828252348,0.0552455517228996,0.0142246009433202,0.0160459134994185,0.0321332525895015
-0.0299630842297442,-0.0273816150914461,-0.0130250486162176,0.0292964210762261,-0.0101092145512646,0.020826199856223,0.0196484539020844,0.0053672755571424,-0.0153787042550785
-0.0112952131657535,-0.0112221320162921,-0.0236690910136915,0.0033100384213012,0.00346916945374336,-0.0247843172598874,-0.0124949275123058,0.00372837891180134,-0.0120416155660695
0.0940412262373444,-0.0289413532609766,0.0161986725090623,0.00265977248952782,0.00374443896919545,-0.0227304033953214,0.0192493312094598,0.0138358822942806,0.0191229961777765
-0.0184671868433657,-0.00352169660638863,-0.0499723293121183,-0.0338935737187395,-0.00128578370092845,-0.00879979185508893,-0.00912114362061836,-0.00941782079755465,-0.0128906467390264
-0.0137846643785827,0.0345429961555402,0.0055246610120696,0.00706449680669894,0.000403826098397343,0.01632354635245,0.00386797906532076,-0.000330887020317632,0.00373925497170969
0.00203223072491528,0.0102186095793065,0.0189570083803479,-0.00211039295171938,-0.00322596452380286,0.00596981815878466,0.000263912007528114,0.011852442053331,0.0081454463809148
0.086099032290464,0.0396180362122532,0.0300747404773145,0.0183339539469395,0.00989001624807333,0.0563933721193356,0.0188027902672192,0.0185992935031677,0.0254706296180529
-0.0355887193669222,-0.0176726848114847,-0.0107897598908319,0.0203328266607254,-0.00348937590896835,-0.0339172343775885,0.00815860966953447,0.01266452384739,-0.00450326146403199
-0.0738723482427962,-0.0249880763533968,-0.0383826612776596,-0.0350952524506063,-0.00073609037596078,-0.0584469354090901,-0.00231872149082014,-0.0187782357101805,-0.00239860107541079
-0.0027092385793454,0.00963761642381344,0.0156445030860247,0.0352341964185633,0.00594762409002654,-0.0192332633637846,0.0110727297096184,0.0175394944184165,0.0122102767860369
0.0761588788082113,0.0191903580548792,0.0200514247073442,0.0287532053393605,0.00385920617531183,0.0404027080773836,0.00769381039209301,0.0357407223118798,0.010209929970475
-0.0168349799420612,0.020814959725118,-0.00178998627004931,0.000936964828831626,-0.0036308192186034,-0.0150215336432133,0.00101253839459752,8.48714438617597e-05,-0.0121013764071545
0.0350518147270042,0.012928400490606,0.0132855029925755,0.0249753519458362,-0.00709088731658564,0.024213081401878,0.00998151612304635,0.00878508465180187,0.000113897063792425
-0.060338303579554,-0.0400885984966965,-0.0519995427675465,-0.0305706311545789,-1.05457241146016e-05,-0.0447381002500766,-0.0114529762352345,-0.0452220716025602,-0.00754556833868595
0.0326522806969035,0.0427211356832071,0.0291762548156216,0.018787524598469,0.0140203573536964,0.0203449343207726,0.0156190883446943,0.0164351043590168,0.0328548043684837
-0.00533677805248065,-0.00413468553249631,-0.00416263370194486,0.00325502107765093,-0.00548619980031062,0.0261433532355122,-0.000964056727796007,-0.00744725082410045,0.00490273392964362
0.0588401743440339,0.035384761925438,0.0290603858232697,0.0112551810754226,0.00306541822938077,0.0149908255843345,0.000610547099521115,0.00106420185991912,0.0157414899285393
-0.00201853735247327,0.0215383259949716,0.021311505251907,-0.00491518178853521,-0.0133522916012099,0.0035105346248954,-0.00181705577198147,0.00141875515677076,-0.00998566205836609
-0.032161710286034,-0.0274071061028729,-0.0239001690871003,-0.0091415284102427,-0.00788344151435147,-0.0259961385783293,-0.0400187149138764,-0.0356332020115406,-0.00903422069019338
0.0194041449479738,0.000396820530101475,0.00614271511741209,0.0383934062127481,0.0106297930863067,-0.0029016888012859,0.0081842032431277,-0.00631694905982844,0.0201873837400874
-0.0256808298295759,-0.0102237162565372,-0.0129148194333991,-0.00711651573180252,0.00323656366542497,-0.00914928322533046,0.00319394510901478,0.0185177669881768,0.00217358346733474
-0.00612829131282199,-0.0174606464253016,0.00203874133504492,-0.00284815224699388,-0.0120426572702208,-0.00706017074181045,-0.011087945927475,-0.00705935327467154,-0.014081200789825
0.0318007700954761,0.0429408920713126,0.0103624415162816,0.0230293415126355,0.0179991209771475,0.0414743759284887,0.0184825477493997,0.0323067159665653,0.0330173734830205
-0.0229495224415866,-0.0564252112997936,-0.020028163130329,-0.0407588164610577,0.000597318247118808,-0.0285085402713445,-0.00355393690600552,-0.015436816945213,0.00412097435991114
-0.00335899952880307,-0.00813319078960343,-0.0025094575791321,-0.00113613643633156,-0.00705187021857953,-0.0141685881179526,-0.0150213448781195,-0.0376831263891071,-0.0459444404591374
-0.0255672702521371,0.0208102420376903,0.0135995713683774,0.0128442397071795,0.0168006496545165,-0.0228529373835311,-0.00587713909481702,0.00311294637645686,0.000954290176640525
0.0327005684222852,0.00172359738817565,-0.00164767162734645,0.0158110340617423,-0.0121395480342005,-0.00835072388279918,-0.00596483766905409,0.0113338934837968,-0.012185583019883
-0.00101132550070386,0.00943093130760946,-0.00372560000069703,-0.0143427550052529,-0.0186771027105897,-0.00177818093344817,-0.00509423836996268,0.000570877827553592,-0.00799784311370504
-0.0253621894044064,-0.0112722906419578,-0.00738705602876964,-0.0117927459086426,-0.00320830367836486,-0.0127884671279823,-0.00989840194662352,-0.0225143720625275,-0.0404673678023834
0.00980630277211186,-0.0353052357219012,-0.0350972486644658,-0.00834636882879627,-0.00151631159135602,0.010219939707567,-0.0136141383149757,-0.0120364399633231,0.00198741371808006
-0.03312526165803,-0.0245384812632712,-0.0121259228418883,-0.0081871472506597,-0.0046748085187282,-0.0310700670003904,0.00185803118761623,-0.0166326826394226,-0.0137853778561812
-0.0210785917341464,-0.0102712407318063,-0.0190571409597745,-0.00869029981695251,0.00396672867325178,0.00233664724172083,-0.00766391560368191,-0.0181283061249629,0.000432375943934413
0.00286482921623378,0.0177713743481647,0.0119242192827135,0.0176207534377113,0.000564721698997096,-0.0235622073185392,0.0155323483167128,-0.000298361729354375,0.00220588082826522
-0.00965028973973858,0.00820641813012261,0.0128299659403283,0.0233069463341753,0.000519594196925103,-0.016516564532593,0.0019221281993656,0.0211883274290204,-0.00354066806384644
-0.017124584657178,-0.0163036586896565,-0.0325142894957118,-0.0142962445558372,0.00100962473630769,-0.0316941880891115,-0.0139428849698197,-0.0142442382962365,-0.00668851674950389
0.0161626071693001,-0.000312658980463626,-0.00327310539043243,0.013944882720909,-0.00697493484783003,-0.00621927593818786,-0.0095348371869879,0.00698809227057238,-0.0066254137075178
0.0441934485085887,0.0149473125258273,0.00820805874757406,-0.00409881277182594,-0.00947860245102314,0.00189940364404434,-0.00265407213116985,0.00473254785765948,-0.0145545204099554
-0.00228994098778657,-0.0172117425686666,-0.00695647110555672,0.00371125126408377,0.00832113362998901,0.00316624825431841,0.00450769293724558,2.18489738985917e-05,-0.00724770972983689
-0.0900047294914025,0.0108859656391892,-0.0411410910919605,-0.049829923127777,-0.00525846871388305,-0.0600152844838847,-0.0224002628015338,-0.00603830739940109,-0.00899011317678466
0.00305121417204184,0.0261394791908866,0.0205628029418844,-0.0164859331488493,0.00792324888280116,0.011535404315001,-0.0248975869824591,-0.0105616811977849,0.0152464227885735
-0.0190204272813539,-0.0270848353252896,-0.0128280544700551,0.00674636928999863,-0.00939514700344056,-0.00709832576334901,-0.0216556304070096,0.00751719647588709,-0.01329207448589
-0.0362042612219049,-0.0241402905851718,-0.0305226554229332,0.01770305462069,0.00596341665847808,-0.00721211557665217,0.0211969070308881,0.00103789903995919,0.0164389422754966
0.0729363846291232,0.0223710580823055,0.037429605095104,0.0397517463052252,0.00449874525814184,0.0195645636675496,0.00349891992711758,0.00277796099015945,0.0234278484270325
-0.00790398916299228,-0.0229217880328281,-0.0147784735372986,-0.0136798628373355,0.0021327957508834,-0.00846577277359714,0.0228883519884118,-0.00164134365113854,0.00129223404827291
-0.0667685514868365,-0.0255739541399917,-0.017474908380764,-0.0326244304698025,0.00443893865603098,-0.0412577986413093,-0.0169718058930992,-0.0265946792005798,0.000806522533844297
-0.027794406574529,-0.0140710075314422,-0.0151882928152998,-0.0210392046234469,-0.00142051146246569,0.0108805020026812,-0.0124951684443553,-0.0213994423861139,-0.00557936981009462
-0.0638657581224171,-0.0153879515675372,-0.0133514056543035,-0.0372424344407934,0.00134107887406814,-0.0552241902744447,-0.0110834229302384,-0.014866645838002,-0.00590207676996609
-0.0174431665578492,0.0115447916607307,-0.00439022723769938,-0.0144738211035649,0.000635733006508806,-0.00304585507488032,0.0145147330471937,-0.00529522066675593,0.0114874143429248
-0.0382352171279395,-0.0193533694048753,-0.0278217901214908,-0.0199462113951123,-0.00902202695031335,-0.0792577094967523,-0.0299473121630561,-0.00890604453095829,-0.0126578146263714
-0.00157751528454846,-0.0237255943877312,-0.0397806081568676,0.00574629761568838,0.0010630625166691,-4.74992566183241e-05,-0.00213542486926362,0.00392305900502507,0.00246232320993564
-0.0867529147306231,-0.0555832210404162,-0.0272565997643394,-0.0280126260053825,-0.0340146939948883,-0.049751874140245,-0.0126761163142498,-0.0506905425897301,-0.0522241477095395
0.0571178858690784,0.0199410861875183,0.00436462946260419,0.0574074883160536,0.00898248599109083,0.0704936006956238,0.0100085892248761,0.0237528343137144,0.0192247846181136
-0.00975215942777868,-0.0106584565037059,-0.0125689523536241,0.015554514155894,0.0173328992523681,-0.00694821924300794,0.00253202416694894,0.0105689950402272,0.0182020258931118
-0.0810077384326068,-0.0253033954727977,-0.0556482751550076,-0.0560568411303066,-0.00704396374502954,-0.0478611611180822,-0.0101212427584297,-0.0311470279193378,-0.0118761167532733
-0.038665860064276,0.0110475441913811,-0.0213963708421694,0.0213899411713796,0.00413831630108665,-0.00548440679982345,-0.0111161313208435,0.00247527493312027,0.000628304297225985
-0.0574091941374183,0.0250005775422699,-0.0103727598125605,-0.0374480680632446,0.00693662939889941,-0.0525040707378465,0.0144288799208687,-0.00778654908655022,0.0105427189186527
0.0165914371607662,0.0160528167428384,0.0078378302050437,0.00571224484271852,0.00464999229972752,-0.0091216724556401,0.0120319761765576,-0.00230790271433668,-0.00567607404813808
-0.0559620303898106,0.0116539825779222,-0.039146688286201,-0.00815362679875079,-0.00279563161706675,-0.0593968373577149,-0.00368645993444816,0.0129068113467795,0.00329449344950195
0.028729525606213,0.00673140419871202,0.00176928746351244,0.0208300433960393,0.0029284199666019,0.0353854046004585,0.00398393101396655,-0.00316246886675983,0.010936450453912
0.0414645318810829,0.0288586501753551,0.0213246321473588,0.00543061637860272,0.0150408014223658,0.0412057840638121,0.0171879865998959,0.0152374180809574,0.0162342528227089
0.0135586294533819,0.00526588757675886,0.00504113421775318,0.0146368045238785,0.00803652732539224,-0.0110349315445938,-0.00642548107326133,-0.00327169933574563,0.000192078510538697
0.034136094944146,0.0414180181230051,0.010243131054981,-0.00166963920655707,-0.0016987441788172,0.0255760782030283,-0.00633048645658796,0.0129104608741678,0.00987048906968832
0.0393386759058566,0.0230666151613338,0.0168731139913486,-0.00363083963469491,0.00493644733790231,0.00393767714106864,0.00196724497340034,0.0157564230361248,-0.00012441051996032
0.0187438421249055,0.0234478091929124,-0.00433949836364518,0.0066437418664075,0.00556113423655089,0.0288721661155582,0.00321895009176527,0.0338543743305112,0.000878555424256167
-0.0392278053952319,-0.0334593665216176,-0.0103207599665915,-0.0693792697143833,0.00539591673211188,-0.0478741001771413,-0.00365399481572715,-0.00990020133660472,-0.00217598420105633
0.00162339214406295,0.0206959790921823,0.000334223455334722,0.00186847958669601,0.0102475460088867,0.00864670279650962,0.0220545854517262,0.00844544264614836,0.0265915517742645
-0.0390521940851742,-0.00723174772155589,-0.0011152897338038,-0.00778354713683918,-0.00147451085729706,-0.00692161282938185,0.00250303040015425,-0.00762086668495504,-0.0236675928704158
-0.00244321089808817,-0.012327219768016,-0.00533469311490489,0.0208357380145369,-0.00213387999013067,-0.00723329628785969,0.00540058791623357,0.0020880007558035,0.00184690830252527
-0.0529919410307477,0.00238139109808102,-0.0358685749311565,-0.0286978777728127,0.00115766395159916,-0.0149985000422828,0.00920701971962272,-0.0133360960201439,-0.00550316628694859
0.0427770144595734,0.00505098990777257,-0.000664759693428068,0.032601673218076,0.00107899478766532,0.0217644697692872,0.0105151970681819,0.0077538650958968,0.000770975893873021
0.0175404139742197,-0.0101917703012306,0.0312963200250824,0.0045400088324507,0.00517106209130259,0.00457538771224767,0.00454785643161395,0.00991605665606931,0.01031077090097
-0.0239444333986578,-0.00299580147350238,0.00963736934264519,-0.00262917549126689,0.00673854999970226,-0.00980434134916942,-0.00110630518099865,-0.0137982771693023,0.00668906309427131
-0.00828591247385373,-0.0268081992934,-0.00878200118270312,0.0194809357006595,-0.0106253837626552,-0.00859497644457401,-0.0112931002584313,0.00260886210841948,-0.0130024528617995
-0.145757427393975,-0.0568826117019539,-0.046959180675821,-0.0730838433686387,-0.0102938851829178,-0.106186099999906,-0.00519352278928758,-0.0230992270332853,-0.0238502100203471
0.0554903698272488,0.0103057169489069,0.011375983216362,-0.00397461237824219,-0.0124534643389134,0.00759710406652491,-0.00518807518164484,-0.00867039793493965,-0.00430671644971101
-0.043880544478163,-0.00944653949597636,-0.0239891899167379,-0.0236124477021879,0.000432804123883141,-0.0621166019969023,-0.00453150443517965,0.0179185122247476,-0.0044633717473917
0.00769402325654441,-0.0257328219647536,-0.0286719890960396,0.00229130495697745,-0.00101488463332511,0.00634865437170788,-0.0015110871211423,-0.0170350952795724,-0.0182742622093508
-0.0227850759501221,0.0150798169707195,-0.0108107324849256,-0.00644873907659724,0.00302896461894286,-0.0333778859535305,0.00430462289382282,0.00114690620381171,0.00642430695308257
0.129965510049769,0.00263715835218161,0.00494963165271795,0.00863850988541769,0.012423483090998,0.0387194997666897,-0.00313910923699039,0.00770502009683274,0.0102641782766174
0.00271455025101525,-0.0140665748693627,-0.0212393733214728,-0.00895093063442788,-0.00235205888237515,-0.00420736918003308,0.00243793515390824,0.0174662270620001,-0.00313528442759015
-0.016538344846554,-0.00170831034758139,-9.18214626815833e-05,-0.0337933614213583,-0.00891344564489942,-0.0454537378948607,-0.0264870876970031,-0.000152374663536883,-0.00738373346399131
-0.0633741113169197,-0.0220480439866682,-0.0270697058508223,-0.0141711955241356,-0.013672144959814,-0.0652713228538886,-0.0239317095820993,-0.0190586628836426,-0.0300272278050962
-0.0501649078973046,0.0109142231464188,-0.0237424480040875,-0.0259721400520669,-0.00111425297557907,-0.0329408085788429,0.0124963774704417,0.00507653984784808,0.000466867826494047
0.118899022069195,0.0234089883685064,0.0431288725665345,0.0094598584802773,-0.00181540645992485,-0.000668661093440825,-0.0190439153774017,-0.000990172168853283,-0.00162216322642055
0.0701337207778531,0.0700442009115999,0.0443485648715703,0.0565753970489792,0.00508858718251947,0.0325302557244203,0.009369146864148,0.0232361591701399,0.0291004911698854
0.0733157138642707,0.0258302862202188,0.0299428143575707,0.0417584731047799,0.0136565998692904,0.0455854227851189,0.0158666918585927,0.0209720341301717,0.00871599874809273
-0.0725993154851462,-0.0128099677606758,-0.0289270510404381,-0.0364622813044308,-0.00143260787629219,-0.0708351988646264,-0.0176900983018731,-0.00680828634767486,-0.00660070158918923
0.0246078909043011,-0.0150009398430529,-0.0172819771228936,0.0204266478407496,0.0020707072308732,0.0153672908720537,0.007649132328803,0.000193619453693495,0.0125750081883199
0.00999673315172371,-0.00439612125181228,-0.00687483107019418,0.00552698340148808,0.00446101354198357,0.0255991119430565,-0.000161876015110965,0.0125944035377581,0.00634950463516246
0.00783096755087089,-0.000782180029851084,0.00936621276950327,0.0141516720038405,-0.0120470558833485,-0.00638878267246633,-0.00830742437796821,-0.0153366169133043,-0.00946040991651558
0.0252507327361934,0.0061289205909246,-0.0037991080250898,-0.0119955187914193,-0.0109411510731729,0.00748328762005732,-0.00255524621735244,-0.000752198584981088,-0.021288986368619
-0.00823112615084325,-0.0420818734916981,-0.0269226637912305,0.00250095369634326,0.00468519601192187,0.0053862058670794,-0.00721581447176185,-0.0114401893988449,-0.000227881442819383
-0.00639904125626795,-0.0218952411846594,-0.0266899723105001,-0.00928342668737114,0.00493545304287614,0.0201575683622587,-0.00257698608830506,0.00274849188841067,0.0103579265501008
-0.00806787600933293,0.0125390348883283,0.0202238810526357,0.0156252376755461,-0.00352917144970254,0.0216333595403192,0.00784558292384131,-0.0199711851072431,0.0106284640346583
0.0061449778788707,0.0190987476290666,0.00977490946399887,-0.0105320606855606,-0.00781472579819538,0.00627991706390749,-0.0126309109300965,0.0207162910224004,-0.00380582201159066
-0.0113772177690999,0.00536715494728947,-0.019568853268109,0.00242004345825317,0.00115046274797441,-0.0252789481107644,-0.00549855487817575,0.015797221520091,-0.00436501374734054
0.0711414676290115,0.0361709353486,0.0310269221932412,0.0335673344518846,-0.00195321348810202,0.0546664603362669,0.0095586338100562,0.00708611980266315,0.00470347356233581
-0.00353886149510506,-0.0052898312054403,0.00952058472633486,-0.0116009707113542,-8.02584531320503e-05,-0.0385299661952632,-0.0144193012641812,-0.0196026183646166,-0.0104864492795573
-0.050699275529533,-0.0153734171695139,-0.012302523046702,-0.0189168585257748,-0.00432592272456525,-0.0349175603227466,0.00593487341232326,-0.00746148384687738,-0.00047465987476205
0.0221670653270715,-0.00296528961311378,-0.0108928993385231,0.00562281204588019,0.0178954828155953,0.0248550410222894,0.00725467127198215,-0.000698577106184295,0.0286022406691849
0.0647922405379268,0.00713495874637344,0.0148132998475414,0.0183610711938546,0.00287094413131232,0.0333809534085655,0.0057112702410737,0.0318078941781002,0.0170669368232785
-0.0114550805584864,0.0030016241279062,-0.0150557584347617,0.00171790734031361,-0.00497027002478985,-0.0337750703253575,0.0036545500164285,0.00547898434834743,-0.0101790446408163
-0.0222657754139545,0.0259870600805001,-0.0161533273481615,-0.0093494610189678,0.00547098609786301,-0.00924808720053933,-0.000311656326173959,-0.00347224711722182,-0.00217627246167379
0.0349806482170215,0.0264968420447534,0.0196655198729412,0.0214231577181855,0.00375259326368029,0.0462638792554499,-0.00397730841924928,0.0175283193062723,-0.000400306881291114
0.0896963150550283,0.0193969120392801,0.023379629828429,0.00773035089700636,0.00243311817518596,0.104965392757222,-0.00170690789068545,0.00524732798947624,0.00755767884808501
-0.00634352673481768,-0.0116671300512457,-0.0151206839733928,-0.00862497170016738,-0.00363965034311099,-0.00694926636387231,-0.00750413788876256,-0.01449176648969,-0.0134135063598657
0.0620942432674625,0.0434002293321316,0.0272810683573674,0.00393854087176322,0.000605034562780839,0.0508570185419679,0.0138169001490549,0.035561624119549,0.016352126148074
-0.0501026569344029,-0.0127085632535221,-0.0167073775344762,-0.00830761380127324,-0.000734344947138563,-0.0450019902752532,-0.00333018042892682,-0.0133099406057344,-0.0107818027850786
0.02486567841005,0.00158459119483088,0.0205787210570657,0.0320004877453737,-0.00412047407616841,0.00761956881261284,0.00235084953353239,-0.00524067570444191,0.00195450457307174
0.0260012033732075,0.00241991003376875,0.00572806449342438,-0.00256551762953433,0.00320479425634037,0.0156381521122623,0.00217545538474123,0.00324539824192516,-0.0112641527250199
0.0159852561485603,0.0171851675650113,0.0148938144810314,-0.00781772615078841,-0.00264643768329002,-0.00990605754316488,0.00649762450445445,-0.0109383396000613,-0.00372722577904294
0.018877661742348,0.00170011317482253,0.0107383704705778,-0.00616451867303172,0.00804646167435044,-0.0600473170012009,0.00819890581792217,0.00372682300450244,0.00649322433880169
-0.0197369202578015,-0.00825403394534248,-0.00379090291069226,0.0192009314569813,-0.0136646469574691,-0.0214513603817227,-0.0168154809419989,0.00224300186952402,-0.0269823449722048
0.0295134509316526,0.0205747127215733,0.0210717608667853,0.00909731655433685,0.0119608227189534,0.00878350639308133,0.00406054864605741,0.00675910065149604,0.0126737632803827
0.0353373446428596,0.00989201168936326,0.0199251771139184,0.0340831611157383,0.00810962019859441,0.0325836158878166,0.00536554613089758,0.0131732775595332,0.0285213418733508
0.0359819956074973,0.0362197038979139,-0.00712795015579415,0.0354094887263585,0.0221312959732261,-0.0227566659757602,0.0277115375027851,0.0614561359730552,0.0612463809211168
-0.0822901226121103,-0.00195647755939632,-0.0352802410683717,-0.0162401261457882,0.000197850461119737,-0.0444286179557995,0.00717078413052317,-0.00800745912184921,-0.0223132049967177
0.0327403706600385,-0.0131800245349584,-0.00218624539981609,0.0211816365674604,0.00591888104138483,0.0227773504156662,0.00680356367504023,-0.00743554418428821,0.0116132653157997
-0.0374482553139409,-0.00518375108463016,0.0100005360849057,-0.0106894314351967,-0.00830967935597247,-0.0390317054079113,-0.00322270820397054,0.0117496672465696,-0.0071703616200497
-0.00705739179374745,-0.034141215164904,-0.00990441428518378,-0.0162728524703807,-0.00662383044712873,-0.0184101183561853,-0.00757061064756115,-0.00235795274289383,-0.011107858514006
0.0454845186298148,-0.0137474371838516,-0.00514207860913436,0.00548086139299049,0.00202163520512697,0.0173123428676958,-0.00853789579771654,0.0157698254966834,0.00280166672781338
-0.0176965339903552,-0.00614991126555236,-0.0122717571774808,-0.0114336601241153,-0.0140611569529808,-0.0335580907702776,-0.0012431543103578,-0.0066698785323849,-0.0187216711095035
-0.0776365861559087,-0.0408053514278439,-0.0336326190011585,-0.0439508829932352,-0.00583025096419833,-0.0369961450903586,-0.0147295958581831,-0.0217274942444465,-0.0140174442646831
0.000386616257425501,0.00733329887715656,0.00605911023611,0.0114365448792773,-0.00226494601476555,-0.0171490453772366,0.00452552216939376,0.00369797889361892,0.00132108860206758
-0.00146390825631136,0.011116919814628,0.00193472109543905,-0.0188219418948443,0.0018120175933305,-0.00633740626103632,-0.00859259737098923,-0.00534299174695702,-0.00323005358456206
-0.0667255327433063,-0.0164295879840314,-0.0177344704388374,-0.0380752317045222,-0.0186857856165747,-0.0612313319242608,-0.00306804014385328,-0.0288602553168685,-0.0182600021603001
-0.00256878116627079,-0.014973200143625,-0.0286923901388251,0.014528331983973,0.00218782704778012,-0.0239918497157333,0.0187844632022083,-0.00480014112615799,-0.0128358900250942
0.0104822320101782,0.00444721898650551,-0.0231044170398667,-0.0173641768554303,-0.00135276371709145,-0.00847955805037089,-0.000140234655467316,0.0133799215117042,0.0121462664455932
0.0178098783837637,-0.0134710146049936,-0.0102140922514927,-0.00516524068509203,0.00965623855906095,-0.00327362744207325,0.0172313136753719,-0.0118895139846219,0.0214849461259519
0.00310189210539056,0.0230812286292857,0.0128390209060272,-0.000144680036750954,0.0101868501592499,-0.00188919782544035,-0.00602713966491841,-0.00650756348411678,0.0177461531292782
0.0139028910020285,0.00650654831378887,0.0115566974759903,-0.00989496941703774,0.00638860102703356,0.0156705342396999,0.00169143284408387,0.00882787415015801,0.0089867400351375
0.0399531114994898,-0.0158087064678404,0.0050705056739097,0.0257420839959061,0.0115893364594744,0.00566562422541564,0.00623253155696443,0.0186205805534917,0.00906538929234267
-0.0882027777041375,-0.0654501071933432,-0.0415366149737031,-0.0558322410987484,0.0075727215799144,-0.0674533727944634,-0.00640809118818539,-0.0211600043876,-0.00588510905188045
-0.0778838938009027,-0.0185413662278181,-0.0388715819871134,-0.0354433382772379,-0.0237297933786423,-0.0442340848331873,-0.0186774793951921,-0.0199382263204269,-0.0241426626841373
-0.0513334825603418,-0.0090553604158767,-0.0179785639765041,-0.0284219101507276,-0.0167698564313428,-0.0253970638035649,-0.018390417614941,-0.049150613019011,-0.0183743814165549
-0.00651076192486807,-0.0288202874155996,-0.0335949723993445,0.00403892428362761,-0.0114224567017352,0.000454125598699001,-0.0136647708868101,-0.0111933975528755,-0.0138125563030175
0.106283720173608,-0.0151501321413032,0.01212847530431,0.0305066076526044,0.00488478406532164,0.0618212381937754,0.0331447964532177,0.0236357697807463,0.0135934902787588
-0.103500614239753,0.00076196364772866,-0.0366806346226964,-0.0334223144510019,-0.0103359128764975,-0.062503398538377,-0.0242220508999702,-0.0304386270876517,-0.0128076815196391
-0.0187635847317223,-0.0117476802735298,-0.0327743770524575,-0.027053801668258,-0.00962254126212937,-0.0145255679126097,-0.012741230667707,0.00230670844458155,-0.00133702903911239
0.0168659836720775,-0.0340414703362497,-0.0380324149803853,0.00452745629645223,0.00647416836328704,0.0101457461178166,-0.013326753525683,-0.0181448082018229,-0.0019354933595748
-0.0344321946266186,0.00291655840576804,-0.00680960283372691,-0.00145214670552264,-0.00256362158824467,-0.0152682917715509,0.00126992697185805,0.000475994227169237,0.00462347493870652
0.0326571045563481,0.021754159955968,0.028651902103765,0.00236811914516358,0.00207238282514377,0.0094000567258837,-0.00484081448655478,-0.0162284946786698,-0.00325824412080409
-0.00717294640107452,0.0235009390542571,0.0288493157452583,0.0180343746865235,0.00284505747657571,-0.0139589770163477,0.0122387076367761,0.0034721487140195,0.00790862589180245
0.0589550939263799,0.036171894026626,0.0235634299522111,0.0831486923133649,0.0125053471394661,0.063258244941853,0.0275680905976419,0.0594275767261585,0.027142987401384
-0.0832232896212903,-0.0630624233649971,-0.0619392686447761,-0.046153461315653,-0.0139997237054671,-0.0483160799217652,-0.013901074929728,-0.0163775293191743,-0.0247915139728728
0.0301790163115884,0.0320291932601988,0.0172439311432175,0.0256379390478352,-0.000798679575666505,-0.00501740965641948,-0.00217692228605237,0.00767324400833567,-0.00538220306293864
-0.0588653684265428,-0.0211570978176615,-0.0449883544589427,-0.0391258194765012,-0.00264516814644738,-0.0338630044243263,-0.0216867915327709,-0.00772868880874922,-0.001894196872683
-0.0368869417671539,-0.00281473606710389,0.000355835502180314,-0.0177745362911229,-0.00189400969085051,-0.0402957358852599,-0.00681981128442295,0.0114034869380616,0.0053579833117802
0.0298135633613176,0.0208849968850678,-0.000913211392217107,0.0324525004151613,0.00869451748133551,0.00650147292113696,0.0291064461385661,0.0214017872953342,0.0368966069866938
-0.0312933640346201,-0.0155264301591087,-0.0310806002056402,-0.0162805028065019,-0.0075397061647954,-0.0204464211409605,-0.0133398741507661,-0.00999342800603894,-0.00252765624076776
0.00173191553519943,0.0129494235295805,-0.00372421855605191,0.032414925470498,0.00198832705911662,0.0296284847197681,0.0121429981446831,0.0252669857257013,0.021796656264386
-0.0718355758894187,-0.0401630073558233,-0.0634338607599206,-0.0531232717655904,0.00228240385514058,-0.0637747928965916,-0.00124196865152678,-0.00850919294408497,-0.00348960325679689
0.0410498765783517,0.0522278700898629,0.0549015403127888,0.0485591363351214,0.0120581079171661,0.0354694160814721,0.000731744516556735,0.00612565656754735,0.0329316217845982
-0.0347420158205718,0.0032835681453447,-0.0264320498921851,0.0100408323066268,0.000137750350020664,-0.0213813321598843,-0.00524996890283287,-0.00436717525527783,0.0011106113165206
0.131202430965629,0.0616778867045577,0.0622218976883892,0.0556557111410228,-0.00333274717475821,0.0812758971383794,0.0231305087305941,0.0171963931943155,0.0188740211241739
0.0387789143792087,0.00660267361907551,0.00580068774941852,0.0221325699630072,0.00664406057599874,0.0162293893112384,-0.0143386816135567,0.0151869061024917,0.00564340316855937
-0.0436981264570335,-0.0423517576148291,-0.0493980058188776,-0.00507553413568886,0.00583152503156258,-0.00418616441704928,0.00761850935343198,-0.0164299321578899,0.0044106058320294
-0.0224767267499882,-0.0252190878455205,-0.0421728412875456,0.00719880045148799,-0.00628479751443853,-0.0279051164647564,-0.011949919908212,-0.00336582096312524,0.00217386446395976
0.0109716860040068,0.0320602028341217,0.00718979568302195,-0.0195979255387429,-0.00515235621523635,0.0130239395327003,-0.00316991109180614,0.00465719676096936,-0.0023966809177716
-0.0142391780509533,-0.0238736171979169,-0.0450014388375557,-0.00410865288756948,-0.00522801177135519,-0.027247797275905,0.00467961401683719,0.0202447288991031,-0.00720395132133316
-0.0405051907775275,0.0229042140877362,0.000922196667748198,-8.36380725028676e-05,-0.0011983740611985,-0.0222570479371731,-0.000896245740171879,-0.00109576914526071,0.00202180888480612
-0.0124745890962959,0.00447382624570923,-0.00319705924267445,0.0062944042915708,0.00900672906385089,-0.0162237947366034,0.011515114469103,0.00853552038032925,0.0120963963709274
0.0273500625190706,-0.0269601974905373,-0.0255436762134807,-0.000894831403889365,-0.00400074479581374,0.0224807341368485,-0.00925642239496149,0.0111344174224179,-0.00497229501733263
0.0106589068255391,0.0245753538357409,-0.00787222719119195,0.00816900223580942,0.00227826617755439,0.00611930855317847,0.0139763335411146,0.0230254845949267,0.0157810226986833
0.0264439265650074,0.0100660405737267,0.011886339107017,0.0132761321030861,2.80449165459059e-05,0.00609509631911219,0.00139203356181986,-0.0126581123040279,0.00405874158300046
0.00957135640259931,0.0127264622877701,0.00817085959176824,0.0276894359003515,0.015059417471144,0.0257898847994145,0.00369098204917585,0.0511962926702929,0.0272944199636019
0.0113879316475233,0.00560812391780007,0.00485409310314955,0.069799512256265,0.0141748375379083,-0.0163779066945003,0.0263061931334639,0.0333747513543164,0.016859064442002
0.013537881138249,0.0167267421086954,-0.00705057023444634,-0.0204313641025985,-0.00993022388363865,0.005658494586839,-0.0361692115474613,-0.0104712000089347,0.0040816019350933
-0.0136872244924346,0.00392647897631825,0.00482987637265763,0.0120465962822381,-0.0127919827135142,-0.0146217296679912,0.0108282950143152,0.00955374926768931,-0.0116828611061088
-0.0147187818964812,-0.0172243290287418,0.00308785348488954,-0.00398018281797693,-0.014029726999789,-0.0276616563091149,-0.0155293629696398,-0.00555909858863269,-0.0196363360614295
0.00276873585029951,-0.0085922206102321,-0.00215626079051084,-0.00615814596367429,-0.00308907191893574,0.0035150227521722,-0.000759098668211487,-0.00298023404481645,-0.0120608774263366
-0.0673528301575872,-0.0152984606967857,-0.0315264460759004,-0.0144945481471149,-0.00458526492487605,-0.045363315763872,-0.0017998955497289,-0.0178406433950317,-0.0171384852922734
0.0182086694489285,-0.0134957646300036,0.00463098444873366,0.0131438037497395,0.00358059952632383,0.011676417458045,0.0141036461511145,-0.00437045049102629,0.0123644312170224
-0.00115267056541781,-0.0214287240645695,0.00961687103203721,0.00119162684820688,-0.00388431505869728,0.00509146674481358,-0.00178850167963454,-0.00110218096945575,-0.0164969452636036
-0.0899015042098004,0.0205012837301949,-0.0589214251980056,-0.0456191857216657,-0.00273705755306433,-0.03301271958972,-0.0159006097668353,-0.0239385239173028,-0.00311219980115574
0.017093229805286,-0.00618869098426137,-0.0160642811916168,-0.0207288777113009,-0.0116937997546996,-0.0178469706051964,-0.00852167477990339,0.0168534607547972,0.00632951782895672
-0.058964195161742,-0.040336641795275,-0.0198499663200795,-0.0545357151135919,-0.00516976506470479,-0.0918354311008879,-0.00694413109231132,-0.0169757577787484,-0.0178502408686501
-0.0129992718166272,-0.00344933113073361,-0.0105660318768215,0.014133403596399,0.00371813323598292,0.0167866056156819,0.00826387441678383,-0.0019267779633022,-0.000433155693503414
0.018677208258962,0.0221953469768839,0.0192282544823383,-0.0107154860611613,-0.00329438803793602,-0.00398335682502596,-0.00264431800281408,-0.0036682476491654,0.00556102435515475
0.0066767338154627,-0.00850782352266127,-0.0115704309127395,-0.0101897318166276,-0.0123332192120967,-0.0141680119392441,-0.0316395207809102,0.00317282268629401,-0.0165600805581129
0.0850527550886795,0.0407604936898915,0.0499612696318897,0.020243633329405,0.0043828415567874,0.0591336338574113,0.0195306282423494,0.0202487070296026,0.0160381337153272
0.0258827596272961,0.0136452776030039,0.0045236572634763,0.0068447675923355,-0.00670929767806012,0.0026574360967966,0.00118207022458567,0.0233286854732226,0.00509182844443102
0.0600684364806154,0.0383545305239436,0.0506876119769682,-0.0122588305471327,0.00713264188058913,0.0285928853578463,0.0148205180626647,0.00265615952047727,0.0076577258635536
-0.0269326223002383,-0.00294671972763056,0.000873280840594866,-0.0152849957222361,0.00545473069338681,0.00683133074337935,0.015340805507886,0.000212622668839317,-0.00668687155116205
0.0156328594410304,0.00996802120195276,-0.0199201290380542,-0.0126541717692178,0.000728959882499667,0.00112158806653397,-0.0181341630557089,0.0154582585563394,-0.000389248248934925
-0.0453099161783895,0.00679131921472728,0.00172186511918105,0.0106836441425727,0.00835026798705967,-0.0214015174808236,0.0030764920079875,0.0172702019253188,-0.0117960678885461
0.00911239699238483,0.00252995939633405,-0.00458816744962654,-0.00747862756004398,0.00107051806250842,0.00717416722845611,0.000518154766632621,0.00705205183211904,-0.0059652728524016
-0.0786882265446784,-0.00273478440582434,-0.0338264912526474,-0.02883314478785,0.0024946213995132,-0.0600501574262337,0.00110148275523728,-0.0150942826018644,-0.0175474479078878
-0.00535720500838717,-0.00140124749531814,-0.00669131781464634,-0.00867153832658971,-0.0154729831358562,-0.0163323665267637,-0.00329114432843097,0.00267731477956095,-0.00348497024667869
-0.0226472648404996,-0.034150453334268,-0.0130326443348539,-0.0355112491146348,-0.000866286752514844,-0.0249557757580404,-0.00779304111602449,-0.0410958597672249,-0.0212690337470219
-0.0543115379071488,0.0026899032737071,-0.0326491562042948,-0.0173771538716163,-0.00524743449239353,-0.0577030962557738,-0.00973269983794174,-0.0107035947127969,-0.00430212454855101
0.0382770358939032,-0.00998039521746849,-0.0202690370780033,0.0030500143525175,-0.0132467084257925,0.0191668846975175,-0.01818114253233,-0.0164562402720332,-0.00994891113125146
-0.00780173423088143,-0.00157983863605009,-0.0311906538000677,0.0146850262484651,-0.00656009627619596,-0.0161354300184414,0.000819530466278896,-0.00156961269520026,-0.00456343884594206
0.0255556696837888,-0.0220920908695165,-0.00152421514792994,0.0295571832525699,0.00316959115010229,0.0340032429160127,0.00944171829712164,0.00365082313039797,0.00341978987390886
-0.0403439484297693,-0.00458488640351602,-0.0123011568911086,-0.0242496872401701,-0.00585634417496224,-0.033179215526583,-0.0211127409888185,-0.0050194052118283,-0.00868231795689978
-0.0294377295251613,-0.0167429005180367,-0.0322346010249947,-0.00476733548153472,-0.00864635076693066,0.0128340221082214,-0.00349923211898147,-0.0102368395817066,-0.0142288514214415
0.0563060237419499,-0.00667987573069716,0.0118572170228673,0.020122681277615,0.00709996263971263,0.0488385452684892,-0.0018026095435635,-0.000218104492403853,0.00860037287243546
-0.0607869716172736,-0.0284189940808632,-0.0337473949164297,-0.0322696513464131,0.00485741446541057,-0.0431046648782754,0.0200666841806158,0.00865444218003848,0.00933611072605054
-0.0566848954922664,-0.000575267885843739,0.00257004691383883,-0.0292352327816286,0.0117084638085685,-0.055826837140616,-0.0264524341110744,-0.0165819092338087,-0.00613719596092658
0.00447433893572354,-0.00890672792930401,-0.0129557138583745,0.00606484158031331,0.00730891946830278,-0.0270819711516353,0.010667626933584,0.0302747491352081,0.0063073829618573
-0.00968871258985864,-0.0162814738097525,-0.0177580268727186,-0.021356839068607,-0.00598281895023526,0.00239995702268211,-0.00736776611105144,-0.00389185565190062,-0.01121297371854
-0.0898587158353621,-0.0369814283086958,-0.0233589823067508,0.0184637053198239,-0.0130598449080054,-0.0594594016373965,-0.0283556188724757,0.00505759907231338,-0.0194872369643455
0.0050879146850468,0.019585702840005,-0.0170104412869307,-0.0185045471711432,0.00636382291702326,-0.00541351138803587,-0.000620961850824679,0.00854505755412946,0.00447252853848046
-0.0962670426914984,-0.0597290628364299,-0.0519491815622378,-0.0543858950108728,-0.0120616810017589,-0.0781302979550137,-0.0209844436401571,-0.0205848774729338,-0.0146215753394807
0.0159161787588309,-0.00614400055240859,0.00926129074547789,0.0150644115717383,0.000600381329651542,0.026405545998558,0.00429327612916118,0.00552011431568657,0.000658698667747862
0.00200386027628605,-0.00599480718583006,-0.0397606559328649,-0.0206727286062849,0.000796793374200701,-0.0322304077541508,-0.00800230717343636,0.00385410243139609,-0.00331110516412156
-0.0409971630524011,0.00808389639473421,-0.0282361393017144,-0.0371054194394438,-0.00261731820542592,-0.0686995018470151,0.00536994741330298,-0.0090497438539505,-0.0105521185761016
-0.0227080603602135,-0.0104302908256685,0.00707596624889206,0.0234671150393277,0.00233817937637027,0.00649214868292504,-0.00504399219317394,0.00605826109424581,0.00588771522631524
-0.0217190527780095,0.00867950876328101,0.00880755453539666,0.0215932999910934,0.00280170414060109,0.0107211494544329,0.0150814098578966,0.0104855934735363,0.0039784124310761
0.0471360922471769,0.0148375498131907,0.0119014700206868,0.0273055774926895,0.0114185868274167,0.0273060428411831,0.025073771218403,0.0225310142876886,0.0189169604985122
-0.0234506806998334,-0.0143413565028302,-0.000308389835932815,-0.0168513659741928,0.00150283332953511,-0.00661269200396256,0.00617102703473915,-0.00308578122186512,-0.0151542936871044
0.0212488534880946,0.0161362785621514,0.0203378268608068,0.00945476669193084,-0.000112470839372879,0.0135355926022367,0.00710171084694147,0.0016465715280846,0.0102382748751293
0.00431121514969558,0.00277300245616985,0.0112490791120468,-0.006840343508552,-1.8151475550165e-05,0.0162369818733047,-0.00637160963497837,-0.00640507265778607,-0.000795981377105248
0.0195099768886684,0.0121300510931533,-0.00388803945007011,-0.000219004696642233,0.00257208778311184,0.000201478300427772,-0.0134116134357262,0.0033757380729812,-0.00067462085241965
0.0341078109062452,-0.0109540021616355,0.00364825358413766,0.00233462486481023,0.00151092163820436,0.0326085387003485,0.00336849505542956,-0.0208686705527862,-0.00417165842928276
-0.0218335146760471,0.00525126635808522,-0.0107221402253005,-0.0168464492296596,0.00170407939923753,-0.0240018887567964,0.00266642085470419,0.00656821076056082,0.00317571955514175
0.0181349693279369,0.0133225608058784,-0.00334125468029295,0.00202825670140984,0.00720135322846632,0.0101273614803374,-0.00235828888298444,0.00814709471277469,0.0120163752012132
-0.0270924884201599,-0.00213499861173893,-0.0286199012666601,0.000366788465910332,-0.00335530871165581,-0.0283754027172682,-0.00202060187672149,0.0191784482057099,-0.00708235070532816
-0.0219394661245536,-0.01224308781051,-0.00709565483537266,-0.00516840415898727,-0.00461075346479858,-0.0250916784762691,0.00296200151610265,-0.00152425597879403,-0.0056809966919463
-0.0194488222133943,0.0138568990843753,0.00213983778393966,0.0113407159156108,0.00668558646831989,-0.0157354507487163,-0.00258731281646271,-0.00203538203797017,0.00793948750623719
0.0274210739899444,0.0232477519711233,0.0139356899766705,0.0533167793346568,0.0136019907368942,0.0441885835692532,0.0122585898002936,0.0367288710491777,0.00845017860095853
0.0461587592922962,0.0365242935389622,0.0322702488553757,0.0290325353894892,0.000978982403203697,0.02328689877158,0.00152381619920667,-0.00243196902339379,0.0250542092735976
0.0167153388665022,0.0144626434320165,0.018242996114589,0.0197242303514722,0.00482245802183158,0.0103817452367227,-0.00254545128252427,0.0257524549870777,0.0143931562249449
-0.0260404424518146,-0.00192727646826859,0.0172598543977935,-0.014541877299846,0.00337514025199349,-0.0555238768156485,-0.0020669176617219,-0.00988549470188489,-0.00564423684962177
0.00752507880046362,0.00685707739575841,-0.00550663732911434,0.0218935814352247,0.00313715568053949,-0.00825444889889904,0.0128456926264591,-0.0199446247219061,0.000441066325312996
-0.0996309597740129,-0.035583278413684,-0.0291256739180727,-0.0679938520160194,0.000918987870148056,-0.0841258150724599,-0.0068545776202326,-0.0203517304065654,-0.0172660697456705
0.017159262727319,-0.012601218597893,-0.00122449619085987,-0.006462245483688,-0.00941534386480918,-0.015061951741647,0.00341459407965244,0.0144019247395808,0.00772330569162456
-0.0125463915517064,-0.0174786826848469,0.00241189630359049,0.0209155132380404,-0.0065669905333898,-0.0217036858287027,-0.00600114895735845,-0.00801130460867099,-0.00839662968549389
-0.00642236106386098,-0.0279520233582615,0.00213686876580742,0.0037133424982251,0.00866784287491618,-0.00330465675815822,-0.00345067159024752,-0.00013464265690072,-0.00420722852280753
0.0168256651704888,-0.00312191909016425,0.0152752451711492,0.00782241881547578,-0.0114005886895498,0.00650376975955525,0.00347825353673902,-0.01077226718166,0.00159792663699434
-0.0336786204303408,-0.0173281932924561,-0.00906260984920809,0.0012028215609419,0.0162153759301004,0.0276126396621573,0.00647651382123908,0.00941755817796732,-0.00426572399293037
0.0609408007167947,0.00874258640128598,0.0215462715921315,0.0130755808227929,0.00344073213127759,0.0348811642430064,-0.00925584224209501,0.0181545592427851,0.0107383222800216
-0.0440954360899512,-0.0346115599509732,-0.00450052805294342,-0.0121640291425673,-0.000171184965838903,-0.0406196519823837,-0.0187277065458953,-0.0121882968001577,-0.00190975373346921
0.049523666145839,0.0284743320175839,0.0255266416679498,0.0318214261605336,0.00513808081251532,0.0299120688984439,0.0120300564202171,0.0213326622553495,-0.00256060426836891
-0.0305726245926767,-0.0112766975919082,-0.00705699034735595,-0.0240882508726889,0.00577596498907877,-0.0635662567749012,0.00905752690876032,0.00645794009576248,0.0030563968760589
0.00622183289882575,0.00808597130034641,-0.00529340051950089,0.0394425811037833,0.0133727916342704,0.0202815555779692,0.0147512350737644,0.0124222812666784,0.0258990897685316
-0.0608327685541425,-0.018790846217672,-0.0017576748238339,-0.0130031791884724,-0.00448955563826011,-0.0415697332938229,-0.0155660373212815,-0.0231045949260803,-0.019649281078621
0.0429537518913735,0.0191877189076545,0.0119708524593503,0.0175879796564291,0.00248088805947914,-0.00495407313745061,0.00674389290277091,0.0218402631488415,0.00803833282716572
-0.024488439769387,-0.011899943996484,-0.0143254263822819,-0.0178340833490236,0.00356473429485496,-0.0285180094595995,0.0127015801183959,0.00783259052821521,0.0129630510783291
0.0179727435967115,0.0325691425027877,0.0189360953854285,-0.0147258718347725,-0.0031338350699323,-0.0189330093226356,0.0179332919703931,0.0204652668724134,0.000638393354475543
-0.0153458737870604,-0.0169244303845639,-0.00844254678856307,0.00969272130095813,-0.00416566252130674,-0.00783407435912716,-0.0114090303763143,-0.0103042073473859,-0.00608150184933791
0.089770704731764,0.026450358856521,0.0314312246979997,0.0171616271630263,0.00471709155781027,0.0645604858990659,-0.0026297658395657,-0.00973812826833273,0.0127124598620368
-0.0606470449785997,-0.0382609658278128,-0.0249386894041085,-0.0504267477051414,-0.00324068067613794,-0.0383839949967762,-0.0083725516071788,-0.021393798072615,-0.0304870033746598
0.0229605413250381,-0.000659588564874973,-0.00251283345111876,0.0100838141795946,-0.00713055151914401,-0.00432409768036966,0.0111112804860032,0.00667380528673379,-0.00489055176163966
0.10121696577155,0.0541861194264812,0.0377159170742795,0.0329284026714206,0.0221063720435142,0.0449743730485276,0.0235861067279163,0.0339452280589932,0.0337865377226737
0.0705021016380528,0.0118195668418246,0.0231737695008722,0.0271561875142737,0.0124960642688282,0.0521003985922554,0.0187247366581617,0.00576631190453672,0.0235610453337608
0.0308314814790363,-0.00739581518001039,-0.00735684022313746,-0.00760650445344603,0.00119126672910054,0.000696435924078002,-0.00294653105726225,0.0021523491162447,0.000482428774458509
-0.144543978668027,-0.0640722826585778,-0.045716074207819,-0.0820394784112529,-0.00687676929180234,-0.115667810302279,0.00353354716092362,-0.0552743431512775,-0.0225453928967979
0.0994238374004971,0.0287754194995475,0.0361500970706833,0.0266938573855225,0.0146763443023338,0.0390076153809916,0.0283231115281048,0.0307727448874499,0.0309047722073953
-0.0086930522188633,-0.00217560174103039,-0.00543359835733729,0.00478857276093588,0.00018089971870282,-0.000903214444793629,0.00331014685593797,-0.0127815649334892,-0.00274653579855392
0.0522245048373361,0.0438978094947878,0.0181060411601243,-0.00540776613896418,-0.00566611669908258,0.0216865464913785,0.00265795443459287,-0.00265332315632065,-0.00858514300715544
-0.0112781102198545,-0.0101000927608376,-0.00127046452452633,-0.0230704984353388,0.00542835871195727,-0.032687114656838,0.00349850992758894,0.000140640897049992,0.00970970033593928
-0.0272329186035118,-0.00227799394731584,-0.0287644567173081,0.00247396935736825,-0.0113838848615966,-0.0145520687247949,-0.00599826109533421,0.00139278044020653,-0.00848408522067385
-0.00162338520942796,-0.00792644712943457,0.00464591330482369,0.00831459417405522,-0.00407974462813241,-0.000998202638847677,0.00152914056196264,-0.000188193632015915,-0.00609177489338346
0.0108780964262015,-0.00364718250954975,0.00609820132442459,-0.0142001829337881,0.00380061377692935,0.000598588770058243,-0.0062585406600683,0.00610652971727337,0.00742006642401501
0.0745895047499292,0.0295660013816568,0.0510790805026916,0.0240020377246923,2.23627585788234e-05,0.0281891381072522,0.0056568243197069,0.0299132492129618,0.00968685470251589
-0.0700466046080997,-0.0299789992579568,-0.00484061487378708,-0.00313555234029469,0.00246649921038535,-0.0326869855321498,-0.00330151501404357,0.00515353358135023,-0.00608801981654239
0.00541465027394075,0.0059665914629827,-0.00275471446029623,-0.029283528920324,-0.00457007775241855,-0.00583455859796619,-0.00803208592925377,-0.00673059313193334,-0.012819207679887
-0.0449835622223353,-0.0331491167118226,-0.0401286502609561,-0.0176378920632528,0.000915163001519134,-0.0141399895809695,0.0247895409368438,-0.0195713983229662,0.0148607778041674
-0.0174039356834924,-0.0156219176266646,-0.00801371468503866,-0.00924266765306916,-0.00411772652903243,-0.0425650284694376,-0.0132603311904647,-0.0137456345983855,-0.00502104660325217
-0.0183977973115209,-0.0265488447155481,-0.00196170734937055,-0.00284297599320011,-0.0163574053894156,-0.0280123024046347,-0.0312414843718375,-0.0314629549372974,-0.0240417609635076
-0.05171674746586,-0.0328366699420248,-0.0268381838951453,0.0329206118651988,-0.00293852002183749,-0.031181961039057,-0.0152623397492288,0.00481103051304409,-0.0150434374033207
0.0599797717120192,0.0297130514369904,0.0103890316937653,0.0109806869316037,-0.0163469377934997,0.0309297689629088,0.00416872638563252,0.0146463121055039,-0.00860071434730602
0.0691747844009323,0.0417888348439391,0.0233175542124681,0.0283944310388689,0.0155106468816973,0.0186986269271661,0.0374802579437123,0.0244049203466578,0.0419787789476308
0.0051207928309354,0.0216683428808423,0.00479032887697516,-0.013107027984855,0.00577309686549901,-0.0204821245254727,0.00263534545743038,0.0105464402008434,0.00530256845975415
0.0136102683718908,0.00435425265282454,0.0192885723352175,0.0138875263714598,-0.0062271406526514,-0.00908052329084518,-0.00616467743985497,-0.00620298282663624,0.00747056701674789
-0.0695504684308422,-0.0250255247241717,-0.0170116211285165,-0.042559748748359,0.00110240769724452,-0.0591039553370266,-0.00673318343695296,-0.0152000761559588,-0.00853588878841116
-0.00768902647346832,-0.0206355965417938,-0.0029580179579279,-0.0147097307458116,0.0104570016367491,0.0140458942521658,-0.00112510327526842,-0.0186791020932089,-0.000301062203994773
-0.0313958783572235,0.0137506147260859,-0.0318399718635086,-0.00668265452336932,0.00173163191574136,-0.0411922019942563,2.13198095950352e-05,0.000939748293342693,-0.0130638769799692
-0.0406033671325971,-0.0311841339672428,0.0170902250059953,-0.0126103347745183,-0.0127127782768529,-0.0158397304410257,-0.0325995185602831,-0.0328476518908042,-0.00784364655973896
-0.00868069968356669,0.00669645319009989,0.0271663969779843,0.0135914044130679,0.00241593067542592,-0.00358238053651997,-0.0010610339608576,-0.00073335704103889,0.000115160197358334
-0.0553678836205526,0.0189403977124877,-0.0332023338088901,-0.025887893981994,0.000466743153361608,-0.0324111991288883,0.000116123552077686,-0.0087997020762484,-0.0122715438269417
0.0827087771344957,0.0460984151251043,0.0269740524772764,0.0217651237218426,0.014015052586096,0.0534382892726477,0.00330996491805495,0.0281602205011281,0.0275233347490698
0.0257852227267375,0.0186996429845788,0.0169130723450196,-0.0178038770882757,0.00832742251303999,-0.0266572962778724,0.00332024099945318,0.0161079737425809,0.0148073680353688
0.051626049717654,0.0378994121659349,0.049300024122845,-0.000941011494616293,-0.0173531357259699,-0.00207731539333038,-0.0126903337931162,-0.00166764449748361,0.00247160040020334
0.0177560157358464,0.011588984377093,0.0382582033803892,0.0225961824623644,0.00762156212206254,0.00832756613927094,-0.00532553187962534,0.00207744215204414,-0.00648726961196371
-0.0274878944532266,0.00793906270649062,-0.0238938559006989,0.00697341439074861,0.00439633853263049,-0.0550345913038855,-0.00300951949161149,0.000863957077165743,-4.1870134966624e-05
0.0213900364601263,-0.00860577770292529,0.00342228749511026,0.0290885069536628,0.012430224063218,0.0212496511471916,0.0252440280141016,0.0386053466460023,0.0243204283456977
-0.0294202729653714,-0.0155005607547787,-0.0181290431176573,-0.0126361805409539,0.00406940709619947,-0.0238417873784394,-0.00451363002623662,-0.0294162176787882,3.06924415637878e-05
-0.0897594981033305,-0.0577530631675538,-0.0237563514017685,-0.0308605759500728,6.652479096088e-05,-0.0106885999397565,-0.0107009282183453,-0.00472243943367266,-0.0218781523862362
-0.0124636812377193,0.0132936058978573,0.00760727322128503,-0.0110679671641777,0.000655175643494356,-0.0198855248923574,0.000898617949190725,0.0111591897461197,0.00460328962003864
0.00656447766436156,-0.0112106115484736,-0.00433512463217783,-0.0289333143493778,-0.0204566303129063,-0.0249961748840492,-0.015305257216926,-0.0297708507595632,-0.0455769970855256
-0.0454118337019296,-0.00110271771600962,-0.0131707396528104,-0.0256658851340543,0.00572892216832054,-0.026921644022525,-0.00833292673980609,-0.00622922372597607,-0.00787612350508386
0.022822887547882,0.0256199668469559,-0.000494265107068202,-0.0149929341624777,0.0115002713101641,0.00371276732419514,0.00625908877978239,0.00915493990140039,0.0098619495845124
0.00150753188726632,0.0174144448540389,-0.0119269894503238,0.0448354673611954,0.0144153409932689,-0.00352593346882299,0.0234916210700268,0.00569261787393002,0.0323943228856653
-0.0628810727593761,-0.0194598940927463,-0.0157110660054502,0.001672470932308,-0.0159099957565614,-0.0238193541325855,-0.0196405773768416,-0.0105838432198298,-0.00921109611116751
0.00321419494857463,-0.00318018291449286,0.00186829321623035,0.0145158510109271,-0.0114885338455468,0.00886537570078392,0.000758306360050609,0.0198307144143371,0.00364083484969223
0.0461588831207127,-0.00921194962524505,0.00412838951819055,-0.00223024848463628,0.000524431823211637,0.0144118009870381,-0.00574419788757487,0.0158699265468797,-0.000799103742804609
-0.0608095335205072,-0.0711912857978848,-0.036886130772387,0.0122673619867639,0.00314279839245401,-0.0424207564281337,-0.000404679475090501,-0.0102468630202357,0.00413322920730383
-0.0277933223703933,-0.00276186669701172,-0.0212098290645826,-0.00350011535578414,-0.000201023403406928,-0.00445035352980106,-0.00230531992811045,-0.00897266593572565,0.00230238985120594
0.034830788347471,0.00525890038012428,-0.0074043764111861,-0.00506111035266683,0.00349590772339239,0.0187887435946716,0.0185320403833103,0.0107842631587576,0.0017437590897887
-0.0874992326856354,-0.0522189182645126,-0.02642346152117,-0.0466641917560817,-0.0165619026628365,-0.0472629134398012,-0.0480573355119453,-0.0102082406425768,-0.0208457428246257
0.0307033075975013,0.0106220119640316,0.0175664118443875,0.0244975390955323,-0.00393222054504156,-0.000897135638311981,0.00225334994661994,0.0134700770105574,-0.00406688375093836
0.0346199224102805,0.0347388653690171,0.010259261581391,0.0175786705311386,0.0021457744123965,0.0214153576173786,-0.000532373961652158,0.0333290272292917,0.0151732546121039
0.0473015758894806,-0.0139668618889589,0.00340381842649536,0.0157305872173901,0.00180079794295028,0.0250825617031956,0.00290437774167127,0.000285559577789494,0.0111722506078453
0.00504903901171624,0.0126826718751393,0.0120950394492543,0.031696738954435,-0.000757366224917199,0.0199206066389905,-0.00628295242366031,0.00838141239175619,0.00467353528731718
-0.00506129720273893,0.00933341271398709,-0.0057599844318605,-0.00960305221236339,-0.00162279166547522,0.00401624837358526,-0.00498545107756094,-0.0171754465400209,-0.0204183004248139
0.043514267727248,0.0320318662213902,0.020529580388397,0.0342546807595243,0.00644210623675295,0.0483717906989136,-0.00619526415165144,0.00346217811381589,0.0112003339357477
0.0379309397658914,-0.0107241602611165,-0.00186456212030891,0.000467442052980841,0.00090965970521226,0.042749366963734,-0.0124970141546833,-0.0251927562671503,-0.010743133463547
-0.0161461518460366,-0.0183650140516044,-0.0218580017768113,-0.0294174398659956,-0.00533640026588995,-0.031280827707269,-0.00460437906216526,-0.0111832068878547,-0.0102183273105169
0.0219156718007573,0.00852268003840549,0.0489557878284984,0.0461107511943756,-7.03311423181656e-05,0.0206106395717609,-0.0074491902612505,-0.000115160684366919,0.00743649662928455
-0.0298801359991155,-0.0445313539128389,-0.0217582508491341,-0.0247387384398262,-0.00813440278207895,-0.0454590537298248,-0.0221363388837783,-0.0192791416480995,-0.00887532015833346
0.0349990164273563,-0.0116784524115383,-0.00832722060536717,0.0184005782954392,0.00751998536514959,0.0249499041396338,0.00123801767290186,0.013133720289674,0.00579962476587567
-0.0311682651349394,0.00298343067758512,-0.01269929178185,0.00260198478165149,-0.00532383737340655,-0.0382982154031988,-0.014467186188175,0.00483861642756193,0.00517336853405306
-0.019650187716185,0.0134731560650713,-0.0107059258595123,0.0206250115087113,-0.00900272723935892,0.0110593773087369,0.00236512443639883,0.0208040938174684,-0.0104121531517329
-0.0598664834030112,-0.0258480501390508,-0.0233717335654162,-0.0359782003309062,-0.00530183543605964,-0.0428163279053902,-0.0020513940367004,-0.0209934293551323,-0.00522777738934022
0.0495711651199848,0.0167983171843933,0.012516068296014,-0.0195601417801605,0.00871473918372498,0.0474215633210539,0.0127431320267568,-0.00112924014532179,-0.000160502272543433
-0.0526033511741754,-0.00784200588641205,-0.0138325458414376,0.00514588704139037,0.00807363249191954,-0.0312813657888405,0.00562674724631116,-0.00636669878890083,0.00636447884572347
0.0132776040333298,0.0118499454845265,-0.00326576787010281,0.0223663641440469,0.0011199101982255,-0.0362290758356465,0.0169872449251405,0.0237967708765561,0.0116728286469492
0.0706498966819896,0.0487857388290333,0.0238822021242115,0.01267226981854,0.000867028473403672,0.0475637804224551,0.00337792920123538,0.00479596699169935,0.0183714781171027
0.0187651119852124,0.00775773107678868,-0.0167416487145894,0.0307666133217244,-0.00659104658713531,0.0310152579524877,0.00629270529924589,0.00450028468949918,0.0097262880271508
0.00785534686824919,0.00779271913072184,0.00354381812455995,-0.000693551569211618,-0.00558190842613979,-0.0193648230842965,-0.0159727425877424,0.0134897512582695,0.00354261086233591
-0.0558420838951852,-0.0467388111957289,-0.0400588732317091,-0.0496276216384028,0.00243718482029863,-0.0551214974976764,0.00958665908596576,-0.0320293175809204,-0.0169951116532792
-0.00193606199147651,-0.0190229806562795,0.00609897896336946,-0.00119512510187036,-0.00789639444320145,0.000436318489057347,0.00322686624005528,0.0105938472707287,-0.0168963841860445
0.0183991785007863,0.00286639802189208,-0.00758023118041165,0.037670299382871,0.00989405818118256,0.0251317418296648,0.0217447115890995,0.0190242111966845,0.014083693668858
-0.0555148923950269,-0.0217889930894635,-0.0299243178905205,-0.0334602269136719,-0.0106076149780774,-0.0487552001933233,0.0155543875664009,-0.0402847148567338,-0.0367132090499226
0.0304385515376842,-0.0205409253113197,-0.0172564322686046,0.0155495233449093,0.000842186590347982,0.0209593858173653,0.0136486339983786,-0.00775736349049435,-0.00397771972542005
0.038430676244416,0.00461676303821522,0.0248994723151151,0.0422120919896469,-0.00160072898226845,0.0619705607420939,0.0309606801497704,0.00842374510724685,0.0296579415549023
0.0455990934651808,-0.00885829686232682,0.00209871410279083,0.0235638325109144,0.0197871072349587,-0.0192016985249052,0.0163284164311042,0.0165825025037778,-0.00239375100383268
0.0547362259702305,0.0234008268840103,0.0137437857266829,0.0131078723014256,-0.000784605733490051,0.0100691548275435,0.0141579306151251,0.0150467847464,0.00135600449368045
0.013143033141533,-0.00540793446568536,0.013991672250361,0.0137654973696702,0.000855791736691325,0.0342118059943728,0.00920503287748402,0.000769449105747358,0.00852954605969298
-0.0102801927673425,0.0103440810723666,0.00191164912751264,0.0076391362231227,-3.69696890061003e-05,-0.0051815009966781,0.0049503091486268,0.00195126113020603,0.00513141379501349
-0.0308474272230971,-0.0333055320610028,-0.0491492320401127,-0.0114218106374102,-0.00691176089586567,-0.0343169641835129,-0.0190151966027074,-0.00487649167878457,-0.00716266544405045
-0.0235481618259626,0.000299223555927636,-0.000249901377478582,-0.0246731442966821,-0.00873262606719115,-0.0118184484704588,-0.0120544362033998,-0.00628989949505811,-0.00508050207455612
-0.0407703028646495,-0.0233851918188608,-0.0200011492358608,-0.0243187392629294,0.00726971670540001,-0.00451077885269243,0.00126177181533297,0.00161483506748511,0.00351698456783491
-0.0155721185894332,0.0147269919877084,0.0109978393755249,-0.0111794727896415,-0.00715692560517786,-0.00920578400461334,-0.00823638988757289,0.00695064928195093,0.00326446259745144
0.03614727163209,0.00646555798405319,-0.0104125379740457,-0.00832795360297335,0.0100976719437795,-0.0177668606157073,0.00825832225937773,0.0315479402840258,0.0205418387762136
0.091655458427712,0.0315538576649241,0.0178526811805432,-0.0229894370270935,-0.00725444560795963,0.000911717692898896,-0.0188863659405018,-0.00172984181470837,-0.00936658776258863
-0.00294555989784771,-0.00882507485036125,-0.00538063121598181,0.0043470981071727,-0.00479368757774918,-0.0143416524614628,-0.0209717219693874,-0.0133691599175732,0.00628440864600157
0.0555713240668124,0.033840472783265,0.0439216597641701,0.00554906902944301,-0.0029745904443931,0.0231989015441444,-0.0163274420844124,-0.0149309572592176,-0.0121847406504346
-0.02096564891549,0.0181809877215894,-0.0103879392117444,-0.0104801724760305,0.0019382821329003,-0.017268040693953,-0.00394280741433085,0.0118948566488965,0.000586782923568147
-0.0348967054738045,-0.0231878694734353,-0.0196816983357523,-0.00537757965670418,0.00522265893801029,-0.0235234880919328,0.00316030151663787,-0.0105206786667034,0.00515436720950818
0.0468100146800837,-0.00856919338602104,-0.00554044555942537,0.000486476214898084,0.00770160298626621,0.0320403168210997,0.0143244032225472,0.00697588617212914,0.00556346701482514
0.115286374695492,0.0215993617181297,0.0262640428569474,0.0289418220201678,0.00882381168136232,0.0492707736714514,0.0163236305952099,0.0218142415495478,0.016544535361873
0.0106738157170737,-0.0254379228940789,0.000121352939087843,0.0112408438815894,-0.00802731050778902,-0.0174208522762981,-0.00216239406186663,-0.0260396472546299,-0.00854030277445126
0.00655163811700718,-0.0390430207687774,-0.015671689236546,0.00175463162060456,-0.000918506734328892,-0.00273920192858149,-0.00493937107708861,-0.00715918559611184,-0.00764964004539019
0.0165359993193666,-0.010957219263787,-0.0229113532857873,0.0222039601263469,-0.000931784163383063,0.0163125687370388,-0.00278591191635867,0.00749860475805232,0.0142678175039034
0.0131714921083451,0.010816178349058,0.0159915796387402,0.0210881250499234,0.00418929145165022,-0.0218177936558589,-0.00402252641040619,0.0125841694989867,0.00477762685306006
0.015056215209243,0.00978324346800841,0.00439639035641661,0.00514695381394284,-0.00347167987681484,0.0122693326629594,-0.0171637574924907,0.0192939430935967,0.014101058702539
-0.0275456821109546,-0.0352028390189587,-0.0170102320351251,-0.0246393885903366,-0.0025345115283886,-0.0335091176891745,-0.00301179747940681,-0.00593160431471246,-0.00684003391949711
-0.0167926393172456,-0.00376522967138219,-0.0232091566029597,-0.0198433604165946,-0.00710693364255273,-0.0403564932686058,-0.000866656459107484,0.00433916749734358,-0.00995392448763145
0.0109003600819831,0.0125108855787504,-0.00401730722407442,-0.00797802692866934,0.0120719822588152,0.00504135069469911,0.0131127651661562,0.0107519689499846,0.017431570556736
0.0692308074276391,0.00400199504465901,0.0163769712409414,0.0155607697650329,0.00718135048086683,-0.00819525457150151,0.000832435869338602,0.00325490720168353,-0.00142675253797245
-0.0618108694542739,-0.0340116537113843,-0.0352232813035054,-0.0164558889918567,-0.00515751962333287,-0.048209986468863,-0.0206269574300419,-0.00917771025301578,-0.0155497365265231
0.0689818053937881,0.0404544516888046,0.0376820977393546,0.0973995078937462,0.00775245415648818,0.0241049269530664,0.00330352760079321,0.0293051378115592,0.0327377351609435
-0.0415326733511679,-0.0104256236367291,-0.0172117660055334,-0.0192543172476326,0.00325624355617185,-0.0326030367706912,0.00071920888147415,0.00602434050842745,0.00578821825434831
-0.014718222086757,0.00691154914989866,-0.0108283921236049,-0.0194379575836611,0.00211792065802031,-0.022517667790071,-0.00734618269428412,0.000816440425359495,0.0093125056102976
0.0510321226788516,0.00720383852156545,0.00675454659960941,0.0158089382716021,-0.0060722313740545,0.0176717203775381,-0.000540665619222836,0.0189141807804005,-0.000377927024623937
-0.0322533384311984,-0.0114404640738499,-0.0144861836891961,-0.0258362499087963,-4.28688982492581e-06,-0.030110573794879,-0.0131258717397073,0.0155336885180251,0.0138928742668293
0.0256252550992674,-0.0296842787085812,-0.0134054644362172,0.00476393358205709,-0.00220448579208494,-0.0452757024546129,0.00343536154154039,-0.00958499140151802,0.00234470459797317
-0.0505742665653713,-0.0233643090460672,-0.0167717668064541,-0.0328533790836937,-0.00624478672694109,-0.0277493865572571,-5.4596133296075e-05,-0.0275007591530346,-0.0124103766595592
0.0233566643550482,0.0131042160870794,0.0239416428572176,0.0302110081068488,0.00304692603742986,0.0320370116211068,-0.0166824669991095,0.00907103844002503,0.00820621545437857
0.00489841818519488,0.00736477052518819,0.00738705969168173,0.00679492222817414,0.0068400625689328,-0.00517789611193471,-0.00282450824859641,0.00435833179467216,-0.00327843511722079
-0.0145419217698821,-0.00944242363901857,-0.0086967079146062,0.0261107981242923,-0.00334487136908677,0.020459653542607,-0.00739764254653418,0.00195687557755824,-0.00735103791100825
-0.00016387138486334,-0.00459347277072248,0.00314233078648083,0.0119167062377348,0.00483964901449963,0.00756125368563557,-0.00214909067458761,0.00985090687958686,0.0155579786776948
-0.0423393461858339,-0.010588060436572,-0.0167754067428517,-0.0307029818283423,0.000497070219845346,-0.0351636942001207,0.00678541815119447,-0.00890218932462725,-0.0080452374642032
0.0157448196978188,0.00232861425831,0.00226662605725398,0.00304315087698351,-0.00764573136984785,0.00157604560404454,-0.00933237303858531,0.0026669784277987,-0.0193745138884133
0.0177737695307828,0.00841494658711822,-0.0145020203009424,0.0037291101899479,0.00860145117127691,-0.00995141160497068,0.0190052981051047,0.0111116092103209,0.00570379001723218
-0.0717780930413939,-0.0132086113242778,-0.012357763789989,-0.0347579783818023,0.00222559272348681,-0.0372596368197239,-0.00652524755196956,-0.000621570938478058,0.000274551992447242
-0.0234596539673624,0.00430049866054731,-0.00196602776341967,0.00485941869856459,0.000941375661578086,-0.0131211817529268,-4.08577995110013e-05,-0.00179441049474262,0.000805797857649448
-0.0079367463748875,0.00651827328667236,0.0166130734922406,-0.0103825651834242,0.00410907708634137,0.0131974342963888,0.00256909960126693,-0.0247466008119801,0.00223554176679241
-0.0549374047352281,-0.0399410647815528,-0.0195963791667275,-0.0148677886555639,-0.00692494970290892,-0.0184063301369156,-0.0112309749119833,-0.0227016584297433,-0.0264483555891268
0.0628056693257236,0.0316436689744646,0.0277806050921019,0.0373087976178204,0.00334171163220499,0.0651411242684201,-0.00180289116125509,0.0186270874386448,0.00429942026779187
-0.0244714505232564,0.00681467173374123,-0.018705009653206,0.00432209012616434,0.00813738829447104,0.00249497792169337,-0.00523797618060323,-0.00380622970420839,0.00140621146972877
0.115689108506516,0.0457948962430117,0.0431635234733005,0.013089092724162,0.00621814305998911,0.0323030721980841,-0.000518313205120739,0.00600759914464918,0.00443246762040913
0.0135546599007033,0.0394595483717041,0.0165738381389365,0.0255515364559836,-0.0116465353113641,-0.0175534033059399,3.63249250048284e-05,0.00818246577717517,-0.00812748466989224
-0.00568226369815337,0.0181870258152114,-0.00155401733248771,0.0190019109956916,-0.00328563470438297,-0.0195075813291283,0.0119816834073656,0.00693042939455056,-0.0125159615019027
0.0324688079189731,-0.00920022715281692,0.0143726078737317,-0.00512003946093526,0.0106104216596001,0.0130601735378007,0.0176016145926431,0.0123117096207889,0.0200303113303937
-0.0652733650278812,-0.0214486306869025,-0.0387379147371437,-0.0305346745379175,-0.00867591526485718,-0.0643617656273506,-0.00834735198010394,-0.0183684858244728,0.00117828160229086
0.0122467323276001,0.00535963396889661,0.00452868134239422,0.0287847454211414,0.00187435002520443,-0.00979963589510392,0.00987165432550383,0.022063376905629,0.000762234533965581
0.0124755659825767,0.00548931595941235,0.010726350742237,0.0446978174331395,-0.000957490404818165,-0.0037374918188164,0.0101417175716536,0.0224440702642075,0.00598622063274178
-0.0483007803313987,-0.0163361362939511,0.00419983587852169,-0.01685281090715,-0.023876670617693,-0.0422321169570414,-0.00894185264619098,-0.0431889317380101,-0.0239733478994992
-0.0440894072707026,-0.0157930867017093,-0.0134421242061715,-0.0180465269972963,-0.0130725379325691,-0.0020514859641983,-0.0074043082097304,-0.0101566530439846,-0.0202012990756213
0.0952178521825444,0.0173075215804296,0.0256891583996619,0.0792304692891523,0.00949135667031599,0.0776274806782487,0.00523879385843935,0.0331256497754141,0.0152983627085819
-0.0314945746638997,-0.0253536237202652,-0.0297094527719349,-0.0403892638017844,-0.0105164182031634,-0.014469916415624,-0.0219814647491519,-0.0208391543993554,-0.0247212409295536
-0.0294806975801778,-0.00764144880042869,0.00362493616471027,-0.0111336192212491,-0.00321374440571233,-0.0219535040374252,-0.00603434096300567,-0.00110500964441458,0.00347027720249166
-0.0666585227579889,-0.00890157705459622,-0.0118362483107021,0.0187499928991225,-0.00151943288689707,-0.0549042816870188,9.25550688332811e-05,-0.00747636189128901,-0.00433304179763625
0.0525345737588468,0.0290049137239403,0.0156458110807404,0.0626870258540035,0.0150721489813077,-0.0134190749144517,0.0229740389094254,0.0282615778318477,0.0294805808030993
-0.011056748837433,-0.0182078471809898,-0.0246266172664593,-0.00125342024019163,-0.0003124795825848,-0.00355590209547265,-0.00336594582902249,0.0054341687684385,0.00964871756953083
0.0567022868475084,0.0210399066649938,0.00977597022926104,0.00953178465489284,0.0120885348545221,0.0246077942265264,0.0281329574091976,0.0252235964913021,0.0189637404990995
0.0391225236095036,0.0263221824285279,0.0376915716386359,0.046987534060897,0.00853443737022317,0.0685822240823281,-0.000174436262571513,0.00179237707094606,0.016595703706356
-0.108287616174043,-0.0838999391873759,-0.0208489523120536,-0.0466717180035525,-0.0127798021124711,-0.0577231081052508,-0.0138669490632865,-0.0429124532452589,-0.0383743839927092
0.00416714320875985,0.0250890966367153,0.0206739910751942,0.0436714408505897,0.0107278733825465,0.0123882653137342,0.0122233172756314,0.0239733702062268,0.0241490724052599
-0.0316783646658803,-0.0425499167378954,-0.00628556156305315,-0.00429073264003991,-0.00760677204150605,-0.0298527953656692,-0.0024985566671683,-0.011307228480006,-0.00927728724411572
-0.0108950351674224,-0.000485482396646555,-0.0174130663819672,0.0228363604726699,0.00886368421072564,-0.0175479190528507,0.00774483753020466,-0.00367898086775739,-0.00794747460684038
-0.0314143272280865,0.00492490067084602,-0.00643198972904728,-0.00801794375668181,0.00323697374551132,-0.0203045903875402,-0.016033412563653,0.00329449779166868,0.00385700986472564
-0.0239794823088276,-0.00510489264267154,-0.0097456439433124,0.00986252124739626,0.00576055836125613,0.000483407536834794,-0.00334497955987649,0.00482678139802633,0.0107524074270122
0.00237535802155049,0.00167607854418823,0.0151265803129104,-0.00819757883565914,-0.00588733524262046,0.00350739293162174,-0.0068819587769012,-3.84170434505031e-05,-0.00479013951606997
-0.0622409836506707,-0.0131447873461106,-0.0399886207439822,-0.0335963126930966,-0.0108337611699391,-0.0140979984102322,-0.0049055830620107,-0.0301813201338419,-0.00856918780223605
-0.0327203573850061,-0.0165602014680745,-0.00922397012958729,-0.0172597157689678,0.00839365679076588,-0.0269363596540231,-0.00835070748156074,-0.0194268533830246,0.000731838312429003
0.0456854672304101,0.0311876714736266,0.0354322455799677,0.0251720856803042,-0.000909111883985591,0.011822078812702,-0.00388837146715985,-0.00435897499741624,-0.00293629388874794
-0.019535505040525,0.00676771830124753,-0.0187626347510968,-0.0232048191542384,-0.00203120375098375,0.00397754591824925,-0.00949931466329612,-0.0225180835583946,-0.0196128658947479
0.024179032937456,0.0122315286657975,0.011226030487991,-0.0103862511033039,0.0101847133271711,0.00959079115304572,0.0039416192757439,0.00485524097024617,0.0170702331833498
-0.00183898278261925,0.0110185828959997,0.00970924964314262,-0.00571719820401816,-0.0211599469336873,0.0118408391305405,-0.00832509835681617,0.000695076161602216,-0.00523667821181471
-0.014175621867864,-0.0101358851290696,-0.00602436164128455,-0.00208142242744352,-0.0164729137469909,-0.0393252208773964,-0.0116502229411258,0.00268317969383794,-0.0330890748656447
-0.0377742804967966,-0.0218255259233469,-0.00633199297059673,-0.0165186117087357,-0.0165453583775448,-0.0712787272399717,-0.00847853573286513,-0.00641325161277878,-0.0238681231058416
0.0534482296617603,0.0383246706640792,0.0393572545691982,0.0205180072452562,0.0199729419264263,0.0374447711056218,0.00758671657157363,0.0236448114517625,0.0275886334696815
0.0417325460394018,0.0229530223935073,0.0132292534203897,-0.00574142540916034,-0.0147041100409546,-0.00740167168269818,-0.0118774678567567,-0.0257738954847737,-0.0133495319117606
-0.135812719556988,-0.0396770962687461,-0.055943535227517,-0.069173691972893,0.000246296623717933,-0.0850461591744209,-0.000814242113436625,-0.0120364421319396,-0.00729624556833308
-0.0128615569225935,0.00623855569761157,-0.0174275939058033,-0.00388082569927313,0.00225332239900991,-0.0205609932131914,0.00967475980939067,0.0160062797118049,0.0038484767969774
-0.0581067577528818,-0.00654126952955163,-0.022235760978584,-0.0292750892384316,-0.00807612260883533,-0.0693621579163306,-0.0135656187875331,-0.00827434847893247,-0.00279948788863864
0.0107579382328234,-0.0402219892546256,-0.0330486304810058,0.0164433729773057,1.73348821899762e-05,-0.0117232430069269,0.0191612430599835,0.00391633898589619,0.00333689803490787
-0.0193991211612126,-0.0165955066400313,-0.0305167894672966,0.00491245327814533,-0.00448377874353218,0.000300570394811864,-0.0147210761184821,-0.0107118005508118,-0.0125150263818898
-0.0327410411040322,-0.0353396674701193,-0.0370638294694471,-0.00715520866228933,-0.00811967387498541,-0.0025872666119313,-0.0132656128742991,-0.00667378537946312,-0.00698326933498561
0.00894600460040547,0.0319916913199225,0.0417602929997569,0.0183165478356915,0.00171120626460646,0.0118686435371075,-0.0112173787247081,-0.0013185383550419,0.01838457591365
-0.0653589098013574,-0.0380622031988895,-0.0531523968067864,-0.0479868573785752,-0.00262792082987844,-0.0471856155814225,-8.20481419358871e-05,-0.0252903741891001,-0.000348976659131439
-0.0202154346281509,-0.0167180178088537,-0.00950004719295307,-0.0181009215928889,-0.000159561775984768,-0.0287969488868044,0.0113299003552712,0.00504779441169782,0.00375118027755476
0.0617508729307581,-0.02157392238995,0.0157012886184916,0.0150393344620808,0.0060583330491422,0.0691478721498949,0.00478621393083036,0.0112150996178066,-0.000130493675835804
0.0227055012716664,-0.0143567706135158,-0.0153080760859633,-0.0255094664052315,0.0112982702015354,-0.00420526674744442,0.00350561610702018,0.0235357605744088,0.0120410322361916
0.0320749409962412,0.0211177613002419,0.01794902286324,0.0367818968028773,0.0026269017555802,0.00510980524476215,0.000972087589619852,0.00707796084154462,0.00100570295621891
-0.0786202365732743,-0.0342835266238691,-0.0387013446308555,-0.0334798733258557,-0.00981377837312522,-0.0591487788975948,-0.0127749743284525,-0.0179137942283463,-0.0155282943246943
-0.00148003599355473,0.0056219365516807,-0.00745808192104212,0.0191573606036248,0.0102642956810041,-0.0061879589512619,0.00409904844691924,-0.00104477820538652,0.00933128976352008
-0.0923565811274466,-0.0616694315670584,-0.0107049101180203,-0.0448543614270734,-0.0153944119320258,-0.0613350256063718,-0.022371992196545,-0.0436204199298608,-0.0647538483614124
-0.0161784015235175,-0.00886137157569603,-0.000411080889368475,0.0043894740897045,0.00333736804206056,-0.0158758288057878,-0.00257238177134707,-0.000574751635882455,0.00599585909431589
-0.01323789673156,0.00575302420277268,-0.00936857766989051,-0.0162125596198046,-0.0127054356959223,-0.0114378710063513,-0.0136593500727437,-0.022685186669421,-0.0240218478115777
0.00881437761218887,-0.0221678235015549,-0.0132958558760475,-0.0160488264773541,0.00398804305477373,0.0171986483823961,0.00181910570834241,0.0056934178443818,0.00724455030508974
-0.0402018857819493,-0.0117364008128607,-5.92397182817136e-05,-0.030881559915353,-0.00382746076709916,-0.0376997787100125,-0.0153262131082349,-0.0271911029539348,-0.0155011086980252
0.0188787821643957,0.0171160671707544,0.00567621686574836,0.0252501884064578,0.0024601309169454,0.00322804939665553,-0.0123137403538061,0.0223361010290432,0.0190937150704822
-0.00341618402963939,-0.0229373759588588,-0.027358869555468,-0.0028205346113817,-0.00451403981648342,-0.00996314774293329,0.00725550414101346,-0.00866256606811359,-0.0134726359614789
0.0203601437616158,-0.0225829205680792,-0.0134597705924868,-0.0182387114585971,0.00338484634478119,0.00297594727318612,0.00840506060910875,-0.00693793119298323,0.00529935651183878
-0.005934108585005,0.0217488477796643,0.0135092267067372,0.0182915894340945,-0.00625700679240318,0.0154943615462269,-0.0137605081513552,-0.00563365105020002,-0.0129558634087534
0.00902829879454281,-0.0149774945141877,-0.0184121587263263,0.0324648238424577,0.00491664661318325,-0.0138985016674508,0.00477345083532323,0.00394102156378691,0.00272378799461555
0.0214077046145085,0.0147929985061582,0.0173380673331251,0.015852047457897,0.00510543973504739,0.0489037459160992,0.00148822242885984,-0.00265894491202314,0.0082893608572262
0.00162033490092112,0.00613110570377848,0.0140328102275253,0.0203410090203878,-0.00574240968437858,-0.0116236629146247,-0.0130897241504687,0.00564510388295763,-0.0226341336512282
-0.0194167854458025,0.00454209572220725,-0.0162106512510525,-0.0236919243316558,0.00779606094994539,-0.0139309813926475,0.00702253921058938,0.00958304140345152,0.00566268888698542
-0.00125279819732024,0.016899353388878,0.00992757937079756,0.029941127139868,0.00543576314656597,0.0130579720652101,0.00574325290759313,0.0224338286256138,0.000164690089859001
-0.0297958064547906,-0.0501689597583519,-0.0112374882318828,-0.0287802610976774,0.000271857200773077,-0.0365966904972864,0.000167529079673933,-0.00732910849156591,-0.005168385364272
-0.0836579603579072,-0.0301114627532781,0.00316474667297279,-0.0545418705675499,-0.0216834368831787,-0.0740455163130603,0.00694383267626071,-0.0423603789642403,-0.0544632939301338
-0.0193586696839516,-0.00932219314000774,0.00428992522340558,-0.0120094835036329,-0.00403634165382912,-0.0201636004448769,-0.00173218034523893,-0.0214071638106265,-0.014502651335299
-0.00583234697896281,-0.018383247108177,-0.0197219334979734,-0.00761541396080758,0.00876174749903088,-0.00460856703533844,0.00403237894041946,0.0113233855610818,0.000616604641585036
-0.0205720456797182,0.00365086483724146,-0.0255588344104169,0.00287390661930822,0.00244841326267807,0.0179428323573837,-0.000993902077699264,-0.00886912397464821,0.00328321821250191
-0.0108362032735515,0.0172349391977576,0.00283220761278684,0.00890556726051958,0.00231925434145695,-0.00914801265057859,0.00807729231830323,0.00703351934491728,0.00721475284316278
-0.0278228825728459,0.00138851144365725,0.00508805740074053,0.0150431733827623,-0.0108944746631795,-0.0272889376407695,-0.0120033730387229,0.0180795395365907,0.00936288178831815
0.0837488268939444,0.0295387732703633,0.0328786435905112,0.0142800049584678,0.00213971928429204,0.0522589921343062,-0.00337490201750924,-0.00257081497439272,0.0164788383059367
0.0086381375417001,-0.020039556770258,0.000476109127871595,-0.00341933660611426,-0.0058330767834003,0.0134169640653097,-0.0180789651399715,0.00710997999280164,-0.00322984131048881
0.0706782356260997,0.0347244939585584,0.0300985611959319,0.0141143091544085,0.0159938038632008,0.0515946233714414,0.012220586083688,0.0114443339213211,0.0291406963380936
0.0822476909763066,0.00252528152337937,0.0218511216391433,0.0111193623631602,-0.00382771954808904,0.0743855430843154,-0.000735892764227281,0.00391868972055678,-0.00268280681167481
0.113947501862681,0.0273525251660479,0.034380155581694,0.0237350047723823,0.0154857344508852,0.0800072584388624,0.00690280576848841,0.023433476429778,0.0196011833500656
0.0415571585276237,0.026766776801027,0.0172556329970717,0.0223141591428762,0.009191217368707,0.00308612018009158,0.00263534060062659,-0.00343887675290889,0.00408338501963136
-0.0338428823378649,-0.0119991081147884,-0.0287612852063952,0.00215227578608364,-0.00773736107082926,-0.0532323582728962,-0.000372073474906466,-0.0295401353584306,-0.00765614737822604
-0.00379543709567483,-0.00593863283495425,-0.012511301384756,0.0133635635023322,0.00774910006699103,0.0376447375150882,-0.00194610950393043,-0.00515519274414549,0.00106445593034552
0.00633330968700639,0.00438423319187137,0.0120648097128568,-0.00348236930751836,0.00065601417189125,0.0015225791257763,-0.00972644145915696,-0.00876871418129939,0.00682148235120422
-0.0191127620183067,0.011108028193139,-0.0108890090384961,-0.0221241952977744,0.000423646759660257,-0.0309425013304532,-0.00617965061348134,-0.0222839372584042,-0.0061424563449642
0.0266757262876138,-0.00423302553858955,-0.0127473186324596,0.0259618549908463,-1.69740304030056e-05,0.0121925942282738,0.00353078569033379,0.017239863471761,0.00862576209053345
-0.0607677292079698,-0.0262577897816184,-0.0481705597267523,-0.0327975810248691,-0.00545652892859098,-0.0399737117539201,-0.0138367673063255,-0.0212592344450231,-0.0167484838510403
-0.0206425952293878,0.00707780698206021,-0.010001152759303,-0.0376294251679654,-0.000782379493491487,-0.0156893991661571,-0.00466021959225989,-0.00363345277648746,-0.0186632860942688
-0.0786439316372661,-0.0249288317758584,-0.00750958780770346,-0.0187574507457133,-0.00045333680105494,-0.0442160620638968,-0.0101887213429705,0.00374702705377971,-0.0132678145850082
-0.0164939747521698,-0.0172931347953781,-0.014802856573137,-0.0169221360349952,-0.00529756067236129,-0.0318095362960823,-0.00188284308486594,0.00749587022375507,0.00836528027452279
0.0721856329679975,0.0689161336892471,0.0608579420608064,0.0346053731643133,0.0148079121219415,0.0341856782427746,0.0158208697924885,0.0237214226629281,0.0134806989066002
0.120709124926852,0.0673923975576872,0.0525950648481392,0.0448804686247985,0.00417918325051621,-0.0236190335030721,0.0291359919597401,0.0302165831981868,0.0342253275112665
0.00845715087686077,0.0176220917749339,0.016663421093366,-0.0130945847295675,0.00572657806314524,0.00394904649215515,-0.000435532683769426,-0.0109316693731653,0.00125875709478697
0.0402204633869128,0.0113201773258663,-3.82346010437051e-05,0.0269412021402608,-0.00237994324028556,0.0105333103578514,0.000421389359658263,0.0322848419056279,-0.00054679585547522
-0.0275922519156032,-0.00091967862335741,-0.0129884576156408,0.00512424646037161,0.0054002216487212,-0.00432168514480015,-0.00561261582489962,-0.019849920559422,0.00718435574554421
-0.00844579152626682,-0.0421775449964015,-0.0354692773658193,-0.0159010753469041,-0.0142442521666017,-0.00234586848922758,-0.0204296093004872,-0.00317220224993704,-0.0166135226776166
-0.0119177705278325,-0.00117318512126385,-0.0260500945976964,0.007671784689402,0.00041924544158119,-0.0141136446245252,0.00379622326270701,-0.00354133700954247,0.00249085256404897
0.0174419127773067,0.0175215511921644,0.00146988618910197,0.0320623955214059,0.00683073264322974,0.0217761914545657,0.00767331543469501,0.0149036766120533,0.0154970094071843
-0.0528363866115694,-0.0111259538853635,-0.054593984416468,-0.0139860401346513,-0.0165789302829785,-0.0434793380006836,-0.00403702519998097,-0.00870134196864465,-0.00966072989099642
0.0205602663858325,0.0169155612821541,0.00747990254815886,0.00955308729541896,0.00224437535069229,0.0169058732543728,-0.00506292014976817,0.00918891774904956,0.00393440095712868
-0.0345565949057156,-0.00442456661373352,0.00355220021067829,-0.0198553304667092,0.00204357053086505,-0.0232127064252216,0.00111336336370675,0.00262327156029532,0.00066650656854906
-0.0315087880097531,-0.0150472995305958,0.00438945431091583,0.00183343046252025,-0.00736309366894414,-0.0356282340076611,-0.012117101338905,-0.0128717038176796,-0.0125184692194195
-0.00367742749549464,-0.0139204904321338,-0.0226722119249798,-0.00363150837904849,0.000599569183241758,-0.00167505721111187,0.0191203863399179,0.0143208952505118,0.00742114312531196
0.0143653494897503,-0.00958398516725489,0.0225767648375964,-0.0116095758249541,-0.0117459122577958,0.0191769296072153,-0.00990405433517405,-0.0111281943695425,-0.0197740552481271
-0.0129122206809601,0.0123321125821336,-0.0178483703337886,-0.00183233195670134,-0.000923028812786411,-0.00817692986344707,-0.00187811106101202,0.00595451121011753,-0.0027137873205306
-0.00407118699284899,-0.029139589892415,-0.029511257697679,-0.0169155609435884,0.00675354372524531,0.00490860894678139,0.00214290994062642,0.00868764895001421,0.0104194441054948
0.060239839125486,0.0176822081849176,0.00970449944816317,0.0169344019731929,-0.000439881473588757,0.043828121812028,-0.00165823168643263,0.0133006341910622,0.0145266789339819
-0.0399843278678976,-0.0212325926650034,-0.0350514957136821,0.00226202291883482,-0.00927786964981969,0.0325052098908838,-0.00189769550714468,-0.0077450641357567,-0.00617551826788953
0.0072553352238321,-0.0350448916232027,0.00341648040931832,0.0091149032652565,0.00368012447619493,-0.000591791116017929,0.000336995024595972,0.00521833439148233,0.00359151003040861
-0.0186981972835637,-0.0215424756382182,-0.0090939000418906,0.00690588191887383,0.00807886557968345,-0.0128948818444113,0.0132086649802339,0.0162019642709841,0.0159871782985139
-0.0702449026634064,-0.0311764578699189,-0.0488548193383809,-0.0386382009844312,-0.00637817897364937,-0.0521300948204016,0.00234292712884474,-0.0276465539829549,-0.0097972907187537
0.0297522661799666,0.0267014315962368,0.0155622004074382,0.0304908846970421,0.0201091693693005,0.0305805018271582,0.0295139564414708,0.0271531588774389,0.0315875542432878
-0.0385410392265758,-0.0231123579936017,-0.0255553231013368,-0.0171882562816639,-0.00193769425941532,-0.00547142612497796,-0.00301492650758575,0.00591992498472685,0.00145341157345169
-0.000843901454716312,0.0286719926255848,0.028233532893933,0.0166719577460075,0.00953383058664625,-0.0123799349873692,0.0273386504677225,0.0450058124325865,0.0333720968177097
0.0350336989380233,-0.0199213361069074,-0.000118444445750146,0.000364270171428615,0.00314920930169087,-0.0189469121589603,-0.00442331679368937,0.0147993231631972,-0.0031090681327226
0.00163858605017638,0.00681326164977598,-0.0122605364121282,0.00207657968174899,0.00258445392669116,0.00239898323848152,-0.0107745054703314,0.0138392124057793,0.0112618522419418
-0.0694428735594995,0.00817256925148057,-0.0565109153309466,-0.0351105842170746,-0.00740619675031214,-0.0478737757828312,-0.00112290673987632,-0.000117793507641215,-0.00913627368010844
-0.00120403914698506,-0.0137829728061909,-0.018190793893668,-0.0267893144285704,-0.00447014791251727,-0.00529219619753578,-0.00457374877445837,-0.000769464862266283,1.46112560362885e-05
-0.0575875302954691,-0.022613007273544,-0.0340153518979622,0.00965358179779891,-0.0015249535721936,-0.0341380541500117,-0.00431884733030312,0.00313830611745686,-0.00612221385189156
0.00945024493176243,0.0104328809596701,-0.000266818753012666,0.0296793507752388,0.0035122278918472,0.000504481713510737,0.00387044078193902,0.0109085208300688,0.0179790278711337
0.0183537075535712,0.0137865002654182,-0.000649807738536427,0.0104487104738089,-0.00131449878233627,0.00405810037010457,0.00582719981886781,-0.00503077444093708,0.00202363884245334
-0.0368024242831594,-0.0306728420371977,-0.0116408085309544,-0.0156422569641918,-0.0205671391181197,-0.0145587796928902,-0.0260338822807518,-0.0203695089609088,-0.0311796161179563
0.0578277319570271,0.0412492203636923,0.0441117496575213,0.0302098430108538,0.0187734282553607,0.0227317150289009,0.0285244144808303,0.0351712136241173,0.0226973446768266
-0.0485980109047432,0.000854946187449314,-0.032785842300947,-0.0147836557975437,0.00164224233837282,-0.0456694429199411,-0.00793632000410708,0.00641467374185569,-0.00288960105464014
0.0032672408551399,0.0168619414607347,0.00782828244312465,0.00982682811905203,0.00968187920567059,0.0233510621088881,0.0198134492321901,0.0136495571814168,0.00960273256522145
-0.100386563100476,-0.00610644420338992,-0.0332200772763416,-0.0261982657868652,-0.00627358557072499,-0.0544905491722382,-0.014391157347567,-0.0302934459887421,-0.016524505378928
-0.0269848900014691,0.0272701028243049,-0.0147735391156499,-0.0148791817004223,-0.00296115878457732,-0.0268573838124,-0.0203462213382509,-0.0289993162699814,-0.0323919724109862
-0.0674050115461923,-0.0201934377769678,-0.0379962344777675,-0.0247945673901631,-0.00851440552092756,-0.0539300307958209,-0.0147910905097009,-0.020946227478986,-0.00690452549405064
0.05948737063033,0.0460267479819698,0.0329601521930658,0.00915127868213532,-0.00286548388234869,0.0594901129653278,0.0098952283203328,0.00947509609540826,0.0223248529804012
0.0465128386495002,0.00764038362206774,0.0111321290647744,0.0116727851217531,0.0046008572644037,0.0427187182016672,0.00236697362455262,0.0192294955867122,0.0119201292895883
-0.00125932255816972,-0.00743953244095107,-0.00129897847718252,0.0281591433870309,-0.00380876211782165,-0.0131466056895887,0.00472160034087687,0.0055519434450439,0.000760400930976515
-0.00803141837514875,-0.0274484963693196,-0.038095562385142,0.000902219324364963,-0.0121199646995825,0.0131483044602726,-0.013333902771063,0.00334751467249761,-0.0208063282834502
-0.0552335252240921,0.0146811022192415,-0.0535168799626871,0.01669847588744,-0.000311358225586004,-0.0290103921229592,0.00742543984124859,0.00329922629029144,0.0155627129970093
-0.0600809505284374,-0.0173103153831581,-0.0222688425241517,-0.0165904610245158,0.00341892833307678,-0.0249585867512583,-0.0099316744495,-0.00981648523375028,-0.0132065652963672
0.00613160880017694,-0.00273135950799306,0.00514033600941638,0.00899663407854162,-0.00798867631712305,-0.00163118846941216,0.00946590903381252,-0.00860975064156037,-0.0148329128649213
0.0276967332225341,0.0330790227197734,0.035853524980771,0.0437685658099712,0.00573535202696917,0.015533947509046,0.0240158437446813,0.0162672254139448,0.00898725376226833
0.0245137647296945,-0.0120761670401968,0.0109841912754147,-0.00331300112593233,-0.00770483421242577,0.00660273255167956,0.00310322504605844,-0.0241639376597786,-0.015481295892617
0.0241271440864121,0.00922459537112499,0.0184104247515537,0.0248636601251558,-0.00377598990481186,0.00473536419874774,0.00712299053462198,-0.0110909310658402,-0.0058004439802683
0.00377616940528009,0.0191794886346103,0.0225610771792445,0.0267945127004792,0.00411028861532035,-0.00351716070116175,0.0235174900950425,0.00606626914254891,0.0153471402265589
-0.0466719937891575,-0.0326197658966507,-0.024441584116895,-0.0175204705439368,0.00372110917808937,-0.00754935349119424,-0.00522346511312684,-0.0182003372050161,-0.00308816095046567
-0.0347934372186389,0.0221519706790835,-0.0300156463541703,0.00270554584153694,-0.00404014017823873,-0.0179699636922923,0.0014081448953928,0.015689773329252,0.00768119416014246
0.0804798235013978,-0.0103283322535894,-0.0102838819791093,0.034719880290571,0.00406732120640251,0.0427569032125818,0.0138035911997222,0.026278581727762,0.000813171569812152
0.0115501462648292,-0.0185259261950315,-0.0151492863159293,-0.0143482953118351,-0.00395625708080299,0.00279561706840336,0.00561034118231432,-0.00218662644553093,-0.00386459531287106
-0.0188182953104808,-0.0144864956600333,-9.77748998055739e-05,0.0165833449584334,0.00356346409406728,-0.0166272701698151,0.00736891385942708,0.0180647142066563,-0.0032580918316335
0.0852164469818109,-0.00290160634984436,0.0386466422056883,0.0187606861297861,0.000433229975291615,0.0459192197929552,0.00656662473124239,0.00156006134103074,0.0136471776667904
-0.0128890479266794,0.0221205917591467,0.00423459999546934,-0.0117366046431092,0.00349366436492107,-0.0359719826622623,0.00800506351523189,0.000684685042372665,0.00261862091756934
-0.0287690815940842,0.0270889797154028,-0.0162242074436173,0.0119624858128725,0.0021378562298314,-0.020020494117831,0.0140258579561904,0.00214044814588994,0.00185320033400773
0.0971182612873515,0.0246279287988545,0.0253233623637541,0.0288770269763921,0.0140617009557402,0.0927151775033186,0.018253548050276,0.0231204602764281,0.0362462361635907
-0.0529324553112256,0.0126346583299248,-0.03431619406729,-0.0292753521275033,0.000830437880147955,-0.0343135748518691,-0.00961408373049504,0.0119046244455468,0.00270521550373612
-0.0113488625724306,-0.00679398844143971,-0.0152255951306284,0.0210695630971784,0.0158511976048274,0.015300747172326,0.00928806479043762,0.0121472338266071,0.0138180135399428
-0.00197990803094093,-0.0191693393975142,0.0124060000829346,0.000341297903369314,-0.00889161800597442,-0.0169242684909078,0.00546179597073981,-0.0270865097760237,-0.0149128759924855
0.0761398414110362,0.0194446944592418,0.014519423195056,0.026195298408586,0.0102427513323698,0.0428337919354478,0.0237774838133954,0.0213492659798874,0.0349467594636051
0.0287344945235719,0.0159390035513016,-0.000773049559457273,0.0198138422161038,0.00454488617308243,0.00613613067242672,0.00694970146226934,0.00273962331388475,0.0139480340367434
0.00248998142523462,0.0306314237479854,0.0271911371948928,0.0053832057282075,0.00531684901060762,0.00407318085781272,0.000211346474554871,0.0025166380656403,0.0120560238860746
0.0128577639442931,0.00741376249241086,0.00692788133051041,0.0132606039214818,0.00554612220302786,-0.00239063324009903,-0.00144170897134661,-0.0111085185582199,0.0121277103003946
0.00969621705015067,-0.024122648566361,-0.00500719253325518,0.0255489339601105,-0.000853868840333508,0.021753108198679,0.00311625816200288,0.00120076778267978,0.0274886656685799
-0.0072364985368475,-0.0166434663252634,-0.0179607690081743,-0.033190978093281,-0.00306591238723786,-0.0184032635748844,-0.0021363241842818,-0.0137010046038419,-0.0029746357041264
0.00676900691460972,-0.00953978306522149,-0.0066284822183709,0.00943010861996449,0.00461812805424815,0.00134745728291344,-0.00155130790301888,0.000534352492704491,0.0104797212214199
0.0043122792322451,-0.00368323504808962,0.0164590591983566,-0.00669819896692543,0.00522096176470893,0.0212623658539479,-0.00683820781417237,-0.00291315228631762,-2.84725352839335e-05
0.0186877846989324,0.000246459229604189,-0.0115846056082451,0.00805845719322956,0.00301967164887964,-0.0133889779947086,0.00863447724169645,0.0108608022862646,0.000482811728011512
0.0309031824092228,0.0111647375480179,0.00990395581130354,0.0249930423031932,-0.00432471805426224,0.0351024475373974,-0.001208038690033,0.0114234337618429,-0.00738944554002188
0.0290218972529817,-0.0187580727564071,-0.00337330745692868,0.0108647565745211,-0.0138634287423686,0.0358926268831445,-0.0115500959255061,0.00127017698078197,-0.023654762227645
0.0289011886654782,-0.00105590838626554,0.0128728647577026,-0.00473835992950584,0.00987199188234684,-0.000783267921566529,0.0124028096061469,-0.0100131959737655,0.0118316172745896
-0.0407687836685732,-0.0191263354831726,-0.0532069620616657,0.00605358731612674,0.0042100516645319,-0.0109200210965694,0.0198619325330046,0.0223197248901336,0.0236817619736491
-0.0553973790025749,-0.033746378902474,-0.0465254584812309,-0.0292246229910883,-0.00829308275028601,-0.0125943250126085,-0.00760416951781179,-0.0337081182732733,-0.0116345659931327
0.00029676128629145,-0.00158935196050267,0.0152466226803687,-0.00437353889644503,-0.00130483925199942,0.00437051849872652,-0.0104211705015981,0.00160081298232201,-0.000904167342709477
-0.0900054301012057,0.0108991070171786,0.00262497782872666,-0.0523557624863259,-0.00492146701758523,-0.0668468114265077,-0.0158460789575142,-0.0288033710062086,-0.00850532009752262
-0.0208641569339015,0.0131835663744224,-0.00446054339515416,0.0294010470629529,-0.00921894830599633,-0.000511426010535528,-0.00199387503146811,-0.00462900269706573,-0.00486934070310908
-0.0427164963701061,-0.00152309178798198,-0.0360264484611241,-0.0105114279437097,0.00633785104721685,-0.031079724567431,0.00381561826515592,-0.00694846845385951,0.00396172683661431
0.0322041074448851,0.0412127900939951,0.0366670405920034,0.00979539566265427,-0.0183316178972158,0.0220974918284467,0.00321588022154792,0.00037008485838155,0.0217174455964911
-0.0454024062998522,0.00195391227007218,-0.010032348390405,-0.0191942029860087,0.00899839207847772,-0.0358759898373663,-0.00272438077086019,0.00723993365607934,0.00567987886850839
0.0474206072233873,0.0182808995790686,0.0223526231492928,0.0227875863837692,0.0196228353367981,0.0421076240323251,0.0239396116919568,0.0288425290375308,0.0321964284239476
0.079011894702175,0.0114830038071091,0.0152094261981181,0.0191818026672556,0.00853381554314765,0.0655823996372966,0.0093927878270577,0.00777578513366292,0.017204946195527
-0.0232676459393906,0.00502378177736897,0.00151099305966464,-0.0190021056161354,0.00265071355116787,-0.0437309222377366,-0.00746823133395851,0.00346422020681213,-0.0102293457989933
0.00591223786715461,0.00636683605924697,0.00922373298664697,-0.00641531765076044,-0.00339942763136642,0.00154898773654617,-0.00289267688999068,-0.0133567951217725,-0.00402234354671475
0.0172041718747131,-0.00209546766747114,0.00818265023376357,-0.000546351183161312,0.011904340282197,0.0157851493859214,-5.19461779686991e-05,0.002801692930864,0.0205997453449678
0.0380190273191579,-0.00149044928154772,0.00982449652743908,-0.0173160494594081,0.0175247002374066,0.00329677730790633,0.0185785382691054,0.00481728789120779,0.0163228774561065
-0.0523019041369802,-0.0279511100873273,0.0152212104274083,-0.0228420856428415,-0.00325433674787391,-0.0154741315852677,-0.0188189925605721,-0.0351301085126215,-0.0195035477454045
-0.0138680278867763,0.0151728095833236,0.0154295157352117,-0.0113627587865672,0.0128753416435045,-0.024124787080703,0.0130260325921807,-0.00109066862551047,0.00789146923975441
0.0436192337377856,-0.00166269457172692,0.000603527155210918,0.0201923016642409,0.000165637221606211,0.00584908557505173,0.0046456256703863,-0.00918539766279508,-0.00996761560498311
0.0406202907175088,-0.0324338861051375,-0.0110099091340852,0.0310056784041984,-0.000518548148310496,0.0176813069117138,-0.00703806854025688,-0.00796138455547375,-0.00166718808912799
-0.0596862044017968,-0.0266313955222694,-0.0273791947559181,-0.013497356614969,0.00707180527301125,-0.0580061578190224,0.000985787348780378,-0.0201020150648454,-0.00529463380345088
-0.054981806761932,-0.00709655321005809,-0.0127938031933631,-0.0307758138781983,0.00403660349428051,-0.0310038461682248,-0.00998050644514092,-0.0153979968803699,-0.0160287440765655
0.00841505434870706,0.0206852105101778,0.00914071410301341,0.0308042749975729,0.0114560976408882,0.0192381146042125,0.0173997752544331,0.00698915773059886,0.00973050816557911
0.0187609001435036,-0.00102556457505476,0.00627930232981208,0.0112955759812546,-0.0108051167161547,0.00483067608159818,-0.006643599127839,-0.0151817427137546,-0.00809381129861598
0.00317996884532378,0.0361332289014369,0.0216434048113274,0.0325510144705831,0.0171005086480296,0.0132994801481936,0.0220382336019061,0.0365195985485655,0.012747133668223
-0.023398016533667,0.0123074510733155,-0.0201287872112105,-0.00210659686219556,-0.000226508325136978,-0.000353756295614342,-0.0121118811402065,-7.44517480113161e-05,-0.00759316739704808
-0.0114161471333168,-0.00414862032338662,-0.00727710696361369,0.0207226241037607,-0.00461091174173686,4.35546008721536e-05,0.00244117647755836,-0.0108432723002217,-0.0121700030629633
0.0168336581036629,-0.00303064622649356,0.00524852574709194,0.0305495211733112,0.0118525108156591,0.0232710953398964,0.0225359677593744,0.00521780735595566,0.0222131293290961
0.0411806514769745,0.0275583210867912,0.0190643403070149,-0.0121871442624958,-0.00970343434416495,0.0271034754651885,-0.0112408180679096,0.0241227366357296,-0.0135998702365855
-0.0343087072992564,-0.00856301410925153,-0.00259115630207003,-0.00549873440404437,-0.0070100104665326,-0.0276584291903404,0.00965591877615571,-0.0212997561861489,-0.0220065335015885
-0.056899566653308,-0.0427390008619991,-0.0431315222757822,-0.0452991038194959,-0.0140428113537001,-0.0188753725165361,-0.030375700415203,-0.0150618991264134,-0.00571067962776322
0.073150929558875,0.0688416524089664,0.065737291493425,0.0170329090851504,0.0158148322094126,0.0489199255774412,0.00412655056370586,0.00239099148899446,0.031940731082586
0.0194358117960871,0.0275853410853479,0.0100638722577918,0.00167160097021958,0.00301773935692595,-0.0221206639813665,-0.015729635001,0.0093652371083738,0.0111681968298934
0.0178818482894076,0.0211961609219699,-0.0136368418785352,0.0277586623953198,0.00587070886947987,-0.00766646700790022,0.0195292082834553,0.0118777455442206,0.0198163804581867
0.0182163163130223,0.00529651015295349,-0.00882066145830312,0.0158159534899783,-0.00192468572684055,0.0196526993080128,-0.00310058365215149,-0.0081044400631563,-0.019216919119909
-0.0401892875662937,-0.00319571533885704,-0.0304744702299426,-0.0226600853421399,-0.000205344596843443,0.0157650266413563,-0.00785543424964282,-0.0292825059651878,-0.00682918832028572
0.00628471384513384,0.0168947041116829,0.0162327245851727,-0.00397098520378387,0.0175142849578534,0.00390090967628613,-0.00820185107403506,0.0304012332529116,0.0245127406724856
-0.0173973758965799,-0.0416891505939501,-0.0268660148615367,0.00252021067896681,0.00406149309344054,-0.0274917826156111,-0.00446920462791608,-0.0117831683551403,-0.0101692810684611
0.0265978840503153,-0.0141683257737154,-0.0155798067438016,0.0123930587024591,0.000753175758885302,-0.025424979113055,0.00591198461669082,0.0182650102691989,-0.00216023061920807
-0.0130875694299111,0.000173447726888628,-0.0368331388897636,-0.0109205978057933,-0.00678196574450467,-0.00294919167037931,-0.00112991983471426,0.00704791752663238,0.00551398404382536
-0.0165950173177896,0.0132307581423662,-0.0192467812478903,0.0389736176484389,0.00144687951718394,-0.0193091094855093,0.012638854636089,0.00773648980722118,0.00796201059842809
0.00501766333386982,-0.0081550290738715,-0.00656051601980992,0.0311254192105391,0.00154786530098496,-0.00767400832029497,0.00177742960480097,0.00931232362907427,0.00174781804406882
-0.0571573363644742,-0.0308448903941026,-0.00957007713521279,-0.00788933352151135,0.00879778509983735,-0.0234156310654755,-0.0058285411959731,-0.00960433306050583,0.0185291066606029
-0.028217879433619,0.0170287399189508,0.0104116759419463,-3.4617777196644e-05,-0.00379156436243433,0.00471339565994106,-0.00191354718323903,-5.59008513679484e-05,-0.0100208503696669
-0.00518681132567852,0.0185343818457223,-0.00541624418529175,0.00330997781983316,-0.00680015585520653,-0.0311751170129139,-0.000808965045370169,0.000236937163587613,0.00734089159048539
-0.0294559645665107,-0.00227827438403192,0.0340252683679839,0.0335182960754569,0.00067591696415642,0.000576450049582873,0.0261674532241517,0.0108314519886389,-0.000828309720848432
0.0350361520542199,0.0209628603608952,-0.00427148839009594,0.0113825662375217,0.0109670398561117,-0.00363303392349109,0.0257338068040195,0.0220866954052448,0.0232847002320526
0.0344964928185849,0.0105868758400803,0.023248965498505,0.0487526448201492,0.0144967694724629,0.0445192331571105,-0.00211812219223225,0.0234928767350761,0.0268329102366546
0.076433999333109,0.0260825549422807,0.0261097621904688,0.014064457463774,0.00507956590794858,0.0669933067773574,0.0061407360410728,-0.00549019490995256,0.0121728562745271
-0.0841188408409371,-0.0397625025115803,-0.0303745559014406,-0.0489763049194838,-0.00692733630687129,-0.0775329005440852,-0.0308102192931104,-0.0186469217450656,-0.017854423621139
-0.000974529879938056,-0.00166896551023689,-0.0075490343111691,-0.0205400397924121,-0.0131259191574749,-0.0196033210502291,0.00804801016265726,0.0042412231860709,-0.0104150366304134
0.00976738154159102,-0.0105219379728336,0.00126842525074988,-0.03309358173501,0.00184336096889669,-0.0056681247239957,-0.0174460705956129,-0.0232308309320295,-0.00669081845558371
-0.0062463826097873,-0.00917213284185464,-0.0402728167016627,-0.00309041751414422,-0.00439587183677216,-0.00774106079017813,-0.0386920138250253,0.00168636340430612,0.00190003762860501
-0.0120476631908458,0.006906516713019,0.00926311615185503,0.014539404796316,0.00566468869655664,-0.0247214304774904,-0.00379963878187891,0.0191209719752525,0.0130243423642814
-0.00740591887718446,0.0168872654418502,0.0208197059494221,-0.0055803055167593,0.00178169572777347,0.00574417840595326,0.0106174786226488,-0.00254773362228561,0.0119167657165811
-0.0312065323969805,0.00571319443634507,-0.0148757339173067,-0.000413824397111028,-0.00195560065945454,-0.0190836429747669,-0.0247871147277353,-0.00307627763074658,0.00554488254569098
0.0639120198196345,-0.00471877086523883,0.013011088737317,0.0116944171649808,0.0087093063646248,-0.0117941501126,0.0141074801765081,0.00788102054730273,0.0160753172121124
0.078496222416983,0.0505229846189181,0.0433372952776167,0.0640170374679296,0.00609191082167912,0.0608123584477404,0.0108968730780364,0.0207141885120104,0.00620153308818814
0.00481704160044403,0.00162716632192355,-0.0115444078432721,0.0126427546738755,0.00426768589410396,0.0123046445818581,-0.0136397317701234,0.00498987522449853,0.000660108434469698
0.0561437461394965,0.023216239863756,0.0225325536570142,0.0338825968774173,-0.00108949837370855,0.023880029260158,-0.000919656058917855,0.0307021031036866,0.00514452071192738
-0.0320457653426404,-0.0168331101609771,-0.00292363175406422,-0.00916733960929334,0.00419276658095858,0.0628761453658885,-0.0106507955156979,-0.0150356788734165,-0.0217928652341612
-0.00587721781303998,0.0188545548849543,-0.00264889679862016,0.0119687994583514,-0.001631124933468,-0.014399389787515,0.0143225887869179,0.000193200704740848,0.0234023728847052
0.00654890879524865,-0.00723851572735199,-0.0196665220162981,0.0243665305314972,0.00715306177862045,0.00719540901530427,0.0369979064570719,-0.00465313812348438,0.0222041603408414
-0.0305401523442534,-0.00161997787828038,-0.0275394667298423,-0.0350636900148507,-0.00139076262322975,-0.0163213930583561,0.00408874299436343,-0.0123890842243649,-0.00922437300677138
-0.04478059178797,-0.00267476252011673,-0.0136137411365602,-0.0201995310879341,-0.00898198015136665,-0.0411570405321151,-0.00975103212269045,-0.00942138002057596,-0.0106071434195124
-0.0039314748762238,-0.011827339368485,-0.0225923983660044,0.0038407544966118,-0.00278309836879945,-0.0517908766129271,-0.0123348538217368,-0.0173665001511283,-0.0136506599614972
-0.0144402639670926,0.0003165983820263,-0.0102359876402077,0.0200916500723144,-0.00218904472105349,0.0200236975130421,0.00417675628378004,0.0240554304284635,-0.00515539314610904
0.046370323393779,0.0116393516411477,0.0191468478333754,0.0156163101658569,-0.00166969627801206,0.00730705303998926,0.0115950686239684,0.0362908007539081,0.0109643728758497
0.0433898139166475,0.0337058468398729,0.025552647179901,0.0476599473855232,0.0212371604341749,0.0482406336515768,0.011083609494259,0.015262513239671,0.038881997653528
0.0655416997517106,0.0413994496028069,0.0336999040992794,0.00688712246483078,0.00907828574859663,0.0325820301387374,0.013144292538324,0.0177950811429184,0.0173627933019508
-0.00306579660996912,-0.00494415270982231,-0.00389435192074349,0.00987380782210736,-0.00880538933701458,-0.00250409485730193,0.00633340145057802,0.00797391940417206,-0.00583781147381291
-0.0105082922472324,-0.020108027485376,0.00555450443835597,-0.0229242750693162,0.00331812019072942,-0.0135917345011512,-0.00592188269181338,-0.0218129199426497,-0.00290704102940675
0.00912513016518387,0.0454478761489375,0.0358193486415083,0.0176353132862922,-0.0102386303992355,0.00221699149289629,0.00896874058474821,0.0319307749472781,-0.0155890318872393
-0.110880666589827,-0.0219912171992307,-0.0401846612444441,-0.0606978986379744,0.0005287017969751,-0.0697987285465038,-0.01192932171003,-0.00385882406393789,-0.00934454083753564
-0.0273074689685628,-0.0107212584468366,-0.00147271687321986,-0.00079672908499989,-0.0101471061348236,-0.0149665962121176,0.00980631083853262,-0.00776294951758927,-0.00377946222894776
0.00834629080521811,0.00859695321403793,-0.0130685759202788,0.0156249193555739,-2.10314131627748e-05,0.00541766482851253,-0.00513889492875763,0.0250596754917813,-0.000453890808282079
0.048224487476062,0.0216916447120702,0.00033327608867956,-0.0139182628963149,0.00467294878930372,0.0324935112148354,-0.00620660522375279,0.00409204833668195,0.000693814707595702
-0.05874111268334,-0.0246227867792278,-0.0260980039328945,-0.0311636816097332,0.00725883893005872,-0.030028798941459,0.00244910002857008,-0.0179635539970937,-0.0039551231373122
-0.0455704996023116,-0.0141627588696735,-0.0306395329468606,-0.030547624508484,-0.00178800038890684,-0.0378401112647548,-0.0141528653416396,0.00808703981599073,-0.00231899487615987
-0.00149900812776263,0.00345001468616266,0.00226421560648703,-0.0169132149105255,-0.000894144133371989,-0.0196780676870314,1.47401327826119e-05,0.0172310994888781,-0.00469077908753596
0.0213836682057778,-0.00161024991340248,-0.00419588939900612,-0.004543450814957,0.00504451814314522,0.0290594529918281,-0.00607849260510202,-0.0183626821738712,0.0150975469719889
0.036795796369829,0.0089176644069673,0.0380146639759158,0.025778337778115,0.00982408840637438,0.0477838784316541,-0.0103201544975903,0.00220639468387108,0.0232228853587448
-0.040590248572816,-0.0189119435036628,-0.0353316867899708,-0.0104866235996092,0.00330106761844843,-0.000299167047441372,0.00443862067116784,-0.0122316514241187,-0.015429292975057
-0.0638776538695875,-0.0221447100688908,-0.0118980281224106,-0.013683188122076,-0.00701673352836353,-0.0404487197290355,-0.00716697981119856,-0.012605274096175,-0.0375421926093163
-0.0145368585221515,-0.00297283663500547,0.00107555461120279,0.0072300111869062,-0.00154512679389541,-0.00106103551826018,0.00826493491282996,0.0125942549812329,0.0209202193000459
-0.0362809039206996,-0.00373373828887431,-0.0245913792849739,-0.0194347020690998,-0.00392515180410339,-0.035814426913685,-0.0120801333767167,-0.0084720403498392,-0.0143105429601104
-0.0273433094461437,-0.0584482892375772,-0.0145786010924161,0.0290794458171256,-0.00330777753596062,-0.0110695721374949,-0.00676617324146739,0.00135615252014334,0.00757419577759444
0.0318323465721159,0.000350604585729151,0.00428578088335006,-0.00939056695169051,-0.00389798253865957,-0.00346134345790202,-0.016584209159548,-0.00614418938735546,0.0026561835346096
0.0217742671489866,0.00715237024598232,0.000974431427240045,0.0468735099853366,0.00205586172106148,0.0166732095509091,0.0328489356748857,0.010036714211948,0.0498431008610586
-0.0181549700040595,-0.0295575983494863,-0.0355399777415645,0.0083297905019926,0.00254343586982378,0.0048295914823207,0.0172691996805468,-0.00676738805154146,-0.00197051860652108
-0.101373682865785,-0.0496213578725294,-0.0148242902597812,0.00130491011765855,-0.00493313688652455,-0.0649806692858226,-0.00749994501560999,-0.000898744216542584,-0.0105648433404916
0.0256859073998736,0.0256486481124817,0.0282145702207694,0.0331340308883083,0.0207207475438182,0.00146150592310466,0.0167671752390199,0.0159624264639086,0.0286169440887512
0.0420429407745492,0.00627006426488556,0.00347815894237822,0.0204650775555565,-0.00666684179228745,0.0183596950632892,-0.00853556664961436,0.0130268108926508,-0.00671908798105545
-0.0544139435688179,-0.0164248086718151,-0.0219921749114131,-0.027929901763435,-0.0152483692632085,-0.0264143060590919,-0.00407954990909531,-0.0076149817499746,-0.0128279557100072
-0.0364415050714933,-0.0105516181693777,-0.00617013402555024,-0.0216729661000476,-0.0159136043105883,-0.00114111220736474,-0.0100567490679264,-0.00887332579231801,-0.00734158080406416
0.00255277570751795,0.0212082690384855,0.000520943330259567,-0.00303248533599683,-0.00393693514752722,0.00808783043044946,-0.00231318172140847,0.0105825131819458,0.00471130676284164
0.0668598934044362,0.0318518544943534,-0.00112870110823404,0.0227220272843593,0.00239932689488074,0.0312256990620133,0.00468019155167851,0.0121599832779933,0.0217121054324809
0.025485542506068,0.0399808977259768,0.0350376673666183,0.0368168283009853,-0.00187448152843647,0.0256035021786297,0.00923055772557118,0.0208661618281205,-0.00238872411875352
-0.00298763420895859,-0.0238933886335226,-0.0101971426289184,-0.0367047696549313,-0.0094433541460485,-0.0309349080099186,-0.000334972500633428,-0.0142528949503405,-0.00968858904875996
0.040729513634504,0.0423642784239437,0.0396977706563872,0.050328594363704,0.012405438817159,0.00769256590203963,0.0240352007782832,0.025747247336853,0.0269176666163645
0.0167397821545673,0.00675235893134086,-0.0058464897798493,-0.0254763873413262,-0.00552035515764718,0.00378045215152586,-0.00617058623916976,-0.00571824268772994,-0.0128832584787319
0.00202481594067834,-0.011222608925562,-0.025400103828023,0.0140584877148471,0.00666452047274895,0.00192033050901204,0.000411285106154151,0.00353474934402442,-0.00281470827710163
0.047307841068281,0.0196636229032593,0.0267331301885062,0.0346344067134848,0.00830207999011306,0.0337517074247988,0.00225787443757002,0.0083991049729571,0.0114278446819791
-0.0179346366492528,-0.0135704432786901,-0.0120779262942563,0.0359250712524819,0.00231704766998486,0.0113073958505549,0.0118815803723425,0.0101839335975624,-0.000208473622697998
0.0103550651783481,-0.00965859820323678,-0.0145100656661628,-0.0155773318923751,-0.00121632011738543,-0.0214356697412963,0.00761572301932914,0.0154243583986292,0.00693826458411713
0.0119601634972872,0.0326708892027293,0.0226197107798564,0.0561621057814303,0.0199222439381523,0.043602077784208,0.0130530387785637,0.0351169129980924,0.023343021239346
0.0299152296625743,0.00886906816882616,-0.0172190667803793,-0.00514647239422157,0.000108848362439447,-0.0102712055243806,-0.00685974586073342,0.00345216858441005,0.0053485867074115
0.011681823407605,0.0396820785506552,0.00822258632477344,0.029647819416324,-0.00447426235165974,0.00812551942860744,-0.0028017721523819,0.0211838718579041,-0.00803649320896804
-0.0122289698496509,-0.00724166000178268,-0.0100742982536575,0.00242674024378111,0.000873171366994388,-0.0182781009548633,0.0106577861244968,0.0113393649287696,-0.0121589882201785
-0.0274259614962672,-0.0153365703810222,-0.0106881578936449,-0.0152612293067091,-0.00200653146763231,-0.0540726450217506,-0.00738708302760196,-0.0205526449602094,0.000700310748553203
0.071266863591567,0.00152380744216179,0.00998530626088368,0.05364297797015,0.0122120747423709,0.0450744981860058,0.00674987489204595,0.0368232603256515,0.00911455918095396
0.0745078807603758,0.0321251202526375,0.0425973791265938,0.02295432357901,-0.00249506794013041,0.0296050075809281,-0.00302930875141829,-0.00266057908031828,0.00394955593482385
0.017190666002891,0.0255905320460386,-0.00171842680290851,0.0142685653423657,0.0020722125823345,-0.0286374779195374,-0.0176954584633321,-0.00725816251643529,-0.0140055584647365
-0.0167168985179355,0.0146380313875321,0.00202767024523731,-0.0123549815750561,0.000318654309315188,-0.0283491750776691,-0.00390900811879359,-0.00493482563065416,-0.00144129953204533
-0.0909598012179399,-0.0611825974548134,-0.0553982529049077,-0.0786852246947412,-0.0106442470536053,-0.0770393911505123,-0.0245205005351176,-0.0271229735649388,-0.0335533736429171
-0.0856832789318973,0.0178298281167724,-0.0227572907877823,-0.045681859516792,-0.0113390284469027,-0.0419746177054867,-0.0120897190574441,-0.027411139132827,-0.010421603375063
-0.0244869364005122,-0.0251901117140121,-0.0239602976322728,-0.0139327193361398,-0.00365702652293606,-0.028323293317597,-0.00682368825810564,-0.0140531185966025,-0.0259798173376735
-0.0621778891759559,-0.02830738853441,-0.0339539915372023,-0.0352001513483934,0.00946504736050406,-0.0251687922789662,-0.00385413706957716,-0.0419209828655746,-0.00176702993110216
0.0245070225952163,0.000985266788818619,-0.00819454349966535,0.00825361982262182,0.0102475212793007,0.00701654464714026,0.00730963867396459,0.00811970364456668,0.0199203617345496
0.0147605158827369,0.0241159481144769,0.00722782766722483,0.00410173098102275,0.00131617110837689,-0.0053035213940497,-0.00148829853507394,-0.00190879626067003,0.00870667043161426
0.0129162125941442,0.0176197968560625,-0.00767337890701757,-0.02320609123574,-0.00440966063294136,-0.0105649563254756,-0.0087579020913671,0.00267411245254144,0.0106135890577641
-0.0115004192099701,0.0135681451990685,-0.00197381095502822,0.0137706234163197,0.0073829314555931,0.0126120625517704,0.00136229306836365,0.0230563241709578,0.0029074444282143
0.0467130490097127,0.00836143936084235,0.00426664062422159,0.0197573683472779,0.00036458974080942,0.0224604885409139,-0.000974041757018339,0.0155826161287459,0.0100943991423681
0.0622107973359906,0.0153710680882468,0.0122414508903174,0.032569100259292,-0.00135735639355616,0.0288120721218103,0.00575507624265941,0.00918191887339112,0.0161869274712584
-0.10917424106435,0.0163261411987483,-0.0428774723977307,-0.0318769674542689,0.00547408244864604,-0.0556144459695991,-0.0107813597828772,0.00615718870319757,0.0129800414868107
0.0246585587631316,0.0387058369417717,0.0308472100189322,-0.00373245713542709,-0.0116251521138078,-0.00114880392172401,-0.00700091222258736,0.0129680212017568,-0.00719390263862985
-0.0170556075068545,-0.00803977364152683,-0.03918298502138,-0.0382036172452687,0.00446768673436422,-0.00080441373085879,0.0070732315255927,-0.0261561471034891,0.0114450499558131
-0.0664749419692187,-0.0185943852460595,-0.00226082880125128,-0.0310420730928524,-0.00317867741062038,-0.0131099605988418,0.00833987428348091,-0.0266108788986965,-0.0383597678760736
0.0298888866855531,0.00419424256398797,-0.000908904830566912,-0.00768812949099422,0.00682926865319944,-0.0181933707422563,0.00785736237368006,0.00597229454707354,0.017423922900646
-0.0622636148716782,-0.0265820738869389,-0.0248630564849443,-0.0467402602647221,-0.0105146622190885,-0.0311429399483832,-0.0110530389684435,-0.0364194067551625,-0.0181084718748171
-0.028029949769858,-0.0623917732707234,-0.0403239817060023,0.00119991389248741,-0.0129214808824222,-0.0383939940316371,-0.0116389699250505,-0.0247594593257292,-0.0378035305483443
0.0339749900950742,0.00183471242911818,0.00336438950842346,0.02055551889032,-0.00298104491656565,0.0204143743839476,-0.000657450265007525,-0.0147807024765079,-0.0081306278128572
0.0290253242416919,-0.0195243334494149,-0.0147290816380019,0.0239051649949232,0.00625531167897872,0.0173022828811912,-0.00868655963731864,0.013502081996356,0.0152187565777202
-0.0238472705735144,-0.00709065699141012,-0.0201771313892386,-0.0186845607804301,0.00954107014861288,-0.00474833694095419,-0.0229138180359162,-0.00368862977291831,0.0169425818032086
0.0110224038787143,0.016712315187544,0.00502619212357326,0.0275604731747856,0.0130054089578157,-0.0249083133601144,0.00986912444000498,0.0184394822020515,0.0134653639852344
-0.0508306482435713,0.00807460269706031,-0.0147653560781979,0.000655575107911895,-0.00440133773205627,-0.00800240383665969,-0.00705033245099014,-0.0244479787992852,-0.0165989743184397
-0.0254145075243722,0.00384931466461216,-0.0284202184700407,-0.00766989943682346,-0.0150235881176765,-0.0118206765525467,-0.00810170081159745,-0.0049516153860806,0.00144676794991408
-0.0367375398126448,-0.015591959647273,-0.00266615400228679,-0.0155889303790721,-0.00327628601612513,-0.0234279557923577,-0.00879985557997035,-0.0235190046902541,-0.0094592858098093
0.0206166971486321,0.0278404988735648,0.0131711561183972,0.0121192932738348,-0.00685409655334736,0.0321621063124118,0.0060747640207959,-0.0042283317650115,-0.00746379906117817
0.0189428766785939,0.0221781701906007,-0.0124530148520908,0.00245897905733699,0.00994667218051601,0.00810807955809513,0.0124490540522304,0.00246860360478069,0.00142515535903364
0.0150884928768657,-0.012845514628752,-0.0125849105656693,0.00457579081850664,0.00584469712176018,0.00237312927838462,0.0101762084057678,0.0041062192896643,0.0133425979296045
0.0323447888320671,0.0356277214846696,0.0317849871678637,0.0153613742266404,-0.00759973842604048,-0.00663011485317073,-0.00222264871135593,-0.000131086852533395,-0.00437549712567828
-0.0651728676849552,-0.0277532627995689,-0.0489746240256567,-0.0412830474337266,-0.0226212579482089,-0.0707330956075004,-0.000199851349311329,-0.0136413842888743,-0.0228051245847042
0.0398675263265085,-0.00897647731039058,0.0125382365624151,0.00390001497731168,-0.0110682998322077,0.0435772226385983,-0.0103491835424562,-0.00944697693387334,-0.0101477844448218
-0.0426438525676497,0.00953566203254221,-0.0120755317393972,0.000410042595715196,0.000630380169892653,-0.0211658777473646,-0.000664379382602302,-0.0128512577301916,0.00289718959182421
0.0129153600968088,-0.00219993580472828,0.0136196612336329,0.00701521835302801,0.00355789172501006,-0.0514409512551407,0.0123572998737512,-0.00156786351831077,-0.0146853820028213
0.0493821207836171,0.00441333563778075,0.0161126880337887,0.00171591135916899,-0.0137884968742135,0.0145401967836657,-0.0180343688000765,0.00730932949061168,0.0056963293972912
-0.090414695838249,-0.0183011468136381,-0.0427364350486328,-0.0505322944593326,-0.00865253006287043,-0.0486130848738493,-0.0238440526444739,-0.0178317561533087,-0.0313662544731859
-0.0065699605613774,-0.00964751515960531,0.00972286680779372,-0.0239232715122553,-0.00871850470752999,-0.0145194720668716,-0.0083074501605855,-0.0349212078274989,-0.00302843589925107
-0.0447710544653927,-0.0317708941210859,-0.0190033778520205,-0.0276060444772266,-0.00645299611803953,-0.041094016685778,-0.0112695748561077,-0.00843226675834786,-0.0130215297512003
-0.00302124577596874,0.00161810750952247,-0.0034486333068245,-0.000402031463269613,-0.00600415371232291,0.0214772714993676,-0.00115496045394747,0.00290743267667543,-0.00803371559466522
0.0116604617756274,-0.0152282345552131,-0.0148717703864112,0.0251402140141947,0.0117007864623427,0.00575422274289558,0.00887243402053229,0.0157719320491716,0.0179158671418841
0.0235148906211265,0.0135846287716791,-0.0178026954893386,-0.00643300987881034,-0.00593653534205434,0.00846114047798688,0.00970188378742305,-0.0123759612878395,0.0127455759650858
0.0166517750093623,-0.00593465950157399,-0.0221786891051006,0.0094411651431118,0.00311579417530843,0.000216994845879424,0.00238969843058733,0.0140967264194666,0.00829652880346915
0.00948555495701646,-0.0166424709162445,-0.00466452314528548,-0.0189185394910233,-0.00523835039809205,-0.00188570948743203,-0.0281428383240534,-0.0323701056728161,-0.0168973187237988
-0.078226780350494,-0.0260387131202963,-0.0513331553447359,-0.0260727214985775,-0.00199638168789133,-0.0460070805374371,-0.0155889265118226,-0.0175294170379244,-0.0107475024169147
0.0402942514341182,0.00181380554684726,0.00666598213689122,0.0186150488474032,-0.00577691792843825,0.039212151258843,0.00698825084652477,0.0154591913069258,-0.00729113187434446
-0.0208268554247578,-0.0226730693021114,-0.017137066289428,-0.00125610123576291,-0.0030815322685921,-0.0115355642005876,0.0123063300952276,0.00501750307833099,0.00702881391373392
-0.0382125267130871,-0.0136779197308088,-0.0319694287828066,0.049196751824876,0.00137242920866033,-0.0085015814517768,0.00966705334864045,0.0146073438244767,0.00941330651104329
-0.0427244276495343,0.00568996583012643,-0.0163947385198088,0.00521420885760861,-0.0116132821138974,-0.0388330418421718,-0.0108955756893555,-0.00522921152183266,-0.00843454983500059
0.0111559528245143,0.00269566934530666,-0.0024067794740247,0.0112844319974157,0.00863719680892487,0.00304818272838671,0.0198541814966244,0.000948462022698463,0.000314222127239002
-0.0163103042640433,-0.0160673973405413,-0.0308648367845847,-0.00405330357465132,-0.00468853709381757,-0.0345261482341779,-0.0103191601598299,0.00801060685645033,-0.0196307396011289
-0.102827930626474,-0.00384540266902446,-0.0171828117675651,-0.0322659933158869,-0.0017391582530162,-0.05535738666801,-0.00663676568549637,-0.028449319426339,-0.00205105387234693
-0.0192962579445785,0.0316369473280845,-0.00167866648935653,0.00420683580068194,0.0128563745468505,0.00164058000406717,0.00176428318558844,0.00573175943553055,0.0301361646641562
-0.00114385018952471,0.00470293471087819,0.00821812879080916,0.000975444895240328,0.00217617329231583,-0.0109113240694002,-0.000538264620736801,0.0193173983333262,-0.00534957269948762
0.00938936729845479,-0.0157277649572533,-0.0135204194592736,-0.00291087576754082,-0.0118681921861182,0.00549393699945019,-0.00125426663181608,-0.0040026103115278,-0.0228183394089325
-0.0703587798284415,0.0184799171014649,-0.0592894910881676,-0.0140025187273362,-0.00512407795044083,-0.0485821397237284,-0.0215372800692842,-0.0318065853697805,-0.0232699659838872
-0.0236540973106907,-0.0205852413720226,-0.00711909958922009,0.00873288184344715,-0.00358878724214691,0.0228843430268341,0.00742393355896877,-0.00270990114357593,-0.0119955201020785
-0.0430562184546076,-0.014787836565193,-0.0351869800729934,0.000387564441823992,0.00820150230695113,-0.00034573291278332,0.00490685439896719,-0.00185099349471321,0.00342594622334163
-0.00672920601841188,0.0143019443402165,-0.00397917934871321,0.00753190670682224,0.00530826567615986,-0.0319599956440101,-0.000271804785151658,-0.00850737553618455,0.00119310816671621
-0.0115157271280596,-0.0223345154411083,0.0109059849221187,-0.0072401032919522,-0.00626200250844635,-0.00909264619192027,0.00184968141194621,-0.0143855951122676,-0.0105383199442223
-0.0128231005517767,0.00569217575978484,-0.0171333479622347,-0.0144574609668849,0.00126646733562148,-0.0496745630609858,0.00875923622358949,0.0167202231757656,0.0087949338464162
-0.056254565785461,0.00538884549067707,-0.0224558364748054,-0.0232021073163154,-0.007507208084447,-0.0494257972935199,-0.00450042425078105,0.00132815832684985,-0.00383140776957006
0.0131439997100054,0.0308003649699322,-0.0190431957938492,-0.0105332895084894,0.000816825106040697,-0.0146303071205867,-0.00981685902925649,-0.0121427534392405,-0.00212006168050663
-0.0548555609123649,-0.0195956366936378,-0.0251798097258913,-0.0267571149700787,-0.00463503620713828,-0.0424830318290641,-0.00297221360714408,0.00839693625726695,-0.0058121594562921
-0.00396668321127245,0.0137664939739753,0.0150947863950777,0.0250336508605178,0.00911350796758326,0.00609566339326218,0.00534795369572044,0.0200821801430002,0.00563391694688189
0.0108847906770948,-0.0258509590460281,0.0065559878913411,0.00695275905941498,-5.37551521064987e-05,0.0164050222545639,0.0198608787891616,0.0073855997212206,0.00310810605842475
-0.0532674713496399,-0.0291161864090769,-0.0358373478284529,0.0136984913499731,-0.00420184257500187,-0.0579582599407106,-0.00538313091076905,-0.00774950279299822,-0.00141275047650821
-0.000564008914386189,0.00600132145581627,-0.0184201953330174,-0.0234119731964404,-0.00271879090137879,0.00829325981593773,-0.000931536835772841,-0.00302871500227391,0.00109892406428329
-0.0611209639357794,-0.0387642284972358,-0.0439147658555302,-0.0234550549017905,-0.00534004036308292,-0.0395416931378192,-0.0290940211865166,-0.0396407943400392,-0.011441950562712
-0.00632694939594455,-0.0384500730058075,-0.00698638581111446,-0.000700156957430834,0.00340742197029948,-0.0153033497831661,0.00798975330226867,0.0108358197272908,-0.000907870333095837
-0.0100046055878194,-0.0385123448640042,-0.043249023526915,0.0194098216229014,-0.00378722986129576,0.00122683578394429,-0.00576065176315454,0.017688223509167,-0.0207151871026792
-0.0400527816777373,-0.0490145452282734,-0.0358031927994377,-0.0347522067803177,-0.000157924090374662,-0.00154537533435515,-0.00297023791271597,-0.00467193604039979,0.00172801095761044
-0.0047494249666878,0.0208377514257592,0.0305777576312684,0.0117042553575558,0.00104590864584689,-0.00656838649051623,0.0129716995243554,-0.0113329703998414,-0.00791698221664283
0.0215907004164368,0.0309130172161003,0.0151540218621977,0.0205651514253194,0.00629970639128867,0.011499863153761,0.02566457488134,0.0295996003646201,0.0261422643277732
0.000541882820575672,0.00263342594426186,0.00806425966899046,0.0370932701989108,0.00928406631369919,0.0098456617904986,0.0234428924977855,0.00723996960730574,0.0290385489291333
-0.0573937375704077,-0.0126422933247614,-0.00486046460735448,0.00741617563259956,-0.00562944091112692,0.00536443893372919,-0.000347102612281437,0.00818558145902512,-0.013807659536662
-0.0225436203243136,-0.000808000052740186,-0.00629436804658277,-0.0263055053981443,-0.00477325082031657,-0.0133115534334006,-0.00057878160879481,-0.0247808396010226,-0.00095624298099446
0.0139080140869424,0.0125770857945999,-0.00882623370019012,0.008411585260474,0.00875795936812252,0.0212707677247187,0.0121634419204785,0.0170798034811016,0.00814610161414969
0.0017737876633876,0.0083449299493527,0.00211364133513306,0.00251256092120756,-0.000782200413088226,-0.0112888568304964,0.00653315011299452,0.00940342664948154,-0.00229236232133908
-0.0314845561290979,-0.013938299030582,-0.0112489968554604,-0.0157075141032671,-0.00639323265566143,-0.028581295470196,0.000544627369319363,0.00273288291494873,-0.00708272405389418
-0.0263090265673169,-0.01629022100727,-0.0403871208743003,-0.0150665828513412,-0.00889601863119306,0.00931257493498199,-0.00241630630643434,-0.0146867263821241,-0.0034814514799301
0.0394712276042884,0.0305152514381663,0.0324649786577052,0.0352358050902708,-0.000411332487207032,0.0209308927550684,0.00415186971158094,0.0276299617704295,0.0012927939964204
0.067243728796488,0.010053582163659,-0.00377750817289018,0.00604499598506492,0.0129301231053649,0.0481383744679288,0.0174839216789004,0.0326301054513422,0.0268515589136827
0.0197271537067642,0.00812801857524346,-0.000967435218126418,0.0292125603610021,0.00505591261537312,0.00636229301281628,0.0047987611060867,0.00067076990541713,0.00119558505001896
-0.0291976163517594,-0.0237864303070512,0.0230922221024536,-0.0349488631488192,-0.00347063053256221,-0.0240493549834387,-0.00567237270071871,-0.0258483813329164,-0.0265099301112448
0.00996601022245714,-0.00789434233985476,-0.0120884837737712,0.0237210179402408,-0.00478996143959697,-0.0193847806925174,0.00383968583948472,0.00599078400577791,-0.000961425929996076
-0.00228567461586241,-0.0364617137340423,-0.0339672522211567,-0.0126144974932426,-0.00506099038620805,-0.0593607296434748,-0.00483110479719705,-0.00743223374039408,-0.00615377719651879
0.0195884413501704,0.0138800846619355,0.029075300280616,-0.00576541917102784,0.00247575325016165,0.00851558834005897,0.00989705009428878,0.0177036778479278,0.00346017530214652
0.00811841188599266,-0.0162933808298184,-0.0121347092965833,0.000443352449983022,-0.0123040367659307,-0.0136824539013233,-0.00485427481804798,-0.00489673604901168,-0.0141160967945113
0.0211940755485459,0.0371410833486052,0.0103045564127289,0.00459151988257509,0.00356217052507954,-0.0211085677761902,0.00751510988226761,0.00663303997146119,-0.00297840769925296
-0.0207121283764803,-0.0128423188853722,0.00633379317045081,0.00571872951884809,0.00591063831161087,0.000312048620557473,0.032681086170761,-0.0030338636098176,-0.00155684162382359
0.00306348621831559,-0.024105950536136,-0.0223445312959115,0.0122118022037776,0.00345988104107292,0.0500249800495863,-0.00414267212746424,-0.0163709248888155,-0.0214777489375666
0.0304087109922949,0.0345183621689733,0.0345407905650394,0.0309203014774729,0.00448399766178453,0.0107774818745167,0.0105258342084976,0.0214204336634005,0.0192724157147492
-0.0459150831314637,-0.0157507533763415,0.00370051574110855,-0.011430615493672,-0.00411906183515805,-0.0141871522931632,-0.00598676215824519,-0.0219921600127324,-0.0236459536049846
0.0537364011511498,0.0121005895009557,0.0184995842429773,0.015388784336598,-0.00180470117336905,0.00998158682416022,-0.00770515919891802,0.00964557165728749,0.000882350546177428
0.0479114582828282,-0.00132271307378504,0.00320824446691363,0.039413722286602,0.00143936800930928,0.0155851087653692,-0.0146032446584241,0.0285353959867931,-0.00597836600953818
-0.00166280785320423,0.0143696979949927,0.0114149401629373,0.0242926115097467,0.00950370754477155,0.00862679679660124,0.00753746216112412,0.0312785423465397,0.0075371132093122
-0.0185020777942723,-0.000243158746993087,-0.00735117985280004,-0.0103087714297052,0.00117956717776117,-0.00122475706860032,-0.00723280342383525,-0.011442036314886,-0.00943039539799372
0.0227798008685609,0.0111535743328528,0.0107997939102802,0.0169565581821236,-0.006925068461633,0.0317662345204583,0.0101756914329215,0.0184584170126616,0.00936150048326784
-0.0310264592462837,-0.0101773863674691,-0.0281015432802445,-0.0370632247394642,0.0195559072173818,-0.0477692407496531,0.0058094308862226,0.00256030301429131,-0.000843852471407359
-0.02740497269942,-0.0147201683405133,-0.0221512073114664,0.0191029848793861,-0.0131867386189313,-0.0276734488188978,-0.0051570361715061,-0.0148673742053916,-0.0199021784920619
-0.0157253562734668,0.00893594803850443,0.0171815200781224,-0.00160747444517591,0.00116049953505617,-0.0232871348844832,-2.02419591507382e-05,-0.000475989626751667,-0.00402710302207127
-0.0379920430409623,-0.0173161734005409,0.0190983008751852,0.0270732677237312,0.00617806375037766,-0.0277536507622151,0.000426353812445403,0.0325939913027704,0.0137785614202322
0.0150926101665044,-0.0170724604279003,-0.0146591927582875,0.00338326045163479,-0.00368173529708177,-0.0154574815481985,0.00484918484457854,-0.00617102967247443,-0.0067512631611604
-0.0149070218222831,0.00469418405298761,-0.00325537885780693,0.0106144747466806,-0.00112120746308779,-0.0231354829666369,0.00439527004651667,0.00521766846481529,0.00553552993109198
0.0546183464654044,0.0433813787668971,0.0326670318448388,0.020524343398299,0.0142291735256195,0.0245447565019066,0.0133591081177303,0.00281458625075039,0.0310388111180037
0.0393038455600589,0.0181648962857691,0.0215851497981198,0.0204124442055815,0.00674598751204208,0.001366071165057,0.00955510840174582,0.0214798887746776,0.0113614351980775
-0.0112642958660997,0.0145248637251733,-0.0192515755807875,-0.00917237684459369,-0.0106799825197469,0.00406482560676338,-0.00376358507330495,0.00262072706012299,-4.59080618633506e-05
0.0643086692336858,0.0566052748654354,0.0463543693154797,0.050754715971315,0.00583883982012813,0.0568204896990462,0.0148092175151491,0.0214180981787019,0.0209560704084484
0.047513698043322,-0.0146620808492314,0.0089907277779435,-0.00947268804434447,-0.00366143370848352,-0.0110937408658427,-0.00609006507864839,-0.0195869322355851,-0.0127294824059126
-0.119463123176713,-0.0613512216447181,-0.0487454558627591,-0.0371720747179808,-0.0244352961220668,-0.0867075785172997,-0.014136908823663,-0.0343247542853473,-0.0342437148608072
-0.0133182538275271,-0.00435352964450971,-0.0292620695040663,-0.00958547723077251,-0.00201794864905374,-0.0242348784008498,-0.0153466393425959,-0.00237608921265468,0.000616871464121662
0.00708989363277892,-0.016672457292986,-0.0406863658706798,-0.0128373593090448,0.000711835732639439,0.00780740142393291,-0.0208862962138989,-0.0103779369045852,0.00450499322460539
0.0199644773644976,0.00168139099777692,0.0226019073823955,0.0313253834602155,-0.00514026136294843,0.0435769620241786,0.00262928206944435,0.0201395035716808,0.000547311449558507
-0.00674086006832719,-0.00568364550008468,0.00350309227221138,-0.00152811331825518,-0.0100278698209307,-0.00376762094149889,-0.0223189980958824,0.0103447893119639,-0.0128436104643561
0.021746211001518,-0.00732045071658799,0.00682707142951861,0.0138117349195732,-0.0119752175576668,-0.0335142466569729,0.00419597981705447,-0.00170489672109107,-0.0234375074404526
0.00452246601786647,-0.0125118221687646,-0.00915457057678773,0.0237088127094671,-0.00266107042647505,-0.00686608175474083,0.00405365988547506,0.0236526833367751,-0.00169670192956127
0.035429631483921,0.0393382051179352,0.0414212881562512,0.0321535504768488,0.0241547326221133,0.0243848087255337,0.0213231490615481,0.0218398495153619,0.0336590688384289
0.00682311575839565,-0.0138914334228469,-0.0330808719869562,0.00342531960883633,-0.00285659896065764,0.000303195201393771,-0.0167594487939455,0.000386029978011611,-0.00460552173379717
0.0469781614159484,-0.0399120054738521,-0.017466672966257,0.0123328743273004,0.00333800855640804,-0.00439271837869613,0.0044860428173401,-0.00113125347255699,0.0143258636412521
-0.0116960174825336,-0.0120716840635293,-0.0381940603891104,-0.0183718697656784,0.00589819170967834,-0.0190173900888448,0.0107163786165363,-0.0115866295261717,-0.0129308726551877
0.0161515217852543,-0.00839016867846201,0.00344685578372497,-0.0110418230769747,-0.00495911011918148,0.0289789553391398,0.00162761556638537,0.00807920963896804,0.0123740295609837
0.0746758477155896,0.0209844365957839,-0.0198481319430685,0.0517513107165385,0.00855814688510163,0.0370204416131295,-0.000660655138515869,0.0137690261191982,0.0146673001686657
0.0244895314901414,0.00625011432026716,-0.0109082525420491,0.010155262439782,0.0111658468189122,0.0267833452282091,0.00639474807585083,0.00729008092379859,0.011819747344586
-0.0428936734160428,-0.000815742663201472,-0.0105639890751269,-0.0232042118858771,-0.00815489926389708,-0.0474079008567932,0.00686681250003694,-0.0101431702198074,-0.0143443709890433
0.0123991333693887,-0.00518991706629385,0.0194318629776765,0.00180329431483604,-0.0163840071806851,-0.0067256110035807,-0.00932912824086549,0.00922411276441273,-0.00947476332386759
0.00925764831314237,0.00958264097531022,0.0156242522151177,0.00740093538104314,0.00443851867439627,0.00705181201106095,0.00492151281819962,-0.01617242727656,-0.000174490098939157
0.000776654747870185,0.0187894308431044,0.0166517576362917,0.0658437571008232,0.00785359095486757,0.0242875973393713,0.0168326611803839,0.0201981443531764,0.0221236766343965
-0.041681307097907,-0.0212272515649031,-0.0436576052101219,-0.0243449043860192,-0.00132298831520934,-0.0207899285724965,0.00227073064953882,-0.00749453956884541,0.00614225962366937
0.0676592544832199,0.0207828465050688,0.025219761273532,0.00191196235536515,0.00694302189181446,-0.00359997683355138,0.0277461899550109,0.00721703398664631,-0.0124968437002974
0.0413703980416483,-0.00463039921934041,0.0143126493667955,0.0025609878938917,0.00563232889504989,0.00267372881319428,0.0145778029918877,0.010458238566531,0.00409993164422351
0.0119514707509398,0.00865644532749888,0.0129034552861773,-0.0226863273223775,-0.00432067845035148,0.0291268831012363,-0.0356580745579391,-0.00137508326299316,-0.0216342647094143
-0.0426435944950339,-0.0339201288076221,-0.0275884439488682,-0.0307802674391799,-0.0105584562062945,-0.0226141588828725,-0.00615717339037344,-0.0172877301055912,-0.0124812856268693
-0.0212571997280441,-0.0233967673478639,0.00975172203275346,0.0110386108825543,0.005756820515576,-0.0187793105565832,0.0160687669324304,0.0111498317314646,0.0150949430865023
-0.0187533871158502,0.0015279406363177,-0.0370479875406497,-0.0043714675834052,-0.00161090204049522,-0.0354545661522688,0.00587119155579603,-0.0123801734497428,-0.0226827064623068
0.0855698860934077,0.0609592550714301,0.0415675734569973,0.0297924648106392,0.00731128252110635,0.0352663483946551,0.0133197797754275,0.024965889931291,0.019718381165926
0.0436947063635548,0.00426422084448424,0.0145198776192128,0.00928918705652792,-0.00614930427536326,0.00827576026934914,-0.0105508317162943,0.0139695847888578,0.00708512657829545
-0.0196588608331643,-0.00179936064446322,-0.0272136389391716,-0.0172632787361335,-0.00764747301116421,-0.0120972776350002,-0.00264619819901668,-0.0092493073123512,-0.0117961005559769
-0.0336414034502868,-0.0407456503058681,-0.0293031986315349,0.00904906443780658,-0.0175477366718462,-0.0225888085793803,-0.0166511902244833,-0.0155243658739287,-0.017713881229451
0.0354357871271032,0.00228717201493852,0.00113996492648646,-0.0151410456584739,0.00428478296416637,0.00735730122154778,-0.0099122849748577,-0.00176499520212999,0.0090711985797131
-0.0120217594650433,-0.0301662702622776,-0.0110946719119587,-0.00790562213739208,-0.00365975585646746,0.00048441284746673,0.00346643625090744,4.82409019240223e-05,-0.0184052286699876
-0.0331440339724062,0.0205505192355589,-0.00424047872457705,-0.0266240318148327,-0.0216530708561025,-0.0292288538212142,-0.0197567126790354,-0.0345577733519082,-0.0277251364857249
-0.03921294724069,0.0158082287261844,0.00281502198790746,0.0128817590096738,0.00138317730032347,0.0281415331915716,0.0264928722678715,-0.0107257517370136,0.00400844238455924
-0.0364831089820463,-0.00125714052124374,0.00943844032184026,-0.011824964936439,-0.0171186974601555,-0.0240297710067003,-0.0278785310179834,-0.0277300393159557,-0.0205925856364882
0.0217612350613107,0.0384721798990433,0.029567633754732,0.0695328635471846,0.00296746869203057,0.0136233413878671,0.0204331671022439,0.0305226981051991,0.0162851305840519
0.0553794151676732,0.00458244499736505,0.00736124315500006,0.020751543956449,-0.00152350852996331,0.00512490828803912,0.0032893989877644,0.000716731126922703,0.0102341620062672
0.00205151726625242,0.00424733991858371,0.00205990445243495,0.0156779411632517,0.000171655862614158,-0.0171993034385172,0.00724519431728348,0.00278853122232343,-0.00759216280199756
-0.0333912256035026,-0.0133924172349307,0.00889148594192385,-0.0260237176596893,-0.00397463324163743,-0.0238076354164697,-0.0246851941130182,-0.0229892372142196,-0.00820211522497141
-0.0384483683023273,0.00202661784569752,-0.0116863667510748,-0.0146278650732823,0.00248790473978626,-0.00188639916770085,8.8856428970593e-05,0.00375462760301873,0.00330753846894363
0.0340038271461165,-0.0556824750923132,0.0129771587542827,0.0289815898048686,0.00587374916703933,0.00620200580738016,0.00673517633697981,-0.00327978134013422,0.0101954349335361
-0.0517220229733504,-0.0168138874410921,-0.0280548967254076,-0.0102278072598542,-0.0139118853917516,-0.0423986362598987,-0.00234369141610614,-0.0181550543762359,-0.0292060936566936
0.0449016730549595,-0.00117647752803298,0.00408253902170429,0.0365074389710515,-0.0140519534013135,0.0344764500005717,0.00267962103989559,0.0117035196132442,-0.0236620936160408
0.0621328610146593,-0.0129562830351491,0.00271620753568884,0.00853048939682959,0.00209897063087905,-0.00747588026716386,0.00769408383945336,0.0118875305388496,0.00258613462701939
-0.00858066782753182,-0.00835468593186009,-0.00300540702700962,0.00495590490009639,-0.00899186987781,-0.00533802845937586,-0.00512589561683662,-0.00537044194061117,0.00229250917673587
-0.0161799957534597,-0.0275184379266532,-0.00547673101174038,0.0208731476404415,-0.00117004322415137,0.0054368977578552,0.00202475297618388,-0.00121147179550011,-0.0115486966522755
0.0373524601239861,0.0352767926906963,0.0344486561856381,-0.00391260408224481,-0.0131621859186263,0.0392379016454434,-0.0205522230724504,-0.0026780374547307,-0.00956015573614336
0.0287217804751559,0.0166534987425342,0.0314972984824164,0.0303603933902793,0.00163453236720181,-0.0196073359363769,0.00781976619700634,-0.0122996833552078,0.00326539710521262
0.06727619040833,0.0447640533106427,0.0519940178927517,0.0175822299502498,0.00552938913973639,0.0475284083549646,0.00680734652241158,-0.00451510134353961,0.00633330539036136
0.0429128919941602,0.000476784121702373,0.00474906902933226,0.0152658568266773,0.0166582471791649,0.0371684078427339,0.00462059990644916,0.0103871946203346,0.0111811538735276
0.00784740660041013,0.0481520093505089,-0.000893546818487468,0.0743230423768012,0.02241026031962,0.00382891693558082,0.0517573194540087,0.0409357765168162,0.0368475951406733
-0.00507533841725168,0.00505114785211754,-0.0128072394761332,0.00352035598804754,0.00681842670172437,0.0138178733828857,0.0119856348116448,-0.0078311957097159,0.00292759382356834
0.0343349115124859,-0.0439891909781543,0.00332349464700467,0.00897545604169218,-0.0191171861868653,0.0213574611371788,-0.0117000960281887,-0.0228613613497925,-0.0172988016330026
-0.0216196829627121,-0.0278786656369525,-0.00482835346413276,-0.00513606528667558,-0.0191650544512234,-0.00496709179555863,-0.0121022908215135,-0.0111505376758335,-0.0229303120128103
0.00901619041303905,0.00493529299285042,0.0320753536739634,0.0124418665608774,-0.00453107843564349,0.0104932277621127,-0.0144203085182099,0.000639598332732777,-0.00915781603827748
-0.0196291684695671,-0.0032401524892848,-0.0322534014933961,0.00342752850904605,-0.00238400915888978,-0.00894559963357496,0.00295458764211089,-0.00697761371555332,-0.00413091245929047
-0.000601937080554312,-0.0144939667086683,-0.0112992509978824,0.0027681689748088,0.00713880390640205,-0.000753384143874063,0.0053304442913855,0.00100839558987126,-0.0173818561020245
-0.00916479928615508,0.00883609074412704,0.00121996660702112,-0.0173474606741219,-0.00254278268196854,0.00863608624240895,0.00801064192022733,-0.00257016952504473,-0.00139911381975694
0.00855515931061724,0.00863340475612005,0.00360653283982963,0.0116941515802699,0.00302979624734423,0.00647848520361662,0.0216056805214961,0.010481523119102,0.00542920726548426
0.000736117780602345,-0.0223106280040638,0.00781249574522896,-0.0159136218617951,-0.010373774590061,0.00368430348030683,-0.0271002584830063,0.00236879236530935,-0.0123038054080409
-0.0204244775616582,0.0018264416685559,-0.00334292813797683,-0.00457750705557707,0.00822603304989643,0.0171557909182849,0.00193300172605991,-0.0062284722810798,0.00360382173969397
-0.03841849086594,-0.00118406678413065,0.0087124313037691,-0.0251162342938708,-0.010344102274127,-0.00638816983195421,-0.0131267580850355,-0.0344199356910916,-0.0199430306613163
0.0851519231487736,-0.0100986911068553,0.0059912349506957,-0.0133730118268371,-0.00388813049679352,0.0356352137883441,-0.0168612581304846,-0.00418426280488761,-0.0114113704802012
-0.0085500469934748,-0.0225214444511402,-0.0476951264298603,-0.0165396221459665,-0.00166656048636747,-0.025616528656967,-0.0321428710640447,-0.00996588595927989,0.0146005658971321
0.018603376015679,-0.0155516830482553,-0.00405219202579462,0.0262471703991522,-0.00679020905343261,0.0223713425242323,0.00557281714574498,0.00371015740303229,-0.000190617282360109
-0.00909340413299927,0.00952329329667106,0.00409818516863486,-0.0333813870023383,-0.00222920615623133,-0.00091448754466629,-0.00736173079471029,-0.00796238583666603,-0.00119522692353586
-0.109884840434119,-0.0559258813807023,-0.0105890528652807,-0.0634704458798116,-0.00754679057791565,-0.124433768074053,-0.00723629109739713,-0.0106475127799131,-0.0157247254499492
-0.00885858217174542,0.0161173950834419,0.00337931942090264,0.0115707805823041,-0.0171201582940069,0.00088665066501294,-0.00267280459048363,-0.00314215222283182,-0.0244642939497932
0.0173807242823739,0.0184456863464163,0.00701136793787471,0.00545247679449084,-0.000994823466462616,-0.00159710094856417,0.00192626033918285,-0.0122556672806041,0.00756095646766059
0.0156891115963617,-0.00981979368121211,-0.015079106391166,0.0222377098549448,0.00243116121664564,0.0277240968395502,0.00614226406985537,0.0161908790994364,0.0112146624019912
0.0649536390682218,0.0137084289044079,0.0127030184969978,0.0286942745560556,0.00463228383017378,0.0453595815317577,0.0304324537149871,0.0200237333852075,0.037776101725855
-0.0238919278643179,-0.0189771560486565,-0.0189587236762659,-0.0375022064833527,-0.000956250530071761,-0.0206532067043829,0.00600836368892654,-0.00629158215453605,-0.00142142256336577
0.0174850268126992,-0.00199085641200822,-0.00636606810658131,-0.00474958330633929,-0.00460362811837859,0.0393009799210336,-0.00780286666762934,0.0189750958928548,-0.012748654571714
-0.00245696862908596,-0.00517165760296548,0.0108608964621549,-0.00225174061152078,0.00484805865718944,-0.019227734831456,-1.20594507355816e-05,-0.000214768100802286,-0.00547784046179692
-0.0442746922384322,-0.0430983248782622,-0.0211040763841841,-0.0050280043398754,-0.0136533337904076,-0.0349159247860348,-0.0190778652528469,-0.00935732204579587,0.006333034279144
-0.0174559740547322,0.011807180128222,-0.0201408454974231,0.0104430705835534,0.0035598742152736,0.0319369899013045,0.0187757665331314,0.00803685094123131,0.0153916025145111
-0.047457861713429,0.00747733758973449,-0.0135284207530135,-0.0302746566864964,-0.00349724060862819,-0.0303490008394114,-0.0211419846111146,-0.0203907827123061,-0.00850242249161195
-0.0603841391491525,-0.0342643941534075,-0.0632828359898628,-0.0326475203033363,-0.00543933507945401,-0.0194040263021558,-0.00650774773066101,-0.0145136434459176,-0.0115251619831739
-0.041462751170695,-0.00786084797720729,-0.00552012990926939,-0.00558666679430005,-0.00612134401925444,-0.00591900860304964,-0.00302910588275474,-0.000486525868238991,-0.00455931279140021
0.0123719871456987,-0.0211612610033583,-0.0210043156185754,-0.00975151268088247,0.00144808967967676,0.00935146468940658,-0.00359464377825445,-0.0113575706698775,0.00445456738463001
-0.0624568475652638,-0.0333884866361334,-0.0438443824133129,-0.0336840830831045,-0.018530194722433,-0.0607781789421641,-0.0278161960296375,-0.00409431238185448,-0.0242399362879106
-0.0174906656686627,-0.00650225881697964,-0.0108165748273154,0.0169215347735717,0.00102415946967703,-0.0085745434134555,0.0125209041968907,-0.00105943070075419,0.00113045539692613
0.110150558955236,0.0379235854969472,0.0303702546959626,0.0143020962242042,0.0100438421762882,-0.0587122142142163,-0.000471240381808629,0.0226521709948258,0.0303325419767075
0.038285021134033,-0.00466029820668612,-0.00752496661628823,-0.00128428041599808,0.00509756258240678,0.0246645842770352,0.00624247749345162,0.0158308363519961,0.010330089334263
-0.0142764209092155,-0.036769176284946,-0.0222356978409041,0.00976692269979578,-0.00449517722853245,0.0138589351687697,0.00525402074103981,-0.011215427876234,0.000797821276380383
-0.00336551806917309,0.0150196254819038,-0.00365432154602145,0.00267554668401436,-0.00390394960411614,-0.00723560705079178,-0.00965369913559569,0.00126774594959346,-0.00191273757417734
-0.0475967244779974,-0.00573651935852288,-0.0328883739925533,-0.0307218817312676,0.00148198032019171,-0.0524169541316241,-0.014727228629453,-0.00187469936574607,0.000437157383994596
-0.033744815727078,-0.00317107247300772,0.0180561144044699,0.00393524224739408,-0.00234489375855052,-0.0188658952511318,-0.00210404722086896,0.000956836283250558,0.000975690641439271
0.0172740080251024,0.00806201723827061,-0.0020917089963452,0.00411798026452947,0.00232871103373339,-0.000334317775245179,0.0105602937949941,0.0268118861365466,0.006749721652242
-0.0505692987509794,-0.0198490100402043,-0.0109654270782774,-0.0407120152756694,0.00396084351616908,-0.0223746876765013,-0.0123074159539384,-0.0204453175870596,0.00566682774296351
-0.0300804226693102,-0.00685433999450885,0.0053475279054124,-0.00805187583651383,-0.00988361387629183,-0.0196526984108437,0.00145740631068615,-0.00936455553158272,-0.0202597500054265
-0.028178171163949,-0.00128966506354124,-0.0441194481453857,-0.0150257534639054,0.00979031505373501,-0.0381176193178348,-0.00102640951657284,-0.00565862219401077,3.81584056720035e-05
0.0230101802802727,0.00870337500669977,-0.0011427976319166,0.0341176528572038,0.00589665131134301,-0.000214272176254623,0.00724022797642368,0.00763044501462424,0.0166618571755314
0.0291675909087127,-0.00883668107751046,-0.00630842834390574,0.0117491982936465,0.0198878212021141,0.019204625272302,0.0353004087641071,0.0205690892029544,0.0208964418706938
-0.0019405359235956,0.00144383295934932,0.0112183408274663,0.00234001903015358,-0.00500573414680394,-0.00820226219405501,-0.000770208605088888,0.00280383194853681,0.00253986453140557
-0.0423653669759484,-0.0269096409387625,-0.00325090412490096,-0.0186550001859643,-0.00582453285571584,-0.0434255769325997,-0.0233319969416359,0.00622056877523567,-0.0100240933860013
-0.010358848158699,0.0254695469396143,0.0017641897166685,-0.00936570969283077,-0.013671275082271,-0.0200722897125262,-0.00668535742439596,0.0111212515295599,0.00772489425467438
-0.0269651972751005,0.00667398083192552,-0.0151392175695237,-0.0053643825108521,0.00577266996967453,-0.00314234169215352,-0.000541417187366268,0.00814516074998625,-0.00836061373553669
0.0884003372715889,0.0388512156320647,0.0407787955260623,0.00666862775312297,0.00509470601600858,0.0486501561800222,0.0176766922450787,0.0173154639664347,0.0106119718075623
0.0449729645697076,0.0350397315200376,0.0210921379602624,0.0249076687884941,0.00722863289550071,0.0531350641188128,0.0189413056392261,0.0190139457780068,0.0318052741417571
-0.0141761938011211,0.0338318436024753,0.0157348857172341,0.0113971726899175,0.00529848701521665,-0.0272641623696804,-0.00404868714058607,-0.00656884324631418,-0.0075462181625867
-0.0271327719423077,-0.0293777475958638,-0.0171208701691153,-0.00182044038436472,-0.0101114610623595,-0.0272680872083356,-0.0070255313230074,-0.01453083981085,-0.0110507804512123
0.0193970160065392,-0.00490326475778082,-0.0200644471524922,-0.0107607362805489,-0.00462093386953619,-0.00560992025065566,0.00115734168796264,-0.0209684803242921,-0.0115179552873351
0.0141919733946603,0.0307072070503712,0.0404183361247266,0.0273623757081458,0.000511108099739121,0.00363781120875611,-0.0034283792262637,-0.000105445159387201,-0.0127461167826688
0.0415795839690609,0.0206865763249706,0.0209448113356569,0.0029420295194949,-0.00209671502506237,0.00938595706487089,0.0169913460533368,0.0124389451324236,0.0177870422625114
0.0266018658856877,0.0430529598898718,0.026206677755377,0.0415524807380563,0.0159987196362102,0.0490182960084015,0.0211392318202217,0.0177127197367284,0.0269767663876766
0.0331432742747231,0.0318066133372307,0.0411915693841082,0.0458546860680886,0.00447964854467096,0.0326238927320092,0.00503524450197583,0.018806279257273,0.0293150386529911
0.0683328116685223,0.0251426071029106,0.0475619685336822,0.0180159844975753,0.00779235676651734,0.063761168208166,0.00845376157554681,-0.00741242829051524,0.0197141836758723
-0.0194509932031703,-0.0359152163507362,-0.0284441671088497,0.00382005888194333,-0.00521713699915088,-0.00840480966666424,-0.000454892647586112,-0.0212541901169708,-0.0127399161132314
0.0198959356504033,0.00348400623579525,-0.0200793502755707,0.018690483784752,-0.0124257588382213,0.0270384539859413,-0.0106833507564822,-0.000491772557975751,0.0117015519188545
-0.0136468212490425,0.00381518568313018,-0.0238890906542875,-0.0101656619984927,-0.000853966088499581,-0.010316739191692,-0.000551631445819319,0.00587904070863768,0.0195510332693854
-0.0100090763487026,0.0161565235376874,0.0170875034378949,0.0166337361592009,0.0142379103328246,-0.00485926844940029,0.0132718401821912,0.0143774028633156,0.0118625437838724
-0.0368538377075078,-0.035912610601127,-0.0157809273625108,-0.0227159092971558,-0.0116129272876707,-0.0283729317152369,-0.0163700888123656,-0.00332690666777506,-0.00736572052233046
-0.000505821487930947,0.027702892416072,0.0143929959584219,-0.0218508603532561,-0.014313649727825,-0.00459506367404327,-0.000791859624921505,-0.0181864630498996,-0.0109029905800293
0.0287011218842262,0.00892341746937154,0.00121895629262415,0.0028033743413108,-0.00610238593783719,0.00823045664892714,-0.000765626825711292,0.0187445232068581,-0.000219313877230981
-0.0140496079020606,-0.00861025835623511,-0.00947317754139926,-0.00251129278039737,-0.0177907900907219,-0.0317440862235642,-0.0189848040139146,-0.0374436235445187,-0.0352022239640841
-0.066204708006751,-0.0129502166075745,-0.0292152705914789,-0.0143104692537779,-0.0109151696990713,-0.0372245877702279,-0.0155424718313167,0.00200405843366386,-0.0131723114039514
0.0301988422924392,0.0121174848440477,0.0024613340134111,0.0323055260383989,0.024694914136032,0.0115680233409068,0.0194029156226223,0.0281622248973584,0.032419090350129
-0.0801897832825334,-0.0336637017784337,-0.0693712283587521,-0.0553656001638704,-0.0158867806168505,-0.0763428378623848,-0.0153347211583413,-0.0180135910319259,-0.0110701189053288
0.0869389641169078,0.0166875324623298,-0.00429511030749544,0.00410579648467719,-0.00613866388086082,0.0505075802963424,-0.0109650342410408,-0.00506901368647181,0.000754298015892134
0.0838042394026887,-0.00146941754307706,0.00639757416192841,-7.85844192585995e-05,0.00110833313179596,-0.0151866082910632,0.0109556884675925,-0.000305567030516153,0.0178658114114023
-0.0596654373639155,-0.0573085265415547,-0.0701826817404614,-0.0258226202951342,-0.0254960910509162,-0.0367073065161553,-0.00744840319783605,-0.036841733910866,-0.0448673805315643
-0.0663107476567554,-0.00347579826476835,0.00445642553046454,-0.00977022736851999,-0.0186080056634066,-0.091325988104267,-0.0309437253362175,-0.00669178208169913,-0.0325559576002483
-0.0719918914693347,0.00741166281732343,-0.0210987097453224,-0.0450438554967759,-0.000709763570097664,-0.0773103515772635,0.0105251736232057,-0.0248566591162002,-0.0146934203393152
-0.0364585723599586,0.00129880294191593,0.00174787149060295,0.0259976517139835,0.00664574037178522,-0.0243417241697578,0.0100481377607939,0.0346272063240173,0.00423608626165985
-0.0145207168540037,-0.0256276125775895,-0.00865295196420071,-0.01297170632905,-0.0116671475456853,-0.0306413618160926,-0.0259308940494438,-0.0310743850491072,-0.0112827980966289
0.00692738115923831,0.0269279664858019,0.0201119991871281,0.0107976934151241,0.00659371805148548,0.00159966684154006,-0.000918192459494585,0.00205377571773996,0.00345580154370212
0.0673753261491633,0.026322560726107,0.0324694321315497,0.0125142812328229,-0.00430280666539175,0.0164555489590649,0.00439073736975735,0.0113849622501505,0.00598963601942792
0.00190870891076372,0.00899399483000322,0.010232523902807,-0.00353967264768435,0.00333557363801842,-0.01802695898449,0.00877036157330828,0.000319166864315836,-0.00291472564854621
0.00174742639047242,0.0217366031907682,-0.0179220296872469,-0.00166121702902482,0.014457160632165,0.0181511864897399,0.00855314277671903,0.0122323596113155,0.017839242587426
0.0732825797743061,0.0404712507661605,0.0319696666979622,0.0313429289895839,0.00299079969661976,0.0233348322424802,0.000974339624894734,-0.00648128729688256,-0.000723627035473893
-0.0682452945027027,0.0127577440496186,-0.0315042211367659,-0.0383099441006914,-0.00568025985531103,-0.0486972430535442,-0.000512440757844946,-0.00202531633219181,-0.0192690981748804
-0.034014700697097,0.0147434445917396,0.0079501508776679,-0.000747602352736182,-0.00227979365518815,-0.0116377232199623,-0.000908761574851706,0.0143365575854843,-0.00301648015786086
-0.00453808252029387,0.0219488552030371,0.0148370648794641,0.0111478607657444,0.00681016748123384,0.0199362086717993,0.00282957688678512,-0.0295148977150829,0.00702056639593892
-0.00746543998784433,0.0182120436426114,0.00396097832740626,0.0053268478862987,0.0101482666753874,-0.0352598679091163,0.0235726020553769,0.00188019646881635,0.0175557364476599
-0.0613536329165347,-0.0279440088815183,-0.0382553428063478,-0.0200667416306664,-0.000991455424575533,0.0460615282425012,0.00517748499736085,-0.0315514086790279,-0.0113400359480444
0.0470538942677259,0.0247338432663633,0.0140044029308412,-0.0127353074959113,0.00703234535336193,0.0282157477936789,-0.0237921089591505,0.0185047661944262,-0.0022509446349323
-0.0491108293849523,-0.00950105363530542,-0.0150290908181269,6.93504667180624e-05,-0.000837558031527258,-0.00653682041718185,0.00559773889842037,0.0166407087445011,-0.00370674327054004
-0.0437133151129038,-0.0311334165614866,-0.0204264969878667,-0.0405372274306892,-0.00279383908543225,-0.0527352153858291,-0.0323751771716719,-0.0200542192989912,-0.0161663226371647
-0.0118015980487918,0.00497177573788773,-0.00902962527067201,0.00330807425053939,0.00127064953398966,-0.0162970718541054,-0.0093643410926764,-0.0228658076158051,-0.0105760428406289
0.0719906037589287,0.000311129512346137,0.00457883112240059,0.0316090618385378,0.00803543213160887,0.0047906400124553,0.000301015986155772,0.018273239841801,0.0256171293911793
0.010704149009138,0.0163123094759097,-0.00080303322677318,-0.00166743939653892,-0.0134717986284989,-0.0248179195614485,-0.00380752028647894,0.00248099240286799,-0.00592023199729595
0.087623572010789,0.0272231181837778,0.0172071735520999,-0.00256268721287492,0.0171508341935166,0.0401179269253229,0.0222415431128929,0.018751401607858,0.0246169162327526
-0.0270106995767937,-0.0144639251008062,-0.00794598960390951,-0.00842525103408013,-0.0124833904798574,-0.0373697587170725,-0.0173299383839089,-0.00589665617401152,-0.00765146681053264
-0.0194038884755887,-0.00402558480649581,-0.00596610169782741,0.00730473084849951,-0.0102573740125595,0.000441856939880352,-0.0287821101783566,-0.00117308752393445,-0.0125596154059609
0.0543616111706953,0.0376839463295854,0.0289544714035023,0.0417493238831002,0.00763852204116304,0.0363729600911425,0.013753129867364,0.0236386281538952,0.0113279053913182
0.00338970707290658,-0.00641862803201847,0.000249483312072232,0.00639894195072585,-0.0120097406375284,0.0010232067259736,-0.00254397102576124,-0.0155763368617302,-0.0121454546160994
-0.0427025051841546,-0.0396701129431867,-0.0385967101833492,-0.0360743209570627,0.0116636838812104,-0.0311138753114637,-0.00617720194400146,-0.0346284085482536,-0.00329278076754038
0.00890100908279948,-0.021361253319828,-0.0192633626189958,-0.00681156176944912,-0.00797140270457767,-0.000226703525126245,-0.00692532469926117,0.00157248343782033,-0.0107920358049032
0.00425547308425107,0.0115348084864174,-0.017759383279465,0.000561595735498605,0.00620913531975491,-0.0167784317989764,-6.18571947113508e-05,0.0034796846335748,0.00915308837506585
0.000560230695569006,0.0186147486459506,0.0360008972035391,-0.016618841114345,-0.00855453847644484,0.000483930895517087,-0.026230898717548,-0.0139320780051376,-0.0158205486505144
-0.00342139174206111,-0.00336053759310658,-0.00142572087707146,-0.000577807534908966,0.000413853525903869,-0.00069662014160418,0.0018948159066974,0.00488523654146604,-0.0043803137913886
-0.0445231828880028,-0.00578478768461581,0.0123784770936174,-0.0426742592640313,-0.0237549711426774,-0.0645774362751881,-0.044652652446063,-0.0322594152019127,-0.0354148822153124
0.0409306593437407,0.00999803050914972,-0.00293606058334559,0.0212325786789768,0.00279083984348326,0.0205830458618188,0.0112985415254544,0.0279430006329828,0.00983461989493178
-0.0336252923935337,-0.029650650643937,-0.0297093358748638,0.0209955898769022,-0.0141979804108548,-0.0546037093323888,-0.00355418576219712,0.00983425634698451,-0.0102062161250354
0.0114762237204738,-0.0196073692983841,-0.0090504376244873,0.00820638406338083,-0.00223015084538936,0.00709381021207608,-0.00307432222835285,-0.0260204048475081,-0.00324107848934465
0.0179776878887411,0.0183655708180638,0.00479009612771964,0.0436415864934427,0.00535076047180251,0.0186032611567832,0.00928824258992669,0.0231437114403378,0.0199248078521887
-0.0160414535986376,-0.0381389041329745,-0.0221990248088539,-0.0106899393056606,-0.0203966033423916,-0.00157927818729853,0.00109487844224841,-0.0159290505160202,-0.0263925424848013
0.00240941378625774,-0.0234064484705168,-0.0367025307793284,-0.0200274641578593,-0.0147942998764748,0.00627325377003133,-0.0204467616658568,-0.00351418410916746,-0.00404537825074859
0.0298421309534212,0.0181526821675118,0.0197307061555298,0.00487911562559768,0.0174334907217131,-0.00166567514259944,0.0267247419813454,0.0427020058700721,0.0269095973330792
-0.0163531374773937,0.00646879192137439,0.0188838214646081,0.00259798542940778,-0.00836930359308981,-0.0315289022979595,-0.0027169614021575,-0.00147585903105859,-0.00989613656273426
0.00123763733442569,-0.00217255731051802,0.00921198030968298,0.00473606153717349,0.00519602391175501,-0.00210862286287723,0.0159894370331974,0.00583222884542487,0.0330862459781538
0.0157555897529508,0.00740742389106957,0.0267258947462165,0.0143505189578538,0.00626455081947051,-0.00766651776097376,0.00159038722381819,-0.00290143861144599,0.0175151994500984
-0.0693670504303271,-0.0272211102591239,-0.0356142608558225,-0.0218879319392084,-0.00651926731669634,0.0299258951387012,-0.00120250109959717,-0.010475071220726,-0.0262178119436576
0.021160494735323,0.024864103676919,0.0093212487772255,0.0363767576766573,0.00359667384844698,0.0141204019509079,0.015567443345746,0.0175424661748795,0.0161760654598678
-0.0178583889511362,-0.0157227881544623,-0.00853419162640757,-0.0153124564911158,0.00118416645907525,-0.019666241696618,-0.015844000427568,-0.00203880959224097,-0.0168405164288706
-0.0559246289434511,-0.0187594711419285,0.0116880438326493,0.0178329447117931,-0.00389590402638234,-0.0336381962782859,-0.0148224834533854,0.0126752537902291,0.0037945984213282
0.0116399193534574,-0.0109671202452085,-0.00733501399582286,-0.0200283455525608,-0.00985839636289215,0.000979061130238289,-0.00166194799596916,-0.0207456976135016,-0.0112784263597798
0.0383947876045174,0.00816526269845513,0.00865321650332084,0.0196627455208331,-0.00420489773533358,-0.00796647868470563,-0.00790524112044359,0.0144348864878826,-0.00488671836850054
0.0814265713729805,0.0439352170447467,0.028733983442464,0.0232405116408493,0.00889688617031323,0.048785568918889,0.00172101845219867,0.0203471099654535,0.0170798512616547
0.0252114595924432,0.0300729012463222,0.00783235558049352,0.0544726282574339,0.00423081038943452,0.033205398919579,0.0155801358994835,0.00520915033829129,0.00646526952254818
0.042852321069894,0.0142952951548325,0.00217136460828993,0.00573105672168034,0.000473582616312203,-0.0401651525069461,0.0102503522577289,0.036721151157089,0.00688697692913596
-0.0419051293551885,-0.0351280908556211,-0.0136906613105803,-0.00809063391601996,0.000822158178398969,-0.0495851375362832,0.00511565225668252,-0.00484123248383883,-0.00554639697873047
-0.0123455223064481,0.0140294814043263,0.0300566720109356,0.0211612073105078,0.013506452266504,-0.0130580483624953,0.00899281871801532,0.00904425193126952,0.00691465344478497
-0.00444492331010763,-0.00980869893648909,-0.0120988579294887,0.0420193483882439,0.00406152011567377,-0.0133667519727489,0.00919987415408616,0.0369749567769705,0.00912138024052235
0.00403547012726385,-0.00167588534824289,-0.00846475049724951,0.00515437422999356,0.00644336356677526,-0.0360564847937382,0.0126823269752276,0.0175908282216106,0.0125791593072479
-0.0505710584032641,-0.05264165543449,-0.00592394625397846,0.0243594587643441,-0.0160839701328749,-0.0216354603809083,-0.012098061034059,-0.00750757466712774,-0.0138866529953574
0.00577989131790812,-0.0132420550663262,-0.00599665013105386,0.00696095420511675,-0.00408060561072342,0.0282805315580187,0.00716423727475528,-0.00801546535859373,0.0102258351917156
-0.0427553732180377,-0.0355613917064785,-0.0484313578677255,-0.026273619064133,0.00187419290000667,-0.0458900243840637,0.00100851690050059,-0.00460859357265655,-0.0049129397517054
-0.00739284112935457,0.0197104557425698,0.0232010338318004,0.00926311295230134,-0.000308880591101548,-0.00837318180581297,0.00447170473352967,0.023409582353261,0.00905106274893994
0.0542910892572973,0.0361102037145654,0.0336403516938636,0.0415750149070231,0.0185123642425807,0.0474382111534435,-0.0177890094347273,0.0119946783356957,0.0314689055273678
0.0327659561209486,0.0271841668225181,0.00302824318998981,0.019614936996099,-0.000365843898598122,0.0278386247950779,-0.000748616594609184,0.013388731449738,0.0121542191843187
0.0232289388038818,0.0147394288047931,0.0180183620891184,0.0146565457719522,-0.00822890161914146,0.00699740415447453,-0.0348796590354129,0.000247316551716747,-0.0138407500188042
0.0513447294014028,0.0471622945860205,0.0284279481233858,0.0642699890967728,0.0118593858686627,0.00639897020955039,0.00965683403129577,0.0211003341410571,0.025259451099918
0.0121111259815351,0.0215432192939955,0.0290329461599909,0.0329239014332603,0.0131047821283339,0.011482114521186,0.0141511440703947,0.0193832000975067,0.0212464861200154
-0.0415245195069099,-0.00691010688207473,-0.0287310607470081,-0.00522798200290997,-0.000558679352398928,-0.0434551890985008,0.0116827979172288,-0.00243864316948884,-0.0134295224024451
0.0473544751795118,-0.000573254513811213,-0.0139248180908324,0.0107357988868247,0.00361552840131243,0.0273611973941406,0.0139788047981321,0.0181423893862093,-0.00337500730244606
-0.0658448223851176,-0.00498178641580743,-0.0344219533642066,-0.0252710904642725,0.00508972367617431,-0.0693737683050966,-0.00404274278066367,-0.0137869019216199,0.00553755565002309
0.00224428687153852,0.00819853597309561,-0.00462020284740019,0.0235991574937027,0.00394430930837633,0.00241090069461971,-0.0103272245696491,-0.00160617577153606,0.0179497696967078
-0.00690625491147592,0.0135269291723073,0.0248920796559186,0.018385087859274,-0.00584654637658484,-0.00570319803500345,0.0214590372380886,0.00446310591949997,0.000191645452128887
-0.0126008120472219,-0.0127614172108001,-0.0179844094842833,-0.030528595698687,-0.00874379653385457,-0.0243641874422534,-0.0065895093053813,-0.00932867878478576,-0.00922112829385991
0.0351944624775259,0.0169238192126054,0.00879525462953138,0.0169146582439838,0.000436282398915863,0.00332284095076063,0.0169554353350687,0.00320752678748504,0.00777482614712953
0.0770673938472163,0.0580744617265015,0.0449860910953272,0.0375014071220555,0.00742861692381518,0.0639496277144379,0.0119918761985133,0.0370636847267119,0.0156769396537045
0.00324841614294219,0.00769755513687659,-0.0179460592128594,0.0148528721564204,0.0180925022549382,0.0265456652103567,0.0271226112532837,0.0160730338696491,0.0299288143180385
0.0191444529278082,0.0406762174744508,0.00857484673401597,0.00150946726019034,0.00117267831904002,0.0192902311258103,-0.0132231610483183,0.0119613486447275,-0.000134478626515295
-0.0712609464862726,-0.0338467865884885,-0.0225991505912008,-0.00430805114045079,0.00386309287249184,-0.0168092219738313,0.000925314695830784,0.00402391833863672,0.00103497862758937
0.0169069907136398,0.0170037440852098,-0.00749883412066741,0.0407445196151211,-0.00188897059681639,0.0176011976545681,0.00795562307486545,0.0088596043466912,0.0109756780668873
0.0412770596312834,0.0440186622811038,0.0208838008987725,0.00849164312985179,0.00367838702232289,0.0612820410829193,-0.00945173925528267,-0.00702657602275844,-0.000518238908847147
0.0365116843564548,0.0216497090911473,0.001462071478888,0.0409627184050681,0.00239741033821004,-0.0133891732107792,-0.00354451899109754,0.0079414526341563,0.00503721988122441
0.00649831485925052,0.0130930963166958,-0.000833857707833327,0.0131112961714654,0.00372154757418199,-0.0130869953949674,0.00950300555538576,0.0290483464923737,0.00116075364811145
-0.0618251972227374,-0.0263838280546611,-0.0256270690646636,-0.0350442665020261,-0.00538501149897693,-0.0127951560050251,-0.00342656332799347,-0.0151601989397487,-0.00584506101762521
0.0220897909267459,0.00440928662350097,0.0156240253985003,-0.00488345826915794,0.0018070668367937,-0.0089056927040275,0.0011609834611302,0.0037321062235849,-0.000858657257940272
-0.0261583293052259,0.0135886870026098,0.0272496383454093,-0.0465898837727291,-0.0130921114196668,-0.0354549068471209,0.0100698506402255,-0.0146680238774147,-0.026478514332673
-0.000136078495198625,-0.00788319225981089,-0.0204136686834852,-0.0220215767331969,-0.00666180824632675,0.00134006100117684,-0.0191948166337143,0.0037806605696238,-0.0116127474848385
-0.0139847431343062,-0.0286489236707154,-0.0099694922113875,-0.00737982081452151,0.0022937263634238,0.000325281167018944,-0.0119169628418451,-0.0129840613800277,-0.0198763867068015
0.0243569043270975,0.0306186610349513,0.0217380489608325,0.0291249273464577,0.0138751312853289,0.00978741114591797,0.00962257429093818,0.00652319293616144,0.00719470898506054
-0.0284471012902133,-0.00515768191284037,0.00413537790486454,-0.00875071033766846,0.00216196040607409,-0.0184084744539186,-0.00555373633670805,-0.00649154174545389,-0.00526763116081228
-0.0270017834383617,0.0105184963935594,0.000100188484693492,-0.00014760720794596,0.0130196246315327,-0.0229542698403875,-0.00399558397652707,-0.0130623367560558,0.0152348477976418
-0.0337117053055617,-0.0307050295348562,-0.00950885078622675,-0.00765508816630239,-0.00355633567203165,-0.0587032897434041,-0.0175398268878813,-0.0105366079307501,-0.0171893651183935
-0.0153114491078813,-0.0125851221658627,-0.0281255013789604,-0.0153073212052211,-0.000693170441726028,0.00776398594935468,-0.000674120083754974,0.00142793666375928,-0.00438150562856212
-0.10228406037498,-0.0601316815058752,-0.0639360703252664,-0.0555967951803822,-0.0102395581344229,-0.0659223400431583,-0.0163080420218304,-0.0313328359213954,-0.0444405704844112
0.0118434262189439,-0.0153020616595073,-0.0147849333128456,0.00862316768459361,-0.0025162852676183,0.0106476763888248,-0.000404201220883229,0.011931495273069,0.00927978771754787
-0.105335725748139,-0.0435286755688193,-0.0425952326651695,-0.0415555671845933,-0.0152666715353333,-0.0741743670162367,-0.0183470779038018,-0.0339631210197025,-0.0320758972136088
-0.0205675783607956,-0.00184181269521786,-0.0109871551953925,0.00669289686958277,-0.000360808968511547,0.0161728924677692,0.00793039780372137,-0.0290049758121914,-0.0158654586679252
0.0672211894961216,0.0291735252292821,0.0148244567582244,0.028438026743717,0.0183789255206689,0.0607351355207602,0.0230761360889452,0.0472231730261672,0.0196860268451681
0.0736978436398143,-0.0278636576937379,0.032959884537133,0.0354509210879767,-0.00339895426640842,0.0365652776155462,0.0160712436509974,0.0186952501971483,0.00606527010512456
-0.0167241587672686,-0.0166571596271477,-0.00205526669418769,-0.000273549219571172,-0.00299187339910831,0.0119791503053787,0.00407228087867011,-0.0191436419003532,0.00233089773297786
0.00209338867065819,-0.00889989103381309,-0.0061386987127878,-0.0154757811251339,-0.0133848559195612,-0.0173804939676924,-0.0162939607111014,-0.00737755437171187,-0.0110444548018075
-0.0661444800583295,0.0162031593675362,-0.0337898180054768,-0.00131155883320218,0.0153471114682474,-0.0385547896684428,0.0202848314316308,0.0143203803712912,0.0154807742093353
0.00505712959773447,-0.0166667550240214,0.000284600454465049,-0.010679202053897,-0.0114404759874985,-0.0160670944194384,-0.0174081239776959,0.00991733441162664,-0.00213753300685486
0.0247463312000684,0.0144503220540104,0.0158281424123749,0.0168829431242491,-0.0017060246261374,0.0148449886922192,0.00212081167966693,-0.00991750842961793,0.0106171191044516
0.0588403092835206,0.00545325248610838,0.0166456554920191,0.000715282365152024,-0.00815582031555048,0.0298581668907931,0.00239779888198513,-0.0153030467394679,-0.00955813714987508
-0.0154015856553335,0.0102141027724836,-9.72332492174093e-05,3.01993375360884e-05,0.00261001798561526,-0.0103213348436945,-0.00283173672986945,0.00891325951099316,0.00793214735998942
-0.0217286061927618,-0.0301442061595574,-0.0343981477742587,-0.0110608789470498,-0.0027457535620987,-0.00798454487372544,-0.0252871297769267,-0.00333346781217049,-0.0094560753567824
0.0240616490229042,0.0183172083084002,0.0173013462748642,0.00999259753072622,0.00454824935306627,0.0246162897592088,-0.0211015615450256,-0.002158566955923,0.00334725812898996
0.00102463459184405,0.00642975151353145,0.000143183367029266,-0.00875268390350576,0.0108115935791631,0.0048995903404176,0.00192055889203548,-0.00861381665084518,0.02413640480538
-0.0144939693397199,-0.0483740859477065,-0.0341594859143946,-0.0112410598874603,-0.00867487556319536,-0.0296145044400715,0.0121679009983905,-0.0216118459244246,-0.0235339457763294
0.0603350310166088,0.0190701023676397,0.0146944976567181,0.0139375672509445,0.00197133668272889,0.0498354464229714,1.91949262025282e-06,0.0178763909973058,0.0126419096190767
-0.0256166362365099,-0.0292887915858974,-0.0228022673118572,-0.00321046021147869,-0.0127599769147113,-0.0118534795882008,-0.0170023931026013,-0.0217631801509177,-0.0302902582018934
0.0538163999656276,0.0459436103339097,0.0474346150577212,0.00339511971010063,0.00808380698397335,0.0386178781313421,-0.00937411344032089,0.0103171183278396,0.0126965598576015
-0.0474354734449441,0.0106463471639678,0.00014419630113755,-0.0163072226631111,0.00709604326658734,-0.0460343304003964,0.00180807711770422,-0.0127893245325097,-0.00738536648563614
0.0509977786815911,-0.00689942515637551,-0.00442344164412194,0.00707828925708422,0.0040880208606744,0.0146851449351805,-0.00696662714048483,0.0193234177585257,0.0218657864310359
0.0293868067951104,0.00988323999596687,0.0146196573045359,-0.00912441808307126,0.00245177926308104,-0.0227361298203318,-0.00991306345063528,0.00519158821527735,0.0023446284455366
0.00874063383700646,0.0115585935553066,0.0350777462139444,0.0241875737031412,-0.00269145119635302,-0.00591461300133483,-0.0282216510699882,-0.00305752941274543,-0.0065601383980811
-0.0219448952026233,0.0220299394343842,-0.0143883156213103,0.0402720904930052,0.0173804757340542,-0.0192340988397478,0.0222286408363005,0.0147105759162981,0.013047350149085
-0.00734933661408315,0.0413121817256394,-0.0118734020746466,-0.00285296447000427,-0.00373561091679377,-0.0150079130100885,0.00304234469998593,0.0119830916398655,-0.0112660571590974
0.0329361310675156,0.0240185388722752,0.00285175552339637,0.056116566459643,0.0112485714309373,0.0121865429458948,0.0367489568737649,0.0293837632262089,0.0150172562266343
-0.0220627635785015,0.00317770673858056,0.00038530286786801,0.00866378203944578,-0.0102739740021616,-0.0242830266017271,-0.014283832073078,-0.00449952958753758,-0.0104605930252038
0.0424895948394401,0.0715627855735265,0.0493203219836621,0.0489658897187314,0.0188376202380842,0.0214683651317597,0.00874271185217121,0.0210940013681336,0.0317014152915421
0.0245717914881004,0.0458521199042492,0.0476977977375032,0.0135980099796577,-0.00241018801377269,0.0134877284018359,0.00435127870493663,0.0096849247200779,0.00117966633678308
0.0305810096981887,-0.0267580952042109,0.0148171642673222,0.00876301054006905,-0.00281150233017421,0.0083546155422804,0.0171982342989203,0.00258418150847035,-0.00202736070438716
-0.0199887124933442,0.00705919445329185,-0.0119753598792149,0.00463047512465101,-0.00736003702472391,-0.000439791215706669,-0.00188597823733732,-0.0120288857628396,-0.00684094681498416
-0.0484233030363862,0.0037169121083113,0.00486074093844239,0.0110866039963461,-0.0110147196735073,-0.0627648892720107,0.00206293223152057,-0.0115552349666483,-0.0110650712453335
-0.0716160473639807,0.00148887802705752,-0.0437970782136329,-0.0292517453255815,-0.0087724743972313,-0.0671259770029167,-0.00307490284331754,-0.000543100566181219,-0.0101403342009125
0.013814755283506,-0.00945727005058005,0.0244373232331603,0.0478948610030275,-0.00450248011767968,0.0113641263312988,0.00312713091530002,-0.000270178690624232,0.0059994776205254
0.0295402846565951,-0.00244098273368905,0.000104887333078184,0.0161809820173572,-0.0109000061071558,0.0199482990653916,-0.00611304816335755,-0.0216602641717688,-0.00907072398283298
0.0614313556627392,0.0455513614659906,0.037897257952407,0.0153996463530302,0.0067473045537659,0.0309023225222566,0.00910681406428785,0.0117322412053222,0.00963534650980429
0.00904528452048524,-0.00536366368589209,0.00511219984369133,-0.00412562551704251,-0.0117693248341499,-0.0218013993278035,-0.00571248093392256,0.00369756937409473,-0.00935474864309732
0.00909802532052555,-0.000427665117349744,0.00058690462381469,0.000398454299652876,-0.00410446722896382,-0.0278966015004538,0.00767831085905634,-0.0237996732847076,-0.00751563872405599
-0.0358633513473945,-0.0435868963565341,-0.0325212224512762,-0.00792643971467335,0.0070092195470038,-0.0371222291092744,0.00820419579100697,-0.0102987093796884,-0.0015155982320086
0.000478219290305308,0.00193566634604551,0.0155129134641477,0.0106763706368046,0.00262078443310504,0.000571022124984729,-0.00531518478733975,-0.00341964898394959,0.00680389238995991
0.0236789844299237,-0.0327385286454161,-0.02152652858943,-0.0103332507904658,-0.00214670399067704,0.0133419874019119,0.00430744983193624,-0.0258455773222942,-0.00302294745979344
-0.000294854269306245,0.00937026850458571,-0.0176061601150257,-0.000689910460082485,-0.0046153161352837,0.00724298912989825,-0.00617151603246842,-0.00320457980737382,0.000341699136958925
-0.0303386498451328,-0.040989705825416,0.00107944869034057,-0.00566322253318201,-0.0223973538133654,-0.0229214219796388,-0.0144621671856004,0.00998139271514588,-0.0196619301406408
0.0206507290120446,0.00417623587077312,0.0155258752843095,-0.000266733465947534,0.000705428090118794,-0.0111538327260808,-0.00381556608871624,0.0136135459870571,0.00544248784322732
-0.00415950051813342,0.0274601849833588,0.0130877904491032,0.0294656172060705,-0.00237142929972307,0.0170493274163989,-0.00794276954193218,0.00682269523013485,0.000334187903137333
0.0136433116953042,0.0163522098297618,-0.0247558980886721,0.00613200540655614,0.0017556389297625,0.00817652646119265,-0.0044046279790368,0.0126125572789562,0.00887633342499733
0.00577456226703092,0.0106461566943558,0.0064500424510224,0.0125519881516197,0.00486335400591963,-0.00668427211673795,0.00629410697745211,0.00111704947561794,0.00878853649572855
0.0370385972024096,0.0299490275402012,0.00787354868837039,0.0423897857681599,0.0097575325214179,0.0470588874672974,0.0162012104259624,0.0044763000432025,0.0146612392358106
0.0470420062717597,0.0404999838047567,0.0265801457850753,0.0517885960631145,0.0105311816303068,0.0369261910061091,0.000691391531726203,-0.0148135190124552,0.018141469455034
0.0678573769929705,0.0565462326605522,0.0449314707797623,0.0476953724880496,0.00577059644563422,0.059035130419636,0.0145359862012381,0.0161858941773442,0.0330712854279877
-0.0304834250344248,-0.0276477122628131,-0.013071969606599,0.03001813361303,-0.0106416201106756,0.0224662355405025,0.0200720490002733,0.00533929283839242,-0.0158086570990287
-0.0114622312630705,-0.0113217072451236,-0.0237693331036608,0.00338817994409984,0.00367176163033971,-0.0259927305743354,-0.0127363216241309,0.00367461812576976,-0.0123754854479451
0.0958678878599257,-0.0292235233864492,0.0162981471159796,0.0027218097199114,0.0039619314808077,-0.0238105465374295,0.0196646691712683,0.0139411015775434,0.019686431847927
-0.0187699473158163,-0.00354191957767189,-0.0502043369039921,-0.0347368057748481,-0.00134057707199492,-0.00900994625331974,-0.00929274016335867,-0.00967835705144044,-0.0132489623092232
-0.013998799773815,0.0349150262378512,0.00557066438984475,0.00723562012778081,0.000440491282103103,0.017682384197385,0.00396510429526339,-0.000448495658261973,0.00385975502923018
0.00211745823940626,0.0103399791618465,0.0190703008110014,-0.00216649221808342,-0.00338577985563666,0.0066820492873067,0.000286475520559211,0.0119264639721196,0.0083928114880392
0.0877753737475535,0.0400423641016635,0.0302437269458342,0.0187841732874768,0.0104401687717141,0.0602546340169142,0.0192088900936682,0.0187794360800876,0.0262168292120733
-0.0362155353358299,-0.0178387323759031,-0.0108254832508128,0.0208325494876216,-0.00366344969539172,-0.0356960128241211,0.00834450039117118,0.0127513189323113,-0.00462008365590286
-0.0752237500713214,-0.0252295083347735,-0.0385566106788216,-0.0359682449243246,-0.00076112885504595,-0.0617576325173732,-0.00234958805683648,-0.0191860011417495,-0.00245482493647742
-0.0027137518159942,0.00975299892691513,0.0157412015932337,0.0361029621312073,0.00628437498137078,-0.0200950045746916,0.0113189083754001,0.0177029675048049,0.0125746783228316
0.0776470851572362,0.0194041806556961,0.0201701995928569,0.0294614647569966,0.00408291103418369,0.0432653276911369,0.00787008524599209,0.0361904809786183,0.0105167366198912
-0.0171068479919442,0.0210455236922717,-0.00178062545922532,0.000956335517747961,-0.00381254932939621,-0.0156202456655905,0.00105058965184927,-2.61977642210473e-05,-0.01243696695011
0.0357619966766126,0.0130776942118276,0.0133703841399682,0.0255900501713848,-0.00745991086505929,0.026064633200368,0.0102051195267069,0.00881086036440158,0.000130014181920175
-0.0614335495086943,-0.040485639928506,-0.0522417056412677,-0.0313315682047263,3.68951864242596e-06,-0.047192658900578,-0.0116728142342264,-0.0460457699013756,-0.0077499860017288
0.0333170471914222,0.0431774407187538,0.0293407403397016,0.0192489769346872,0.0147940851835336,0.0219549142104843,0.0159593230588489,0.0165812065871895,0.033813612451105
-0.00539102215330624,-0.00416122529660354,-0.00416515861698318,0.00333180005730106,-0.00576836163600413,0.0281154535657759,-0.000966897696910017,-0.00767679214886536,0.00505673339788037
0.0600005933664621,0.0357654663242795,0.0292242909041449,0.0115300896351047,0.00324615535785746,0.0162664329075049,0.000640281874125967,0.000968536457456279,0.0162075637461953
-0.00200997783826466,0.0217763441830221,0.0214365924835844,-0.00504074361995688,-0.0140602448759108,0.00406917960349809,-0.00183754376936618,0.00132866649324819,-0.0102603359999126
-0.0327236640045829,-0.0276734659566983,-0.0240015687576677,-0.00937175868347823,-0.00829536601044938,-0.0272802320525168,-0.0408295270780466,-0.0363060777882804,-0.00928150030290607
0.0198181668785148,0.000416977506765327,0.00619181462382624,0.0393404119743322,0.0112199897198395,-0.00274349732667278,0.00837062345013702,-0.00652871196335444,0.0207814657368156
-0.0261201213430385,-0.01031300290553,-0.0129611882330794,-0.00729659514409897,0.0034265648939576,-0.00938126391290357,0.00327712577903859,0.0186966272414098,0.00224900400501163
-0.00619751621178463,-0.0176245089542338,0.00206728207378564,-0.00292252264035765,-0.0126797200569285,-0.00716168304756796,-0.0113002321007003,-0.00728279339155615,-0.0144737953290187
0.0324494202353225,0.0433994616756245,0.0104326796505916,0.0235958454233236,0.018988219226194,0.044403922896073,0.018882022329544,0.032702461436763,0.0339808623288825
-0.0233371190982731,-0.0569905999792081,-0.0201101660710155,-0.0417720710744317,0.000644457158124741,-0.0299495372085787,-0.00361035787504349,-0.0157920254824933,0.00425246505415653
-0.00337581064864459,-0.00820093477166461,-0.00250370094423016,-0.00116810755597217,-0.0074187817720846,-0.0147140323420013,-0.0153150060575129,-0.0383882452537056,-0.0472544557605667
-0.0260044124483471,0.0210407573895219,0.0136860258344885,0.013158502419709,0.0177248746676552,-0.0239407329671832,-0.00598162297199536,0.00304950550391801,0.000994604272168197
0.0333662488480072,0.00175742667469559,-0.00163759789440574,0.0161987715197362,-0.0127818555166054,-0.00853283327525263,-0.00607113587325825,0.0113997591958152,-0.0125235980775972
-0.000983702708356238,0.00954418394016496,-0.00372593560488545,-0.0147017973073988,-0.0196732879360602,-0.00154982461389243,-0.00518252542802519,0.000467452972940974,-0.00821528287598025
-0.025795450080324,-0.011372382750676,-0.00740573361753677,-0.0120886354449026,-0.00336716302888247,-0.0132477206113737,-0.0100860785773149,-0.022980902868068,-0.0416196847585179
0.0100386684457181,-0.0356529850533751,-0.035254739862382,-0.00855690641663874,-0.00158358343390248,0.0111975976550676,-0.0138786869013694,-0.0123381642574871,0.00205747397240098
-0.0337054523023789,-0.0247752802098278,-0.0121683396811996,-0.00839374160431472,-0.00491304975571429,-0.0326710353369401,0.00191357418219499,-0.0170067008474729,-0.0141694549280964
-0.0214307776950671,-0.0103610171160153,-0.0191342795859529,-0.00890935509722392,0.00419625372343113,0.00282198109489362,-0.00780536469879373,-0.018525848868833,0.000457662849566765
0.00296581514003085,0.0179705744562837,0.0120022811088793,0.0180533098668303,0.00061009615930976,-0.0246942979324595,0.0158707885344533,-0.000415458779736933,0.00228223128611942
-0.00978617473160968,0.00830705227036452,0.0129125650847355,0.023880325323202,0.000562525906182682,-0.0172086436007566,0.00197899724675311,0.0214091927024719,-0.00362977483254985
-0.0174019339920806,-0.0164555985695576,-0.0326588414156802,-0.0146541349940439,0.00107908179179851,-0.0333341337756817,-0.0142142347379397,-0.0145806888644042,-0.00686825779678567
0.016515277224201,-0.000299813122957421,-0.00327117423268249,0.0142864036305416,-0.007337681890794,-0.0062682730322604,-0.00971499231148853,0.00698560324137795,-0.00680333786356445
0.045076652158763,0.0151174109443496,0.00826750454811922,-0.00420415665129705,-0.0099768729862807,0.00235743094235323,-0.00269187650358959,0.00469458156039082,-0.01496074298105
-0.00228651827074613,-0.0173730401669312,-0.0069729916884877,0.00379932910466431,0.0087863625594872,0.00370339200404775,0.0046180527057964,-9.02115093055485e-05,-0.00744355131352295
-0.0916614653668281,0.0110142122627173,-0.0413288587874643,-0.0510678300674548,-0.00552830346905792,-0.0634239274747015,-0.0228465806270153,-0.00624568757172169,-0.00923612282608522
0.00315572776307918,0.0264249118268204,0.0206841395655744,-0.0168980527626543,0.008366940316507,0.0125952151097138,-0.0253955699894227,-0.0108402091355525,0.0156982424099325
-0.0193336588144147,-0.0273478742092761,-0.0128739886225329,0.00690961395974127,-0.00988890009648939,-0.00720222091060384,-0.02208654311685,0.00752302968216879,-0.0136619481447598
-0.0368427274166982,-0.0243729862145054,-0.0306572302952,0.0181376492963971,0.00630102240133141,-0.00732311707788548,0.0216525368615028,0.000941819922656825,0.0169250974555755
0.0743635995365468,0.0226176574956433,0.0376354355984458,0.0407323923130217,0.00475706835860968,0.021125808174583,0.00358840998198021,0.00270925116069712,0.0241152313440045
-0.00800682230628719,-0.0231419271087709,-0.0148341782718014,-0.0140224881494622,0.00226305003766167,-0.00865506715141185,0.0233789747972569,-0.00177956435104234,0.00134227837611604
-0.0679855013098935,-0.0258214235364676,-0.0175441208471465,-0.0334362313021628,0.00469402442596423,-0.043495006946768,-0.0173058186308055,-0.0271253888133888,0.000842582036778911
-0.0282737012921699,-0.0141999401526246,-0.0152460505305893,-0.0215640892026132,-0.00148259764537713,0.0118994131112308,-0.0127365675406347,-0.0218484365566905,-0.00572717579863333
-0.0650277674111776,-0.0155304551722765,-0.0133999615231906,-0.0381686033842432,0.00142847753739347,-0.058333621847225,-0.011295615530721,-0.0152128862019655,-0.00605917428278723
-0.0177265456226164,0.0116798274240098,-0.00439389227761999,-0.0148361093496696,0.000684951307902469,-0.00289666701227906,0.0148321206206759,-0.0054909128904529,0.0118310028983519
-0.0389121227803869,-0.0195367362648417,-0.0279428350675948,-0.0204440272294825,-0.00949558306011245,-0.0838680723918065,-0.0305497649740936,-0.00915853109905642,-0.0130094263894073
-0.00156060864224408,-0.0239540166120284,-0.0399615605426083,0.00588477480816955,0.00113541215846241,0.000288940873452709,-0.00216249935522479,0.00387236032578087,0.00254605727246103
-0.088348104220219,-0.0561399330899574,-0.0273748134016047,-0.0287102122617869,-0.035841102821754,-0.0525195509073628,-0.0129212588991032,-0.0516002540080644,-0.0537149711733549
0.0582457075147225,0.0201626449706364,0.00440482168748606,0.0588253911725546,0.00948351391463233,0.0752354441894976,0.0102327527227087,0.0240140364999333,0.01979115102693
-0.00988997248492585,-0.010752223109769,-0.0126135885396679,0.0159358987182921,0.0182859349287837,-0.00704274000043772,0.00260151087370606,0.0106228297290582,0.0187389445716028
-0.0824941902286039,-0.0255480767878342,-0.0559087162745059,-0.0574489620668392,-0.00741044732123208,-0.0505107598638272,-0.0103135295679162,-0.0317493410416755,-0.0122052215187151
-0.0393509164012686,0.0111774558665856,-0.0214852277897204,0.0219158441814347,0.00437712938715738,-0.00548751015285286,-0.0113290005995682,0.00240180418016363,0.000659232460341437
-0.0584490014536224,0.0252742739045863,-0.0104063942196915,-0.0383793296677497,0.00732691513376059,-0.0554436265394156,0.0147444913463497,-0.00802142720510431,0.0108591073775042
0.0169522235870017,0.0162343072776086,0.00789542135373299,0.00584987869436534,0.00491650240043797,-0.00935192880693616,0.012297999940216,-0.00245660766559771,-0.00582666438869806
-0.0569744475546927,0.0117901435432608,-0.0393244650640954,-0.00835939099487633,-0.00293215303468631,-0.0627668573464548,-0.00374562256849195,0.0129974173513696,0.00340218773275241
0.0293200469742137,0.00681683846009747,0.00179647837892648,0.0213420801445296,0.00310174138103322,0.0379346856693148,0.00408345508284078,-0.00332461521704768,0.0112641754086421
0.0422960859238813,0.0291721036107361,0.0214497851379343,0.0055612755035771,0.0158697658753473,0.0441185570442466,0.0175606790196624,0.01536468200255,0.0167145144917781
0.0138620145923249,0.00533621982816227,0.00508471537853684,0.0149954613628269,0.00848635051960891,-0.0113846739548259,-0.00654130916760097,-0.0034355637628791,0.000210446664129604
0.0348289452659669,0.0418608946555194,0.0103127715061222,-0.00171482289692628,-0.00177589109476772,0.027512751309475,-0.00644434928180166,0.0130011242818668,0.0101675223836507
0.0401299943381743,0.023320382224491,0.016975967198247,-0.00372459383081572,0.00521846324581697,0.00452299784600459,0.00202504740634356,0.0158918503429387,-0.000115154861225963
0.0191453666485205,0.02370550442446,-0.0043429092783712,0.00680444489594025,0.00587696443753981,0.0310146851300937,0.00330264807026734,0.0342744627887478,0.000916688930647854
-0.0399234975484375,-0.0337880943458151,-0.0103541338816216,-0.071101329949768,0.00570280371189961,-0.050524506987608,-0.00371248580439011,-0.0101683249133558,-0.00222579837670879
0.00170088166026981,0.0209253169751829,0.000354225448717297,0.00191091989269758,0.0108170516134727,0.0095261096083642,0.0225279591185654,0.00846587615825099,0.027370025464379
-0.0397445624815732,-0.0072902024181815,-0.00110254904531141,-0.00798014605026871,-0.00153952002669439,-0.00701447197416076,0.00257191727760817,-0.00785313879897075,-0.0243362031324594
-0.00244268908707388,-0.01243818282146,-0.00534308943615784,0.0213479157942531,-0.00223458080145292,-0.00734562055803853,0.0055294200887623,0.002008438599934,0.00191292306157408
-0.0539481439647804,0.00242199888647826,-0.0360299300712804,-0.0294124347704192,0.00123513436774021,-0.0155957735798179,0.00941460017458248,-0.0136582624949486,-0.0056487781892922
0.0436334095727011,0.00511910765905122,-0.000649762084467569,0.0334052426451104,0.0011522068430645,0.0234631018949883,0.0107498413783834,0.00776342084296677,0.000806011921923229
0.0179191614767775,-0.0102807277501797,0.0314714259698583,0.0046486114361628,0.00546577769253271,0.00520053445189681,0.00465904711120201,0.00995962133205636,0.0106204810079216
-0.0243508605171433,-0.00301060514525168,0.00970397524362362,-0.00269812277151029,0.00711811369945926,-0.0100772314535818,-0.0011120890168043,-0.0141277132524702,0.00689449535719009
-0.0083959741960121,-0.0270683874692795,-0.00880766671897131,0.0199595608497345,-0.0111857295542492,-0.00879233979618019,-0.0115096307087199,0.00253749253689036,-0.0133639876042914
-0.148469382372759,-0.0574527138491897,-0.0471760939649375,-0.074897649971911,-0.0108362869610337,-0.112478183511519,-0.00528386386483885,-0.0235749569733953,-0.0245240782777052
0.0565873878331952,0.0104279841646402,0.0114512986658413,-0.00407688034775308,-0.0131127641064955,0.00841096177609944,-0.00527830355591382,-0.00891917803757877,-0.0044178796289164
-0.0446642980050412,-0.0095278174120622,-0.0240910355352212,-0.0242010604531224,0.000471037887702571,-0.0656564755929483,-0.00460814953218288,0.018087946850285,-0.00457904541655662
0.00788641027834877,-0.0259819284791163,-0.0287972930954711,0.00234421683018068,-0.00105501424165652,0.00708454442145276,-0.00152524517306211,-0.0174154430021424,-0.018787585263395
-0.0231695601640784,0.0152512808349962,-0.0108465609066619,-0.00661228053111686,0.00320772851399712,-0.0351229812371521,0.00441078150550056,0.00105254165100733,0.00662211623781782
0.132472102724649,0.00268040179790722,0.00499275443338619,0.00884861474566105,0.0131107721393617,0.0414770003567968,-0.00318694816170781,0.00771380756502691,0.0105725468677221
0.00281269187774873,-0.0141954618123822,-0.0213274437933482,-0.00917644061990821,-0.0024645697140787,-0.00413071951206146,0.00250547532686276,0.0176285477323111,-0.00321271920786954
-0.0168045985489475,-0.00170984654522347,-7.39537320775811e-05,-0.0346341116495536,-0.00938112425015729,-0.0479529892491863,-0.0270179546377027,-0.000267175495658463,-0.00758349150435803
-0.0645268153142632,-0.0222591792129725,-0.0271869832470803,-0.0145259890352631,-0.0143974118923362,-0.0690082137616101,-0.0244097103090048,-0.0194708391306011,-0.0308789475434474
-0.051067604194341,0.0110427609608825,-0.0238430575743096,-0.0266191922410146,-0.0011597613908849,-0.0346586076884894,0.0127720088682681,0.00504398417161683,0.000493147837959868
0.121196161749628,0.0236662835551354,0.0433632534266933,0.00969030461522075,-0.00189886830351772,-0.000371013503424547,-0.0194207963632012,-0.00111815064736385,-0.00165603153887875
0.0715078902803472,0.0707820675464067,0.0445890557538837,0.0579726925809593,0.00537883841809233,0.0349012282260559,0.00958008144045454,0.0234892346165478,0.0299512033742446
0.0747501082530548,0.0261125326518752,0.0301111399450542,0.0427888171108846,0.0144106375115915,0.0487717111369914,0.0162120490476662,0.0211894973445452,0.00897979145620887
-0.0739266229014617,-0.0129259054864605,-0.0290536327671494,-0.0373691292076375,-0.00149534883791463,-0.0749195626372463,-0.0180389712279121,-0.00702777745401344,-0.0067779142227834
0.0251204029949369,-0.0151394553286274,-0.0173502231043232,0.0209286942150501,0.00219760066693294,0.0166664090484146,0.00782448287328892,8.42607338969083e-05,0.0129499112360899
0.0102327030594206,-0.00442535508624504,-0.00689094267913826,0.00566002912345283,0.00471729422518425,0.0275372235430321,-0.000148121296561008,0.0126800957062358,0.0065451601778352
0.00802594648734316,-0.000774172542287883,0.00943146031750822,0.0144983141952717,-0.0126843567669232,-0.00644836573043627,-0.00846218652144707,-0.0156902494127231,-0.00971996056158175
0.025775411753399,0.00620814631579635,-0.00379981186613249,-0.0122964301405077,-0.0115185893448625,0.00829003731237008,-0.00259100605794427,-0.000876433997036709,-0.0218891107198579
-0.00834015094426421,-0.042499455433537,-0.0270392045834794,0.00255905766779157,0.00495361168908032,0.00606198948408297,-0.00734799315397341,-0.0117325353181056,-0.000221604965546289
-0.00647339058011594,-0.0221048017925618,-0.0268053474398219,-0.00951717117108029,0.00521741512961496,0.021755846951247,-0.00261319568803779,0.00267931854192927,0.0106689943837625
-0.0081738110030773,0.0126843162338974,0.0203435198544705,0.0160083737555702,-0.00370539936818847,0.023323803624664,0.00802499768062391,-0.0203977143393901,0.0109473213055483
0.00630804645805282,0.0193116261931224,0.00984220436923285,-0.0107967284670217,-0.00822293071354022,0.00701151435996399,-0.0128751182962089,0.0209297316749743,-0.0039025632123033
-0.0115457879495855,0.0054385307493546,-0.0196485553060002,0.00247614363084027,0.00122754336306412,-0.0265182519048869,-0.00559520652339621,0.0159332905428225,-0.00447785544862286
0.0725347105354608,0.0365597411901043,0.03120067859542,0.0343948191574586,-0.00204413482419994,0.0584198738591635,0.00977348853318373,0.00708517264026359,0.00485173583623965
-0.00355907682299299,-0.00532827463629698,0.00958660559731021,-0.0118921108001894,-6.9796759420316e-05,-0.0405968170461056,-0.0147005072353914,-0.0200233504415151,-0.0107755421125584
-0.0516120856857182,-0.0155157709986582,-0.0123458245609099,-0.0193891817135275,-0.00454527877839991,-0.0367588107081443,0.00607475899847349,-0.00769124904165863,-0.000475488753362551
0.022633380446548,-0.00297977886303173,-0.0109291393733308,0.00575823103151388,0.0188789711324087,0.0267466842153436,0.00742186112101494,-0.000821969110516743,0.0294386070204896
0.0660653130137042,0.00722455159914966,0.0149058344601507,0.0188119621120533,0.00304115437958444,0.0358050533272934,0.0058465298765721,0.0321957937224055,0.0175711735055112
-0.0116251244309347,0.00304862335893009,-0.0151128522219458,0.00175661861890217,-0.00522450458896072,-0.035544970401772,0.00374725978015782,0.00545275868776449,-0.0104592865408641
-0.0226404309403897,0.0262709220519378,-0.0162159193830179,-0.00958484088926804,0.0057819365813674,-0.00948623835277824,-0.00030100029501614,-0.00363926594351692,-0.0022260949370559
0.0356894832136809,0.0267859572710485,0.0197823615765537,0.0219498833593468,0.00397052716713879,0.0494925382879415,-0.00404248818950063,0.0176916166202631,-0.000398994954981238
0.0914407414951976,0.0196128631593423,0.0235150772853279,0.00791796456219533,0.0025796289105853,0.111860054236743,-0.00172511712493621,0.00521745862553826,0.00778812068740669
-0.00641682534747587,-0.0117712909426792,-0.0151781030036549,-0.00884240908375341,-0.00382185848254971,-0.00704385251565774,-0.0076422814680342,-0.014832110407962,-0.0137868763399991
0.0633162513397633,0.0438635323634098,0.0274360599859794,0.00403224769908,0.00065259115784548,0.0543725263941821,0.0141198508049747,0.0360085657659068,0.0168357816790709
-0.0510041750210975,-0.0128234560154652,-0.0167727450717272,-0.00851719159364544,-0.000759288946186033,-0.0474730292755843,-0.00338197227568889,-0.0136316956842291,-0.0110793995693721
0.0253830695883516,0.00161698803569444,0.0207001374222085,0.0327891683920261,-0.00432870919754294,0.00843482948114391,0.00241658806038282,-0.00543550999502126,0.00202361729245236
0.0265400863838068,0.0024609147561499,0.00577508681652884,-0.00263288837813158,0.00339307580720423,0.0169541860018677,0.00223756531959812,0.00318404069362113,-0.0115756375462536
0.0163345695195315,0.0173783268677527,0.0149867524299514,-0.00801517153149878,-0.00277488323536391,-0.0101852999849165,0.00664915240661887,-0.0112227919661104,-0.00382170400159263
0.0192817190405559,0.00173370045874818,0.0108104918128328,-0.00632102120967837,0.00849682261473707,-0.0634579604734339,0.00838563019497109,0.00367303774573602,0.00669301792397826
-0.0200637126965155,-0.00832302320467784,-0.00379156564839229,0.0196726221043436,-0.0143895080232293,-0.0224516252628117,-0.0171462595953879,0.00216587771311567,-0.0277463950712331
0.0301188094826083,0.0208028009661105,0.021195647104164,0.00931878408390859,0.0126230679678585,0.00967145680611205,0.00416165779703548,0.00675300983241433,0.0130515097292874
0.0360529307546543,0.0100100157115813,0.0200433195648493,0.0349234206308545,0.00856339990901375,0.0349579208161294,0.00549365335141061,0.0132680747887379,0.0293553789500523
0.0367097828869212,0.0366090122946998,-0.00714532975930899,0.0362825956760948,0.0233440687969337,-0.0238384492575923,0.0283019434142107,0.0623103702151244,0.0630226520763042
-0.0838008458126307,-0.00196057109665087,-0.0354386489627673,-0.0166461581765575,0.000223366186464629,-0.0468638489470899,0.00733623850427382,-0.0082458119157401,-0.0229428191124702
0.0334068044139978,-0.0132997756607519,-0.0021788696405103,0.0217023807677286,0.00625407607190869,0.0245392385411988,0.0069614209127757,-0.00766490137630163,0.0119604774291782
-0.0381102663124794,-0.00522110136988933,0.0100689612618047,-0.0109579966137779,-0.00874467610046729,-0.0411298906668739,-0.00327227664215432,0.0118220726290799,-0.00736397616208605
-0.00714420157403952,-0.0344769693747889,-0.00993570252555078,-0.0166796949915588,-0.00696757221380044,-0.0192204528582681,-0.0077101294296091,-0.00250744492683806,-0.0114148432418504
0.0463921580814292,-0.0138730354432492,-0.00514951003219725,0.00561276487102807,0.0021458723731204,0.0187329326203459,-0.00869742598365408,0.0159054636096704,0.00289517132189997
-0.0179847084850299,-0.00619721773996557,-0.012314904570734,-0.0117206566487726,-0.0148074810992444,-0.0353144401299826,-0.00125176931047843,-0.00688719263385561,-0.0192478761623171
-0.0790592328910472,-0.0412097789307213,-0.0337827731685349,-0.0450431913757377,-0.00613103628457417,-0.0389672063850473,-0.0150172212709038,-0.0221816483150693,-0.01440820309726
0.000440697587279939,0.00742493560619461,0.00610779092568414,0.011715945040915,-0.00237274142816552,-0.0178806238754122,0.00463625079294614,0.00364373994826211,0.00137196372323277
-0.00144485139866349,0.0112475463990591,0.00196274074704502,-0.0192919144055818,0.00192490816293337,-0.00639378078077979,-0.00875325923487713,-0.00553943535795047,-0.00331021700113606
-0.0679416683600256,-0.0165828255533835,-0.0178049831757216,-0.0390220254569959,-0.0196824408476245,-0.0647159190028222,-0.00311440877583789,-0.029426599985569,-0.0187729146325828
-0.00257063599622251,-0.0151114297742243,-0.0288177963368381,0.0148843024243016,0.00232106017788862,-0.025150772177514,0.0191901838743821,-0.00498804628546408,-0.013192629015296
0.0107273908484448,0.00450911493562698,-0.0232018304078084,-0.0177980467913287,-0.00141118271549468,-0.00866971334054322,-0.000126032215799673,0.0134779690262258,0.0125088249678065
0.0181937259801883,-0.0135937643558975,-0.010246931816917,-0.0052969954006775,0.0101937366996698,-0.00313866412438372,0.0176049024550241,-0.0121889272924433,0.0221163881239054
0.00320736486657393,0.0233351462828459,0.0129216654110887,-0.000152097042458388,0.0107530702983451,-0.00166777468653747,-0.0061347267862554,-0.00672232454586594,0.0182699461136208
0.0142127919039093,0.00658966545657754,0.0116329182096346,-0.0101438591858705,0.00674922199380151,0.0169885904444271,0.00174352921618607,0.00885432289517297,0.00925832804845509
0.0407560592197269,-0.0159555459119753,0.0051142339703661,0.0263757708790716,0.012231473162357,0.00635885796123727,0.00637857515903425,0.018801057952633,0.00933924181053306
-0.089825408432713,-0.066108496570143,-0.0417263640375161,-0.0572187996577861,0.00799743897562458,-0.0713265361753204,-0.0065235595168305,-0.0216052324580671,-0.00604171802251249
-0.0793112212736776,-0.0187163654719543,-0.0390479806259678,-0.0363249513408776,-0.0249994806792047,-0.0466571669230103,-0.0190467794743288,-0.0203642371465923,-0.0248249513704448
-0.0522582962141077,-0.00913260726859284,-0.0180502994946724,-0.0291296326163895,-0.0176628024424312,-0.0266437441096887,-0.0187537788980309,-0.0500361030148439,-0.018890587147952
-0.00658722576134382,-0.0291012099690025,-0.0337449379768854,0.00413511717662812,-0.0120259480403575,0.000821892995093895,-0.0139303669707746,-0.0114818617039795,-0.0141974159090274
0.108342092797814,-0.0152901850393803,0.012207560346587,0.0312582913097615,0.00516400344101512,0.0660214789204167,0.0338476067980994,0.0238951306687871,0.0139977179220636
-0.105412783770212,0.000785883389634938,-0.0368460577582367,-0.0342538754404283,-0.0108805896130782,-0.0660674281907656,-0.0247060582707044,-0.0310297978329802,-0.013163608317834
-0.0190719550620947,-0.0118526712273746,-0.0329202318754017,-0.0277276419666702,-0.0101286032032161,-0.0150933060899602,-0.0129877203523539,0.00223058632352593,-0.00136268763949566
0.0172319663800069,-0.0343761966851227,-0.0382046098303157,0.00463574802779598,0.00683942108876791,0.0111187705581834,-0.0135853566335492,-0.0185426105054699,-0.001978383214493
-0.0350371213050456,0.00296268104258234,-0.0068253876832348,-0.00149194404138118,-0.00268758430625372,-0.0158824142296791,0.00131330313953078,0.000371076956398723,0.00476943385617111
0.0333219623509981,0.0219944022925438,0.0288137608943048,0.00242293337567593,0.00219936696109791,0.0103265116832428,-0.00492385865663816,-0.0165961554483324,-0.0033392192120074
-0.00726194325811301,0.0237591817839936,0.0290121634751545,0.018477174736313,0.00301386648058951,-0.0144913306952713,0.0125090083054883,0.00341435770479065,0.00814917235663281
0.0601176880065758,0.0365607097472166,0.0236997981518446,0.0852040941622517,0.0131970674876267,0.0675482290147998,0.0281555288485435,0.0602499039307096,0.0279373382746917
-0.0847516746694298,-0.0636962078860965,-0.0622312243597493,-0.0473003180969536,-0.0147427224709033,-0.0509940890669704,-0.0141715597227177,-0.0167475342421434,-0.0254924846780229
0.0307969718727312,0.0323753188417695,0.0173486419505975,0.0262690467082315,-0.000827106007255099,-0.00499134829855225,-0.00220485527952562,0.00768153167311054,-0.00552433213759978
-0.059932736434615,-0.0213590519280806,-0.0451953949368605,-0.0400986317728673,-0.00277354497850976,-0.0356383961244276,-0.0221183489107044,-0.00796265684786766,-0.00193589770053191
-0.03753832890712,-0.00282767387698996,0.000375945760642932,-0.0182185690665994,-0.00198172632623243,-0.0424728618485868,-0.00694379736725249,0.0114704472796599,0.00552509052547853
0.0304246020745049,0.0211162825785211,-0.00089945839665434,0.0332523754729828,0.00917995767347735,0.00724690673121676,0.0297257102208166,0.0216260100610422,0.0379717884725624
-0.0318388827538363,-0.0156703607726181,-0.0312179700901976,-0.0166875347936261,-0.00793302427123633,-0.0213839259755707,-0.0135987487009549,-0.0102630179372205,-0.00258759591634041
0.00181145904986371,0.0130989338912276,-0.00372454723992333,0.03321386995843,0.00211076125763303,0.0318182370284448,0.0124113187547724,0.0255520038719342,0.0224370731611812
-0.0731484281736648,-0.0405608155638784,-0.0637333036016863,-0.0544427407968627,0.00242075642650682,-0.0674182231393621,-0.0012505591224817,-0.00875543746700209,-0.00357723974455295
0.0418735825310448,0.0527821411230349,0.0551948960967475,0.0497579035415297,0.0127256192124878,0.0380239438003141,0.000763986649474991,0.00610960235982758,0.0338926416288977
-0.0353528064168858,0.00333347278276381,-0.0265461329647451,0.0102856666663377,0.000160012857193546,-0.0223772236676596,-0.00534147774776009,-0.00454827033087186,0.00115542628078575
0.133732434571798,0.0623295392638809,0.0625519246438884,0.0570302300056918,-0.00349834264999259,0.0866911121142771,0.0236261413303696,0.0173544696704512,0.0194302881923297
0.0395596383276994,0.00668678132403059,0.00584807387714914,0.0226768646965585,0.00701850956457412,0.0175823468998921,-0.0146182197080402,0.0153133755254299,0.00581872831945685
-0.0444784273979754,-0.0427721206869946,-0.0496271363496655,-0.0052050672055867,0.00616199148249829,-0.0041081904780606,0.00779322636319616,-0.016800761320695,0.0045504357262016
-0.0228553749061621,-0.0254629003784432,-0.042365777513282,0.00737324989664065,-0.00661018743321233,-0.0293084286300047,-0.0121800387851318,-0.00353116582140739,0.00224929309221816
0.0112261086308241,0.0324066479664146,0.00724414051682495,-0.0200871158293149,-0.00541644710234571,0.0141767117082199,-0.00321838725194186,0.00461804527264809,-0.00245284949279377
-0.0144619159269241,-0.024103564783253,-0.0452085448613844,-0.00421424046441668,-0.00549619789265761,-0.0286100588172246,0.0047935305257766,0.0204507523907619,-0.00739853299319292
-0.0412250597241164,0.0231563076232118,0.000945144100188922,-8.95433311022232e-05,-0.00124843594969068,-0.0233076292815631,-0.000897683820942902,-0.00122540854971819,0.00209285946027464
-0.0126639289835669,0.00453599638011667,-0.00319474713339628,0.00644645573075898,0.00950906926458134,-0.0168975898675311,0.0117704452862387,0.00855737071752508,0.0124575190114668
0.0279144750913234,-0.0272219519934417,-0.0256533089973604,-0.000920826434957908,-0.00420249897291964,0.0242240981062034,-0.0094308176141734,0.0111971455922699,-0.0051026218347359
0.0109074095493442,0.0248446683080369,-0.00789333523437694,0.00836747940942343,0.00241639477649085,0.00684087559348477,0.014282582589449,0.0232752463586872,0.0162482347616809
0.0269911889005016,0.0101858379471148,0.011964211173264,0.0136010909340737,4.43690701413725e-05,0.00681515126707129,0.00143793589697166,-0.0129696148300721,0.00418844044307513
0.00979927529772302,0.0128736750549382,0.00823011904394901,0.0283713503208549,0.0158893896105851,0.0277399104662771,0.0037844455266593,0.0518891507012941,0.028093130951515
0.0116502324644776,0.00568198288228281,0.00489673728552536,0.0715243122872855,0.0149569273779531,-0.0170613263611694,0.0268675249773573,0.0337872958631617,0.0173573159689128
0.0138408735783753,0.0169151773805295,-0.00706756220492307,-0.0209411950844422,-0.0104529406807181,0.00635128306544476,-0.0369003843554115,-0.0107483047757045,0.00421195900073211
-0.0138995156642811,0.00398300874895691,0.00487239924184714,0.0123411047952463,-0.013469606475972,-0.0151954732991964,0.0110694167623808,0.0095916152412836,-0.0120064015678272
-0.014950597129403,-0.0173857563292853,0.00312164972819628,-0.0040825887433394,-0.0147743498431266,-0.0290497640022279,-0.0158335341369215,-0.00575894132593502,-0.0201888765599195
0.00286790303600399,-0.00866469485111761,-0.00214873482395492,-0.0063144906756988,-0.00324147725598545,0.00407394802142837,-0.000757699420766696,-0.00313951403894056,-0.0123953019043774
-0.0685808384950884,-0.0154400421065781,-0.0316660494156773,-0.0148573497130076,-0.00481865916838109,-0.0478569201129725,-0.00182002853273313,-0.0182336615160541,-0.0176191065452512
0.0186000648765082,-0.0136187694275711,0.00467251097314299,0.013465485376136,0.00378922341118823,0.0127450347467752,0.0144125290701938,-0.00455159708252751,0.0127332712376952
-0.00112772298015545,-0.0216334772577358,0.00968337424717313,0.00121730442085591,-0.00407976689576382,0.00574884343703779,-0.00180839894379589,-0.0012319212249559,-0.0169590950068349
-0.0915562863629274,0.0207286152959309,-0.0591982630916702,-0.0467528107927146,-0.00287040835741986,-0.0347350096558362,-0.0162124613679582,-0.0244274550874031,-0.00318896991846303
0.0174635135510118,-0.00623639708000283,-0.0161264271516829,-0.0212460768265773,-0.0123119788889783,-0.0186221356387254,-0.00868086938192453,0.0170061432754787,0.00652459790249406
-0.0600334336417882,-0.0407362392897828,-0.0199310765877089,-0.0558901642961907,-0.00543479829259205,-0.0972312926215852,-0.00707068913014992,-0.0173551721867662,-0.018351355309081
-0.0131985422588404,-0.00346880838264438,-0.0106006344761675,0.0144795933578919,0.00393420181862482,0.0181743622446628,0.00845194287822375,-0.00206948823545837,-0.000432789565004781
0.0190774716179892,0.0224401357039229,0.0193429057144582,-0.01098469650085,-0.00345790713363149,-0.00389271723085599,-0.00268192057972183,-0.00383834935131727,0.00573397761811584
0.00684986682280214,-0.00857942805955307,-0.0116100650272768,-0.0104459215832674,-0.0129860101126484,-0.0147134201800203,-0.0322769823689478,0.00311032360318888,-0.0170240481212086
0.0867092938863055,0.0411965944954004,0.0502298772369958,0.0207411472208198,0.00463489079152431,0.0631660294385699,0.0199517857378674,0.0204547930929409,0.0165127486346355
0.0264194008790557,0.0138019586749694,0.00456464613467834,0.00701044916513049,-0.00705766578474506,0.00316280372180138,0.00122362879291471,0.0235832162580577,0.00525127240719159
0.0612521025515133,0.0387658381069095,0.0509598581783021,-0.012566262996748,0.00753353776833875,0.0307179628469405,0.0151442317825237,0.00258553388595829,0.00789104830165127
-0.0273956062156505,-0.00296101761663746,0.000895983230260143,-0.0156673732773765,0.00576480127207458,0.00759736469664755,0.0156752830466699,0.000103562849013018,-0.00686656522915144
0.0159755030766931,0.0100868084949987,-0.0200015907842979,-0.0129713951218054,0.000783224553384947,0.00153103955068768,-0.0184922228891875,0.0155889960591666,-0.000387617917496417
-0.0461207231104055,0.00687737089467788,0.00174881847338946,0.0109443981887813,0.00881707395889803,-0.0223986695938465,0.00315724278291537,0.0174294393327671,-0.0121228678509843
0.00933162926326354,0.00257209816697306,-0.00459282406674672,-0.00766767492604061,0.00114327127289359,0.0079616118629529,0.000545978108719942,0.00705056881748052,-0.00612418993532044
-0.0801307774471459,-0.00274689832141359,-0.0339776166188638,-0.0295510517680679,0.00264446130358394,-0.0634609782875066,0.00114137411261274,-0.0154441034453116,-0.0180398441968769
-0.0054118357257337,-0.00139961943935127,-0.006706510117916,-0.00889012896537803,-0.0162957294136243,-0.0170129421378641,-0.00334212858792348,0.00260702189433008,-0.0035724733387186
-0.0230291407337648,-0.0344863027426132,-0.0130796033758231,-0.0363945440378493,-0.000898372759639309,-0.0261748969271295,-0.00793716158759601,-0.0418546572276552,-0.0218685836133841
-0.0552927165622694,0.00273369025085327,-0.0327943837361155,-0.017811345192433,-0.00551667196531371,-0.0609673394313799,-0.00991694838765651,-0.0109843547962879,-0.00441315551566791
0.039048260898214,-0.0100671744661999,-0.0203522466715076,0.00312171619666463,-0.0139489464846869,0.0207032935233171,-0.0185401742873573,-0.0168274832329496,-0.0102225269235352
-0.00790263201747011,-0.00158005094487311,-0.0313285749957201,0.0150448773322841,-0.00690038811308777,-0.016803706632832,0.000853588733865857,-0.00170670514494038,-0.00468199369212411
0.0260861201758204,-0.0223036799947766,-0.00151352296243259,0.0302853537477773,0.00335596715731855,0.0364662057996111,0.00965415424689168,0.00359584247601363,0.00353109174830127
-0.0410607655777543,-0.00461606544495809,-0.0123444515615897,-0.0248540816757303,-0.00615854192047126,-0.0349119035275317,-0.0215324222852406,-0.00521075915746812,-0.00891946542745864
-0.029948127056401,-0.0168993667433762,-0.0323777518516337,-0.00488923579534631,-0.00909957153018511,0.0139749336399289,-0.00355452134358229,-0.010510258113058,-0.0146256971841895
0.0574184794509116,-0.00673264343872781,0.0119349432026652,0.0206171997065351,0.00749908960061132,0.052227996269382,-0.00182279867425776,-0.000333939183466909,0.00886083642820926
-0.0618907093881056,-0.0286957813444602,-0.0338981240512649,-0.033072665824658,0.00513515232504422,-0.0454572129039587,0.0204989317170452,0.00867816302820453,0.00961775797781616
-0.0577109941666351,-0.000565128188234335,0.00260124921635586,-0.0299630977533574,0.012357048873189,-0.0589739049642233,-0.0269825841309114,-0.0169551288312391,-0.00630106313149833
0.00460578769749871,-0.00898244313832383,-0.0130022875177899,0.00621120773775899,0.00771935725940633,-0.0284338765889792,0.0109054247457294,0.0306385339702787,0.00650182571832151
-0.00982532480259935,-0.0164331850765674,-0.0178286576150475,-0.0218895900878496,-0.00629186277355836,0.0028892446719,-0.00750308840156198,-0.00406547446549182,-0.0115229849707449
-0.0915126881422968,-0.0373464506460152,-0.023457670913877,0.0189171380442216,-0.0137519680472992,-0.0628333288644464,-0.0289251423892911,0.00502474547821922,-0.0200354845344102
0.00523097646065629,0.0198035994313873,-0.017077327015478,-0.0189666591786747,0.0067231026450434,-0.00541218721036646,-0.000616704799097144,0.00856705790072863,0.00461414133913491
-0.0980423039974154,-0.0603284973930034,-0.052191092152593,-0.0557366337934246,-0.0126997735427883,-0.0826702522145104,-0.0214014706933484,-0.0210210594206061,-0.0150297285863382
0.0162641847171747,-0.00619124611748269,0.00932601268887859,0.0154336583994913,0.000647686045272069,0.0283940206819444,0.0043991999965234,0.00549453558489531,0.000690501959282811
0.00208855082950896,-0.00604051532739249,-0.0399415083683721,-0.0211885371495479,0.000854729871041657,-0.0339038412076781,-0.00815075698635523,0.00380231914001386,-0.00339360225431669
-0.0417263434504946,0.00818326796009766,-0.0283592599210521,-0.0380281951101737,-0.00274418752057089,-0.0726504879599186,0.00549814568849604,-0.00930449065659542,-0.0108431021890961
-0.0230910869169661,-0.0105217062060303,0.00712974085661303,0.0240444607188074,0.00247955107591947,0.00723700017956755,-0.00513123974748983,0.00604114682880355,0.00607007472012875
-0.0220833606048464,0.00878501805768859,0.00887000349709163,0.0221242393251166,0.00296816642914581,0.0117301087440775,0.0154105209635058,0.0105381163461502,0.00410579841799182
0.0480749906709524,0.0150065171373555,0.0119794178849178,0.027977985390183,0.0120514808551076,0.0293507549779447,0.0256096064518081,0.0227729985696385,0.0194744638964932
-0.02384776266912,-0.0144730750445565,-0.000291606999898612,-0.0172725357885232,0.00159898775926927,-0.00668625855414949,0.00631579821798285,-0.00324672135864623,-0.015577785200805
0.0216977898131832,0.0163186291630644,0.0204580364716969,0.00968508672516045,-0.000103752801677183,0.0147203183219336,0.00726573621769801,0.00156006616907624,0.0105458976438197
0.00443957650329671,0.00281764576252051,0.0113237588381672,-0.00701358332181237,-4.32793201181564e-06,0.0175904136294791,-0.00648632322537942,-0.00661822164996123,-0.000806061889270376
0.0199260018771737,0.0122711178994502,-0.00388918879115788,-0.000228262404742417,0.00272612094144175,0.000553467473086245,-0.0136719721437208,0.00331643062890063,-0.000681207097642123
0.034800125902275,-0.0110508143377109,0.00368485713959004,0.00238860958595005,0.0016075138879735,0.0349844000977586,0.00345528685240601,-0.0213093162579061,-0.0042789329570725
-0.022199988898161,0.00532144793921504,-0.0107575248460332,-0.0172674972773591,0.00181112727590596,-0.0251614381725841,0.00273868798913525,0.00655911745046426,0.00327999404687608
0.0185249698494669,0.0134759163118158,-0.00333966491493284,0.00207465399985229,0.00760596846051413,0.0110992377709894,-0.00238997402774701,0.00816283553536472,0.0123751938361563
-0.0275584980866132,-0.00214093179152916,-0.0287449443332398,0.000372038336822875,-0.00352212544256645,-0.0298080850034838,-0.00204530087983854,0.0193677002581608,-0.00727343119742775
-0.02230794566653,-0.0123531838921005,-0.00711287265618013,-0.00530023722022514,-0.00484552740261263,-0.0263192869852556,0.00304038368703173,-0.00166063501656244,-0.0058317287674862
-0.0197701618835153,0.0140157608956625,0.00216888496314898,0.0116177428056724,0.00706228325286499,-0.0163787480245158,-0.00262373605777569,-0.0021798005344685,0.00818092255258445
0.027986830580755,0.0235033856319489,0.0140238282216615,0.0546333729107506,0.0143530723876237,0.047287637100795,0.0125293017954945,0.0371941722241681,0.00870631769555224
0.0470791599492706,0.0369167407031497,0.0324502336755086,0.0297477126119613,0.00104678078963278,0.0250806089985922,0.00157244488199439,-0.00258262540317921,0.0257884191053155
0.0170784703531877,0.0146277473814327,0.0183527117162797,0.0202088808634153,0.00509830368966391,0.0113695081956693,-0.002581008483391,0.0260451090384292,0.0148204082107051
-0.0264865402746231,-0.00193106909104487,0.017364644972372,-0.0149058510054405,0.00357264262921612,-0.058652024287353,-0.00209257485579221,-0.0101533869592172,-0.00579391051920813
0.00771426824754658,0.00694380670753622,-0.00551589500117999,0.0224319574500685,0.00332177595624262,-0.0084305457661975,0.013128550731602,-0.0203707361879894,0.000466603448324096
-0.101469889201853,-0.0359338929487618,-0.0292532506417826,-0.0696816014092682,0.000983538753343144,-0.0890401988672887,-0.00697928295651861,-0.02078424520367,-0.0177503644677525
0.0175307962636989,-0.012715005183327,-0.0012123025697461,-0.00662612143386338,-0.009910190213681,-0.0156631879382562,0.00350233958318842,0.0145160472567849,0.007958516333699
-0.0127370904283262,-0.0176427310757254,0.00244230635405477,0.0214296667071845,-0.00690765555632695,-0.0227197088334055,-0.00610819837732964,-0.00824971788790016,-0.00862555149053866
-0.00649715175660025,-0.0282239985327916,0.00216590107178478,0.00380147212968762,0.00915183917098615,-0.00317163127037989,-0.00350495618415237,-0.000249164583783581,-0.00431552720076696
0.0171908847789684,-0.00313802239200795,0.0153700938888405,0.00801231260731545,-0.0120028963129788,0.00724934701083035,0.00356731604085849,-0.0110541074086292,0.00165677260367474
-0.0342692843749876,-0.0174906909043997,-0.00908968108850651,0.0012287763785127,0.0171079200847341,0.0296764992557543,0.00662760498103426,0.00945328201338348,-0.00437570689883851
0.062140977834543,0.00884874570477877,0.0216725348806997,0.0133955728604976,0.00364178499600718,0.03739895470329,-0.00943022545897925,0.0183277066319858,0.0110603426390421
-0.0448832568233045,-0.0349521610193296,-0.00450474564240626,-0.0124691137688293,-0.000165645122986442,-0.0428170070187592,-0.0190980457351628,-0.0124924096377165,-0.00195190248146776
0.0505077536579156,0.02878382509075,0.0256728445341036,0.032605672221301,0.00543101113758664,0.0321195314880137,0.0122960404675422,0.0215557977591263,-0.00262149259840701
-0.0311045020343172,-0.0113768351138282,-0.00707401447924909,-0.0246886472232483,0.00610342397569303,-0.0671966636067441,0.00926201462419412,0.00644711234766799,0.00315723577541995
0.00638635609613931,0.00818536424741567,-0.00530158998639254,0.0404155704182712,0.014111466740785,0.0218875773648596,0.0150735154522004,0.0125052661384531,0.0266576257803776
-0.0619373731135691,-0.018968416329474,-0.00174815214952073,-0.0133290459548698,-0.00471776913942118,-0.0438264224121468,-0.0158709672154628,-0.0235804092973239,-0.0202021942958823
0.0438134920751674,0.0194015143123091,0.0120491478934034,0.018019724419841,0.00262998457804619,-0.00492405631370738,0.00690051565869501,0.0220713826643141,0.00828261387255798
-0.0249051631773139,-0.0120065040135721,-0.0143788615868854,-0.0182795908492027,0.00377249939496217,-0.0299595977626308,0.0129814567928781,0.00784338454097866,0.0133491268319389
0.0183596737073541,0.0329208322101616,0.0190492830528875,-0.0150944022942249,-0.00328866343571849,-0.0197759991933483,0.0183214034284728,0.0206747591872774,0.000669612006276018
-0.015589557850862,-0.0170827672579843,-0.00846651183540445,0.00992893444717128,-0.00437634369258367,-0.00798391817093284,-0.0116279592138949,-0.0105786855006489,-0.00624376544993888
0.0915165391290536,0.026738995077964,0.0316070064448094,0.0175828130075557,0.00498723374042092,0.0689317969813345,-0.00266706735818037,-0.0100037026114452,0.0130913204803671
-0.0617481343885855,-0.0386391736780747,-0.0250452915196851,-0.051679435424566,-0.00340129259309152,-0.0404417297151899,-0.00852866111682753,-0.02184270346426,-0.0313519611785017
0.0234418743909568,-0.000650317783876508,-0.00250709372757433,0.0103297130155713,-0.00750172209034659,-0.00425473789203392,0.0113582566985645,0.00666637286404462,-0.00501852499037073
0.103179441044808,0.0547605700335904,0.0379231818512727,0.0337400637827955,0.0233177957352555,0.0481225003770131,0.0240911648373611,0.0343667455478721,0.0347721726921048
0.0718832434044124,0.0119574341373193,0.023308185704924,0.0278248956640505,0.0131872821353312,0.0556935574969728,0.0191292216947055,0.00574460559488196,0.0242522633161236
0.0314617861055135,-0.00745596057625564,-0.00737536644648147,-0.00779871878050251,0.00127055606311709,0.001079335983888,-0.00299038588304645,0.00207379909031618,0.000509156823753842
-0.147232966968521,-0.0647164736840481,-0.0459267601820391,-0.0840750776049742,-0.00723420263459348,-0.122552041632524,0.00362375359147046,-0.0562561527825265,-0.0231816922712524
0.101352374525771,0.0290880152506975,0.0363495179063213,0.0273511156050141,0.0154855806965127,0.0417831092473202,0.0289261698149205,0.0311443626557587,0.0318074340848543
-0.00881081978581184,-0.00218195333222222,-0.00544249014225758,0.00490333122487773,0.000205497900598102,-0.000620215082884659,0.00339573153277403,-0.0130950092355431,-0.00281277755303713
0.053259710531843,0.0443662400425137,0.0182150706889403,-0.0055455271677154,-0.00595801743398663,0.0233803121850159,0.00273004641389794,-0.00280746119661705,-0.00881949257274952
-0.01144480461346,-0.0101881054814162,-0.0012585011807833,-0.0236456894321247,0.00573700177565964,-0.0343890701794391,0.00358799150029286,3.04488819986259e-05,0.0100021041481873
-0.0277015861612912,-0.00228540068049531,-0.0288902239312833,0.00253140504271353,-0.0119852883070525,-0.0151214619198191,-0.00610525077059275,0.00130228322255511,-0.00871552508491722
-0.00160734673714626,-0.00799206063765955,0.00468751461501389,0.0085166770342541,-0.00428577506505522,-0.000721135440030727,0.00157787939631584,-0.00030355785767548,-0.00625433428010023
0.0111307477035759,-0.00366869860117962,0.006147077839958,-0.0145556943384705,0.00402114703009743,0.000975378120200421,-0.00637091505512045,0.00609017466493679,0.00764654606437972
0.0760480078998459,0.0298867440042216,0.0513532877571167,0.0245926311400962,3.83793370431181e-05,0.030289000941385,0.00579095756623672,0.0302713480462064,0.0099786007329863
-0.0713255974246891,-0.0302718622271471,-0.0048465361208046,-0.00321704039878049,0.00261481686075249,-0.0343889329907096,-0.00335271382451763,0.00512218893306764,-0.00625047108539376
0.00556389610248613,0.0060441444015661,-0.00275018643442241,-0.0300125899798409,-0.00480264991449119,-0.00585952948510584,-0.00818115181149811,-0.00694886220822604,-0.0131754663444844
-0.0457881923244966,-0.0334746474411156,-0.0403113461560705,-0.018078540748475,0.00097950684462891,-0.01468364778111,0.025319495952858,-0.0199916393424595,0.0153014937612657
-0.0176865722340922,-0.015766832229483,-0.0080355315067561,-0.00947540271067295,-0.00432581292571897,-0.0448838753471046,-0.0135175601387285,-0.0140742426709898,-0.00515277709829709
-0.0186992444634987,-0.0268063602670678,-0.00195320677156987,-0.00291721819300393,-0.0172280254313814,-0.0294223085015117,-0.0318707112967632,-0.0320702372490885,-0.0247211444419827
-0.0526488150905576,-0.0331589809369486,-0.0269543014871866,0.0337320800317869,-0.00308277598680596,-0.032789917335458,-0.0155609866825132,0.00477429866285096,-0.0154637370929186
0.0611617596442595,0.0300353093964475,0.0104594030309929,0.0112487974510652,-0.0172169912246451,0.033200788532599,0.00427207354102755,0.0147642785710006,-0.00883551224994612
0.0705308043246275,0.0422355326076406,0.0234526907029149,0.029093805159023,0.0163650440628115,0.0202057923139205,0.0382727612513362,0.0246763791391602,0.0432002886199175
0.00526447688401181,0.0219077008805871,0.00483265363384259,-0.0134354666396172,0.00610040060062406,-0.0214218590929668,0.00270696969733776,0.0105999201265057,0.00546808014404893
0.0139146308693354,0.00441519059268278,0.0194035257283134,0.0142276268108229,-0.00654940960630423,-0.00930820981165762,-0.00627510997235525,-0.00641295316488034,0.00769850069294698
-0.0708200709866585,-0.0252673426074623,-0.0170785127674546,-0.043617604714437,0.00117688709311129,-0.0624556843799206,-0.00685537734418306,-0.0155515610173069,-0.00876882020433268
-0.00778779106501545,-0.0208321766309594,-0.00295450837651709,-0.0150778614598616,0.0110378450715375,0.015262489117746,-0.00113127601010423,-0.0190853082604671,-0.000296892780191296
-0.031943337342573,0.0139083812871277,-0.0319811458039202,-0.00685198905818295,0.00184017120974223,-0.0434253136852622,3.88645228931677e-05,0.000842125371214553,-0.0134271802733648
-0.0413250942415577,-0.0314894157354674,0.0171941658258138,-0.01292647247315,-0.0133861147042637,-0.0164895401486923,-0.0332568407895112,-0.0334767139843366,-0.00805664662531221
-0.00879823345678488,0.00678152728465199,0.0273208141628078,0.0139241711841955,0.00256151105170399,-0.00346669933835764,-0.00106588121589317,-0.000857296096036967,0.000131313684197203
-0.0563690554996511,0.0191516444956513,-0.0333503324719261,-0.0265328597578591,0.000506814036371345,-0.0340959232899742,0.000135629585655324,-0.00905051599283419,-0.0126120339069685
0.0843209519747142,0.046589522705419,0.0271275061164944,0.0223003183912119,0.0147884932689372,0.0571150015683356,0.00339554583092083,0.0284907460934312,0.0283286367546933
0.0263200179189408,0.0189084088130745,0.0170161257224243,-0.0182486365091967,0.00879299185968965,-0.027982680097058,0.00340603450610821,0.0162489305608436,0.0152465461943238
0.0526499285831723,0.0383060297973283,0.0495653192329117,-0.000968150208059202,-0.0182776546371068,-0.00186764049434628,-0.01293577051224,-0.00180627888118411,0.00255560157577358
0.0181388438857298,0.0117244755421284,0.0384681847288741,0.0231519588850095,0.00804892325563512,0.00918704236166401,-0.00541860398772005,0.00199771392078552,-0.00666121626092831
-0.0279613878830738,0.00803694177441471,-0.023995223945496,0.00714228199184168,0.00464911835848074,-0.0581321821208052,-0.00305467743571601,0.000765142041382653,-3.02379362538458e-05
0.0218416449244074,-0.00867839164836694,0.00345775907833944,0.0298050703512247,0.0131178780003135,0.0229161320349469,0.025783385556831,0.0391001627475897,0.0250335108261114
-0.029930340100127,-0.0156442247865267,-0.0182015324578202,-0.0129529583281402,0.00430449012797483,-0.0249913382096964,-0.00458990533361103,-0.0299913070326477,4.44138946951749e-05
-0.0914115925379797,-0.0583321352346974,-0.0238570306207598,-0.0316286936866789,8.49318596194664e-05,-0.0110167133929978,-0.0109052076857005,-0.00490912242960288,-0.0224952402710824
-0.0126528146743398,0.01344666302621,0.0076637093997635,-0.0113459070458937,0.000705446374555727,-0.020788000868302,0.000934312395688222,0.0112223075577644,0.0047486673527075
0.0067354860241132,-0.0113100680599754,-0.00433851363679091,-0.0296537020991257,-0.0215491413425655,-0.0262178190425123,-0.0156047920360421,-0.0303515181072776,-0.0468764327916784
-0.0462245696045937,-0.00109801333894239,-0.0132183904792805,-0.0263053527049063,0.00605383472770606,-0.0282635367768462,-0.00848821648164909,-0.00643960680511548,-0.00809005866150984
0.0233016152709066,0.0259000459573913,-0.000478413409174287,-0.015368078608006,0.012137586917762,0.00428404205501845,0.0064056818034079,0.00918653303606615,0.0101587370257675
0.00158282854176619,0.0176099668375277,-0.0119684097371236,0.0459420152907159,0.0152104492819838,-0.0034067270619231,0.0239947244397947,0.00566975243707549,0.0333398725778233
-0.0640244451239164,-0.0196443586795317,-0.0157714425417002,0.001710056946347,-0.0167563975213674,-0.0249675039721254,-0.0200298022348225,-0.0108627197421753,-0.00946346840074592
0.00332179324107661,-0.00319688661952778,0.00189598009881582,0.0148715123511941,-0.0120956019390381,0.00975843898168583,0.000791098010118097,0.0200302259070397,0.00375850115068646
0.0470792861213605,-0.00929081011493231,0.00416739830419344,-0.00228931605743519,0.000567625393112348,0.0156512473074686,-0.00584593144837416,0.0160071391408532,-0.000809274155530685
-0.0619136983155406,-0.0719088374764256,-0.0370525833364332,0.0125673379174656,0.00332772410807404,-0.044730593288428,-0.000395947926908307,-0.0105204392094074,0.0042650727486405
-0.02827259656754,-0.00277425969304654,-0.0212977515351438,-0.00359063207334354,-0.000197098714762096,-0.00438887861913467,-0.0023359092397059,-0.00922620038628749,0.00238151904036015
0.0355367869791988,0.00532916062912816,-0.00742314076603338,-0.00519028620744979,0.00369994724215034,0.0203015369099731,0.0189325388777435,0.0108414837816918,0.00180680393019914
-0.0891085475717221,-0.0527409614925998,-0.0265375015704716,-0.0478236971353729,-0.0174435921393483,-0.0498751506709672,-0.0490344523934755,-0.0104812093436237,-0.0214331051079077
0.0313311863049928,0.0107475385699377,0.0176727381118474,0.0251004039503244,-0.00413026550541293,-0.000613756645315031,0.00231707138097964,0.0135695425733262,-0.00417114155895109
0.0353219300285947,0.0351129138650211,0.0103289828380545,0.0180101847475259,0.00227673123394069,0.0230921871365226,-0.000526284184559541,0.0337408525472261,0.0156229675423379
0.048243606385913,-0.0140947212991597,0.00343919748932579,0.0161163323527941,0.0019130811930352,0.0269884139229546,0.00298156777952191,0.000177646976460209,0.011506764826919
0.00519136499597038,0.0128294333862529,0.0121739569953404,0.0324778970489884,-0.000783556365408383,0.0215040865932327,-0.00639583185454477,0.0084008387773811,0.00482093556490888
-0.00511032733785178,0.00944566042667184,-0.00577051124074385,-0.009844712446639,-0.00169582727294236,0.00460647597637596,-0.00507148752064609,-0.0175580018357439,-0.0209933555938064
0.0443846166715145,0.0323780193475727,0.0206507505844257,0.0350991880790594,0.0068056234397736,0.0517320921380294,-0.00630632946864481,0.00340423027785631,0.0115356567426599
0.0386956142845823,-0.0108186039381766,-0.00185557489558972,0.000475184680655817,0.000973705654970027,0.0457585391398747,-0.0127384514354162,-0.0257014151522308,-0.0110396168633007
-0.0164049825973995,-0.0185381960032679,-0.0219491712545196,-0.030149817324114,-0.00561045345488342,-0.0328949583836131,-0.00468253180517513,-0.011471510750847,-0.0104997002549014
0.0223772288500165,0.00862657322765734,0.0492193584943129,0.047248882423525,-5.93320834111212e-05,0.0222372131750278,-0.00758619707214858,-0.000229376180944866,0.00766344933552702
-0.0303989068608008,-0.0449741775184138,-0.0218489206267332,-0.0253552445717561,-0.0085599118080839,-0.0479586370664593,-0.0225771965943046,-0.0196947857869721,-0.00911802463529186
0.0357081990751101,-0.0117827299788222,-0.00835060792819453,0.0188524476347505,0.0079418481502932,0.0268474716845416,0.00128073369411298,0.0132278953259131,0.00597944791943624
-0.0317114161346781,0.00303024242682664,-0.0127445809004333,0.00266259085887117,-0.00559721053320585,-0.0403505930501981,-0.0147493828130246,0.00480231847389455,0.00533516023583672
-0.0199753385870783,0.013628063440891,-0.0107412292547311,0.0211319704985392,-0.00947523865607437,0.0120894594633225,0.00243115828551974,0.0210189155128098,-0.0106991068171249
-0.0609527992949988,-0.0260983440688357,-0.0234704860496962,-0.0368730596288834,-0.00557401763129851,-0.0451508688306581,-0.00207673007466686,-0.0214360373809452,-0.00536546017038364
0.0505561516347428,0.0169874900306032,0.0125970949769785,-0.0200483963294196,0.00920127397633392,0.0507225215561421,0.0130238683360844,-0.0012594060123198,-0.000152285783821569
-0.053552199353094,-0.00790674923562558,-0.0138835119716592,0.00526949464439264,0.00852546418828062,-0.0328955300692306,0.00576025825185708,-0.00657924420172473,0.00656056553261787
0.013575670265692,0.011988125829057,-0.00326379995520388,0.0229164489546613,0.00119533700422524,-0.038152232441051,0.0173557843578272,0.0240586641372709,0.0120217557346126
0.0720338357327788,0.0493045390255857,0.0240201672061285,0.0129822735760207,0.000928766795180748,0.0508736203406659,0.00346491617385579,0.00475899820864788,0.0189132757404252
0.0191670390788154,0.00785374153944361,-0.016807187932574,0.0315247362018524,-0.00693301376392476,0.0332916164449125,0.00643999378867922,0.00445866514442329,0.0100191694396828
0.00805078722672241,0.00788909014195865,0.00357989851284212,-0.000714561763836302,-0.0058692509684089,-0.0202347804080181,-0.0162860864882277,0.0135895262756233,0.00365744905400148
-0.0568522308590318,-0.0472043824395235,-0.0402412195803084,-0.0508605184396408,0.00258391568314096,-0.0582245157439773,0.00980209360204809,-0.0326455081630252,-0.0174716048278025
-0.00192594148417242,-0.0192029428914846,0.0061478593744683,-0.00122855711723469,-0.0083090200811566,0.000802973803265147,0.00331072798954118,0.0106480728581999,-0.0173700347548195
0.0187941796514691,0.0029120037607015,-0.00759987647591219,0.0385993968960499,0.0104444294946059,0.0270406654261776,0.0222116745186097,0.0192110372682126,0.0145020354691809
-0.056518846677005,-0.0219974588208082,-0.0300558954038928,-0.0342927268318583,-0.0111669989456111,-0.0514606330946472,0.0158932837368942,-0.0410307538871939,-0.0377574345746779
0.0310614192652132,-0.020736529822422,-0.0173245502836406,0.0159307843063688,0.000902580221343197,0.0226077391757614,0.0139481035278678,-0.00799178255126653,-0.00407941028261009
0.0392048091659937,0.00468040612273111,0.0250425333899952,0.0432536701859651,-0.00167257033700262,0.0661801268982663,0.0316183050253176,0.0084438373405878,0.0305247041220758
0.0465089014496122,-0.00893351299378861,0.00212755527381115,0.0241435734664927,0.0208729891550974,-0.0200614684616546,0.0166833258777563,0.0167309231449533,-0.00244983521945175
0.0558189704605527,0.0236580379673146,0.0138309626314949,0.0134286640602736,-0.000812270348198757,0.0110373960205831,0.0144679365829084,0.0151710502123313,0.00140788492893894
0.0134385523800972,-0.00544759493945266,0.0140800909373382,0.0141025756751155,0.000916921814067548,0.0366877939723855,0.00941257222822493,0.000669147562042736,0.00878797033794173
-0.0104279997958683,0.0104667436267584,0.00193955320059557,0.00782449089286229,-2.41647750985461e-05,-0.00516568740277876,0.00506982585685834,0.00186954820828381,0.00529199751703525
-0.0313845057939418,-0.0336326746356541,-0.0493771163440501,-0.0117085137012085,-0.00727108833369466,-0.0361207063892273,-0.0193914834482997,-0.0050655977495015,-0.00735605839431757
-0.0239470887991752,0.000318374805016576,-0.000232825544779998,-0.025288025943597,-0.0091905169112403,-0.0122171227530764,-0.0122867173359852,-0.00650123693825836,-0.00521394443833657
-0.0414951895296518,-0.0236101062269272,-0.0200830168510287,-0.0249248438203213,0.00767803245149672,-0.00445307759909837,0.00130497926736794,0.00152783052836131,0.00363108491567548
-0.0158200847390617,0.0148948200239532,0.011071260521633,-0.0114601741864709,-0.00752952380528805,-0.00944129325529758,-0.00838968245418792,0.00694757131514249,0.00337129221887013
0.0368781870546358,0.00654825272537635,-0.0104463716490141,-0.00853803512481719,0.0106590648673203,-0.0185370226535727,0.00844627585658729,0.0319317510354285,0.0211461264021495
0.0934369651454436,0.0318950849582071,0.0179604415080352,-0.0235626204811831,-0.0076323225644545,0.00130806243997875,-0.0192599875095577,-0.00186945449477228,-0.00962343703789883
-0.00295454593633743,-0.00889994863213638,-0.005389257663156,0.00445092314131199,-0.00503836373653501,-0.0148979048277374,-0.0213884858339089,-0.0136918464516355,0.00647818991560559
0.056669874275922,0.0342052634287645,0.0441600120746049,0.00568266171749252,-0.00312079890082928,0.0249871162049971,-0.0166481240846155,-0.0152782091721081,-0.0125227314542678
-0.0213156972324164,0.0183844088567247,-0.0104216496597464,-0.0107435552095469,0.00205800740026157,-0.0180070506380359,-0.00400727342034844,0.0119695457032858,0.000616515584573155
-0.0355104238473083,-0.0234107504934215,-0.0197619656685629,-0.00551459309602538,0.00552016747583002,-0.0246531606288561,0.00324278616076358,-0.0107985616791135,0.00531561181658871
0.0477427415051578,-0.00864143033354209,-0.00554987259308768,0.000494690236958669,0.00813329673069706,0.0343806918626134,0.0146378532115512,0.00697320515424047,0.00573649060794475
0.117515138590252,0.0218380088735264,0.0264139397183679,0.0296547526623501,0.00931625056674066,0.0526872180203587,0.0166784410314564,0.022044951773477,0.0170337308257021
0.0109226006182039,-0.0256839905014499,0.0001402885622351,0.0115153973705987,-0.00844702263048663,-0.0181694055456105,-0.0021900264923033,-0.0265616268167143,-0.00877336127984892
0.0067224034654579,-0.0394292876211331,-0.015731868515726,0.0017942524017822,-0.000953419408337539,-0.00257086289153923,-0.00502445420718169,-0.00738419596717098,-0.00785705418793365
0.0168957364857189,-0.0110540645917953,-0.0230077995050392,0.0227500228874233,-0.000967415544440444,0.0176707210125129,-0.00282644381870039,0.00750414553677027,0.0146914606806979
0.0134675499835416,0.0109437058211712,0.0160900168184141,0.0216065533717963,0.00443086382190698,-0.0228409428750087,-0.0040886416602149,0.0126697006971307,0.00492802418194275
0.0153879448258158,0.00990012664400739,0.00443674168680735,0.00527058783631646,-0.0036447957772656,0.0133749784448651,-0.017501741366301,0.0194850117554104,0.0145199004847407
-0.0280202692751441,-0.0355495331621074,-0.0170771167154301,-0.0252534342534807,-0.00265689851926536,-0.0352624086024366,-0.00305700255101433,-0.00613730616320216,-0.0070241375174495
-0.0170637059953953,-0.00378796222783384,-0.0233070946614715,-0.0203386290742602,-0.00747682577842623,-0.0425374136267061,-0.000867482390447611,0.00429501375352404,-0.0102276846267323
0.0111534327386947,0.0126558768483505,-0.00401910412927306,-0.00817944227070664,0.0127402445720561,0.00569559756025625,0.0134011485256245,0.0108086816200293,0.0179463059378191
0.0705878876868918,0.00405930300322938,0.0164773390314898,0.015942309251984,0.00758488296446725,-0.00836765465934499,0.000866761126688555,0.00319369921900655,-0.00145499449778712
-0.0629339863152331,-0.0343460728027622,-0.035381403859194,-0.0168672645410169,-0.00542189000565018,-0.0508813699099807,-0.0210365887313865,-0.00943446982837231,-0.0159846138087433
0.0703341728460776,0.0408873987604792,0.0378891930991229,0.0998078411973589,0.0081869004740509,0.0259497243350116,0.00338897533705065,0.0296536717117956,0.0336931725341602
-0.0422719892354093,-0.010516990922151,-0.0172796602658931,-0.0197349978375945,0.00344731005691497,-0.0342997414962008,0.000751191674469107,0.00600669270894817,0.00596771298648631
-0.0149500267242828,0.00699883978794357,-0.0108643090109182,-0.0199231861554964,0.00224736975623024,-0.0235845252568549,-0.0074810584624117,0.000716878004162724,0.00959347321292799
0.0520447604173766,0.00729414117390104,0.00680671106256687,0.0161966238258815,-0.0063861150906266,0.0191147538245991,-0.000534747381731065,0.0190992761927794,-0.000375970727390846
-0.0328170263755843,-0.0115422891938551,-0.0145404242040428,-0.0264799366829243,1.02871435445384e-05,-0.0316516202617957,-0.0133803189618426,0.0156656124523659,0.0143057219088972
0.0261570226192185,-0.0299741046104248,-0.0134542911114001,0.00487808183943245,-0.00230900849447805,-0.0477638352138517,0.00352353668680873,-0.00984815706775188,0.00242505213239409
-0.0514847107042687,-0.0235890082591379,-0.0168374569003668,-0.0336708499892441,-0.00656801086234807,-0.0291429731432501,-3.8621985404233e-05,-0.0280457204210918,-0.0127548640770961
0.0238454947548049,0.0132553215713703,0.0240799057061977,0.0309553710336862,0.00322666218381525,0.0343771802476486,-0.0170104938313486,0.00910131189567229,0.00845533025206414
0.00503789340205142,0.00745673156657835,0.00744239271525869,0.00695936934552442,0.00722512114264043,-0.00516185738727635,-0.00286583864018707,0.00431447948447098,-0.00335999155669612
-0.0147703896099202,-0.0095236591415883,-0.00872194617609734,0.0267536164717571,-0.00351112312679033,0.0220767978293312,-0.00753358292718818,0.0018752509648055,-0.00754985456627254
-0.000120209014057689,-0.00462474029386536,0.00317639993264862,0.0122079979325824,0.00511642523052429,0.00837287248216975,-0.00217644788167788,0.00989344682022752,0.0160187687566797
-0.0430939297901557,-0.010681101617831,-0.0168411150709469,-0.0314671966358618,0.000538782706539076,-0.0370203160358086,0.00694289999041752,-0.00915461525450975,-0.0082640418259859
0.0160895823807424,0.00236867818637218,0.00229630837956923,0.00311468274233953,-0.00804478861915324,0.00201387868085571,-0.00950833954109976,0.00259652296296165,-0.0199195158848542
0.0181569337028548,0.00851772959335859,-0.0145563401489522,0.00381763031936795,0.00908185368535879,-0.010233486479681,0.0194155874573973,0.011173978631726,0.00588085385350231
-0.0730898573603641,-0.0133286570342277,-0.0124013420315026,-0.0356226180263739,0.00236087010909235,-0.0392471535900384,-0.00664313963674651,-0.000743751719285293,0.000295294759712777
-0.0238569057717185,0.00436088267060647,-0.00195754882863949,0.00497593171189961,0.00100713839560971,-0.0136012137913578,-2.45994300056062e-05,-0.00193503877013584,0.000841836495380337
-0.00804019950675812,0.00660151125419605,0.0167146240318974,-0.0106435306037997,0.00434630745412748,0.0143610414945558,0.00263935333260867,-0.0252482421554882,0.00231274623576144
-0.0559304290347389,-0.0403365858924015,-0.0196762190950109,-0.0152398337847367,-0.00728499105067843,-0.019216428058708,-0.0114462200997004,-0.0231711350467776,-0.0271970308250861
0.0640411424032268,0.0319858217647859,0.0279380991391547,0.0382289422859424,0.00353740451870669,0.0695486971360485,-0.00182308611811691,0.0188076671840346,0.00443604885707005
-0.0248878523794424,0.00690096405918843,-0.0187803842852396,0.00442529582009343,0.00859267109153125,0.00299019977647963,-0.00532923691750539,-0.00397850171448107,0.00145953748687767
0.117925494855919,0.0462828760899944,0.0433980779164253,0.0134094193935921,0.00656953713938844,0.0346598567288517,-0.000511932536063228,0.00598968802166924,0.00457292696904883
0.013857969908792,0.0398822430589288,0.0166751921299416,0.026180504295521,-0.0122621560219871,-0.0183102345968915,5.4180067368089e-05,0.00819876294825766,-0.00834865713030264
-0.00574304673013324,0.0183905091723297,-0.00154347444038769,0.0194686727615785,-0.00344867998225581,-0.0203864541312366,0.0122466667033637,0.00692703339083643,-0.0128634889658237
0.0331301018644045,-0.00927896684353611,0.0144629348494541,-0.00525067473646433,0.0111995697180765,0.0142152085843,0.0179828642375686,0.0123929553204595,0.0206198708274853
-0.0664620157842754,-0.0216535890159264,-0.0389136437728078,-0.0312947210972047,-0.0091307363539703,-0.0680418532463784,-0.00850294015443063,-0.0187698063346049,0.00122504495993334
0.0125252874769488,0.00543093226799175,0.00456969538161065,0.02949378595105,0.00199061464847158,-0.0100722321364608,0.0100929848845928,0.0222980057585881,0.000797018876840255
0.0127584522163987,0.00556195061913686,0.0107984118719236,0.0458009563655343,-0.000994513264364377,-0.00363149756578613,0.0103686352574482,0.0226846870109358,0.0061714163386287
-0.0491681946942393,-0.0164884108524883,0.00423920257351744,-0.0172740165062597,-0.025154308381148,-0.0445301729837356,-0.0091097399785682,-0.0439806509511582,-0.0246507615981911
-0.0448771138979142,-0.0159397651856337,-0.0134911345276771,-0.0184972958136022,-0.0137653481451049,-0.001840197976475,-0.0075403864910628,-0.0104288103280387,-0.0207701062439318
0.0970667835467094,0.0175019417297112,0.0258361753898593,0.0811888335934806,0.0100199297565965,0.0828148462704978,0.00536427880059146,0.0335342761865079,0.0157516778075351
-0.0320439016526312,-0.0255988226326345,-0.0298399539231548,-0.0413933661840528,-0.0110708656905483,-0.0150341790688873,-0.0224191183901651,-0.0212793358473843,-0.0254201883015575
-0.0299919083583848,-0.00770412542786704,0.00366142291205563,-0.0114131850222591,-0.00337289826272505,-0.0229851285847434,-0.00614207706635126,-0.00123479439190488,0.00358303273081105
-0.0678733900913912,-0.00897723918434004,-0.0118772140317306,0.0192105157364517,-0.00158687368512745,-0.0579937344620754,0.000111573512544381,-0.00770636110157755,-0.00444496294812799
0.053575648059926,0.029319874391336,0.0157425161403206,0.0642356801649065,0.0159028102772157,-0.0139177108524069,0.0234664344277804,0.0285936976650678,0.0303422367195431
-0.0112192535726316,-0.0183794095429378,-0.0247316560634292,-0.00128829597559115,-0.000314588015357772,-0.00343856727674958,-0.00341847759809854,0.00540723820737423,0.00993936553847406
0.0578222425414874,0.021272788689057,0.00984327044837559,0.00976401209205698,0.0127576931595367,0.0264839964657753,0.0287320817465733,0.0255079321719221,0.0195225908079485
0.0399097509746456,0.0266094978040207,0.0378987144576972,0.0481473794334101,0.00901121242819262,0.0732046990808509,-0.000160941393131041,0.00170816507503939,0.0170863724322289
-0.110290388241758,-0.0847484523353886,-0.0209350669783481,-0.0478314097756473,-0.0134567665391651,-0.060988601052537,-0.0141367278529882,-0.0436998237514838,-0.039466438815365
0.00429277774428665,0.0253637051799159,0.0207958846934271,0.0447491608461993,0.011323379101141,0.0135013386279601,0.0124932995452316,0.0242380411829221,0.0248572211281799
-0.0322311702077293,-0.0429723218210553,-0.00629872123917876,-0.00440082954981287,-0.00800372042291398,-0.0313777431615994,-0.00253314370211449,-0.0115974830681742,-0.00953156533863652
-0.011054479183404,-0.000474417468075054,-0.0174819690521976,0.0233980850723925,0.00935828139555995,-0.018304407843515,0.0079221680445467,-0.00384925139180038,-0.00816346413635709
-0.0319621353911745,0.00499171908448075,-0.00644588293389533,-0.00822034766699431,0.00342699717167329,-0.0212332376670707,-0.0163480116176902,0.00323391252604665,0.00398090037421613
-0.0243865727903601,-0.00514143029915545,-0.00977613682709452,0.0101029396085159,0.00608718338732214,0.000853003636621746,-0.00339707757425273,0.00479029729217631,0.0110748333319353
0.00246707983124,0.00170941815352165,0.015220684297218,-0.0084044315348417,-0.00619121053418775,0.00406584170650596,-0.00700723058046418,-0.000151425445765,-0.0049152216301553
-0.0633722411888301,-0.0132641753560105,-0.0401706151642677,-0.0344321828711695,-0.0114053864276708,-0.014639034195285,-0.00498996717835768,-0.0307684437197683,-0.00880307797837662
-0.0332928844948535,-0.0167147849970086,-0.00925184969971138,-0.0176909986527078,0.00886281139794114,-0.0282791714228273,-0.00850636507522556,-0.0198448208673332,0.00076574747358893
0.0465969099921801,0.0315251252528918,0.0356280703541287,0.0257916561549328,-0.000943516014876743,0.0128997928836232,-0.00395171129055718,-0.00453994109184511,-0.00300799924371725
-0.0198584853375316,0.0068535267760201,-0.0188382980548087,-0.0237833366979474,-0.00212634669891909,0.00456535649143536,-0.00967873489016221,-0.0229846727417409,-0.0201647306296172
0.0246834281272732,0.0123736411888691,0.011300594752529,-0.0106473078080734,0.0107508177995758,0.0105291577773278,0.00404026799024851,0.0048192045026103,0.0175745647758679
-0.00182702487838947,0.0111481961277983,0.00977621562692776,-0.00586262253514267,-0.0222905284821784,0.0129197248130097,-0.00848022614338281,0.000593604812123964,-0.00537461726935179
-0.0143971568298763,-0.0102242666866128,-0.00603621284206584,-0.00213680421843086,-0.0173497862547344,-0.0414417366420851,-0.0118741416225274,0.0026129790573497,-0.03402895268501
-0.0384424621025715,-0.0220343681220846,-0.00634538524385162,-0.0169315406300231,-0.0174261523121255,-0.0753907900617702,-0.00863683786497338,-0.00662652925104806,-0.0245425071248334
0.0545065965280233,0.0387356705440173,0.0395727415907819,0.0210223161993616,0.0210688830758113,0.0401226628728553,0.00776077584540706,0.0239043145554851,0.028395815585509
0.0425691727274796,0.023205618893951,0.0133138527867702,-0.00588744974403245,-0.0154852372288648,-0.00752451126283541,-0.0121060878300036,-0.0262916950596557,-0.013721059910741
-0.138336453228433,-0.0400698972090722,-0.0562054554459461,-0.0708906609311537,0.00027443473916571,-0.09001801991539,-0.000813983685484501,-0.0123381664602136,-0.00749348461776372
-0.0130582208651669,0.00631891120187358,-0.0174965693513495,-0.00398077097582264,0.00239010079156312,-0.0215056532550884,0.00989201697224798,0.0161456369932237,0.00397212161853412
-0.0591597677028694,-0.00659260891380764,-0.0223288228328224,-0.0300039412833002,-0.0084984769298789,-0.0733545279497965,-0.0138291635914744,-0.00851689915303941,-0.00286725426357325
0.0110083153023863,-0.0406204052655614,-0.0331958591705536,0.0168467707525699,3.30793017757648e-05,-0.0121159715576297,0.0195747586351496,0.00386553460803718,0.00344581325009963
-0.0197195201504035,-0.0167504539854185,-0.0306513349541858,0.00503027973008438,-0.00471167954146254,0.000658748025634747,-0.0150085252729896,-0.0109926897032378,-0.0128625269214138
-0.0333139596900999,-0.0356877716174974,-0.0372311722112631,-0.00733624633217934,-0.00854438562545569,-0.00240943897383937,-0.0135229510911777,-0.00689116093140243,-0.00717149703159904
0.00916208759892112,0.0323374304475506,0.0419878179902517,0.0187663361016611,0.00181863991839749,0.0129492656487833,-0.0114323426315692,-0.001451681677635,0.0189267506546359
-0.0665491796449449,-0.0384383628190862,-0.0534003348778191,-0.0491791195007791,-0.00275536406493652,-0.0497930254389645,-6.66419271218798e-05,-0.025800568498252,-0.000346186809922692
-0.0205512838035579,-0.0168742276202318,-0.00952930976513972,-0.0185530375295503,-0.000153392770028301,-0.0302559573986464,0.0115813994228578,0.00501478660092273,0.00387202369385772
0.0629663821078942,-0.0217801718381068,0.0157982715915942,0.015407960237604,0.00640107661489275,0.0738056727657,0.00490233580179065,0.0112790968311135,-0.00012141316606803
0.0231820072503487,-0.0144886479961927,-0.0153664338529499,-0.0261450601564274,0.0119246514919525,-0.00412848577922933,0.00359524469389742,0.0237935484260674,0.0124005608076025
0.0327287803086829,0.0213514456089472,0.0180572658123025,0.0376889924023292,0.00278390199347208,0.00576832720533936,0.00100930199189049,0.00707688534753289,0.00104749735167587
-0.0800615006444428,-0.0346207473398596,-0.0388768904693652,-0.0343128598012355,-0.0103301919763516,-0.0625033072428052,-0.0130221621092335,-0.0183079629326641,-0.0159625542333721
-0.00146128438205768,0.00569593785404731,-0.00747711531247649,0.0196279721882083,0.0108347079451071,-0.0062350002499238,0.00420095409008433,-0.00117361557764597,0.00961279820795897
-0.0940578299837319,-0.062288861439618,-0.0107402084249042,-0.0459690450874095,-0.0162129051516311,-0.0648260885195358,-0.0228177251536508,-0.044418925984432,-0.0666054326154653
-0.0164378426574635,-0.00893661939178787,-0.000394812481939736,0.00449434859480747,0.00353282581008858,-0.0165278929134803,-0.00260849611597714,-0.000696195999823002,0.00618133231513399
-0.0134416835752793,0.00582837635096775,-0.00939718164835212,-0.0166179089462008,-0.0133783746695301,-0.0118127776238531,-0.0139248340097371,-0.0231544042035246,-0.0247006579416045
0.00902796933552487,-0.0223801930444151,-0.0133441334695249,-0.0164501208375046,0.00421872185212633,0.0186121377344525,0.00187384340420732,0.00567056499019511,0.00746597640622617
-0.0409160141413107,-0.0118412755329316,-4.12087701356333e-05,-0.0316501973345942,-0.00401983508215782,-0.0397147830381527,-0.0156261814673519,-0.0277311936657203,-0.0159345858658832
0.0192828606685863,0.0173085144004779,0.00572297945928622,0.0258716931499431,0.00260810385167783,0.00376905272555961,-0.0125513860266029,0.0225750195367664,0.01965630766579
-0.00343407746800482,-0.0231576756669029,-0.0274775955110343,-0.00289422103460651,-0.00474357864586878,-0.0102459555580385,0.00742271122062047,-0.00891122298397913,-0.0138477084277608
0.0207922596723387,-0.0227995676468938,-0.0135088693131819,-0.0186942398580384,0.00358287411267047,0.0035012064253832,0.00859604996095806,-0.007159461472173,0.00546477571628106
-0.00599965823000427,0.0219890353747664,0.0135952285932249,0.0187407595877228,-0.00658089239978246,0.0168014154873523,-0.0140280848685049,-0.0058346664168904,-0.0133160567267081
0.00924593935724847,-0.0151157683978689,-0.0184860663279918,0.0332650040986097,0.0051975907081462,-0.0144270785650989,0.00488930866060988,0.0038906054161164,0.00281505026910395
0.0218596474800783,0.0149615067333237,0.0174432497137072,0.0162408006414462,0.00539660319905255,0.0522972688006527,0.00153611474004684,-0.00281317137644143,0.00854086961483701
0.00169776655335657,0.00621035394603122,0.0141214349943071,0.0208409344891668,-0.00603844015750812,-0.0120101725309205,-0.0133434235434785,0.00562149110254145,-0.0232729880894934
-0.0197375187630393,0.00460496936710383,-0.0162735304487575,-0.0242825053771273,0.00823286770262718,-0.0144615867005519,0.00718492666145085,0.00962136811058178,0.00583856932098286
-0.00122974570581895,0.0170895674036055,0.00999563907261919,0.0306788062750486,0.00574480701220999,0.0142128696262609,0.00587917420739713,0.0226742842824713,0.000182269663693512
-0.0303129812296586,-0.050669878358196,-0.0112754544772799,-0.0294968583761735,0.000301378909898838,-0.0385428052202715,0.000188098601897831,-0.00755679156553414,-0.00530435810335251
-0.0851945723238857,-0.0304056907462413,0.00319892811103791,-0.0558964721942883,-0.0228423549353036,-0.0783303694925052,0.00710459182935813,-0.0431390659406032,-0.0560185879014612
-0.0196783030568912,-0.00940218967867286,0.00432974321902105,-0.0123107406986253,-0.00424002268836081,-0.0210834426792906,-0.00175091242148232,-0.0218562794308388,-0.0149073804686107
-0.00589597060433031,-0.0185566169497616,-0.0198024023879567,-0.0078078489380701,0.00925082685108892,-0.00455697280855655,0.00413290531044935,0.011389085994869,0.000647195942940434
-0.0209146443544003,0.00370455443228187,-0.0256685431289555,0.00294124703178013,0.00259575192094913,0.0194027971767764,-0.000997360493851558,-0.00912102982242616,0.00339058785404518
-0.0109945337911619,0.0174286113924604,0.00286472320364063,0.00912228598418418,0.00245960162913136,-0.00937991398874703,0.0082615007290325,0.00703174483434865,0.0074353210023411
-0.0283027162494707,0.00141888770125677,0.0051318736221919,0.015411894231852,-0.0114693863414499,-0.0286537684630031,-0.0122345977655399,0.0182515069471519,0.00964529984457842
0.085380686528189,0.0298592353098202,0.0330616761508774,0.0146298254056353,0.00227034834183674,0.05586205545679,-0.00342761907414511,-0.00272365525044568,0.0169661421905114
0.00884839360781854,-0.0202299947260321,0.000496821894454136,-0.0035078527812155,-0.00613401506532997,0.0145942812450777,-0.0184358830270597,0.0071094081253229,-0.00330999861517199
0.0720627110418778,0.0350983943585388,0.030267666993825,0.0144600260286374,0.0168743543249565,0.0551561958129394,0.0124905118498,0.0115119367416783,0.0299925661477826
0.0838511389397869,0.00256737208898065,0.0219789120674117,0.0113909072770616,-0.00402010787095906,0.0793704445415961,-0.000734013428033918,0.00386792231720522,-0.00274721365243531
0.116150925204548,0.0276504581258613,0.0345707099338218,0.0243189849292125,0.0163387831224686,0.0853432449196262,0.0070627161480658,0.0236896554627416,0.0201783872008734
0.0423904656946759,0.0270586736794184,0.0173604024246348,0.0228629510599783,0.00970354391879529,0.00361825980473678,0.00270696474005537,-0.00360537069955467,0.0042137934246441
-0.0344366552316621,-0.0121066900087233,-0.0288870365327553,0.00220174450424384,-0.00814137823456538,-0.0562173967839622,-0.000362667366757336,-0.030117173803035,-0.00786374888283036
-0.00382050857376469,-0.00598376210515149,-0.0125556487695214,0.0136906876333162,0.00818336482773625,0.0403351175011545,-0.00196926739276657,-0.00534868248044302,0.00110794196792256
0.00649994278107643,0.00444548007834487,0.0121435758237339,-0.00357244653173124,0.000706330292482999,0.00195707313637823,-0.00991056053418111,-0.00901904069189581,0.0070307272890704
-0.0194277411507125,0.0112385631502527,-0.0109252295849302,-0.0226759504328674,0.000461384835482563,-0.0325355029889694,-0.00629039291422823,-0.0227468435743213,-0.00630647497488483
0.0272273758456936,-0.00426057868714525,-0.0127928483405096,0.0266009846570239,-3.08675177533222e-06,0.0132934475734507,0.00362093499098125,0.0173986236882289,0.00888695666412157
-0.061871102781935,-0.0265123060396113,-0.0483935413929572,-0.0336136700523115,-0.00573708468041389,-0.0421307268004568,-0.0141059216893271,-0.0217060232967047,-0.0172178760066883
-0.0209865291799462,0.00716681089131834,-0.0100329256089585,-0.0385651782085173,-0.000809923601860252,-0.0163298204477228,-0.00473952757620461,-0.00380300719301794,-0.0191878100994006
-0.0800856441797216,-0.025169653247475,-0.00752887921676022,-0.0192258260878571,-0.000463069833090804,-0.0466380186032462,-0.0103824041639733,0.00369355958280248,-0.0136369897418742
-0.016759388671504,-0.0174552711328298,-0.0148586834539291,-0.0173450585195759,-0.00556951147470105,-0.0334566856607826,-0.001904692104374,0.00750136799121341,0.00861897493822499
0.0735986385631456,0.0696423756981731,0.0611811363101649,0.0354585656275081,0.015624270280353,0.0366600345013379,0.0161652790047718,0.0239821307779378,0.0138816790098654
0.123040524027659,0.0681029376100988,0.0528768663932706,0.0459881310422119,0.00442020846398717,-0.0247546730021764,0.0297558672923139,0.0305794531461336,0.035223596314121
0.00866398144800988,0.0178197535402751,0.0167652238482389,-0.0134227152183748,0.00605136373615044,0.00453507723106498,-0.000427439433425325,-0.0112160168237773,0.00130783753909212
0.041028471217773,0.011452898459699,-2.00984282182895e-05,0.0276045860262882,-0.00249396345189225,0.0115305387985513,0.000447210798127822,0.0326802433205636,-0.000549701705755228
-0.0280677204962865,-0.00091308804577704,-0.0130351953041982,0.005247318119189,0.00570734165358469,-0.00425217468979886,-0.0057116271875959,-0.0202745424317111,0.00740404869778324
-0.0085588792442367,-0.0425961128240347,-0.0356286322334479,-0.0162987105465586,-0.0150004872542141,-0.0021529651562217,-0.0208351578211473,-0.00333450169578899,-0.0170790289703116
-0.0120965716320015,-0.00116920690413341,-0.0261622642734909,0.00785794792133464,0.000456745274117523,-0.0146556575404297,0.00389186399312302,-0.00370944254493407,0.00257540805660057
0.0178187959692824,0.017718176896323,0.00149557726032399,0.0328526093576032,0.00721528618818974,0.0234755556180687,0.00784916628449341,0.0150256911421943,0.0159560440314444
-0.0537896454011769,-0.0112245380076654,-0.0548491440893724,-0.0143362481425427,-0.0174615414643301,-0.0458552849559966,-0.00410344040387669,-0.00895060878738333,-0.00992604823908296
0.0209961699736371,0.0171059423176867,0.00753570066601218,0.00978584230743437,0.00238066943964539,0.0183010783361994,-0.00515055928973402,0.00922104531841887,0.00406051974584375
-0.0351638760809813,-0.00445409357492666,0.00358832258883911,-0.0203508955710711,0.00216899505773345,-0.0243229701550684,0.00115350050967361,0.00255212863382097,0.000698534668684102
-0.0320583840113689,-0.0151862927483594,0.00442977089533703,0.00187500275235022,-0.00774685174345834,-0.0375138670897308,-0.0123506789013344,-0.01318656590665,-0.0128660688866739
-0.00370026543172599,-0.0140478719888641,-0.0227674601707703,-0.0037252791370928,0.000646829937388499,-0.00144026065184374,0.0195330566624439,0.0144337432617079,0.00764765376654585
0.0146840032421499,-0.00966667944796501,0.0227081903597328,-0.0119009290254701,-0.0123669122411372,0.0207139657535273,-0.0100918479036993,-0.0114156329452683,-0.0203305610195318
-0.0131098435253927,0.0124752616129361,-0.0179194536497267,-0.00188154484727021,-0.000958186266838626,-0.00834818554426318,-0.00189986218338959,0.00593576507148722,-0.00277908616606977
-0.00410147752885342,-0.0294238028275985,-0.029640765994972,-0.0173383205914133,0.00713391903515595,0.00555456588004106,0.00220434656831339,0.00871189210466802,0.0107322831803468
0.0614267492967062,0.0178804894441697,0.00977144163594956,0.0173499604263393,-0.000448886168937336,0.0469046639361934,-0.00167543389686734,0.0133974346019962,0.01495777536578
-0.0406943385562649,-0.0214353247426738,-0.0352087577131834,0.0023142096018017,-0.00976527452135965,0.0348746182405657,-0.00191985179676942,-0.00797928974101426,-0.00634048883160114
0.007439419293314,-0.0353899581333982,0.00345192290207713,0.00933680634207349,0.00389413564520187,-0.000289342874220723,0.000361070494852691,0.00518800898968379,0.00370775614896772
-0.0190053300400247,-0.0217484010305769,-0.00912112802873078,0.00707307703087983,0.0085309805430119,-0.013360781095306,0.0134990323357473,0.0163443994583507,0.0164603260864878
-0.0715276486238612,-0.0314816605366875,-0.049081228788273,-0.039598937066437,-0.00670862362950232,-0.0550462952338946,0.00240850175527764,-0.0281938084456108,-0.010066540987762
0.0303621447348265,0.0269926550984821,0.0156584866211635,0.0312421789641641,0.0212124845082602,0.032829709111305,0.030141651184793,0.0274678444822932,0.0325098750889594
-0.0392237331069091,-0.0233344608749404,-0.0256650142300487,-0.0176177694210221,-0.00202777553988179,-0.0054737188143139,-0.00306019631320337,0.00590063484227075,0.00150809659726735
-0.000813109864116157,0.0289835225725948,0.0283932958729879,0.0170810165835801,0.0100647027854228,-0.0128136749918426,0.0279213420117119,0.0456013009213859,0.0343457990177526
0.035743538014061,-0.020110555809943,-0.000100710082402541,0.00036945767500998,0.00333448203973809,-0.0197907702838108,-0.0044977236814227,0.0149196963267314,-0.00318574808162044
0.00171636313811679,0.00689953944444147,-0.0123036275952007,0.00212417373273178,0.00273915646419982,0.0028882100733345,-0.0109803071197509,0.0139444840680853,0.0115989463116617
-0.0707104396907492,0.0082728545822341,-0.056775677827701,-0.0359839563927555,-0.00779228799401707,-0.0505241623343598,-0.00112903403231401,-0.000232050415674666,-0.00938649164851778
-0.00118006380361631,-0.0139089372568109,-0.0182635925730043,-0.0274566045147695,-0.0046973108737557,-0.00528329569416871,-0.00465126783146732,-0.000893971854142892,2.78696924236972e-05
-0.0586307129410811,-0.0228299643930088,-0.0341674233574861,0.00988882562673269,-0.00159269320504176,-0.0359306231409061,-0.0043910929312374,0.00307526412614801,-0.00628564965082523
0.00967587157660102,0.0105564585884899,-0.000249827667539989,0.0304105468349307,0.00371715082109503,0.000875393928993083,0.0039676169404062,0.0109676958914481,0.0185095258900363
0.0187478480855941,0.0139446366235439,-0.000634735228082112,0.0107036462227409,-0.00137084650035715,0.00465094169633271,0.00596485783048479,-0.00522230721222386,0.00209474210688747
-0.0374522117792154,-0.0309728549905103,-0.0116807952006442,-0.016033482344857,-0.0216656319878572,-0.0151285919984959,-0.0265553732100156,-0.0208023033953971,-0.0320645159401705
0.0589689887041215,0.0416903574512847,0.044351054219155,0.0309541770832707,0.0198044397465317,0.0244907531522857,0.0291316373665654,0.0356120145366787,0.023363694600472
-0.049471050885552,0.000879824105620522,-0.0329317545588049,-0.0151536173174099,0.00174594297580275,-0.04818216539456,-0.00808340466022936,0.00640316546092516,-0.00295996200847816
0.00337584313589839,0.0170517699490861,0.00788582576250763,0.0100663625147847,0.0102207652741213,0.0251487794378905,0.020240457789368,0.0137518457726744,0.00989205651318807
-0.102239793666999,-0.00615330275384455,-0.0333681648248929,-0.02685091813842,-0.00659836858714263,-0.0575541636967775,-0.014671781071358,-0.0308823331927953,-0.0169874486454253
-0.0274488631762159,0.0275671864296934,-0.0148292191312745,-0.0152515089863512,-0.00310664018545581,-0.0281952634148702,-0.0207500447107564,-0.0295678482166996,-0.0333117789421854
-0.068634007509408,-0.0203854614619411,-0.0381682480822547,-0.025412456165251,-0.00896048408986393,-0.0569586400604108,-0.0150799881370404,-0.0213880930704651,-0.00709048596249387
0.0605886185172943,0.0464998511428499,0.0331415447073136,0.00935477190275506,-0.00298964887353801,0.0632078815224268,0.0101053399929605,0.00956441072218317,0.0229223346021825
0.0473834764298056,0.00773184687942426,0.0112053955754576,0.0119333128645619,0.00483435973728075,0.0454761120239358,0.0024295587355315,0.0194601407477985,0.0122446011043046
-0.00123779002556837,-0.00749799475762066,-0.00128728996513414,0.0287925797813998,-0.00397811389163439,-0.0135882091108011,0.00483032761859467,0.00558441589914015,0.00079205235212767
-0.00813025347823285,-0.0277058891966161,-0.0382661472534825,0.000919125213067769,-0.0126874561635503,0.014212417630818,-0.0135789980459266,0.00334804737504348,-0.021340566813519
-0.0561713333946474,0.0148425647904421,-0.0537638549571312,0.0170726808618384,-0.000313170429967755,-0.0303603982085919,0.00758715259313794,0.00329905934721953,0.0159827626573977
-0.0611049171259869,-0.0174669137101684,-0.0223610290896295,-0.0169692260132808,0.00359581170494232,-0.026076575669311,-0.0101100983554332,-0.0100066844303935,-0.0135413934539458
0.00628450818835159,-0.00274301284199735,0.00518392192862068,0.00919662935803517,-0.00835826262111519,-0.00141338842924691,0.00966760760131169,-0.00878246557945057,-0.0152104147973262
0.0282329324207135,0.0334233986958233,0.0360492499352274,0.0447550752465309,0.00602320131534096,0.016734668954732,0.0245026684040637,0.0164549505340112,0.00923476978213105
0.024993389655699,-0.0121807271004437,0.0110567249702196,-0.00339144025817689,-0.00806082334964145,0.00729202884058733,0.00318023802180984,-0.0245620156827079,-0.0158758107636213
0.0245998971940022,0.00933180897184309,0.0185197445970143,0.0254225552412356,-0.00394377175915685,0.00531773000202509,0.00727877637408836,-0.011299595582728,-0.0059409427340404
0.00388720307291174,0.0193856744763316,0.0226909574509313,0.0273970822059323,0.00432029089697663,-0.00340735645427951,0.0239945488254828,0.00610619361106218,0.0157615334675922
-0.0474576287884345,-0.0329285718451536,-0.0245445334465416,-0.0179202716275291,0.00391246821539809,-0.00767044334322757,-0.0053096251460926,-0.0185120092078267,-0.0031574920414842
-0.0353679420436848,0.0223877091439717,-0.0301462070286371,0.00276324157897532,-0.00422057588225012,-0.0186877654397688,0.0014519404314517,0.0158691318028895,0.0078944404491995
0.0819541924999969,-0.0104155152188585,-0.0103167005533128,0.0355017154709284,0.00427526517812049,0.0455164836102812,0.0140902926478785,0.0266113604042543,0.000846207641085245
0.0117993550616596,-0.0186946102092565,-0.0152062058691163,-0.0146763442492421,-0.00413267445051272,0.00326690778447454,0.00573648456586707,-0.00226627736903637,-0.00395429928468661
-0.0191088570087322,-0.0146150193750122,-8.01361768046965e-05,0.0169549457604125,0.00374727130427402,-0.0172681857099262,0.00752951890653239,0.0182784829649517,-0.00333188174332431
0.0867750050091653,-0.00291495228978784,0.0388562029803307,0.0191815367022197,0.000467086509900911,0.0488598828608871,0.00671150781338872,0.00153469580815801,0.0140169655473883
-0.013074222827657,0.0223560182526311,0.0042736993143573,-0.0120055791609327,0.00367412789023241,-0.0377206279643941,0.00817813479457925,0.000646636268453342,0.00269903021976559
-0.0292365091623024,0.0273738022674072,-0.0162864516624875,0.0122295663608759,0.00225337114806644,-0.0208557146990682,0.0143169150288142,0.00212349178031768,0.00191352574622754
0.0988883628733091,0.0248882834115263,0.0254669257278561,0.0295267013413897,0.0147484155045857,0.098335501750928,0.0186274525568006,0.0234074812419988,0.0372090013094577
-0.05382936412766,0.0127757750136857,-0.0344680576803979,-0.0299410395257106,0.000883322254665005,-0.0359672553056032,-0.00978628400709052,0.0120291402695001,0.00278789696346052
-0.0115066621268953,-0.00684603271478058,-0.0152828926826439,0.0215426386778688,0.0166236361670624,0.0164881149456016,0.0094862782540456,0.0122752647940077,0.0141922839873205
-0.00197118322758778,-0.0193444202705358,0.0124855767657044,0.000345516184089272,-0.00930445881142899,-0.0175821909459406,0.00558502840544736,-0.0275269326587387,-0.0152924760794091
0.0775370713086462,0.0196535169957117,0.0146094688054796,0.026784314150983,0.0107465229912053,0.0455977751862119,0.0242596374802943,0.0216106242855965,0.0358754276076015
0.0292891389531224,0.0161129722650092,-0.000758755837047036,0.0202585143633031,0.00477570740786702,0.00679870809493288,0.00710209146272009,0.0027313483383575,0.0143257160952124
0.00257815431085888,0.0309514655248728,0.0273439526578616,0.00550146805783123,0.00558465033845576,0.0046176282792607,0.000231689090495131,0.00250513227879493,0.012384061442532
0.0131302144158888,0.00750297266673905,0.00698032192842861,0.0135570468954169,0.00582490662951823,-0.00221632103028687,-0.00145376026289269,-0.011317437898554,0.0124576288384834
0.00991247399834662,-0.0243469755835498,-0.00501387281089925,0.026123329439438,-0.000881669462869742,0.0233099553502076,0.00319352653968481,0.00117019648079772,0.0282216407015859
-0.00732120468722897,-0.0167934347925732,-0.0180316153556393,-0.0339452339172992,-0.00319967870170739,-0.0191458772277338,-0.0021619874215144,-0.0139474862193678,-0.00304098800334602
0.006933235454955,-0.00961912621963092,-0.00664319362064967,0.00963990875776129,0.00485245786671291,0.00173582251248929,-0.00156550693719633,0.000494125565267062,0.0107663981325453
0.00443284174797393,-0.00370435199489878,0.0165587128748966,-0.0068532086517345,0.00548416971175611,0.0227911117917234,-0.006956010963406,-0.00300332977123373,-1.75203848892452e-05
0.0190638583077663,0.000264411576540976,-0.0116238673700398,0.00823723163840682,0.0031774290361509,-0.0138444602996716,0.00881988275343528,0.0109701942736732,0.000507179479072353
0.0314963732268325,0.0112912401771594,0.00997113851564282,0.0255548639439045,-0.00451878617142569,0.0374237134154687,-0.00121551088927219,0.0115409776613333,-0.00757163814575442
0.0295816499958171,-0.0189290647878868,-0.00337189421815357,0.0111070073375918,-0.0145144390746305,0.0382591405351986,-0.0117602350383899,0.00124061134194074,-0.0242637408877404
0.029458795926667,-0.00105090426872116,0.0129547540736958,-0.00484903957362556,0.010358002687551,-0.000516913692392559,0.0126620608018248,-0.0102062452929627,0.0121537666203144
-0.0414494946584486,-0.0193009888082876,-0.0534524018651365,0.00618701315790756,0.00442483299339721,-0.0112341243534704,0.0202673555577163,0.0225951440794916,0.0243148475646908
-0.0563380995199792,-0.0340663857158157,-0.0467378011839835,-0.029889162935531,-0.00867725133425369,-0.0130043033712557,-0.00773698274588294,-0.0342444809898809,-0.011928146421388
0.000345951746120664,-0.00158965137606444,0.0153402705031264,-0.00447596657143304,-0.00135424315254549,0.00493199226545297,-0.0106091867596002,0.00157603789596963,-0.000916192570429506
-0.091561276186677,0.0110229687291129,0.00265610381850844,-0.0535435108858695,-0.00514412178572012,-0.0703634316588846,-0.0161404037988603,-0.0292686693223336,-0.00871679216388331
-0.0211910818988883,0.013330140340128,-0.00446451582397896,0.0300625743563368,-0.00964746953590778,-0.000229505389484129,-0.00201674678055723,-0.0047440409697285,-0.00498540821453313
-0.0434318261219149,-0.00152273244030138,-0.0361867838891827,-0.0107526899137683,0.00665456243717747,-0.0325482261405078,0.00390659157120995,-0.00709711323761679,0.00407737792885925
0.0328204209818093,0.0416380325508317,0.036866795329247,0.0100134583103596,-0.0191966722776362,0.0236740593038827,0.0032951008312548,0.000327477873355786,0.0222989894406226
-0.0461654755752361,0.00198884023385889,-0.0100639209827095,-0.0196318626007577,0.00944255397531874,-0.0376191383346674,-0.00276156779013505,0.00729686323423031,0.00584061259520615
0.0483073797365644,0.0184781515859195,0.0224814708354333,0.0232995223202059,0.0205759503610988,0.0448300249748059,0.0244249424788441,0.0292124564942796,0.0330529305625013
0.0804601726465877,0.0116126706615281,0.0153028897665826,0.019612178569517,0.00895572237449002,0.0696490287560575,0.00959305348339059,0.00784047861114013,0.0176680864541866
-0.02363729066157,0.00508923059724952,0.0015366008804211,-0.0194354201372006,0.0027907963767547,-0.0459238650859202,-0.00759838066532703,0.00346644384435984,-0.0104860546191708
0.00606123814325826,0.00644563761818239,0.00928754617945829,-0.0065639287793532,-0.00354917065373749,0.00194889313667402,-0.00293316190445799,-0.0135982895199858,-0.00411618667841251
0.017553875660563,-0.00210079892058252,0.00824130638066249,-0.000562210837094382,0.0124877086664331,0.0170002553201542,-3.67631456642013e-05,0.00279431727590897,0.0211519618240397
0.0387386955893704,-0.00148976539979847,0.00989128562697229,-0.0177112266964386,0.0183773062378737,0.00379676579413334,0.0189588114083996,0.00483911599328103,0.0167628730908891
-0.053187605499168,-0.0282134999351557,0.0153147323695336,-0.0233622575371807,-0.00339712933932602,-0.0160490153386393,-0.0191715757552367,-0.0356870743058708,-0.0200036025841126
-0.0140706032360589,0.015339160743327,0.0155240695261821,-0.0116232772007435,0.0135052248584558,-0.0251950304087917,0.0132974967041301,-0.00115444032401345,0.00811023294192317
0.0444384404114965,-0.00166372316462909,0.000624639806567788,0.0206455342709549,0.000186674998040384,0.00649522603073667,0.00475286411936984,-0.00936645309372726,-0.0102174568800058
0.0413861939987898,-0.0327408440238286,-0.0110463241134366,0.0317035012153726,-0.000530285574803644,0.0190049918762951,-0.00715978823680717,-0.00812470538094753,-0.00169923423743721
-0.0607031547581053,-0.0268806646761304,-0.0274966956597755,-0.0138061579782967,0.0074236759922231,-0.0610165386787257,0.00102130620463171,-0.0204412402910254,-0.00542186059124984
-0.0559151408735006,-0.00715160560336631,-0.0128390547647539,-0.0314754405587605,0.00424307596530214,-0.0324680027420607,-0.0101598872815589,-0.0156690660499915,-0.016437623454261
0.00860853983449775,0.0209063663434809,0.0092041160583959,0.0314975422197215,0.0120179934181736,0.0206509465238285,0.0177569489023338,0.00704245384104408,0.00999752645645622
0.019138273310618,-0.00102025877722948,0.00632853016517597,0.0115475715455388,-0.0113096217273711,0.00541849969715105,-0.00675758865073799,-0.0154496785980374,-0.00829448577523441
0.00328040560857963,0.0365079700077081,0.0217687393554812,0.0332837915863678,0.0179327941826797,0.0143722500412863,0.0224863042556875,0.037000758309969,0.0130933052716663
-0.0237699784705788,0.01244531463978,-0.0202103729253406,-0.00215774806462643,-0.000224255881503941,-6.28070867327709e-05,-0.0123330292112697,-0.000123499580180823,-0.0077807054657198
-0.011575142607587,-0.00417436416296167,-0.00729503135504424,0.0211878521932024,-0.00481868967585334,0.000357254889925377,0.00250521569605762,-0.0110483485136262,-0.012477632837984
0.0171767763556079,-0.003045275089863,0.00529264758857802,0.0312370260613194,0.0124333963621174,0.0249148664782947,0.0229937922022921,0.00524543854513903,0.0228076794311759
0.0419565146438758,0.0278478098633439,0.0191768993498717,-0.0124663096374653,-0.0101551643840198,0.0289666988971177,-0.011444896453471,0.0244242794848375,-0.0139450183323996
-0.0348745965057524,-0.00863264615878459,-0.00258586864562268,-0.00562661312969673,-0.00733271478026083,-0.0289310182774938,0.00986134084732212,-0.0216563353655673,-0.0225722642466146
-0.0578669871437726,-0.0431484129481319,-0.043327052977004,-0.0463272360669686,-0.0147024148271581,-0.0196450203848482,-0.0309547532821448,-0.0153280986087529,-0.00584882305242837
0.0744950343586364,0.0695415829360118,0.0660810469051282,0.0174146786793871,0.0165855287244384,0.0520324170509821,0.00422361701814079,0.00237766522126479,0.0327905239721576
0.0198251808832406,0.0278750984966051,0.0101318471147764,0.00170590967569212,0.00317540417972027,-0.0230761458827989,-0.0160216779619869,0.00945295999909665,0.0114729386698552
0.0182435971363437,0.0214223966597941,-0.0136862694764651,0.0283830402199189,0.00616504228945686,-0.00779426309183235,0.01992811111637,0.0120018719224177,0.0203480422062579
0.0185840100145947,0.00536467045730729,-0.00884623190992951,0.0161701964914586,-0.00200378274110983,0.0210892714520162,-0.00314514288713931,-0.00826983360580297,-0.0197094531028913
-0.0408596985578221,-0.00321198533081909,-0.0306073037072068,-0.0231761405306775,-0.000202078326373384,0.0169789802936383,-0.00799317135761025,-0.0297547464205824,-0.00699668032271421
0.00644033453152563,0.017078174466813,0.0163312571039676,-0.00406430742611246,0.0183663920249673,0.00443549239103505,-0.00834637669873911,0.030793744621647,0.0251676303345422
-0.0176626820882683,-0.0420881249957204,-0.0269809737078398,0.00257371427861171,0.00426915787534621,-0.0287548290760319,-0.00454058388360113,-0.0120018626299906,-0.0104244138486609
0.0271145522376511,-0.0142936862215617,-0.0156388588975014,0.0126698784756492,0.000802358970217166,-0.0265696748999817,0.00604403912048534,0.0184816810974335,-0.00220521372288601
-0.0132762728639489,0.000190674188388826,-0.0369974702917888,-0.011171114881138,-0.00709374580821295,-0.00280686400400714,-0.00113586118695228,0.00710206500197986,0.00567036485203863
-0.0168460623401575,0.0133778012919101,-0.0193239979094785,0.0398516690723529,0.00152929390013885,-0.0201035942879246,0.0129027314605572,0.00780061393858058,0.00818262523708434
0.0051507633887678,-0.00822060490781505,-0.0065748907487498,0.0318259504659865,0.00163511730500338,-0.00780223623986114,0.00182846178542757,0.0093992798616027,0.00180537832772787
-0.0581293384691868,-0.0311360504069496,-0.00959935984798518,-0.00807128574714295,0.00923233712379498,-0.0244452662312929,-0.00592655853154689,-0.00979145840518853,0.0190269915990671
-0.0286755099017026,0.0172135428673964,0.0104813736586773,-3.89024179396622e-05,-0.0039600922953006,0.00529450348617306,-0.00193484479705606,-0.00010467990142156,-0.0102720884730214
-0.00523508621309934,0.0187341539908933,-0.00542495071699127,0.00338134534035179,-0.00711280729763135,-0.032649081011497,-0.000808616844659986,0.000192401014714874,0.00754520867184346
-0.0299356008337223,-0.00228542311423014,0.0342119369786813,0.0342729523517662,0.000721399171657308,0.000920665351397992,0.0266964416467626,0.0109404187224736,-0.000838344518517255
0.0357028025212458,0.0211867766083195,-0.00427452432723615,0.0116365294540091,0.0115055078185914,-0.00352986488594812,0.0262542973253347,0.0223587382533285,0.0239073673100528
0.0351535513501119,0.010707633327942,0.0233822532530601,0.0498518902626266,0.0152043255352458,0.047379729261405,-0.00214342873625896,0.0237852936060672,0.0275486788863609
0.077836457611202,0.0263573715492127,0.0262572210182125,0.01437908298207,0.00533600043056699,0.0711407281969137,0.00627727324537031,-0.00561771091183902,0.0125039593989686
-0.0855700583371712,-0.0401423220441533,-0.0305068944490001,-0.0500876126070171,-0.00724608019922998,-0.081661434701767,-0.0313977871583645,-0.0189650642673292,-0.0183112070504017
-0.000947935425257379,-0.00167005644924576,-0.00756830570581558,-0.021008141193068,-0.013741599844631,-0.0204146531904737,0.00822192304095219,0.00425470474332122,-0.0106766177969949
0.00998490337170993,-0.0106110457796251,0.0012928315019635,-0.0338456345288596,0.00194476839176181,-0.00568149040616043,-0.0177717494857491,-0.0236153892634064,-0.00685467976764613
-0.00631349038052153,-0.00924782079218012,-0.0404541866881335,-0.00316382197753131,-0.00459334850337754,-0.00787312831276427,-0.0394340363539304,0.00166282784959895,0.0019615920057778
-0.0122178832692558,0.00699068381453897,0.00932712443078278,0.0148647732553203,0.00594915293009442,-0.0258258391956406,-0.00385789696886279,0.0193500447484121,0.0133777876536847
-0.00749363631481799,0.0170706618412075,0.0209409602676409,-0.00571002931778606,0.00188014914010249,0.00638431159771505,0.0108417437887562,-0.00263261659213894,0.0122411492744206
-0.0317172833614077,0.00578549744481699,-0.0149312984175209,-0.000426686397815508,-0.00203617862206686,-0.0198652169642463,-0.0252566515296304,-0.00316881862272516,0.00570207410047317
0.0650919116856634,-0.00475018318114434,0.0130936627514354,0.0119554342078485,0.00913961990493626,-0.0121583083252043,0.0144001367494151,0.00794723877033209,0.0165088171074157
0.0799353347713871,0.0510407896770723,0.0435700913937188,0.065461551646387,0.00639684069576054,0.0646058423029674,0.011126613364874,0.0209663452427846,0.00637595451309889
0.0049465757926649,0.00165884575477466,-0.0115834704837971,0.0129252223764933,0.00448522813200481,0.0133204475406747,-0.013890820187157,0.00501420392745972,0.000689128278278193
0.0571855642449783,0.0234625593668784,0.0226622926362693,0.0346454933556338,-0.00112858658892303,0.0255586695767279,-0.000921477001693646,0.0310989737460816,0.00529120716246654
-0.0325714328835882,-0.0169849640804878,-0.00291999102833965,-0.00937819934252679,0.00440671988550966,0.0667878071569517,-0.0108433115934017,-0.0153014984530906,-0.022352989532135
-0.00593776402661912,0.0190575102127434,-0.00264389516207937,0.0122360228161243,-0.00169615921708365,-0.0149127309629691,0.0146194607105213,0.000148030862619928,0.0240281275784031
0.00670922529846949,-0.007294979521878,-0.019745817880916,0.0249141809613074,0.00750882500792913,0.00791864353711483,0.0377391325883042,-0.00476852609196539,0.0227984751054124
-0.031039059029807,-0.00162058177884615,-0.0276577615474647,-0.0358603051316974,-0.00144428259531446,-0.0169447932603604,0.00418506855719269,-0.0126165575546169,-0.00945471232053402
-0.0455326088950662,-0.00268585316293228,-0.0136630543040217,-0.0206599304454954,-0.00939914966331276,-0.0432025960582927,-0.00992591609241805,-0.0096058545766673,-0.0108737652809731
-0.00395743733858533,-0.0119294255667184,-0.022686187678552,0.00392412777435299,-0.00290331676591708,-0.0544453539163482,-0.0125603713508454,-0.017666090770922,-0.0139971407301829
-0.0146530102746581,0.000335248057293341,-0.0102685689678484,0.0205426060179964,-0.00228080558354573,0.0214815140024202,0.00427480658872973,0.0243559980845579,-0.00527896639479191
0.0472384280994139,0.0117705729166038,0.0192598155806318,0.0159660373900143,-0.00173657828258201,0.00803668059601749,0.0118384910180689,0.0367686454865805,0.0112637665739461
0.0442049428687497,0.0340564547449088,0.025697346315699,0.0487344768585698,0.0222676080571887,0.0513142270601465,0.0113170091394118,0.0154356811839168,0.0399139226115361
0.0667505576462261,0.0418265478414588,0.0338849610047907,0.00703940222591443,0.00952627487028912,0.0347589702034217,0.0134180741174607,0.0180049432142875,0.0178300753148126
-0.00307637245510174,-0.00497780578769778,-0.00389551969698841,0.0100936440921116,-0.00921409944595388,-0.00233627976189618,0.00647371420001335,0.00804148362959654,-0.00597929071418957
-0.0106511514545127,-0.0202924408606354,0.00560014195777898,-0.023446306024808,0.00349017445126426,-0.0140588271837157,-0.00602172918308088,-0.0221769343012363,-0.0029716197102534
0.00933123658096383,0.0459152241258037,0.0360149043020732,0.0180307087968609,-0.0107159984607174,0.00265514856734288,0.00916069644894964,0.0323454476951029,-0.0159863736457209
-0.112807550375947,-0.022194353377566,-0.0403655945492591,-0.0620743396944035,0.000567131811911662,-0.0734843834156124,-0.012146892276596,-0.00396270329417758,-0.00957803323803726
-0.0277489177466433,-0.0108123479116396,-0.00146188898140808,-0.000818252093098428,-0.0106200898196866,-0.0155124171382005,0.0100146800501397,-0.00792339523732688,-0.00386693239162936
0.00853855408367819,0.00869792675278943,-0.0131151885895884,0.015974841312933,-8.93580745269125e-06,0.0060391009831601,-0.00522339769200788,0.0253747935557715,-0.000454101218670783
0.0491255482048822,0.0219228065841873,0.000353050040346981,-0.0142365848336398,0.00490990473321629,0.0346653824501667,-0.00631203124677876,0.00410336851421958,0.000723718971153963
-0.0597412649229752,-0.0248520862053041,-0.0262091584057131,-0.0318720815578917,0.00761966930601494,-0.0314371217140488,0.00251329452000896,-0.0182717952713063,-0.00404720247099406
-0.0463365565780971,-0.0142880639709728,-0.0307731840690307,-0.0312420897222873,-0.0018605496313515,-0.0396957305864318,-0.0144140093206237,0.00815624303193001,-0.00236814379917595
-0.0014817357807965,0.00349981700419623,0.00229355454587499,-0.0172992803421465,-0.000923874102778727,-0.0204936800187872,3.12299755673263e-05,0.0174327900855625,-0.00480216131623021
0.0218076586091421,-0.00161075709786504,-0.00419855085345809,-0.00464972176590667,0.00529927373830612,0.031034680906685,-0.00618140808419754,-0.0186767063769594,0.0155053911293272
0.0374937228600598,0.0090218264786984,0.0382210942206002,0.0263579221940808,0.0103078044443781,0.0508313168197621,-0.0105061912072981,0.00219039381119791,0.0238439304747269
-0.0412677862692319,-0.0190844653288106,-0.0354885806877319,-0.0107273245146208,0.00347230499288555,-5.09191281078056e-06,0.0045418025709228,-0.0124568437260208,-0.0158224433401972
-0.0649691032991767,-0.0223493722840088,-0.0119388424354228,-0.0139961928501261,-0.00733975990351764,-0.0424537149194141,-0.0072912257023754,-0.0128358797802047,-0.038515563905083
-0.0147513217071101,-0.00298689075139676,0.00109900546983061,0.00739004682523859,-0.00160604142427118,-0.00081058700150777,0.00844309873159154,0.0127287627941521,0.0214808447032993
-0.0368818470677843,-0.00375535734241491,-0.0246950706311001,-0.0198778015867876,-0.00410007910723064,-0.037554050154003,-0.0123006593064501,-0.00864276001686455,-0.0146743384154221
-0.0277853952550142,-0.0590138841610287,-0.0146326937330536,0.0297336987394816,-0.00345313015390723,-0.011392239085329,-0.00688256477363166,0.00132783257243117,0.00778463453339604
0.0324420524090747,0.000369592353037904,0.00432513372885528,-0.0096064759144691,-0.00407160832581255,-0.00334834296700132,-0.0168929986829692,-0.00628118105086624,0.00273757844326075
0.0222052000813059,0.00723898164042155,0.000997381368048363,0.047930250853664,0.00216744877591034,0.0179391681755402,0.0335088569859955,0.0101341660683453,0.0511626344822884
-0.0184337417186806,-0.0298359600153185,-0.0356979034170565,0.00851470229640528,0.00267837966740705,0.00541735299083011,0.0176238145195032,-0.00691340917916944,-0.00201052385191843
-0.10313158895515,-0.0500991948306008,-0.014879599931738,0.00133092456013087,-0.00515635068783881,-0.0683904292487484,-0.00763071582042758,-0.000959735141171065,-0.0108303552891132
0.0261863660597336,0.0259191507875416,0.0283724553010075,0.0338799953837843,0.0217264569335697,0.00185640188158677,0.0171119522147908,0.0161457353819827,0.0293795240476505
0.0428341303229476,0.00634790371191277,0.0035135111996325,0.0209244801416057,-0.00697310696038173,0.0197222263403188,-0.00868663189251989,0.0131675859656032,-0.00688369105790895
-0.0553371844460621,-0.0165726032295307,-0.0220829909925779,-0.0285651561167617,-0.0159657237597987,-0.0276156533420241,-0.00414329334170838,-0.00777328357928856,-0.0131528495211104
-0.0370453027530282,-0.010641021058747,-0.00618257498134654,-0.0221666934160754,-0.016662826214216,-0.000895249095114967,-0.0102376239839743,-0.00904985964462944,-0.00752251748578398
0.00264206470246748,0.0214346251560461,0.000541646899268549,-0.00310457941839576,-0.00411242691971338,0.0088621673794585,-0.0023423107266588,0.010687873065908,0.00484662610165613
0.0680921809516976,0.0321840298785795,-0.00111616912028802,0.0232324803247577,0.0025273672988735,0.0333249719966523,0.00478810736690741,0.0122881989709404,0.0222935091559144
0.0259824398683336,0.0403938926232354,0.0352293509370805,0.0376460948207793,-0.00195117356174175,0.0273808331449868,0.00942764425871611,0.0211205204853163,-0.00243970266912281
-0.00299682079090543,-0.0241154363325183,-0.0102295315362101,-0.0375385047218505,-0.00988262530904706,-0.0323951170011928,-0.000325335760520962,-0.0145073728507859,-0.00993110893894401
0.0414973582504377,0.0428009690578212,0.0399125382387162,0.0514634865639284,0.0130128118160684,0.0084442689513636,0.024522404765508,0.0260723275616435,0.0276356591908533
0.017081231849784,0.00683499338547659,-0.00585732755066367,-0.0260561450992247,-0.00577169905183527,0.00430813714756801,-0.00627530642038188,-0.00584906285142672,-0.013209603380577
0.00210472094718634,-0.0113186828516841,-0.0255078012241845,0.0143729782020472,0.00699688062864748,0.00234149998536395,0.000435545796077368,0.00353799487130051,-0.00287686423653427
0.0481926092690794,0.019874622041542,0.0268836768950735,0.0354143085477471,0.00871288576593723,0.0359956263263221,0.00231832159910582,0.00847282967024574,0.0117393994284735
-0.0182094921456607,-0.0136898595371992,-0.012119631740206,0.0367341669187056,0.00244114657155556,0.0122660936908419,0.0121306173603719,0.0102835185011502,-0.000202244525371002
0.010583032532541,-0.00973912262600973,-0.0145638188137688,-0.015933180685068,-0.00126148359899316,-0.0223519270480579,0.00778116463323713,0.0155998713014561,0.00713201712531112
0.0122166599649059,0.0330112074869747,0.0227498814954772,0.0574289474905542,0.0208897018263887,0.0464100551290039,0.0133250321140824,0.0355777493865916,0.0239672186037259
0.0304908605490347,0.00897274709337871,-0.0172862390755833,-0.00526638322611807,0.000127165726445876,-0.0105481558734958,-0.00697797107777456,0.00345421760718676,0.0055006276507475
0.0119333726418389,0.0400921025668954,0.00828144029672933,0.0303149285091603,-0.00467549423599702,0.00890201455003578,-0.00284047576280286,0.021442833784456,-0.00823566371478809
-0.0124024124834476,-0.0072981550569037,-0.0101060786463219,0.00247812961459602,0.000928102845651291,-0.0190135474627192,0.0108828411718445,0.0114556907632108,-0.0124663289764618
-0.027869516367615,-0.015473545597984,-0.0107229790650931,-0.015609928103807,-0.00208954921870939,-0.0568577824617583,-0.00751564214568677,-0.0208983993185975,0.000730385461893813
0.072577480890252,0.00155445927384363,0.0100528919379956,0.054852838959815,0.0128101848323251,0.047966790244805,0.00689834901451138,0.0373088198126603,0.00936541557090497
0.0758761040918709,0.032460012464033,0.0428265100378391,0.0234700309816275,-0.00260148853307982,0.0316114754046432,-0.0030724712561596,-0.00274709705690807,0.00406488767447007
0.0175401297345682,0.025860456927125,-0.00170881604526309,0.0145878076227478,0.0021845829085303,-0.0299661299446241,-0.0180260244536168,-0.00741129442698862,-0.0143613514241902
-0.0169701098640372,0.0147990657455291,0.00205583744752276,-0.0126379433000079,0.000347022213404121,-0.0296613181141349,-0.00396940954918206,-0.00505429494170605,-0.00146741858481411
-0.092532610352664,-0.061775377060681,-0.0556545473570168,-0.080468525131336,-0.0111410457675714,-0.0811396656458542,-0.0249848126632054,-0.0275639247679031,-0.0344220822173282
-0.0871623028442357,0.0180225955397815,-0.022851896901672,-0.0467186494016069,-0.0118691099554983,-0.0440669898782309,-0.0123104328318475,-0.0278562655383464,-0.0106833568466228
-0.0248782528642006,-0.025425051524037,-0.0240608628896722,-0.0142513682669338,-0.00381910955770184,-0.0296339542955448,-0.00694120687655893,-0.0143047019571183,-0.0266498031773795
-0.0632391268863191,-0.0285733205273318,-0.0341040609652926,-0.0359998531148847,0.00993156390308587,-0.0262988181254186,-0.00391346322587461,-0.0425763409690425,-0.0018016958320184
0.0249865276861197,0.00101056441187944,-0.0082170124504261,0.00843680869527848,0.0107515214375831,0.00772953691882394,0.00746908214183862,0.00818938012350379,0.020454751849951
0.0150667859809764,0.0243712125795859,0.00728175406156547,0.0041910073446562,0.0013923240382062,-0.0052960089184196,-0.00150126281355035,-0.00198442172996793,0.0089468242183948
0.0131897019355346,0.0178104761336739,-0.00769326624769521,-0.0237344966545862,-0.00460779783777576,-0.0108587276278676,-0.00891332430472328,0.00266488829659102,0.01090377853042
-0.011660912541166,0.0137185426741891,-0.00196546525320486,0.0140786026361029,0.00774970635752865,0.0136454690823529,0.00140519007446305,0.0233424158748079,0.00299543217778313
0.0475872453409231,0.00846007140448978,0.00430589865767193,0.0202007630993161,0.000395158134933621,0.0240578421749487,-0.000976928462758836,0.0157604220122506,0.0103709655777532
0.0633604515719467,0.0155393903480914,0.0123202124719449,0.0333022864616058,-0.00140927607425095,0.0307731343491503,0.00588405590987492,0.00926698568424742,0.0166233559109634
-0.111070794741221,0.016503958861865,-0.0430717446525115,-0.0326015013756301,0.0057494158841148,-0.0584878710384723,-0.0109764344479547,0.00619843049627779,0.0133323243643739
0.0251407572669379,0.039106155096057,0.0310181359878722,-0.00382038403764319,-0.0121689400850925,-0.000903381257525358,-0.00712190378970915,0.0131079444766633,-0.00737096438924617
-0.0173148390867632,-0.00810420359794814,-0.0393589564821367,-0.0390712550834861,0.00469480980870704,-0.000539270367046826,0.00722804226846501,-0.0265830900529976,0.0117570561519211
-0.0676125557526794,-0.0187637498849299,-0.00225390485404497,-0.0317477223505723,-0.00331784561862194,-0.0135494656245537,0.00851950664284466,-0.0270444104124362,-0.039354591549863
0.0304640493503659,0.00425144404733007,-0.000895284072787596,-0.0078655306373334,0.00716952090279595,-0.0189239653724592,0.0080275392449016,0.00601085742692088,0.0178928088945881
-0.0633263762756793,-0.0268308526816721,-0.0249680935951701,-0.0478009903544853,-0.0110052533036104,-0.0326150614025476,-0.0112534375628696,-0.0369950530637697,-0.0185719212826086
-0.0284842399648691,-0.0629965745866284,-0.0405056051404106,0.0012235534016896,-0.0135273681623446,-0.0402813301558142,-0.01185085064686,-0.025166165803472,-0.0387837590968774
0.0346227794060336,0.00186845529979799,0.00339917820414268,0.0210169671892943,-0.00311074574133675,0.0218945620715229,-0.000654132922645107,-0.0150428277282591,-0.00833226831892037
0.0295851378960294,-0.0197029436979837,-0.0147839196901644,0.0244423796937277,0.00656806910461557,0.0186042639202531,-0.00884058379662767,0.0136497432255591,0.0156297811569571
-0.0242272175785735,-0.00714565076410257,-0.0202589565782279,-0.0191106926833216,0.0100112284853881,-0.00470903312480428,-0.0233466449985377,-0.00379004307482402,0.0173988378759679
0.0112622325508411,0.0168939722193085,0.0050692126263798,0.0281803681127585,0.0136415229149142,-0.0260234234898868,0.0100787245709984,0.0186586809369517,0.0138303812520612
-0.0516901994156017,0.00817038299065227,-0.0148203738172806,0.000666902095520071,-0.00459907623680522,-0.0081494365581754,-0.00717229247583112,-0.0248501722663328,-0.0170228159818184
-0.0258223106926387,0.00390308685079535,-0.0285428761273596,-0.00784688823346059,-0.0157301747025531,-0.0121863537397556,-0.00824426385341043,-0.00507132796224661,0.0014964289725678
-0.0373465992333571,-0.0157314739620774,-0.00266123785000879,-0.0159450415205485,-0.00342013006490543,-0.0244582967048633,-0.00895609992995354,-0.023907738342855,-0.00969578900652935
0.0210270553626,0.0281327930812939,0.0132545230328216,0.0123899206851225,-0.00716933196994839,0.0343150004203323,0.00621000841212284,-0.00433756475596925,-0.00764794263082563
0.0193234843075161,0.0224141691328541,-0.0124965783145224,0.00251109764513831,0.0104362604693011,0.00888357602608678,0.0127092114717811,0.00245640185135894,0.00147424928837073
0.0154005924577956,-0.0129577235962182,-0.0126291273789021,0.00467579004839778,0.0061377844754699,0.00282022721830176,0.0103918262717393,0.00411774478874514,0.0137043939348046
0.0329636028483728,0.0359974368010547,0.0319605584541901,0.0157053349973581,-0.00795069305670715,-0.0066985666523958,-0.00225000359707544,-0.000180955265158934,-0.00447860666303199
-0.0662873383222881,-0.0280136856359059,-0.0491990987699062,-0.0422203395970941,-0.0236918031639179,-0.0744722548232113,-0.000187566723378561,-0.0138870020715238,-0.0233918095812802
0.0406200499285259,-0.00905022003981804,0.0126184682839838,0.0039847286812157,-0.0115854123624021,0.0463837767115548,-0.0105357891164426,-0.00963182236112248,-0.0104023531745723
-0.0433578911441731,0.00964596827963701,-0.0121172253238216,0.000415815828117758,0.000673680983668568,-0.0220666860459619,-0.000661197825881487,-0.0130854274468876,0.00298490826448263
0.0131888342858607,-0.00220630568732408,0.0137052498364532,0.00717039554386354,0.00374143199655563,-0.0540753909005476,0.012615659243287,-0.00163854924665538,-0.0150590128692186
0.0503037573560146,0.00447271535969635,0.0162106259466265,0.00175122233131117,-0.0144359176716906,0.0156840134159582,-0.0183715762070915,0.00736726453818003,0.00585749476982815
-0.0919778162373843,-0.0184675960556241,-0.0429300086691478,-0.0516787974247927,-0.00905391760405298,-0.0510855933582324,-0.0242951088406792,-0.0181380878215328,-0.0321775751725991
-0.00664281962595704,-0.00972792939398787,0.00978915248036224,-0.0244678989933385,-0.00912305269683355,-0.0150396894734812,-0.00845404514542435,-0.0354751468792791,-0.00309619986314604
-0.0455229020555475,-0.0320712605273729,-0.0190793888049517,-0.0282339734296397,-0.00674901722702822,-0.0431359632986502,-0.0114742167707018,-0.00860241014972016,-0.0133515027564474
-0.00303102977191592,0.00164969687903082,-0.00344759319772157,-0.000414626716946886,-0.00627867348325822,0.0230183235068017,-0.00116139251174824,0.00290158907449174,-0.0082328132185936
0.0119116313269381,-0.015364132689862,-0.0149273152531133,0.0257053645649913,0.01227440380827,0.0063949311001438,0.00906250262442478,0.0159524809124169,0.0183976612731664
0.0239767614990423,0.0137351901276247,-0.0178727588131757,-0.00658202119189497,-0.00620781592386838,0.00925685415463041,0.00990820660655063,-0.0126032444811556,0.0130917066959173
0.0169916604603216,-0.00597816026684438,-0.0222704290919371,0.00965121537089643,0.00327815621425468,0.000540626785320407,0.00245272886556678,0.014253003393198,0.00852592087373549
0.00969806758458193,-0.0167924294871286,-0.00466950599612882,-0.0193499638110792,-0.00547618514165037,-0.00168248399867613,-0.0286781351704759,-0.0328870820565277,-0.0173289886535464
-0.0795732720115188,-0.0262820897845069,-0.0515693131701474,-0.0266659678731177,-0.00207891322411304,-0.0483303622724164,-0.0158782120953771,-0.0178313681444585,-0.0110178071616445
0.0410543596736953,0.00184734055984985,0.00671712540646336,0.0190326052173382,-0.00604055220071101,0.0417687497182133,0.00714139627547026,0.0156352089003331,-0.00747074482532633
-0.0211531173904923,-0.0228829845014637,-0.0172038323918529,-0.00128801488602443,-0.00321604683756048,-0.0118849150951256,0.0125636906414667,0.00504223207854754,0.00722494238106907
-0.0388478026390987,-0.0137984045276779,-0.0321096675982851,0.0503060426237393,0.00145127712545395,-0.00867719841309528,0.00987269361715279,0.0147710190835401,0.0096720017397153
-0.0434398983723776,0.0057620378981802,-0.0164578274713258,0.00532864860894557,-0.0121565014649324,-0.0407455190133854,-0.0110928885730705,-0.0053529461610917,-0.00864416495865994
0.0113981552035834,0.00273797190951076,-0.00240057849943354,0.0115361754934191,0.0090640560144537,0.00353393602685798,0.0202594526290593,0.000914235087489123,0.000334166251517644
-0.0165562887795822,-0.01621163848995,-0.0309996039585117,-0.00414848777475479,-0.00490003359132142,-0.036192001205973,-0.0105051773841142,0.0080787026427605,-0.0201341318301439
-0.104611684602429,-0.0038681318975967,-0.0172498044720833,-0.0329993267008497,-0.00180936776271355,-0.058216091836596,-0.00675062129764263,-0.0289094879239651,-0.00209317228461333
-0.0195953149792467,0.0319669860903207,-0.00166885877737495,0.0042984895539087,0.0134853491623651,0.00204573022138957,0.00181505774395029,0.0057668372258175,0.0309386074900094
-0.00112026524414356,0.00476519364691476,0.0082769606821886,0.000994007089626625,0.00229352375038222,-0.0112249293113609,-0.000532611670852096,0.0195493171086578,-0.00547824103036385
0.00960017028082975,-0.0158686294578923,-0.0135692703539974,-0.0029802191357153,-0.0124236227443971,0.00611974070175682,-0.00126264473150351,-0.004108572846559,-0.0234053711496144
-0.0715654251780723,0.0186791477543615,-0.0595650609474541,-0.0143227464662837,-0.00535643858884366,-0.0510528762063931,-0.021943131866824,-0.0323153969632768,-0.0238688479656478
-0.0240306108426342,-0.0207743992409243,-0.00713624128467188,0.00892691125171842,-0.00374760134370567,0.0245059676976704,0.00758561679317379,-0.00279713374268654,-0.0122985716142926
-0.0437775864470448,-0.0149193562324036,-0.0353431571601251,0.000392829235799931,0.00860749001135704,-5.43242636305381e-05,0.00501921198614262,-0.00192578146542347,0.00352753895457619
-0.00680489552125982,0.0144596372974205,-0.00398076732108515,0.007698770987929,0.00557565582811813,-0.0334789038835365,-0.000260930186299176,-0.00867860717124756,0.00123611340392778
-0.0116764925431063,-0.0225410647144343,0.0109781312185602,-0.00740737043276633,-0.00654887426319936,-0.00930210909456218,0.00190212946665143,-0.0146419956923003,-0.0108031359447809
-0.0130071033001724,0.00576426979911294,-0.0172000956457741,-0.0147879791468357,0.00134023925686753,-0.0522078546136149,0.00894708656010873,0.016914511735824,0.00903740357916148
-0.0572105219919615,0.00545792379937872,-0.0225489493224506,-0.0237304226219906,-0.0078537301433926,-0.0519448438557155,-0.00457241529815002,0.00129943277402593,-0.00392024093260079
0.0134215377532035,0.0311220863721949,-0.0191194039865806,-0.0107750459702066,0.000869057374486225,-0.0151568712375815,-0.00999303296825082,-0.0123666577069879,-0.00216399079038995
-0.0557866511226601,-0.0197749558440184,-0.0252864158862257,-0.0273658417947273,-0.00484396979918579,-0.044604517148687,-0.00301425725357598,0.00847062953224737,-0.00595296561273475
-0.00399327146868485,0.0139188634464075,0.0151876820905983,0.0255963910353354,0.00956318437378312,0.00675592355157864,0.00546895523361557,0.020325179766711,0.0057934446775601
0.0111221734039537,-0.0260924690461775,0.00660658629992806,0.00710652346941779,-4.32271437634149e-05,0.0176556237602886,0.0202662811643055,0.00744463984065459,0.00320135897356423
-0.0541703347611584,-0.0293901595267056,-0.0359967465388087,0.0140048389982982,-0.00439002446754751,-0.0609658980403257,-0.00547241981584274,-0.0079097536844665,-0.00143812042988948
-0.00053011783553506,0.00607648904314965,-0.0184933174675358,-0.0239450355057356,-0.0028359287148021,0.00907936019872166,-0.00093359059880113,-0.00312056686400913,0.0011394580024582
-0.0621634157937722,-0.0391341231201467,-0.0441141763857955,-0.0239890916858843,-0.00558274646078706,-0.0414947495697166,-0.0296479577765277,-0.040263115016351,-0.0117304769498357
-0.00639548916554982,-0.0388168442729789,-0.00700287010344915,-0.000719495578820641,0.00358375414158172,-0.0158684541156715,0.0081625245568204,0.010944849744861,-0.000919992723673909
-0.0101385122383199,-0.0388797352423197,-0.0434451362753806,0.0198453551372875,-0.00395555015430205,0.00160829390521341,-0.0058573387114074,0.0178965373307964,-0.0212470341770094
-0.0407207664054463,-0.049486349212843,-0.0359624223214631,-0.0355417763877133,-0.000152386188866044,-0.00132266140551297,-0.00301224284268336,-0.00478759637004912,0.00178505152262888
-0.00478992572282997,0.0210604238314514,0.0307473488568074,0.0119654949327177,0.00110911492781944,-0.00663330355928201,0.0132420989047031,-0.0115451418008207,-0.00811301687052425
0.0220183706226835,0.0312358586148273,0.0152472109830227,0.0210268176047728,0.00661459050037833,0.0124695821844669,0.0261837087073889,0.0299804969533247,0.0268399111020759
0.000595430085201328,0.00267510968024489,0.00812232936339419,0.0379287896202694,0.0097419131436624,0.0107206568451735,0.0239184893851459,0.00729689970635049,0.0298121913880614
-0.0583699414842796,-0.012752481851893,-0.00486641806222831,0.00758042216646721,-0.00588601044717172,0.00598282723187413,-0.000337703578481544,0.00825621243513297,-0.014158259821156
-0.0229003961719499,-0.00080053121330649,-0.00630742440067337,-0.0269040171641492,-0.0049888054425609,-0.0137626022017625,-0.000573922645322375,-0.0251878558554701,-0.000969634622699467
0.0141991317673262,0.0127176300882115,-0.00885183175414415,0.00859834718895505,0.00919060358098673,0.022799994775993,0.0124180023753322,0.0172793019648182,0.00837154662160554
0.00184923087829603,0.00844339785528317,0.00214223439872156,0.00256589148925841,-0.000806567832650927,-0.0116240806039172,0.00667737721370396,0.00949170286470732,-0.00234081243207823
-0.0320002487039517,-0.014061372536554,-0.0112865961655989,-0.0160663075167149,-0.0066863908568868,-0.0299067303385912,0.000571501085289408,0.00272451027844461,-0.00725686858682453
-0.0267327289705004,-0.0164366774850667,-0.0405690570711561,-0.0154108788964162,-0.00930907024411428,0.0101570440164314,-0.00244745618054008,-0.0149474900234918,-0.00356110213106
0.0402167073691381,0.0308341382218719,0.0326439183096332,0.0360293100898974,-0.000417933856713049,0.0224406576603224,0.00424943232973254,0.0279823204593725,0.0013384148926291
0.068482838656942,0.0101690376087091,-0.00377809715886067,0.00617822749759305,0.0135626305704217,0.0512061122432751,0.0178427442923553,0.0330549107300202,0.0275678168864953
0.0201217011224458,0.00822432993321039,-0.000954104393011032,0.0298698242312133,0.00531121405111457,0.00703782109331726,0.00490900045570504,0.00063251951644783,0.00123865527823391
-0.0296726607223655,-0.0240074146189282,0.0232247334221984,-0.0357428809709155,-0.00362378445735581,-0.0251152788687243,-0.0057673296986613,-0.0262708650944619,-0.0271938255933724
0.0101870624906179,-0.0079573264081628,-0.0121302415166266,0.0242540673753318,-0.00500631656702899,-0.0201835986297964,0.00393113078294096,0.0060296147775729,-0.000974953567230518
-0.00228238452605929,-0.0368087165950805,-0.0341173873365863,-0.0129033292672102,-0.00529032887913565,-0.0624486768937527,-0.00490957598717388,-0.00758788775178122,-0.00630354706945413
0.0199805232841379,0.0140335834608855,0.0292374490223397,-0.0058993300995019,0.00260745478082193,0.00931441984630681,0.0101071974670965,0.0179122155859506,0.00356266617104222
0.0083066248309266,-0.0164398687227905,-0.0121766960194528,0.000449879125483132,-0.0128803460146584,-0.0141547414183731,-0.00493320005662538,-0.0050156534838635,-0.0144747901719849
0.0216146961206923,0.0375258446138677,0.0103737235084995,0.00469187489170975,0.00374591576818213,-0.0220060943531927,0.00767857984261616,0.00668117632673937,-0.00304485897194775
-0.0210363511768038,-0.0129544960805355,0.00638329092841806,0.0058445811366773,0.00620688451082308,0.000641123592312552,0.033337718238717,-0.00312579006922085,-0.00158599238844957
0.00316185261239912,-0.0243301115403472,-0.0224370927888097,0.0124845220953916,0.00363872621068218,0.0532007498855184,-0.00420765252723848,-0.0166560907166068,-0.0220296048910949
0.0309931130453954,0.0348770481579064,0.0347300128359829,0.0316161931287082,0.00471190209448378,0.0117058354291081,0.0107483034755739,0.0216828231106726,0.0197898043582124
-0.0466872647554853,-0.0158918464294415,0.00373696945184173,-0.0116926687739928,-0.00430327820071911,-0.0146883401843954,-0.00608788005237977,-0.0223587713630556,-0.024254701135408
0.0547354309629692,0.0122363964352844,0.0186093457436181,0.0157333651027676,-0.00187805044987444,0.0108643653082993,-0.0078399514594499,0.00973735628770218,0.000917201806354297
0.0488069552120642,-0.00132036154699528,0.00324225969179605,0.040301728536471,0.00152142256113405,0.0167887598408604,-0.0148732144429538,0.0289008734229944,-0.00612353326391894
-0.00164844689234518,0.0145280645637435,0.0114896075899394,0.0248385899485518,0.00997207606408406,0.00943199639527476,0.007701370145288,0.0316837649603978,0.00774657895467037
-0.0187870190234965,-0.000230074216023449,-0.00736947116731076,-0.0105454494664202,0.00124917623550046,-0.000983683683893251,-0.00735833921972972,-0.0116557879611754,-0.00966614053847027
0.0232286062172927,0.011279965976533,0.01087141418521,0.0173366007780848,-0.0072437037151766,0.0338964599551657,0.010391299168095,0.0186778900921693,0.00961883637227182
-0.031534009579771,-0.0102630686182429,-0.0282226223670027,-0.0379050677826913,0.0205058161183249,-0.0501934284719033,0.00593947570784621,0.00254942988458993,-0.00085429509569969
-0.0278481545146385,-0.0148510152455291,-0.0222428111661163,0.0195315779843481,-0.0138053328004104,-0.0289468979699872,-0.00524189443749567,-0.0151307552352933,-0.0204126930129749
-0.0159609438884704,0.00904029188737156,0.0172847524941205,-0.0016473358852166,0.00122919517680253,-0.024309412016727,-4.43763883447885e-06,-0.00053085530173141,-0.00412107103776282
-0.0386234000770116,-0.0174728299683673,0.0192110281431026,0.0276821424518517,0.00648712069271432,-0.029031692490197,0.000450909794507034,0.0330182733271036,0.0141517966824468
0.0154047829283863,-0.0172266939844071,-0.0147136846130315,0.00345628556851085,-0.00384500198049354,-0.0160314118761001,0.00496041231708403,-0.00630841022223498,-0.00691671048337532
-0.0151280643118556,0.00475635598937498,-0.00325338145490233,0.0108510643287052,-0.00116181466991587,-0.0241490761061395,0.00449760243083165,0.00524529764161859,0.00569247608238408
0.0556330520259359,0.0438281814831047,0.0328469723754768,0.0209850865317962,0.0149239106772623,0.0262614608708421,0.0136370993052157,0.00280739740583838,0.0318649385069012
0.0400463502664534,0.0183609949798122,0.0217101957736877,0.0208706562660306,0.00708225026343902,0.00175550227510252,0.00975855495421417,0.021743139661206,0.0116712474244507
-0.0114205923268732,0.0146847729624024,-0.0193288159912994,-0.00938335051618717,-0.0111784931048023,0.00460879458428203,-0.00382113673801035,0.00261072940847541,-3.54134026898588e-05
0.0654956111701,0.0571835504761306,0.0466021106309824,0.0518992467121764,0.00613164658577205,0.0603853885173678,0.0151156256016451,0.021680453787366,0.0215176365098383
0.0484021251582948,-0.01479235024437,0.00905338676994246,-0.00969045452261759,-0.00382372786498181,-0.0114177917794354,-0.00619320733636672,-0.0199186944773406,-0.0130517923735087
-0.121542552059013,-0.0619456777240063,-0.0489687954131593,-0.0380163798633931,-0.0255927409879004,-0.0913614791725117,-0.014397740112611,-0.0348700513804514,-0.0351305373158272
-0.0135110574598316,-0.004381310706803,-0.0293888973048458,-0.00980579491306199,-0.00210151332857215,-0.0253114258511586,-0.0156311769740086,-0.00245848524354818,0.000644756811975863
0.00725982563282601,-0.0168227139905126,-0.04086978438984,-0.0131312320446291,0.000759038592141514,0.00856568026110527,-0.0212793910825415,-0.0105762709192354,0.00463489909729214
0.0203632429850519,0.00171360953612568,0.0227319899081602,0.0320304377520731,-0.00537339725123575,0.0463835011736593,0.00269700747714938,0.0203833337489086,0.000573371610438056
-0.00681675671095465,-0.0057246506666989,0.00353856803773275,-0.00156617967108801,-0.0104951416116843,-0.00367215871507999,-0.0227401687391976,0.0104467048381681,-0.0131689150409531
0.0221766452621958,-0.00737772911447404,0.00687901266147729,0.01412064404971,-0.0125357750573056,-0.0351221554492541,0.00429440683372305,-0.00177756791002551,-0.0240407855467132
0.00464676440608165,-0.0126207135425914,-0.00918179506086238,0.0242415860716937,-0.0027754431993681,-0.00694804564724839,0.00414929794626894,0.0239474156298918,-0.0017295224922732
0.0361032756778409,0.0397448103205973,0.041644593252868,0.0328773372650206,0.0253249435676408,0.0260923540587728,0.0217572066448649,0.0221083158376388,0.0345539492356687
0.0069883060325634,-0.0140140409876882,-0.0332266163817145,0.00349929607126399,-0.00298033832872752,0.000631763202786426,-0.017071672380343,0.000343654020255027,-0.00471466689263866
0.0478570698709078,-0.0402933113752711,-0.0175350717888098,0.0126083327765508,0.00351101554883349,-0.00433305089648016,0.00459015401962977,-0.00119561320091492,0.014713459580233
-0.0118599873891131,-0.0121761995537105,-0.0383651331713342,-0.018790928840066,0.00619384166710867,-0.0197951702616115,0.0109425818647935,-0.0118024761692702,-0.0132584669066085
0.0164825157055181,-0.00845808228670398,0.0034820529795051,-0.0112950821740372,-0.00518356814173817,0.030949573743998,0.00167571193375016,0.008148299404243,0.012710411276357
0.0760470565017827,0.0212085673556357,-0.0199283274198718,0.0529183836584495,0.00898121928458547,0.0394515369405606,-0.000657400600081893,0.0139205550755276,0.0150638550692917
0.0249687256930981,0.00632775542355782,-0.0109441639613223,0.010381464995188,0.0117138384263507,0.0286282371501009,0.00653626299724513,0.00734773708077662,0.0121415852349184
-0.0436121523232525,-0.000808350801339336,-0.0105981951712642,-0.0237325747952853,-0.00853244830876507,-0.0498113972943483,0.00701757817664492,-0.0103381027230649,-0.0147090540588585
0.0126634321137427,-0.00522601355048969,0.0195462425590843,0.00184058182173762,-0.0171557632544412,-0.00679953116673254,-0.00949574442057441,0.00930979091840379,-0.00971167263546896
0.00946611011440214,0.00969341429032054,0.0157197706411902,0.00756483719222759,0.00466424448255002,0.00776682378593746,0.00503415765737116,-0.0164547170919813,-0.000167369307076056
0.000834374862759257,0.0189917387031412,0.0167523658524097,0.0673295902621705,0.00824291232049069,0.0259895760897158,0.0171787214437369,0.0204428241709165,0.0227158795849664
-0.0423782373337389,-0.0214227923437823,-0.0438557418846331,-0.0248990688760572,-0.00137326162813369,-0.021669209019999,0.00233142974632711,-0.00765109632324955,0.00631512577065124
0.0689057499220576,0.0210049730422219,0.0253628114454047,0.0019517078491556,0.00728872337438667,-0.0034949148589908,0.0283061159071109,0.0072736317737404,-0.0128130494550357
0.0421496337753276,-0.00466093293819779,0.0144016707146205,0.00261541384254705,0.00591524296527272,0.00313803988312244,0.0148796761907753,0.0105617978478202,0.0042192090958973
0.0122078127131656,0.00875801034097898,0.012985496133602,-0.0232029760841778,-0.00451455305440614,0.0311059722437582,-0.0363406428512463,-0.00144297581718974,-0.0221902274842234
-0.0433576284845593,-0.0342418630546019,-0.0277069813771443,-0.0314799948558412,-0.0110511451971454,-0.0235978996167904,-0.00626163072826466,-0.0175861794339468,-0.012797083152927
-0.0215911106591384,-0.0236138776035067,0.00981815064085666,0.0112847940953833,0.00604569823001706,-0.019543457661207,0.0163998576315992,0.0112634114380617,0.0155027189204237
-0.0190427951319719,0.00155863356050322,-0.037213383204237,-0.00447384840689694,-0.00167496756703114,-0.0371735828068978,0.00600244666314926,-0.0126075176726583,-0.023266179326685
0.0871347261686498,0.0615808182560716,0.0417916031838226,0.0304628456702345,0.0076746251538491,0.0375969996723635,0.013597000269658,0.0252796491455246,0.0202474715080985
0.0445152544922257,0.00432211805675673,0.014609925480645,0.0094957996577353,-0.00643077733610547,0.00906085858148531,-0.010741388865108,0.0141240196200152,0.0072827326350548
-0.0199643627932399,-0.00180174798096311,-0.0273303197555329,-0.0176572623402863,-0.00800071431848734,-0.0124787937369182,-0.00268185312267696,-0.00943128872390653,-0.0120939194936965
-0.0341954319582996,-0.0411352443621715,-0.0294302301671262,0.00925024565140758,-0.0183752400209787,-0.0235710976873996,-0.0169612923345006,-0.0157972659914621,-0.0181669769633573
0.0361095407317928,0.00232541327028071,0.00116373484424021,-0.015487025994558,0.00450314421978581,0.00808980612228824,-0.0100903289172214,-0.00183853715204198,0.00932091722975571
-0.0121915191290831,-0.0304506833865885,-0.0111315067671901,-0.0080879427988957,-0.00382196963717473,0.000823357853947299,0.0035505668525056,9.70751485400044e-07,-0.0188764646868043
-0.0336892222056012,0.0207703359588445,-0.00424336105407332,-0.0272297484016126,-0.0226772360557944,-0.0305913696055624,-0.0201276717962021,-0.0351064466373367,-0.028440917798529
-0.0398660047009346,0.0159808972674877,0.00284708936918916,0.0131696328052046,0.00146254009349537,0.0300641985737835,0.0270282377266688,-0.0109291252065429,0.00412531924724368
-0.0370876461339732,-0.00125413706757726,0.0095033170762006,-0.0120959380956426,-0.0179256481230641,-0.0250945734613159,-0.0284086483972308,-0.0281797862348459,-0.0211212157678582
0.022191936360525,0.0388701750187633,0.0297322212904163,0.0711021414383042,0.00312272534985136,0.0147146564381488,0.0208497842583048,0.030916969366226,0.0167241357777077
0.0564076480087928,0.00464350601629205,0.00741583042840528,0.0212174261905535,-0.00158338755943548,0.00572958042342121,0.00337006029936499,0.000679146665568811,0.0105143956829594
0.00213189686371658,0.00430506929951714,0.00208823132818152,0.0160290624328231,0.000192981955912525,-0.0178729751272066,0.00740337490886772,0.00278096486866858,-0.00777967451107443
-0.0339408074355184,-0.0135100635461344,0.00895365333543713,-0.0266158556053585,-0.00415193090260572,-0.0248597177955299,-0.025152733639521,-0.023370295117994,-0.00840563149104214
-0.0390878360908377,0.00206226865337241,-0.0117261325908442,-0.0149622376621034,0.00262018837517404,-0.00168321317187411,0.000106798683075143,0.00376105892475145,0.00340602429612732
0.0346521290085441,-0.0562205720992216,0.0130595646948452,0.0296336293000388,0.00616822822937269,0.00686835541557238,0.00688336242093195,-0.00337527087733158,0.0104746524495912
-0.0525974174930878,-0.0169655502469851,-0.0281757447465524,-0.0104626539497721,-0.0145652169904225,-0.0445152888644434,-0.00237341830101617,-0.0184660702805965,-0.0299607338420187
0.0457436738817199,-0.0011726721172794,0.00412088510035171,0.0373297073438942,-0.0147119948152463,0.036761869592338,0.00274833290934078,0.0118251216490727,-0.024271264644621
0.0632811300057834,-0.0130695932698136,0.00274778543554797,0.00871994084475695,0.00221262277412261,-0.00759276284669304,0.00786106104199751,0.012011798690871,0.00266569152061943
-0.00868926532320038,-0.00842224676816818,-0.00300217137843757,0.00506450201602905,-0.00940951314702327,-0.00533249195021602,-0.00521014364059291,-0.00549622285350958,0.00236436162474818
-0.0164236641577455,-0.0277765261177759,-0.00548573716740373,0.0213417804556685,-0.00121298985834716,0.0060594352412639,0.00208063180029824,-0.00127699379924498,-0.0118400239527327
0.038060280789044,0.0356430190486111,0.0346374220651725,-0.00400460576883352,-0.0137796039280177,0.0417959746405366,-0.0209387713158939,-0.0027648083839893,-0.00979930566140185
0.0292761989244502,0.0168345710171129,0.0316714446910963,0.0310436203543574,0.00172593606870935,-0.0204188979796959,0.00798920631915389,-0.0125258613650644,0.00336277718409164
0.0685158772434125,0.0452246026733035,0.0522696954376868,0.0179764247568822,0.0058073719858816,0.050561217846036,0.00695694688095201,-0.00462848931070003,0.00651118439202877
0.0437195441075158,0.000497026374731211,0.00479071679157958,0.0156076570678076,0.0174693466288353,0.0396079761105806,0.00472734794098002,0.0104897245528787,0.0114862356936838
0.00803080268120549,0.0486462420076873,-0.000879849984168418,0.0760006704019735,0.0234969040971996,0.00435937715424406,0.052787776693829,0.0414809218462113,0.0378261393598909
-0.00512163197853758,0.00511686874741605,-0.0128525576046991,0.00359648209974587,0.00715815957868394,0.0149203278533389,0.01223671089031,-0.00799263024181521,0.00301611027362952
0.0349890980882237,-0.0444110325413494,0.00335808076835857,0.00917497229039936,-0.0200198724156686,0.0228916524841587,-0.011913174600521,-0.0232405664727514,-0.01774100608292
-0.0219600366924778,-0.0281403352370181,-0.00483414785514789,-0.00525574071786204,-0.0200700337604506,-0.00494031446503763,-0.0123232509570194,-0.0113600658270276,-0.0235202818054664
0.00922036052715521,0.00499986205108254,0.0322523633026303,0.0127197903300123,-0.00473503203658563,0.0114053041691163,-0.0146866934160883,0.000600896301914408,-0.00938640896206693
-0.019934142675798,-0.00325686427848618,-0.032395046979288,0.00350155493508516,-0.00248510959409821,-0.00914664225862704,0.00302868786238006,-0.00712668078213913,-0.00422760433342065
-0.000568720139194874,-0.0146225647013322,-0.0113370992439668,0.00282728119900605,0.00749388412687159,-0.000485318689993887,0.0054511027082888,0.000975037026218698,-0.0178262398202471
-0.00928377916927121,0.00893944180483025,0.00124413281636499,-0.0177433484084942,-0.00265148900100203,0.00944181777949189,0.008183822516135,-0.00265537756648525,-0.00142412596055814
0.00875113503037223,0.00873474069863746,0.00364252100242503,0.0119551626158172,0.00318803864318748,0.00716066675844109,0.0220452746994858,0.010585419767982,0.00558336361367473
0.000793117389013105,-0.0225169397868298,0.00786931831675958,-0.0162770772730639,-0.0108576165962858,0.00420648274734269,-0.0276151245356513,0.00235514445666119,-0.0126149460261652
-0.0207435876392118,0.00186010231075912,-0.00334136441400524,-0.00468454833230533,0.00863319587454509,0.018449383437369,0.00198708255754454,-0.00636668511114358,0.00371008175108358
-0.0390574276111109,-0.00118033682628888,0.00877371174282344,-0.0256878456688556,-0.0108265228582945,-0.00644276721484308,-0.0133677940733143,-0.0349666118602169,-0.0204546171033275
0.0867093343256643,-0.0101835909638763,0.00603903583253851,-0.0136790006073903,-0.00406128433192062,0.0379869872809693,-0.0171754768116246,-0.00429285728501891,-0.0116990944757694
-0.00865810023260922,-0.0227298521856814,-0.0479132631305412,-0.0169172371986849,-0.00173329227403421,-0.0267721930809709,-0.0327565540836854,-0.010158249808333,0.014995369755526
0.0189779493395333,-0.0156907969303119,-0.00405414166944279,0.0268373594457893,-0.00710238400445473,0.0239635914199111,0.00569822519390885,0.00371594440041367,-0.000183919652069106
-0.00921111503439732,0.00963347657293382,0.00413660875110977,-0.0341399497283648,-0.00232289091134929,-0.000655647300614895,-0.00748979310073178,-0.00812572116960447,-0.00121488927093028
-0.111794024346648,-0.0564663983498542,-0.0106233831159255,-0.0649095998068883,-0.00789520879587436,-0.13124797082711,-0.00736189523907818,-0.0108497526528923,-0.0161256276752414
-0.00897211933357348,0.0162931373781658,0.00341418207255276,0.0118290010614561,-0.0179271789366724,0.00124862888028791,-0.0027089809031789,-0.00323564766529249,-0.0250945139331417
0.0177335661212667,0.018644576674766,0.00706422209011034,0.00557230598196784,-0.00102937637672387,-0.00137734896616293,0.0019802090638689,-0.0124812075458874,0.00777104783687528
0.016011886610299,-0.00990192072063525,-0.0151356783052309,0.0227372080103028,0.00256072661138181,0.0296228587044023,0.00627883121799,0.016377498045265,0.01152062345327
0.0661520447370121,0.0138602210898811,0.0127840664726057,0.0293398152028881,0.00486729176065883,0.0482681982222551,0.03104502072032,0.0202658861795963,0.0387790090527544
-0.0242726686107321,-0.019150326221461,-0.0190345134329148,-0.0383539789535363,-0.000988955643122929,-0.0215246580935581,0.00614230687392493,-0.00643070937734577,-0.00144702006385258
0.0178397225309981,-0.00199514761274402,-0.00637947962984584,-0.00486051681454795,-0.00481105713794046,0.0418626649461964,-0.00793957364113108,0.019202055081812,-0.0130714675982517
-0.00245672312930873,-0.00520757255030731,0.0109328194110695,-0.00230617485311483,0.0050934030608775,-0.0200175599044386,3.90521714873054e-06,-0.000265848962799027,-0.00560987441372001
-0.0450177174567072,-0.043511309388749,-0.0211904932330429,-0.0051452355161628,-0.0142942797380929,-0.0366040974013602,-0.0194355214159137,-0.00954086847219448,0.00651090616711734
-0.0177223217735848,0.0119400699661658,-0.0202224909427662,0.0106757831361992,0.00374350945599499,0.0340769932439267,0.0191599046330078,0.00810532697550323,0.0158071624026382
-0.0482574647761478,0.00756717983210074,-0.0135773112824724,-0.0309629475796415,-0.00365166926199875,-0.0317756592255368,-0.0215400900474943,-0.0207341918645129,-0.00871381852761814
-0.0614134946393623,-0.0345895511103924,-0.0635781870461243,-0.0333894835331766,-0.00568679778935971,-0.0202039462943035,-0.00661907505756229,-0.0147718993056555,-0.0118158717568556
-0.0421557967804179,-0.00792349904223299,-0.00552935104314315,-0.00571653448249654,-0.00640147767242062,-0.00594674056435901,-0.00307226441200403,-0.000541544201784785,-0.00466724547263793
0.0126358033914509,-0.0213561456994863,-0.0210902382984097,-0.00997558595642155,0.00153056203423268,0.0101981607017774,-0.00364888480465304,-0.0115700985017485,0.00458315013243119
-0.0635230434987064,-0.0337049352596784,-0.0440434442963242,-0.0344494925599716,-0.0194047617233058,-0.0639472931146657,-0.0283450918685847,-0.00420160357915835,-0.0248642693449164
-0.0177576299983342,-0.00655140269410975,-0.0108520321172864,0.017300785167165,0.00108632387952864,-0.00875433837103412,0.0127824696193882,-0.00112274979603946,0.00117181668653267
0.112152297378626,0.038316126452977,0.0305388180472415,0.0146220969471563,0.0105380852946997,-0.061763025743692,-0.000464273999273758,0.0229324069630792,0.0311401375518124
0.0390094171942043,-0.00469112918335461,-0.0075441187906257,-0.0013168314574854,0.00535485921737561,0.0263881503035362,0.00638100846220757,0.0160122386738883,0.0106128400505313
-0.0144862550604806,-0.0371192359600436,-0.0223277202228404,0.00998434131113994,-0.00469741101873303,0.0149637409464507,0.00537318153278733,-0.011425896215156,0.000830454570917377
-0.00338142118143004,0.0151844536749198,-0.00365430032200739,0.00273256386375068,-0.00407786123745909,-0.00733873094598302,-0.00982667573083859,0.00123814508778058,-0.00195122670161126
-0.0483987956957908,-0.00577805020071409,-0.0330331648406388,-0.0314202885084488,0.00156607617134527,-0.0551072823013252,-0.0149996280513534,-0.00194983080848885,0.000460327209572539
-0.0343006822910774,-0.00318709746388404,0.0181636791591636,0.0040207527648559,-0.00244412041036622,-0.0196350004259841,-0.00212907794636741,0.000922730681878257,0.00101299105472737
0.0176249530828621,0.0081576724063562,-0.00208394730728199,0.00420762417436711,0.00245336865685892,-4.22554649127087e-05,0.0107834383453222,0.027152391808136,0.00693852701069628
-0.0514242046815128,-0.0200308482460139,-0.0110016217139496,-0.0416363911340148,0.00416368678264243,-0.02334471565131,-0.0125323958000834,-0.0207895168897,0.00582721902084928
-0.0305711580921524,-0.00690698428718666,0.0053921401581309,-0.00823750464338513,-0.0103439752330214,-0.0204668580302738,0.00150216719230174,-0.00954820676324506,-0.0207796468542875
-0.028635095854875,-0.00128698497113577,-0.0443198725777287,-0.0153691259798682,0.0102724132136973,-0.0399891294897747,-0.00103032244098161,-0.00578857852224124,5.08588870051668e-05
0.0234630804064335,0.00880540659831358,-0.00113033547167605,0.0348858661195794,0.00619222747756082,8.46642648178811e-05,0.00739831124569077,0.00769303267341944,0.0171107473077124
0.0297299332192903,-0.0089090339430704,-0.00632155434625305,0.0120114544432043,0.0208536301042591,0.0206155395035739,0.0360083700805623,0.0208191436041188,0.0214564433773793
-0.001931111318054,0.0014736896791623,0.0112920343916351,0.00238944683430137,-0.00523242564589171,-0.00836073933743854,-0.000769100918334794,0.00279648728559834,0.00261820734280105
-0.0430744557329253,-0.0271616764279011,-0.00324888455622426,-0.0190804634511104,-0.00609044807255789,-0.045601034895323,-0.023773018698218,0.0062627288759425,-0.0102754165829431
-0.0104990511378204,0.0257382689783604,0.00179105175740067,-0.00958105640367149,-0.01431308048926,-0.0209104762474734,-0.00680016525886387,0.0112344171404242,0.00793928719161285
-0.0274005624956506,0.00675583604554712,-0.0151960872467643,-0.00548922230076628,0.0060623069360628,-0.00301107431048384,-0.000535826016384377,0.00821520607441859,-0.00856828884801943
0.0900154859551921,0.0392529791513972,0.0409989180092096,0.00681596533310119,0.00535186581007509,0.0517471999393352,0.0180392924643619,0.0175183769117323,0.0109021188451494
0.0458162325361109,0.0354036009993106,0.0212147417815673,0.025467559346444,0.00758801628215286,0.0564889256522676,0.0193286877068118,0.0192414678591267,0.0326515127732454
-0.0143842465097783,0.0341837041760857,0.0158309521708753,0.0116514662930422,0.00556540873038737,-0.0285141746885519,-0.00411182577456982,-0.00671198767779777,-0.00773252432911253
-0.0275711156450053,-0.0296543211729981,-0.0171875560433971,-0.00186511894895975,-0.0105827372063502,-0.0285183242739224,-0.00714700533544787,-0.0147893448270272,-0.011329042915925
0.0197856955350112,-0.00493651132479409,-0.0201457141555152,-0.0110076374120413,-0.00482919190347185,-0.00561995298964914,0.00119622238833414,-0.0213202596803485,-0.011808475964343
0.0144881381847462,0.0310280022701203,0.0406366730575158,0.0279777898348944,0.000548695306538436,0.00415732820449067,-0.00347936206883742,-0.000154942052044111,-0.0130688632200957
0.0423625377859129,0.0209077457372994,0.021066685368513,0.00300507433451877,-0.00218405292755666,0.0102346282025313,0.017340515966222,0.0125712026762272,0.0182654561545382
0.0271186048464033,0.0434964974427686,0.0263546166583275,0.0424888640471467,0.0167782250910263,0.0521364204348291,0.0215696852908541,0.0179213884817883,0.0276963096825539
0.0337762806189963,0.0321383389307269,0.0414137365594103,0.0468883819287166,0.00470734463734685,0.0348032299602855,0.00515011807077144,0.0190307924786103,0.0300959359327496
0.0695912789530168,0.0254080786830676,0.0478156917412053,0.0184199904960275,0.00817874477074819,0.0677235087644391,0.00863562571389426,-0.00756779534268812,0.0202431638799976
-0.0197528005115702,-0.0362567858967909,-0.0285669433967285,0.00390296404091413,-0.00545395553645043,-0.00857488521781521,-0.000447605908591736,-0.021610109094097,-0.0130624998511367
0.0202934830064359,0.00353414650017874,-0.0201606911018221,0.0191097464345285,-0.0130078990587813,0.0288979541147838,-0.0108765047991501,-0.000546866910292821,0.0120202884764333
-0.0138454648583289,0.00386861855660645,-0.0239893031850148,-0.0103991030107441,-0.00088177136961011,-0.0105962969198764,-0.000546240437357198,0.00591625244279692,0.0200757325658844
-0.0101430624627742,0.016332654850224,0.0171902701386279,0.017006476771102,0.0149330660123133,-0.00482631686689043,0.0135481212337962,0.0145377465304209,0.0121855046110535
-0.0374649642139523,-0.0362541542406379,-0.015840975775405,-0.0232332271803076,-0.0121561296411169,-0.0296864351200456,-0.016674682351475,-0.00342307899920707,-0.00754729060672606
-0.000470896182285289,0.0279938185308327,0.0144824153063682,-0.0223486114994723,-0.0149862274375979,-0.00454698302238622,-0.000791176219842404,-0.0184979340314421,-0.0111773751825886
0.0292551731464909,0.00902763673844909,0.00124311749733441,0.00286328288362383,-0.0063816114234323,0.00901296075509161,-0.000764429352654115,0.0189681416508582,-0.000213369217615791
-0.0142554106653845,-0.00868036011135665,-0.00950198025807835,-0.00257159789096975,-0.0186299366662023,-0.0332506309146006,-0.0193406365133094,-0.038034109629395,-0.0361141967636142
-0.0673375186356163,-0.0130634665293942,-0.0293418665719346,-0.0146376625950564,-0.011424946686285,-0.0390449605771595,-0.0158308470711642,0.0019851259309731,-0.0135062407727839
0.0307795141267287,0.0122534597530522,0.00249164938687394,0.0330327503960338,0.0258910019265122,0.0125416454054735,0.0197993435761969,0.0285222954943681,0.0332814349205737
-0.0815711654749623,-0.0339828866100596,-0.0696967385151352,-0.0566214287598825,-0.0166347175587644,-0.0804032258611766,-0.0156190252364517,-0.0183225572878121,-0.0113488887922263
0.0885281382667423,0.0168689431025171,-0.00429826325676771,0.00419516480685366,-0.00641962722434747,0.053710985107811,-0.0111637082611309,-0.00519042723505916,0.000785789302500631
0.085337696768152,-0.00146852456232157,0.00644738786164043,-8.38635513829846e-05,0.00117452979515428,-0.0157450276947894,0.0111865813233247,-0.000357963469270111,0.0183462921291113
-0.0606820186056519,-0.0578627898650331,-0.0705122114642935,-0.0264102095742123,-0.0267043522168141,-0.0384980584206984,-0.00757816396945676,-0.0374234992760715,-0.0460329576177772
-0.0674454430406957,-0.00349485286065437,0.00449662367119479,-0.00999472395579469,-0.0194863001181136,-0.0962443511935773,-0.0315339094370129,-0.00683670776187035,-0.0333984949499863
-0.0732275638428496,0.00750085211653591,-0.0211851000103166,-0.046066214224936,-0.000730660976513607,-0.0814261419883452,0.0107476299451997,-0.0252647739121418,-0.0150672621238263
-0.0370626733964984,0.00132721776321145,0.00177465269833621,0.0265821968412705,0.00697720088608492,-0.0254243898933783,0.0102612459053671,0.0350809474007073,0.0043589362777709
-0.0147348931359882,-0.0258669020516201,-0.00867769166000233,-0.0132686178901448,-0.0122129472653386,-0.0320847615704471,-0.0264228447888895,-0.0315725878642122,-0.0115671484781852
0.00709442465287053,0.0272111882330822,0.020229747851012,0.0110384272614848,0.00692268648954453,0.00200247426220382,-0.000919984721015654,0.00203556356388556,0.0035581776494398
0.0686167750288268,0.0265997634872297,0.0326483938439422,0.0127938429657356,-0.00449582513980014,0.0177090437584674,0.00449298093000295,0.011501948739694,0.00615849747181283
0.00198655022398459,0.00909891578410751,0.0103013341825993,-0.00362323891414276,0.00350846398815972,-0.0187480244342049,0.00895842992644059,0.000275822133484828,-0.00297950596630807
0.00182240105854096,0.0219682120432066,-0.0179926841379044,-0.00170229408467643,0.0151628192738168,0.0195017780104847,0.00873695442713853,0.0123616239578335,0.0183190261650933
0.0746290245328627,0.0408891207874395,0.0321461528018794,0.032048380147723,0.00314717400243996,0.0249822531256839,0.00100963414676537,-0.0066231631388311,-0.000730915061523748
-0.0694143746378725,0.012900084460163,-0.0316421555271804,-0.0391799869700043,-0.00593926382108996,-0.0511745706594523,-0.000506281753654844,-0.0021026300493394,-0.0197630012854007
-0.0345753642126792,0.0149055269751424,0.008007655329516,-0.000768014152210642,-0.00237590175289248,-0.0119929240120506,-0.00091036902514615,0.0144963094493787,-0.00308393041475627
-0.00457482686316607,0.0221825742797396,0.0149286839409373,0.0113965151262925,0.00714950470865237,0.0213890153171011,0.00290122734842528,-0.0299905052716724,0.00721647845644686
-0.00755421535725512,0.0184086110789544,0.00399872225019249,0.00544383544520031,0.0106475121430146,-0.036967735623763,0.0240507407808947,0.001859469342306,0.0180280811005831
-0.0624002202468934,-0.0282063281286648,-0.0384267191535269,-0.0205241373935797,-0.00102584699222239,0.0490103402712931,0.00529514596536908,-0.0320565230425635,-0.0116258881950261
0.0479341488029178,0.0249952508880354,0.0140918973673633,-0.0130268718985447,0.00738232578533458,0.0301426629016783,-0.0242421472470085,0.0187249108226674,-0.00229830798595432
-0.0499398123938301,-0.00958001173902971,-0.0150854149780092,6.74175071055553e-05,-0.000864577301389145,-0.00659992992851216,0.00572363532279241,0.0168338452277898,-0.00379230535863987
-0.0444463623806073,-0.0314274451215514,-0.0205095574195277,-0.0414576497233936,-0.00291457200563485,-0.0554437680426359,-0.0329934125507495,-0.0203927520170233,-0.0165788119421781
-0.0119674445506645,0.00503670751010771,-0.00905623083307267,0.00337939871379534,0.00134462179918668,-0.0169190793591747,-0.00953164731691269,-0.0232450771602747,-0.0108418486532167
0.0733140848585921,0.00032972481573056,0.00461963560422698,0.0323205327155403,0.00843346441349868,0.00537617105605285,0.000323115800180552,0.0184900299075033,0.0263009971366501
0.0109383210001972,0.0164899896230762,-0.000788888029682897,-0.00170865719732308,-0.0141040483192462,-0.0259278535015452,-0.00386593292244485,0.00246897014952255,-0.00606387387186483
0.0892249144222348,0.0275092743497616,0.0173105330436285,-0.00262415482569337,0.0179855305221391,0.0427263925118922,0.0226935978977005,0.0189751197123334,0.0252745393599597
-0.0274468735579728,-0.0145922244177159,-0.00796722733280191,-0.00861932529865713,-0.0130682914854805,-0.0391984443990837,-0.0176533415027566,-0.00603006135315359,-0.00784053459898361
-0.019704858541746,-0.0040501054184071,-0.00597753197115993,0.00746645658768993,-0.010735639967737,0.00077836508174473,-0.0293299344408185,-0.00123805338174595,-0.0128774682290656
0.0553717535027586,0.0380741047763508,0.0291160216144511,0.0426901596316321,0.00801754074964094,0.0387669789020555,0.0140388424559293,0.0239331568028503,0.0116368378282471
0.0034938717359514,-0.00646694044606953,0.000268842192800389,0.00654017944678629,-0.0125719519301273,0.00139300450501668,-0.00257762266659078,-0.0158499899817915,-0.0124524402638043
-0.0434175862557883,-0.0400490139322467,-0.0387697775077645,-0.0368937957628607,0.0122355238657979,-0.0325843324471044,-0.00628205176909867,-0.0351781052600908,-0.00336748088309443
0.00910313195706985,-0.021558126353472,-0.0193406614170826,-0.00696913563302623,-0.00834016153376348,7.1521063798932e-05,-0.00704483502433277,0.00154729788748553,-0.0110635090623225
0.00437502592411126,0.0116649903865601,-0.0178292320545025,0.000570796982511,0.00651968071395913,-0.0174280032565928,-4.68683824859513e-05,0.00348213233368004,0.00940495573351189
0.000614104076421084,0.0188153198034375,0.0361973521723167,-0.0169982480387552,-0.00895123183053791,0.000822848304145338,-0.0267287284633441,-0.0141819076204351,-0.0162239651831804
-0.00343828795631844,-0.0033784462593807,-0.00141466018867443,-0.000594378707148533,0.0004467818514508,-0.00042530422976293,0.00194814843424413,0.00490804914484614,-0.00448354971335523
-0.0452706247939307,-0.0058267984138612,0.0124579174401361,-0.0436430195611931,-0.0248798257336579,-0.0679641060419125,-0.0455114819317633,-0.0327747878022843,-0.0363324349600543
0.0417020791355289,0.0101129336557881,-0.00293248142433419,0.0217093415458351,0.00293763527630788,0.0220728921274741,0.0115361530609898,0.0282998949111996,0.0101043699760984
-0.0341790345426611,-0.0299299374421506,-0.029838379227868,0.0214669922406588,-0.0148650170998709,-0.0574192569293152,-0.00360763395782134,0.0099287748113,-0.0104623180451152
0.0117241186135839,-0.0197868050951369,-0.00907714628173213,0.00838850449975821,-0.00232388085487875,0.00781122691580506,-0.00311836683442419,-0.0264453810408279,-0.00331442198751851
0.0183411401944422,0.0185636646322601,0.00483194711937351,0.0446252237562366,0.00562018629364174,0.0199797396770653,0.00948645953776154,0.0234310692897343,0.0204593146293829
-0.0162826595463857,-0.0385025817375763,-0.022290865529429,-0.0109352390644292,-0.0213605787462414,-0.00135850562611624,0.00113253508893921,-0.0162078140695085,-0.0270733578300411
0.00249615465785289,-0.0236236549765543,-0.0368662152087473,-0.020483971494767,-0.0154899026418126,0.00694368322633414,-0.0208312432471946,-0.00361306988501806,-0.00413982579062584
0.0304164625790575,0.0183486594279419,0.0198465660688176,0.00498597582763179,0.018281727423278,-0.00144984990119625,0.0272646512478327,0.043272741922754,0.0276273781774406
-0.016599883313026,0.00654860713258022,0.0189954863000104,0.00265324823365358,-0.00875712345885922,-0.0330231249842726,-0.00275400302864233,-0.00154521171544146,-0.0101441022973665
0.00130355098135203,-0.00217865499422071,0.00927573528512922,0.00483968596655507,0.00545803723636933,-0.0019181619877298,0.0163189731532847,0.00586876232710472,0.0339660960619308
0.0160795463536153,0.0074965710465825,0.0268764056117251,0.0146716149655268,0.00657775083671748,-0.00779431675116206,0.00163775405032699,-0.00299144637807961,0.0179864804517213
-0.0705560687223797,-0.0274762423979025,-0.0357725544957532,-0.0223865216159785,-0.00681846307992307,0.0319507378386594,-0.00120986478209379,-0.0106748126049239,-0.0268940425298261
0.0215805184400888,0.0251268063566501,0.00938554501848594,0.0371960701398629,0.0037820719380949,0.0152401800129518,0.0158887099159492,0.0177486681328362,0.0166122088909822
-0.018131889216402,-0.0158636031753819,-0.00855834303802825,-0.0156623140074379,0.00125399584069899,-0.0204811768406641,-0.0161382845372453,-0.00211631881190556,-0.0172706959217705
-0.0568747208328079,-0.0189304770762543,0.011764064089827,0.0182328104920965,-0.00406943024452279,-0.0352532027560237,-0.0150967495252895,0.0128109351869208,0.00390586422687373
0.0118907237825291,-0.0110606540851061,-0.00735322523210118,-0.0204848728259338,-0.0103175497003402,0.00134633101488763,-0.00167831517577306,-0.0210942490927851,-0.0115626620312228
0.0391211346604936,0.00826194434008467,0.00871420361944407,0.0201039999778438,-0.00439322598222155,-0.00811145423633369,-0.00804395426292269,0.0145960630295674,-0.00500324185292461
0.0829177679248175,0.0443875260596218,0.0288944414572976,0.0237626923957085,0.00933618553006314,0.0518903667723019,0.00177094517827858,0.0205939481312904,0.0175397091511927
0.0257034853886256,0.0303873901536632,0.00788927652852878,0.0557012552938461,0.00444658614386213,0.0354180347409991,0.0159016511978298,0.00523665609679764,0.0066466111344048
0.0436578965920226,0.0144529220053731,0.00220024360646822,0.00585718717128742,0.000509372203068265,-0.0421539098829057,0.0104674230750137,0.0372052311944029,0.00707938373225873
-0.0426060378211948,-0.0354618347452734,-0.0137403555052636,-0.00827713940062282,0.000874645922241157,-0.0521133083451827,0.00523210152662815,-0.00495934573299689,-0.00568022978682863
-0.0125210365505759,0.0141844655160769,0.0302236820175841,0.0216363558123045,0.0141665681927174,-0.0134945807552856,0.00918524642653597,0.00912732409934905,0.00710778645269916
-0.00448001183561169,-0.00989071567118876,-0.0121406670611479,0.0429662918818873,0.00426918619205199,-0.0138209615564954,0.00939635940021528,0.0374627141789342,0.00937241560842723
0.00415111262142132,-0.00167704508476235,-0.00848855792940239,0.00526746056840927,0.00676512942646288,-0.03780996891299,0.0129470557002995,0.0177977308925032,0.0129209234272015
-0.0514259956099623,-0.0531495204009279,-0.00593516770859913,0.02490694923626,-0.0168413532376082,-0.0225631582318371,-0.0123189382810303,-0.00766432028578813,-0.0142393259912043
0.00592653925853771,-0.0133582064663948,-0.00600823172729732,0.00711490398296634,-0.00426297977004173,0.030211156356916,0.00732083140113502,-0.00817956975550189,0.010505850380911
-0.0434713939692646,-0.035899443503318,-0.0486531415208861,-0.0268714095859657,0.00197707729511235,-0.0482066031719214,0.00104448117335076,-0.0047233361395242,-0.00503015125966402
-0.00748032612231677,0.0199219204961973,0.023334084154888,0.00946913577747138,-0.000310574106928153,-0.0085414462614107,0.00457553496123882,0.0237007923801508,0.00930025305441158
0.0552999781286582,0.0364847159028278,0.0338251136041037,0.0425119079215577,0.0194122832807376,0.0504658557125152,-0.0181214086856688,0.0121204989416012,0.0323063181743086
0.0333922559898118,0.0274699357313599,0.00306136677119951,0.0200551100613187,-0.000370266183621939,0.029743944835709,-0.000747085782549973,0.0135347503540259,0.0124848332896806
0.0236857271571121,0.0149014712629627,0.0181257398361771,0.0149845638690734,-0.0086099956714254,0.0077093003905674,-0.0355469732000789,0.000202930788777189,-0.0141922185652927
0.0523012494966392,0.0476466874301942,0.0285868901797744,0.0657202248451065,0.0124406007575291,0.00707659852402619,0.00986227403815236,0.0213580856978505,0.025933933715693
0.0123703056653689,0.0217729055102859,0.0291948850988492,0.0336651129632557,0.0137456564558999,0.0124508172179171,0.0144446562976856,0.0196160722681241,0.0218156724465781
-0.0422186629907314,-0.00696330561302627,-0.0288552581742342,-0.00534973651900743,-0.000572339223328262,-0.0456323427327157,0.0119279394881523,-0.00252194553850705,-0.0137702007371474
0.0482400722577897,-0.0005634518179073,-0.0139756721906847,0.0109751327269065,0.00380182969910165,0.0292391786701647,0.0142689397990536,0.0183572835725373,-0.00345186496212115
-0.0669712363854406,-0.00501581365060453,-0.0345743408603088,-0.0258462045658607,0.00534664479632831,-0.0730350888188992,-0.00410576492669425,-0.01403462809493,0.00569455495420525
0.00232809276748507,0.00829554841993516,-0.00462496615583883,0.0241294505399014,0.00414636052047454,0.00286016152643476,-0.0105133998271961,-0.0016774166023474,0.0184324533979802
-0.00698509129192789,0.013676916874824,0.0250335066435228,0.0187974426898141,-0.00611351612871125,-0.00571857210837436,0.0218957577381456,0.00447980231383974,0.000208373283941059
-0.0127808638264559,-0.0128727900758896,-0.0180553729358117,-0.0312226304955549,-0.00914955610232459,-0.025448139472688,-0.00670243886340797,-0.00951181020179435,-0.00945138246951871
0.0358639267634748,0.0171075790320933,0.00885694533731065,0.0172937530958052,0.000470285156768309,0.00382432191059808,0.0173039015277682,0.003206031219341,0.00799052924825215
0.0784811101172485,0.058667344095124,0.0452270545888145,0.0383461582844216,0.00779758034155017,0.0679227599640026,0.0122430745857855,0.0375527276992077,0.0160999865102158
0.00335006949255565,0.00778958679740856,-0.0180168326947528,0.0151853310042591,0.018972308232437,0.0283769469413648,0.0276703173183713,0.0162579453675403,0.0307258164729359
0.0195286433850282,0.0410961252889953,0.00863544564228797,0.00154010862675112,0.00124195737302236,0.0207060473762656,-0.013466086185979,0.0120866863400205,-0.000126307972619195
-0.0724836269999844,-0.034167791662026,-0.0226929733511716,-0.00440899753313324,0.00406125349399255,-0.0174605565588695,0.000959648506419437,0.00403425138733725,0.0010738346998398
0.0172514123837762,0.0171882985233384,-0.00751785684662112,0.0416626274695587,-0.00196635671417734,0.018920295349714,0.00812772550041225,0.00894000117408871,0.0112753684021762
0.0420546363624798,0.0444718009143209,0.0210053727139392,0.0086802159053153,0.0038676994982956,0.0651024202168378,-0.00962075816737886,-0.00717635249939502,-0.000520137750667795
0.037204561022784,0.0218804540364053,0.00148743696459714,0.0418857617470902,0.00252535893150856,-0.0138446666943343,-0.00359777775297381,0.00800854645174503,0.00518109086256337
0.00665773210282993,0.013238770822797,-0.0008198652010682,0.0134043619197676,0.00391292761240878,-0.0135251853719376,0.00970543108052624,0.0294212560179715,0.00120290993429419
-0.0628801661652506,-0.0266306358755455,-0.0257358907423894,-0.0358404422740606,-0.00562987189311828,-0.013216634481212,-0.00347751058552936,-0.0154278226784101,-0.00598673047896461
0.0225263319975436,0.00446862608983507,0.0157195427010275,-0.00499741992530923,0.00190673562624593,-0.00910445015200145,0.00119993552708316,0.00373821123526731,-0.000869488345399439
-0.0265793532062688,0.0137392887057694,0.0274027435962152,-0.0476472124627439,-0.0137061725815949,-0.0371739430108446,0.0102833842786981,-0.0149285165400323,-0.0271615854953952
-9.45813555079042e-05,-0.00794606547324786,-0.0204966655696168,-0.022523189351669,-0.00696783228753121,0.00172800269996042,-0.0195547646208223,0.00378746908044779,-0.011905755416705
-0.0141893929873723,-0.0289182512297098,-0.0100007534430434,-0.00755024825745344,0.00241670808156925,0.000655113869629336,-0.0121342912192978,-0.0132201552757371,-0.0203862244764112
0.0248337412069338,0.0309385759240583,0.0218638523286442,0.0297802090257714,0.0145529084042371,0.0106590706135334,0.00982734293080439,0.00656973772855506,0.00739519037735187
-0.0289088059612721,-0.00519345791289923,0.00417398572307653,-0.00895214623955104,0.00227863001030869,-0.0191513864955807,-0.00564636849103466,-0.00663356616309865,-0.00539414942559072
-0.0274377989435635,0.0106385740482093,0.000118807827400159,-0.000154447582076745,0.0136564195759941,-0.0239574862336193,-0.00405768198057428,-0.0132995647759855,0.0156462945948036
-0.0342669833629507,-0.0309947990413158,-0.00953783021178023,-0.007831741943475,-0.00371359521419378,-0.0617535902339107,-0.0178673430622208,-0.0107372409142838,-0.0176286980608469
-0.0155396799121927,-0.0126947422933574,-0.0282466991431386,-0.0156570625653547,-0.000713272971236542,0.00851977870081543,-0.000671129409543741,0.00140065678943978,-0.00448477282317438
-0.104058147568588,-0.0607140128323068,-0.0642346572044728,-0.0568578532285551,-0.0107169706381135,-0.0693860225817921,-0.0166114196682743,-0.0318347834057551,-0.0455949484910435
0.0120978477912023,-0.0154386937883604,-0.0148400480285592,0.00881471544358997,-0.00262372225501951,0.0115685969355682,-0.000395921113281022,0.0120564004257979,0.00953497954323342
-0.107164053424428,-0.0439459386557945,-0.0427881068339142,-0.0424990235335974,-0.0159849027836187,-0.0781105825986491,-0.0186904132781523,-0.0345031784460085,-0.032905838246767
-0.0208892319205034,-0.00184462209295811,-0.0110234574621797,0.00684078339817341,-0.000364990060340407,0.0174102016036236,0.00810200590519586,-0.0294731951605107,-0.0162700535956696
0.0684598987417041,0.0294790724777269,0.0149160133648544,0.029077771263556,0.0192724523128332,0.0645241973855048,0.023544545877284,0.0478594158248515,0.0202142682415031
0.0750516693231286,-0.0281251780837886,0.0331412757255363,0.0362492918448155,-0.00354867461271355,0.0389703090401449,0.0164023828848915,0.0189181547293597,0.00623611612218962
-0.0169774991574757,-0.0168072642342169,-0.0020473244866932,-0.000283238304434444,-0.00312209295130086,0.012976314594969,0.00416828384357677,-0.0194689813520651,0.00240375745928458
0.00217451249296608,-0.00897287233715367,-0.00615098395247917,-0.0158293329181458,-0.0140129407084357,-0.0180645411086839,-0.0165970624147884,-0.00753241613910711,-0.0113225512876461
-0.0672762201920408,0.0163797543367359,-0.0339390741932763,-0.00134472689135337,0.016095402297798,-0.0404513333790631,0.0206985417450915,0.0144798978451211,0.0158986738758095
0.0051909311283645,-0.0168169550291935,0.000304133289391495,-0.0109242589443492,-0.0119754172371463,-0.016675932804053,-0.0177330592513773,0.0100130565858451,-0.00218192054731041
0.0252300897764132,0.0146094901927618,0.0159246708168621,0.0172613206046326,-0.00177464690320391,0.0160062585210097,0.00217857290691641,-0.0101091713414045,0.0109074012020915
0.0599300562634447,0.00552297113363693,0.0167462334809165,0.000727959884662243,-0.00853341348245932,0.0318791312908817,0.0024609880565119,-0.0155727401858419,-0.00979723410939762
-0.015631418552025,0.0103311541245878,-7.95918431282338e-05,2.73808097128594e-05,0.00274815133160508,-0.0106011557311532,-0.00287102753762453,0.0089944337427861,0.00815197841637989
-0.0220708959305266,-0.0304283999210249,-0.0345504173483993,-0.0113145690731303,-0.00286418299430752,-0.00813055494345613,-0.0257664650651855,-0.00342973520737797,-0.00969249431434459
0.0245332380173222,0.0185148212991628,0.017405172254819,0.01021512073191,0.00477923169756074,0.0263370903129865,-0.0214988748355238,-0.00223781132824481,0.00344678616133433
0.00108676231529677,0.00650917858228796,0.000162015686640592,-0.00895416444591861,0.0113426150461529,0.00549136016998382,0.0019743958889801,-0.00878659050074377,0.0247814197811379
-0.0147076702097873,-0.0488395224415768,-0.0343105732672704,-0.0114988255668221,-0.00907733354279981,-0.0309991036060372,0.0124225488350424,-0.0219729469413485,-0.0241397543305147
0.0614513452699268,0.0192752006834889,0.0147854105056339,0.0142493226109314,0.00207887465175159,0.05300036305862,1.81580972312176e-05,0.0180874311591535,0.0129853202460434
-0.0260280320525832,-0.0295644807561954,-0.0228970962187947,-0.00328657994767936,-0.013358127511641,-0.0122210351646022,-0.0173193775186967,-0.0221264738345566,-0.0310733458080349
0.0548168516811556,0.046415886934512,0.0476877074146027,0.00346841307421552,0.00848415661386933,0.0411404469285833,-0.00954161116722354,0.0104186329318779,0.0130414044535538
-0.0482346785772412,0.0107676959198667,0.000163033638359328,-0.0166795810195732,0.00744907508218175,-0.0483591725351089,0.00185970987872886,-0.0130225969051993,-0.00756745206095788
0.0519481320540032,-0.00695251768886743,-0.00442723028790855,0.00723489306290687,0.00429695642823631,0.0158372616846986,-0.00708694684400969,0.0195554237487167,0.0224512225940624
0.0299530454619511,0.00999700188734163,0.0147101994287122,-0.00933430696463396,0.00258233234432089,-0.0237268549349985,-0.0100911226483084,0.00521883951791162,0.00241784845235609
0.00893990619207564,0.0116890119282579,0.0352696283166128,0.0247311762681364,-0.00280727932906758,-0.00594209325878232,-0.0287584923611581,-0.00314979876363838,-0.00672057079282229
-0.0222910292741728,0.0222644646561526,-0.0144414656750994,0.0411795123667034,0.0182261728066601,-0.0200242883327956,0.0226804427831557,0.0148757468949809,0.0134013991403335
-0.00743604835519151,0.0417384123409887,-0.011914094401526,-0.00292099792949382,-0.00390145845686594,-0.0155560998460707,0.00311816464116411,0.0121087443672754,-0.0115499682747721
0.033565455636047,0.0242728348879253,0.00288400486574554,0.0573823781045885,0.0118005258766145,0.013195583090472,0.0374853044936379,0.0297615325718553,0.0154229936330823
-0.0224109926496065,0.00322480175206532,0.000405334536309824,0.00885624846368392,-0.0107530351629248,-0.025362331146261,-0.0145475425262796,-0.00461269193705768,-0.010723369547176
0.0432887232438757,0.0722897697956981,0.0495827552667739,0.0500699585956084,0.0197531203332537,0.0230089071368625,0.00893023837078082,0.0213516611700033,0.032544928768043
0.0250524477851759,0.0463234869006384,0.0479521937805318,0.0139020848172317,-0.00251254252034675,0.0145712778913319,0.00445274901807736,0.00977727953314668,0.00122231887348037
0.0311684741987826,-0.0270086240151194,0.0149086847503008,0.00895772143611644,-0.00293308139011647,0.00914422931737588,0.0175514584730851,0.00257365435192128,-0.00206885743102253
-0.0203000772565366,0.00714487948752151,-0.012016557258241,0.00473171127118182,-0.00769950900402802,-0.000153768595503867,-0.00190673559953408,-0.0122511402130293,-0.00700874734885129
-0.0492400659108647,0.00376936793907362,0.00490294187204983,0.0113338727762276,-0.0115292655008001,-0.0660477677696085,0.00211955923094166,-0.0117706267370633,-0.0113437086865532
-0.0728450394619102,0.0015191825880657,-0.0439959057733601,-0.0299168987562181,-0.00917960774952223,-0.0706585829997573,-0.00311895882734205,-0.000598938604958055,-0.0103947074435254
0.0141042153763454,-0.00953579285486067,0.0245764975662617,0.0489747040401085,-0.00470506374534286,0.012326072710015,0.00320461235961883,-0.000322062391204018,0.00616859730692946
0.0301092512481161,-0.0024497491216129,0.000123529951722126,0.0165434816813299,-0.0114090566979513,0.0214017980388333,-0.00621664080640425,-0.0220220667159137,-0.00929703169598539
0.0625671560558231,0.0460197383010745,0.0381031066215617,0.0157444728095964,0.00708363039670449,0.0329830780549147,0.0093014756692638,0.0118542593854719,0.00989986785159797
0.00924997175500552,-0.00540148757106082,0.00515564638925023,-0.00422244558345323,-0.0123200192526834,-0.0227385992848105,-0.00580822390816079,0.0037031739847636,-0.00958850888646625
0.00930364997317703,-0.000416414961543178,0.000607934934783773,0.000403965413776256,-0.00428798445478777,-0.0291828289684571,0.00784497896823702,-0.0241924735169534,-0.00770114251592377
-0.0364568728900924,-0.044004738278629,-0.0326641945992151,-0.00810923125364717,0.0073580921607892,-0.0389367405866471,0.0083811693426798,-0.010495895474527,-0.00154366681023763
0.000530634995540027,0.00197041290758688,0.0156078803691725,0.0109143602559115,0.00275943353479032,0.000914926609380064,-0.0054031421941616,-0.00351716504967399,0.00699411913576597
0.0241437719210017,-0.033048515341425,-0.0216150380725316,-0.0105704825313564,-0.00223643656362788,0.0144171913735707,0.00440806125769922,-0.0262680204568057,-0.0030905674123872
-0.000256179219711407,0.00947893039772554,-0.0176752498928637,-0.000709017313640494,-0.00482330505738474,0.00796894821580024,-0.00627625443426605,-0.0032989797569635,0.000362364231187877
-0.0308339750132272,-0.0413817262986642,0.00110291883844836,-0.00579482185288233,-0.023457173129664,-0.0239227574168737,-0.0147293723619529,0.0100780430238202,-0.0201661407790079
0.0210616921103862,0.00423325833031926,0.0156209063962396,-0.000276268383744177,0.00075232399803562,-0.0114813246596456,-0.00387413639330359,0.0137628222070525,0.00559699266083179
-0.00418951592187884,0.0277486980839477,0.0131707444082818,0.0301286050260676,-0.00247192710959762,0.0183368235517991,-0.00808221810572871,0.00687357948179222,0.0003546559099128
0.013929724539563,0.0165302866690207,-0.0248604043854079,0.00626720500478998,0.00185284411773596,0.00895594238116421,-0.0044747417659835,0.012747330272066,0.00912093900333583
0.00592111548879182,0.0107675035565926,0.00650011605454614,0.0128324027858232,0.0051094311177019,-0.00675582510512292,0.00643364969734589,0.00108526518742347,0.00903083836822797
0.0377408392491461,0.0302622848865429,0.00793067368814697,0.0433451082683498,0.0102380602675765,0.0500648109417705,0.0165348965385441,0.00449318760590218,0.0150576351034668
0.047922049509001,0.0409181394919033,0.0267299346771556,0.0529565123706791,0.0110487702486403,0.0393518892927454,0.000721141294419971,-0.0150761197397663,0.018629183171095
0.0691073938731344,0.0571239212695411,0.045172163709287,0.0487707032494705,0.00606013408196636,0.0627268454643213,0.0148370399422842,0.0163724408971272,0.033950742961512
-0.0309813234453841,-0.0279070857083745,-0.0131185990866722,0.030693618926104,-0.0111382929836177,0.0240639182630409,0.020481589547733,0.00536868421877558,-0.0162117616089757
-0.0116220458394165,-0.0114187664136293,-0.0238689524104727,0.00346131633608421,0.00386075672366106,-0.0271699373221428,-0.0129697064700205,0.00367989019806026,-0.0126885068804424
0.0976157652338741,-0.0294985636557702,0.0163970037079512,0.00277987333367857,0.00416482686511838,-0.0248627956150296,0.0200662265476097,0.014095123718255,0.0202146838711396
-0.0190596496739217,-0.0035616315562483,-0.0504349030811801,-0.0355260270234315,-0.00139169295638927,-0.00921467353720583,-0.00945864326836747,-0.00986655492244319,-0.0135849029230903
-0.0142036994704315,0.0352776558885377,0.00561638195824709,0.0073957826360104,0.000474695662215575,0.0190061308502132,0.00405900698680283,-0.000502962975837915,0.00397273048065204
0.00219900987566725,0.0104582819857661,0.019182889379458,-0.00221899820706202,-0.00353486909521915,0.00737588746375685,0.000308290394052498,0.0120512962268241,0.00862472992209177
0.0893794142921388,0.040455970101903,0.0304116635367381,0.0192055551212212,0.0109533975118033,0.0640161810857313,0.0196015158486834,0.0190035603732722,0.0269164324962538
-0.0368153166177814,-0.0180005842613968,-0.0108609846690233,0.0213002640040843,-0.00382584042568846,-0.0374288553582743,0.00852422340551261,0.0128881024293612,-0.00472961090538536
-0.0765168656927324,-0.0254648398287413,-0.0387294793687044,-0.0367853203724419,-0.00078448686309359,-0.0649828328103689,-0.00237943049457614,-0.0195119543323415,-0.00250753790786834
-0.00271807039592394,0.00986546595252553,0.0158372993328245,0.0369160815512913,0.00659852465489178,-0.0209344918231474,0.0115569190275257,0.0179114949507361,0.0129163248661222
0.0790711048952493,0.0196126004011141,0.0202882365548262,0.0301243586518126,0.00429160182071472,0.0460540218286686,0.00804051143949115,0.0366668721879389,0.0108043847789896
-0.0173669903232965,0.0212702617842842,-0.00177132280516286,0.0009744654728199,-0.00398208252572007,-0.0162034963003767,0.00108737839844487,-7.45464491680307e-05,-0.0127516015972916
0.0364415483493263,0.0132232155891313,0.0134547379385297,0.0261653756675575,-0.00780416719890831,0.0278683697572539,0.0104213039460745,0.00889055094503653,0.000145124869280573
-0.0624815572813372,-0.0408726489435588,-0.0524823640076593,-0.0320437656175976,1.69693553987924e-05,-0.0495838300104225,-0.0118853581820777,-0.0467608916382901,-0.00794163883771971
0.0339531421858998,0.0436222158687067,0.0295042039495929,0.0196808722668363,0.015515883852476,0.0235233173117598,0.016288269053964,0.0167734809495765,0.0347125479220914
-0.00544292669617896,-0.00418709445569875,-0.00416766784525199,0.00340366117992497,-0.00603158602780712,0.0300366255591516,-0.000969644404913113,-0.00783598954296616,0.00520111639487449
0.0611109633050036,0.0361365511094376,0.0293871776770039,0.0117873897165554,0.00341476221640927,0.0175090984180839,0.000669030072399095,0.000934600378756646,0.0166445336616383
-0.00200178749746356,0.0220083481431687,0.0215609025744308,-0.00515826294889027,-0.0147206834844847,0.00461339790246666,-0.00185735199118263,0.0012999483031972,-0.0105178579727528
-0.0332613805568526,-0.027933095447275,-0.0241023384532714,-0.0095872422178011,-0.00867964397166844,-0.0285311645642292,-0.0416134371351293,-0.036880082084639,-0.00951333858123127
0.0202143319677492,0.000436625158270024,0.00624060908526736,0.040226760001733,0.0117705749877727,-0.00258939105431244,0.00855085838194468,-0.00667127493662849,0.0213384503818275
-0.0265404661334785,-0.0104000334653548,-0.0130072689530969,-0.00746514008684298,0.0036038140874901,-0.0096072538349832,0.00335754658014148,0.0189195517254799,0.00231971491972697
-0.00626375542824097,-0.017784231015574,0.00209564549488073,-0.00299212945177211,-0.0132740260308717,-0.00726057385743778,-0.0115054747863984,-0.00743628217643522,-0.0148418743673513
0.0330700939764414,0.043846444173368,0.0105024814100508,0.0241260635530562,0.0199109336124212,0.0472578160276913,0.0192682426586931,0.0331283150741932,0.0348841862736257
-0.0237079986405296,-0.0575417024546978,-0.0201916595445675,-0.0427204245736929,0.000688432315676771,-0.03135332124323,-0.00366490684089981,-0.0160688036937552,0.00437574483381655
-0.00339189670182404,-0.00826696700324751,-0.0024979800740979,-0.00119803085736776,-0.00776106785864724,-0.0152453907881768,-0.0155989237909584,-0.0389924178695672,-0.0484826673738544
-0.0264227006219792,0.0212654480946211,0.0137719431770681,0.0134526359367747,0.0185870698202159,-0.0250004368665029,-0.00608264015666835,0.00304572038094703,0.00103240096068951
0.0340032183556687,0.00179040116503115,-0.0016275867474627,0.0165616735684708,-0.0133810541856634,-0.00871023979922267,-0.00617390718701961,0.0115169600768483,-0.0128405058411155
-0.000957271292075946,0.00965457491265789,-0.00372626912403518,-0.0150378421860785,-0.0206026136524636,-0.00132736546264722,-0.00526788319124555,0.000426256744945188,-0.00841914464837755
-0.0262100241443414,-0.0114699457385814,-0.00742429516634795,-0.0123655726267354,-0.00351536044835076,-0.0136951141423274,-0.0102675282456593,-0.0233618400163212,-0.0427000454735178
0.0102610121454804,-0.0359919474776381,-0.0354112526003964,-0.00875395862397244,-0.00164634029042858,0.0121500081582332,-0.0141344579746527,-0.01256489981335,0.00212315932576516
-0.0342606192185157,-0.0250060957361942,-0.012210492993552,-0.00858710315000158,-0.00513530130349686,-0.0342306596031402,0.00196727430409107,-0.0173010783705634,-0.0145295483709814
-0.0217677738113185,-0.0104485250364593,-0.0192109389659665,-0.00911437942066151,0.00441037407598879,0.0032947814853423,-0.00794212062467069,-0.0188422371781075,0.000481370718572481
0.00306244552253308,0.0181647411891866,0.0120798579532318,0.0184581601362182,0.000652425288229106,-0.0257971529688136,0.0161979995731278,-0.000469447429231043,0.0023538140523009
-0.00991619897902066,0.00840514359377681,0.0129946510579192,0.0244169781678761,0.000602576230602402,-0.0178828501320133,0.0020339794240733,0.0216714192805673,-0.00371331734386607
-0.0176673211996308,-0.0166036992425774,-0.0328024952647768,-0.0149891017881206,0.0011438771995228,-0.034931728824649,-0.0144765813351126,-0.0148399161386128,-0.00703677494419238
0.0168527365553711,-0.000287291853732879,-0.0032692550728121,0.0146060493991825,-0.00767608297018818,-0.00631600480505329,-0.00988917003127589,0.00703884785117864,-0.00697015157520774
0.0459217630745696,0.0152832113272324,0.00832658102432797,-0.00430275303112454,-0.0104417018256387,0.00280362995373665,-0.00272842655679687,0.00471463178251223,-0.0153415990510926
-0.00228324317611532,-0.0175302621081031,-0.00698940963248922,0.00388176537213295,0.00922036739828948,0.00422666433079536,0.00472475082440793,-0.00013948768310555,-0.00762716360200956
-0.0932467459220591,0.0111392183590061,-0.0415154599215137,-0.0522264464334775,-0.00578002811900443,-0.0667445442551357,-0.0232780899796263,-0.00638414983243745,-0.00946677044365286
0.0032557336638908,0.0267031321697029,0.0208047223501771,-0.0172837752382369,0.00878085316017121,0.0136276569108909,-0.0258770303136083,-0.0110452409670655,0.0161218482300012
-0.0196333806143781,-0.0276042666440611,-0.0129196373957202,0.00706240246101506,-0.0103495146842106,-0.00730343302648382,-0.0225031584833872,0.00758406101078265,-0.0140087251043706
-0.0374536564481699,-0.0245998021059983,-0.0307909690819075,0.0185444072583419,0.00661596955254109,-0.00743125203031134,0.0220930492542728,0.000907496750713623,0.0173808947560968
0.0757292584049487,0.0228580258512416,0.0378399873198828,0.0416502258572811,0.00499805396476787,0.0226467344559162,0.00367493082751721,0.00270053612603122,0.024759690748776
-0.00810522023737373,-0.0233565037250373,-0.0148895369244294,-0.0143431675812673,0.00238456223768217,-0.00883947311270108,0.0238533191288832,-0.0018533173919192,0.00138919769421032
-0.0691499638653316,-0.0260626398925273,-0.0176129033109387,-0.0341960345637621,0.00493198997677391,-0.0456744406570297,-0.0176287490897357,-0.0275663750106501,0.000876389810035726
-0.0287323239413028,-0.0143256149128242,-0.0153034494092634,-0.0220553538075708,-0.00154051688061341,0.0128920114367039,-0.0129699572055982,-0.0222129655120028,-0.00586575206674156
-0.0661396590275746,-0.015669358005314,-0.013448215724611,-0.0390354492360502,0.00151001039225904,-0.0613627541693848,-0.011500767748346,-0.0154812733211842,-0.00620646186748569
-0.0179977024966833,0.0118114511125133,-0.00439753454741345,-0.0151751922626905,0.000730866296434071,-0.00275133164408448,0.0151389775251976,-0.00561843929508817,0.0121531361234431
-0.0395598333686997,-0.0197154698230638,-0.0280631279867433,-0.0209099569003483,-0.00993735619601542,-0.0883593753632391,-0.0311322288767822,-0.0093391972629905,-0.0133390818142393
-0.00154443118650299,-0.0241766670786019,-0.0401413887089901,0.00601438224180372,0.00120290601499832,0.000616692634061011,-0.00218867553112987,0.00388049746534777,0.00262456257534509
-0.089874492896456,-0.0566825781760861,-0.0274922926022447,-0.0293631166340599,-0.0375449312344581,-0.0552157540417096,-0.0131582678466472,-0.052395854118591,-0.0551127004133281
0.0593248860072803,0.0203786054210106,0.00444476420647371,0.0601524743339109,0.00995091507867133,0.0798548323502323,0.0104494786527661,0.0243140044034707,0.0203221507793188
-0.0100218416398062,-0.010843620427404,-0.0126579474104155,0.0162928547879123,0.0191750071014057,-0.00713481981462368,0.00266869206642558,0.0107287737555041,0.0192423354523005
-0.0839165310877811,-0.0257865755115128,-0.0561675393277529,-0.058751914695063,-0.00775233415441984,-0.0530919342725999,-0.0104994364529653,-0.0322573232277353,-0.0125137753916835
-0.0400064261336171,0.0113040849421346,-0.0215735326876248,0.0224080619846154,0.00459991440406465,-0.00549053336360647,-0.0115348070437858,0.00238863457645224,0.000688229319442712
-0.0594439616908069,0.0255410545252406,-0.0104398196632795,-0.0392509419848346,0.00769100663088214,-0.0583072700327384,0.0150496310340577,-0.00818561798261986,0.0111557390115374
0.0172974492289319,0.016411211921496,0.00795265470065027,0.00597869680494016,0.00516512553189882,-0.00957623892271394,0.0125551972455479,-0.00254017032043218,-0.00596785114042755
-0.0579431989827726,0.0119228640022924,-0.0395011373520187,-0.00855197555638999,-0.00305951174367922,-0.0660498485412372,-0.00380282223307504,0.0131377665441949,0.00350315706435382
0.0298850990480088,0.00690011397419144,0.00182350036286514,0.0218213198497052,0.00326343023519021,0.0404181330464951,0.00417967702173106,-0.00342075434787559,0.0115714356329499
0.0430917748892895,0.0294776367253504,0.0215741605791326,0.00568356563356451,0.0166430939316596,0.0469561093671165,0.0179210057993579,0.0155393302599468,0.0171647863006068
0.0141523146749429,0.00540477492886806,0.00512802577867571,0.0153311454680471,0.00890598358736785,-0.011725384471995,-0.00665329417727147,-0.00353331041626925,0.000227667821417149
0.0354919128271577,0.0422925806129703,0.0103819792956932,-0.00175711247577999,-0.0018478602538166,0.0293994109663555,-0.0065544342284233,0.0131415271840433,0.0104460075016061
0.0408871830623136,0.0235677371182049,0.0170781813996641,-0.00381234287117341,0.00548155150386275,0.00509320298628541,0.00208093200022407,0.0160741366905414,-0.000106477170565584
0.019529573346267,0.0239566882298641,-0.00434629900179681,0.00695485455446801,0.00617159752412997,0.0331018748449547,0.00338356901596185,0.0347230929990683,0.000952441196559981
-0.0405891843723076,-0.0341085158969951,-0.0103873004514918,-0.0727130885626674,0.00598909380640632,-0.0531064685933039,-0.00376903610825553,-0.0103636218804927,-0.00227250191442773
0.00177502903952266,0.021148859963656,0.000374103173894797,0.00195064180679011,0.0113483345420341,0.0103828062539618,0.0229856266210912,0.00854056829667248,0.0280998874940779
-0.0404070689028734,-0.00734718008538158,-0.0010898875120542,-0.00816415238494603,-0.00160016607060096,-0.00710493308587013,0.00263851854288693,-0.00801489126233088,-0.0249630621376247
-0.00244218978186373,-0.0125463420677758,-0.00535143359282143,0.0218272874973043,-0.00232852302347319,-0.00745504411967605,0.00565397771158045,0.00198956956104127,0.00197481553994718
-0.0548631056920308,0.00246158059995199,-0.0361902827456371,-0.0300812228718079,0.00130740531508975,-0.0161776228777913,0.00961529327402959,-0.0139041248242649,-0.00578529738055374
0.0444528682085489,0.0051855042154756,-0.000634857652517496,0.0341573417404106,0.00122050523185167,0.0251178678401412,0.0109767003757349,0.00782793517545285,0.000838860131014981
0.0182815735305354,-0.0103674374281659,0.0316454440179912,0.00475025781200934,0.00574071329712282,0.00580953714285192,0.00476654857187896,0.0100559561973035,0.0109108513186313
-0.02473975835995,-0.00302503475879793,0.00977016733605789,-0.0027626538317397,0.00747220277664954,-0.0103430743307524,-0.00111768094950699,-0.0143803774076142,0.007087099436536
-0.00850128893603853,-0.0273220012274624,-0.00883317280062599,0.0204075290395346,-0.0117084674356114,-0.00898460635473498,-0.0117189768497212,0.00252628890842667,-0.0137029463697738
-0.151064370239141,-0.0580084106929062,-0.0473916596171169,-0.0765952784026057,-0.0113422851510671,-0.118607777648788,-0.00537120749487034,-0.0239645013131205,-0.02515586694354
0.0576370912526485,0.0105471619404167,0.0115261461961715,-0.00417259783619859,-0.01372781461434,0.00920380208662177,-0.00536553822400251,-0.00909637623855952,-0.00452210124184037
-0.045414248099491,-0.00960704160311593,-0.0241922484081594,-0.0247519713048379,0.000506705571827792,-0.0691049340250323,-0.00468225160541509,0.0183020522240676,-0.00468749586264297
0.00807049961284629,-0.026224740586476,-0.0289218186073389,0.00239373958531294,-0.00109245052966608,0.00780143054133118,-0.0015389334720037,-0.0177157427500881,-0.0192688539444993
-0.0235374615038268,0.01541841216164,-0.010882166733901,-0.00676534680747113,0.00337449457375265,-0.036823010456364,0.00451341785830525,0.00101982271529021,0.00680757335458807
0.134870585600714,0.00272255257109349,0.00503560930122949,0.00904526194251919,0.0137519334123018,0.0441632901079486,-0.00323319982869457,0.0077776030556113,0.0108616594333195
0.00290660063823801,-0.0143210920486117,-0.021414967101786,-0.00938750621095098,-0.00256952932058829,-0.00405604927690717,0.00257077457023354,0.0178359969174822,-0.00328531858614227
-0.0170593686806404,-0.00171134392632469,-5.61970099500065e-05,-0.0354210100365825,-0.00981741435340851,-0.0503876988999344,-0.0275312078326803,-0.00031901568324193,-0.00777077568703767
-0.0656298029781577,-0.0224649794882802,-0.0273035320233828,-0.0148580572670302,-0.0150740021432422,-0.072648601648597,-0.0248718513493992,-0.0198009193107831,-0.0316774817840537
-0.0519313670355986,0.0111680508903135,-0.0239430420782962,-0.0272247993603841,-0.00120221548433575,-0.0363320456414445,0.0130384950340559,0.00506909685378803,0.000517786798470056
0.123394225377062,0.0239170774239297,0.0435961781275464,0.00990599018484981,-0.00197672856043194,-8.10524882268147e-05,-0.0197851727356177,-0.00118232053017699,-0.0016877849501849
0.0728227916018,0.0715012898156683,0.0448280525166006,0.0592804883607809,0.00564960928533577,0.0372109717504116,0.00978401737415181,0.0237815987172419,0.0307487929961518
0.0761226369504779,0.0263876472992804,0.0302784197608377,0.0437531653909072,0.0151140675105616,0.0518757154569025,0.016545947558029,0.0214485407782194,0.0092271116724349
-0.0751966833070519,-0.0130389137054237,-0.0291794280680444,-0.0382178915729428,-0.00155387890603532,-0.0788984501057486,-0.0183762688258653,-0.00717757133806925,-0.00694406084287571
0.0256108103457145,-0.0152744708140326,-0.0174180450877316,0.0213985834507614,0.00231597758154481,0.0179319782581598,0.00799401542523096,3.75124712590753e-05,0.0133014035252453
0.0104584955420005,-0.00445385024207418,-0.00690695419002282,0.0057845529838149,0.0049563744920125,0.029425284545188,-0.000134822948706685,0.0128158472569721,0.00672859804260871
0.00821251594675667,-0.000766367387393195,0.00949630249613218,0.0148227532167143,-0.0132788848577337,-0.00650641009080419,-0.00861181377926318,-0.0159655530005258,-0.00996330360968112
0.0262774612689865,0.00628537017026847,-0.00380051133435787,-0.0125780674773713,-0.0120572725352935,0.00907595316601657,-0.00262557941527457,-0.000937101671090289,-0.0224517604055558
-0.00844447347847862,-0.0429064859423641,-0.0271550213321396,0.00261343995622794,0.00520401250319739,0.00672032138466928,-0.00747578625192676,-0.011950495975865,-0.000215720421855126
-0.00654453320407857,-0.0223090672368217,-0.0269200057675752,-0.00973594382321796,0.00548045317872216,0.0233128509310423,-0.00264820388185599,0.00267016981649567,0.0109606376381632
-0.00827517700123821,0.0128259266199924,0.0204624153654305,0.0163669691543853,-0.00386979965481175,0.0249705929798368,0.00819845959750925,-0.0207412239232596,0.011246267587062
0.00646408185970076,0.0195191257556381,0.0099090811852832,-0.0110444437138881,-0.00860373873567597,0.00772421858400576,-0.0131112230548309,0.0211850113894254,-0.00399326342478864
-0.0117070876674701,0.00550810303235271,-0.0197277621717852,0.0025286504679964,0.00129945067107025,-0.0277255514038095,-0.00568865134338044,0.0161161773134033,-0.00458365076859118
0.0738678626214808,0.0369387227112055,0.0313733554853819,0.0351693017068181,-0.00212895392575372,0.0620763576744583,0.00998121454632728,0.00713985990128624,0.00499073989704907
-0.00357842026010552,-0.005365746681074,0.00965221629441055,-0.0121646027468115,-6.00372079284139e-05,-0.0426102926833173,-0.014972383014622,-0.020361435903709,-0.0110465825915687
-0.0524855261735364,-0.0156545278406206,-0.0123888570518588,-0.019831251596038,-0.00474991263229095,-0.0385525118799023,0.00621000329138107,-0.00785065590025643,-0.00047626587277637
0.0230795833099503,-0.00299390199953675,-0.0109651542563753,0.00588497614295677,0.0197964521000323,0.0285894768299921,0.00758350374293227,-0.000881847648189356,0.0302227466137561
0.0672834776416243,0.00731188062562095,0.0149977941745489,0.0192339725074809,0.00319994087517816,0.0381665522842869,0.0059773017042161,0.0326143063011829,0.0180439232117843
-0.0117878342801792,0.00309443501647901,-0.015169591297361,0.00179285035772257,-0.00546167606314217,-0.0372691638445196,0.0038368935071648,0.00548379406367317,-0.0107220287819608
-0.0229989275057006,0.0265476114177714,-0.0162781225466416,-0.00980514417800567,0.00607201745534568,-0.00971823939088484,-0.000290697822554162,-0.00373996401775626,-0.00227280625622927
0.0363677460277718,0.0270677671528416,0.0198984773670781,0.0224428711023609,0.00417383431904373,0.0526378190904414,-0.00410550534646528,0.0178999796043452,-0.000397764951692108
0.0931099305051362,0.0198233576407216,0.0236496832354815,0.0080935611729018,0.00271630649890377,0.118576665118548,-0.00174272219117933,0.00524508476200093,0.00800417262430658
-0.00648696257761376,-0.0118728199035662,-0.0152351653014807,-0.00904591914023108,-0.0039918376243689,-0.00713599603542839,-0.00777584155247529,-0.0150949805041731,-0.0141369312936722
0.0644855539812337,0.0443151286841988,0.0275900886839914,0.00411995240470636,0.000696955966365186,0.0577972483135092,0.0144127497974539,0.0364823212236124,0.0172892354206822
-0.05186681046844,-0.0129354456746643,-0.016837706494129,-0.00871334548245112,-0.000782558815274696,-0.0498802551398691,-0.00343204570988954,-0.0138771730896393,-0.0113584129718472
0.0258781455908551,0.00164856627531616,0.0208207994528471,0.03352733236501,-0.00452296850635807,0.0092290365200288,0.002480145434844,-0.00556223367255675,0.00208841427953836
0.0270557272719647,0.00250088337390579,0.00582181699976608,-0.00269594388692151,0.00356872074016283,0.0182362340864624,0.00229761449588161,0.00318220483777433,-0.0118676717495066
0.0166688169411615,0.0175666054339506,0.015079112974816,-0.0081999701154264,-0.00289470809488594,-0.0104573311540323,0.0067956527326924,-0.0114333670026059,-0.00391028254721092
0.0196683492738655,0.00176643906139508,0.0108821650802596,-0.0064674994258277,0.00891695733754154,-0.0667805260740226,0.00856615920469672,0.00367828692005573,0.00688033543187801
-0.0203764105178003,-0.00839026924795073,-0.00379222426864149,0.0201140999620217,-0.0150657196473402,-0.0234260588887361,-0.0174660632743635,0.00214928979404045,-0.0284627341885979
0.0306980588089539,0.0210251258919027,0.0213187636622383,0.00952606614694575,0.0132408662694573,0.0105364764193854,0.00425941222625758,0.00680288441920178,0.0134056678638656
0.0367376535070545,0.0101250380159355,0.0201607280214207,0.0357098597360212,0.00898672394925501,0.0372709107091936,0.00561751007554824,0.0134123455105382,0.0301373347198817
0.0374061805683674,0.0369884836725487,-0.00716260138697901,0.0370997782677974,0.0244754457180222,-0.0248922961192679,0.0288727601238997,0.0631652099291676,0.0646880042739228
-0.0852464112462314,-0.00196456119867561,-0.0355960727020174,-0.0170261829917518,0.00024716941013169,-0.0492361915232114,0.00749620323260788,-0.00841325378124663,-0.0235331170792295
0.0340444947587124,-0.0134165009229836,-0.00217153970525577,0.0221897701938668,0.00656677430704799,0.0262556269370071,0.00711404057206605,-0.00782392648616892,0.0122860079397458
-0.0387437246560206,-0.00525750789059981,0.0101369613273784,-0.0112093596211853,-0.00915047780367958,-0.0431738915194541,-0.00332020043871687,0.0119453923678882,-0.00754550047616924
-0.00722726723268927,-0.0348042397694054,-0.00996679637861868,-0.0170604783835266,-0.0072882435662782,-0.0200098609460704,-0.00784501908868475,-0.00259174415774782,-0.011702658359299
0.047260650878107,-0.0139954600940981,-0.00515689528538159,0.0057362196506171,0.00226177129653086,0.0201168364740119,-0.00885166308404672,0.0160879471985552,0.002982837037123
-0.0182604539612387,-0.00624332887749808,-0.0123577838982495,-0.0119892704353195,-0.0155037152976267,-0.0370254327953494,-0.00126009847170069,-0.00703494959828693,-0.0197412224279151
-0.0804205206132671,-0.0416039873860844,-0.0339319944594471,-0.0460655350819944,-0.00641163423583361,-0.0408873661753337,-0.0152953034996467,-0.0225510051427577,-0.0147745610593709
0.000492446379523153,0.00751425686439692,0.00615616917230674,0.0119774490276581,-0.00247330209421599,-0.0185933097870173,0.00474330552824164,0.00364856462967738,0.00141966195589795
-0.00142661646675847,0.0113748723195555,0.00199058631841081,-0.019731784176942,0.00203022202102821,-0.00644869946154319,-0.00890859046503975,-0.00566766479984228,-0.00338537462646272
-0.0691053518259938,-0.0167321911259228,-0.0178750578317065,-0.0399081750549209,-0.0206122050249292,-0.0681105186593802,-0.00315923893324321,-0.0299009282050448,-0.0192537983706357
-0.00257241082702043,-0.015246166627619,-0.0289424234123489,0.01521747220045,0.00244535129456151,-0.0262797661449606,0.0195824430551614,-0.00510828670534613,-0.0135270914984445
0.0109619759413445,0.00456944690198144,-0.0232986385668515,-0.0182041264345917,-0.00146568089129026,-0.00885495798163229,-0.000112301001860661,0.0136252808849777,0.0128487435832555
0.018561018159835,-0.0137134124741778,-0.0102795673569837,-0.00542031094636603,0.0106951603624741,-0.00300718615538833,0.0179660958540925,-0.0124135005686059,0.0227083998310649
0.00330828856834839,0.0235826479618546,0.0130037964631105,-0.000159038973167456,0.0112812882672055,-0.00145206967061232,-0.00623874425189733,-0.00686769275279483,0.0187610309319633
0.0145093267234225,0.00667068240087486,0.0117086653997885,-0.0103768070353916,0.00708563968975105,0.0182726086190391,0.00179389707181664,0.00893464320013917,0.00951295679334265
0.0415243756584785,-0.0160986750267041,0.00515769059205451,0.0269688687689344,0.0128305125138526,0.00703418934153556,0.00651977314975787,0.0190254955230012,0.00959599365366236
-0.0913780548022922,-0.0667502498075198,-0.0419149342300474,-0.0585165461906298,0.00839365123409385,-0.0750996773785755,-0.00663519669754802,-0.0219662376531278,-0.00618854757195781
-0.0806769878524668,-0.018886942846712,-0.0392232833369411,-0.0371500952117878,-0.0261839522313161,-0.0490176743359347,-0.0194038264685768,-0.0207072616827098,-0.0254646346529403
-0.0531432224864688,-0.00920790225292069,-0.0181215893350568,-0.029792023952148,-0.0184958179000459,-0.027858229626507,-0.0191050841407934,-0.0508090402955559,-0.0193745584981004
-0.00666039169861928,-0.0293750341898225,-0.0338939718496313,0.00422514871014103,-0.0125889357320728,0.00118016301370704,-0.0141871507864867,-0.0116961903764123,-0.0145582430207956
0.110311687435665,-0.0154266990900503,0.0122861540500227,0.0319618280291539,0.00542448285760908,0.0701132508884181,0.0345270984509391,0.0241933757574383,0.0143767036372513
-0.107242481080389,0.000809198729077664,-0.0370104531544042,-0.0350321731789854,-0.0113887100765112,-0.0695394188631742,-0.0251740066592303,-0.0315273546282985,-0.0134973093261706
-0.0193670253239275,-0.0119550092767104,-0.0330651805328103,-0.0283583213600898,-0.0106007005239957,-0.0156463827611405,-0.0132260317039844,0.00221493596113905,-0.00138674399283524
0.0175821641870547,-0.0347024651906516,-0.0383757348696271,0.00473710344331087,0.00718015968044449,0.0120666672118251,-0.0138353794945858,-0.0188592416724481,-0.00201859481953707
-0.0356159573856034,0.00300763825564644,-0.00684107446477125,-0.00152919227319238,-0.00280322719953862,-0.0164806773347319,0.00135524012022613,0.000328484345783498,0.00490627839325196
0.0339581447078157,0.0222285742015771,0.0289746140900026,0.00247423663808358,0.00231782848823181,0.0112290414835214,-0.0050041474867608,-0.0168845846195359,-0.00341513782707581
-0.00734710166449058,0.0240108992534385,0.0291739994661351,0.0188916125006696,0.00317134577718959,-0.0150099366519884,0.0127703406115428,0.00341585888945348,0.00837469793737803
0.0612301391922471,0.0369397008977799,0.0238353191243506,0.0871278431489836,0.0138423626512862,0.0717274267597093,0.0287234763623404,0.0610748897515258,0.0286820860395135
-0.0862141401919435,-0.0643139779816467,-0.0625213662148753,-0.0483737162609909,-0.0154358544731871,-0.0536029401932639,-0.0144330700439516,-0.0170381567257935,-0.0261496833837941
0.0313882748979193,0.0327126985449348,0.0174527022116126,0.0268597305800318,-0.000853624583545355,-0.00496595995999994,-0.00223186147834174,0.00774485952147318,-0.0056575859857756
-0.0609540686660052,-0.0215559030753348,-0.0454011491155542,-0.0410091333715831,-0.00289330573020094,-0.0373679393728942,-0.0225355875557566,-0.00812599610746072,-0.00197499452710476
-0.0381616216010449,-0.00284028477514769,0.000395931078272158,-0.0186341605979397,-0.00206355581228841,-0.0445937648080399,-0.00706366968979938,0.0115886723533835,0.00568176275694372
0.0310092865766501,0.0213417241603007,-0.000885790845579044,0.0340010168312797,0.00963281728512255,0.0079730901494048,0.0303244276100199,0.0218913780845091,0.038979830428939
-0.0323608731512894,-0.015810654556862,-0.0313544865243685,-0.0170684955158429,-0.00829994462068244,-0.0222972202964871,-0.0138490339980723,-0.0104596869022616,-0.00264379266881705
0.00188757183824624,0.0132446664349007,-0.00372487388175055,0.0339616403518188,0.00222497821883602,0.0339514402652684,0.012670736698985,0.0258742552333751,0.0230374993311133
-0.0744046568996658,-0.040948571980325,-0.0640308860676506,-0.0556776950289556,0.00254982339037438,-0.0709675639283741,-0.00125886456839658,-0.00893026324696926,-0.00365940378637162
0.042661761895904,0.0533224068722353,0.0554864293225229,0.0508798871574852,0.0133483301269558,0.0405125023358147,0.000795159013893428,0.00615015467906162,0.0347936507484713
-0.0359372535034838,0.00338211643309047,-0.0266595072630152,0.010514818864321,0.000180781204182034,-0.0233473968600767,-0.00542995040150212,-0.00466213888022562,0.00119744278204301
0.136153318661419,0.0629647259092415,0.0628799012108789,0.0583167080122106,-0.00365282409553168,0.0919664823325925,0.0241053292320209,0.0175579477655558,0.0199518192557096
0.0403066895100296,0.00676876380103473,0.00589516560477043,0.0231862961942094,0.00736782720718424,0.0189003651506163,-0.0148884829493763,0.0154872804083287,0.00598310532039628
-0.0452250738171494,-0.0431818620527304,-0.0498548433403469,-0.00532630340672139,0.00647027849922061,-0.00403223017041327,0.00796214640059805,-0.0170921550062482,0.00468153396583263
-0.0232176918983637,-0.0257005522723372,-0.0425575150665658,0.00753652548361657,-0.00691373863196869,-0.030675501079852,-0.0124025224995031,-0.00363029764361549,0.00232001159230001
0.0114695579633863,0.0327443391459154,0.00729814771753196,-0.0205449724408172,-0.00566281338703201,0.0152997142169487,-0.00326525501137912,0.00463698656802824,-0.00250551063046811
-0.0146750470777173,-0.0243277020681431,-0.045414364178766,-0.00431306493228475,-0.00574638455768382,-0.0299371407514819,0.00490366737494035,0.0206990922214998,-0.00758096404483817
-0.0419138805918656,0.0234020312758315,0.000967948965027213,-9.50703453223638e-05,-0.00129513790751738,-0.0243310799775706,-0.000899074187329987,-0.00129113248172343,0.00215947329434665
-0.0128451026069987,0.00459659560366135,-0.00319244938876989,0.00658876795171364,0.00997769463161748,-0.0175539846335308,0.0120173044285662,0.00863338851161203,0.0127960914086348
0.0284545444464888,-0.0274770925008014,-0.0257622606556639,-0.000945156428971127,-0.00439071230953862,0.0259224407213263,-0.00959942653777935,0.0113114108247401,-0.0052248104156501
0.0111451943053899,0.0251071777599792,-0.00791431213770056,0.00855324369772364,0.00254525279995913,0.00754380858726104,0.0145786705362882,0.0235645100045715,0.0166862718449239
0.0275148477117447,0.01030260828836,0.0120415994366364,0.0139052354604497,5.95976193578324e-05,0.00751661121740031,0.00148231522890472,-0.0132054994111409,0.00431004027935192
0.0100173640093691,0.0130171680595984,0.00828901032953681,0.0290095866716647,0.0166636577219363,0.0296395778615153,0.00387480795979344,0.0525929983913403,0.028841966564309
0.0119012201994008,0.00575397558331406,0.0049391165285074,0.0731386352060802,0.015686526836275,-0.0177270971149074,0.0274102322741072,0.0342288675598388,0.0178244542618951
0.0141307978993482,0.017098851282322,-0.00708444860783804,-0.0214183703070187,-0.0109405750578417,0.00702618068703421,-0.0376072974272005,-0.010952005013992,0.00433417594103581
-0.0141026506792025,0.00403811013102259,0.00491465792533637,0.0126167494113053,-0.0141017511538864,-0.0157544003369003,0.0113025382813252,0.00968261810249659,-0.0123097385990952
-0.0151724141290879,-0.0175431046954275,0.00315523600250575,-0.00417843535127063,-0.0154689969224469,-0.0304020246265348,-0.0161276131451598,-0.00589035116819566,-0.0207069137586582
0.00296279312291898,-0.00873533781765632,-0.00214125561465651,-0.00646082117622889,-0.0033836538265831,0.00461843937270832,-0.000756346599246757,-0.00323297125701445,-0.0127088433013742
-0.0697558826092278,-0.0155780460466299,-0.0318047854290771,-0.0151969130665917,-0.00503638903126612,-0.0502861285891006,-0.00183949351926579,-0.018545816351528,-0.018069715483831
0.0189745793479771,-0.0137386661480126,0.00471377950193395,0.0137665626098485,0.0039838453914218,0.0137860556194156,0.0147111634980271,-0.00466551383285863,0.0130790791044746
-0.00110385138879137,-0.0218330567606986,0.00974946429173057,0.00124133729033691,-0.00426210087729668,0.0063892437609048,-0.00182763603245067,-0.00129773951847175,-0.0173923858860295
-0.0931396974602586,0.0209502026626319,-0.0594733810493522,-0.0478138247656978,-0.00299480925056918,-0.0364128225889385,-0.0165139659793102,-0.0248293511884089,-0.00326094613853267
0.017817826891312,-0.00628289774125819,-0.0161881870118857,-0.0217301482379611,-0.0128886685970173,-0.0193772824889168,-0.00883478203281002,0.0172045745037249,0.00670749623320683
-0.0610565556713554,-0.0411257397811099,-0.0200116829341952,-0.0571578581264827,-0.00568204367234633,-0.102487809176354,-0.00719304807227044,-0.017654598676799,-0.0188211777414236
-0.0133892181305702,-0.00348779348463631,-0.0106350220967947,0.0148036089284965,0.00413576884172651,0.0195262808708632,0.00863377137668207,-0.00214744195496549,-0.000432446299339496
0.0194604715454062,0.0226787391255246,0.0194568446424315,-0.0112366634390179,-0.00361045155696508,-0.00380441835116005,-0.0027182755328328,-0.00394193192546069,0.00589613084326754
0.00701553257198703,-0.00864922329772133,-0.0116494529033429,-0.0106857018502022,-0.0135949885995862,-0.0152447435721702,-0.0328932934850717,0.00310741966767321,-0.0174590433068077
0.0882943858637385,0.0416216759344697,0.0504968160391822,0.021206794288819,0.00487002360583623,0.067094290763742,0.0203589695603872,0.020703191469015,0.0169577263040553
0.0269328966958412,0.0139546807399248,0.00460538035058903,0.0071655184806306,-0.00738265297792915,0.00365512052364895,0.00126380848077673,0.023876942049507,0.00540075991815234
0.0623847168890879,0.0391667527969505,0.0512304129708783,-0.0128540037437734,0.00790752731221114,0.0327881614535474,0.0154572049368829,0.00257502632387356,0.00810980095881454
-0.0278386215504268,-0.00297495422752634,0.000918544574722542,-0.0160252587364408,0.00605406129652291,0.00834361627138206,0.0159986628849451,5.70942528216051e-05,-0.00703503796523335
0.0163033684299137,0.0102025942785453,-0.0200825464257353,-0.0132682996436335,0.000833847221596117,0.00192991718988823,-0.0188384025802489,0.0157668943808553,-0.000386089391834085
-0.0468965597916998,0.00696124822644536,0.0017756043720406,0.0111884503834661,0.00925254999599266,-0.0233700708371183,0.00323531431092206,0.0176340036559313,-0.0124292608439903
0.00954140600635114,0.00261317217793008,-0.00459745175327783,-0.00784461340596721,0.00121114161229751,0.00872872120060354,0.00057287829429649,0.00710475470712019,-0.00627318346736376
-0.0815111108663309,-0.00275870614338134,-0.0341278030747605,-0.0302229752785533,0.00278424462162161,-0.0667837166961671,0.00117994190626357,-0.0157158406484154,-0.018501492881298
-0.00546411021028636,-0.00139803252099539,-0.00672160803458018,-0.00909471840860824,-0.0170632566309087,-0.0176759422821042,-0.00339142122996221,0.00259682566988404,-0.00365451231469451
-0.0233945462501687,-0.0348136659302215,-0.0131262706700838,-0.0372212620416498,-0.000928305297078205,-0.0273625350054986,-0.00807650025577204,-0.0425090543454822,-0.022430694687818
-0.0562315768032062,0.00277637082154395,-0.032938708999629,-0.0182177256352264,-0.00576783941992643,-0.0641472854373235,-0.0100950837160431,-0.0111914751400942,-0.00451725317246534
0.0397862228275576,-0.0101517609825881,-0.0204349393011957,0.00318882538511825,-0.0146040534572478,0.0222000254903497,-0.0188872936523781,-0.0171192640896598,-0.0104790568230677
-0.00799917806413782,-0.00158025788909077,-0.0314656393158053,0.0153816791884496,-0.00721784107968479,-0.0174547253947545,0.000886516975039389,-0.00177940253595001,-0.00479314540060681
0.0265936922414729,-0.0225099226999512,-0.0015028972052494,0.030966883373277,0.00352983443821993,0.0388655641081513,0.00985954173966698,0.00359997317566702,0.00363544339561433
-0.0417466662715295,-0.00464645665643392,-0.0123874772513304,-0.025419763361589,-0.00644045750118875,-0.0365998458748847,-0.0219381788877842,-0.00533422644223575,-0.00914180426356569
-0.0304365110491147,-0.017051879390436,-0.032520013312101,-0.00500332813466398,-0.00952237413730213,0.0150863817990309,-0.00360797611538783,-0.0107105093166762,-0.014997761979127
0.0584829547424361,-0.00678407781578631,0.0120121864859506,0.0210800431777865,0.00787142894011311,0.0555299166818003,-0.00184231794554445,-0.000386746703552903,0.0091050353804586
-0.0629468427477605,-0.0289655747657051,-0.0340479167374831,-0.0338242455168195,0.0053942496583283,-0.0477490077536709,0.0209168376216796,0.00875593097019389,0.00988181781367587
-0.0586928370182046,-0.000555244699836502,0.00263225766548768,-0.0306443414248075,0.0129621038011442,-0.0620397016030585,-0.0274951441918943,-0.0172487591324614,-0.00645469764379239
0.00473156705022615,-0.00905624518042742,-0.0130485718247919,0.00634819883136459,0.00810224829663912,-0.0297508698595853,0.0111353326143217,0.0310344835657556,0.00668412652912005
-0.00995604490571133,-0.0165810629130814,-0.017898849543334,-0.0223882172706574,-0.00658016495388248,0.00336589675392482,-0.00763392080537431,-0.00417234783306342,-0.0118136376217426
-0.0930953243222496,-0.0377022496229492,-0.0235557463893101,0.0193415274377524,-0.0143976389685478,-0.0661201263953961,-0.0294757695657267,0.00504957941285503,-0.020549496875927
0.00536786795581529,0.0200159902260454,-0.0171437971969709,-0.0193991719287857,0.00705826912020758,-0.0054108972288104,-0.000612588992982974,0.00864321605145971,0.00474691115194873
-0.0997409979597232,-0.0609127854766697,-0.0524314998030024,-0.0570008548826879,-0.0132950401585362,-0.0870929648121932,-0.0218046611183548,-0.0213736005900148,-0.015412394771416
0.0165971811151221,-0.00623729788472926,0.00939033252836986,0.0157792541821985,0.000691815879372497,0.0303311441703563,0.00450160939364352,0.00552617626215531,0.000720319299554627
0.00216958866373921,-0.00608506851864346,-0.0401212372054903,-0.0216713070580148,0.000908777928627737,-0.0355340592216191,-0.00829428135175276,0.00380944145973284,-0.0034709478274024
-0.0424240741651483,0.00828012861129038,-0.0284816156177103,-0.0388918650355992,-0.0028625419331562,-0.0764994421687095,0.00562209044619135,-0.00948727161419498,-0.0111159153786568
-0.0234575934685315,-0.0106108117085801,0.00718318137393349,0.0245848261789702,0.0026114345375525,0.00796261632222202,-0.00521559249687672,0.00608070730258522,0.00624104680560796
-0.0224319557687283,0.00888786135019208,0.00893206447643754,0.0226211708649984,0.00312345651135208,0.0127130122505447,0.0157287124226198,0.0106428329687276,0.00422522980809033
0.048973394234626,0.0151712150062986,0.012056881475357,0.0286073241310109,0.0126418978585455,0.0313426636204104,0.0261276630954641,0.0230549851967328,0.0199971540872877
-0.0242277184207158,-0.0146014653308431,-0.000274928432117583,-0.0176667287800295,0.00168868873255551,-0.00675792529123153,0.00645576600773182,-0.0033417318930252,-0.0159748318571978
0.0221273634327664,0.016496372141,0.0205774992453948,0.00990065427015877,-9.56198797867189e-05,0.0158744491932616,0.00742431935622843,0.00153470070615658,0.0108343109597597
0.00456240160832725,0.00286116102474573,0.011397974594755,-0.00717572675639271,8.56783694113588e-06,0.0189088938026251,-0.00659723070947158,-0.00676208152027599,-0.0008155129255259
0.0203240836321175,0.0124086202389739,-0.00389033099162964,-0.000236927136939109,0.00286981608121581,0.000896366731357002,-0.0139236923554606,0.00331651295779777,-0.000687382065874461
0.0354625812263736,-0.0111451802700955,0.00372123328480143,0.00243913647082562,0.00169762329676677,0.0372989062650165,0.00353919896612194,-0.0216660339522634,-0.00437950874477328
-0.0225506570202969,0.00538985617677382,-0.0107926896295116,-0.0176615763016463,0.00191099057655607,-0.0262910429033173,0.00280855735713496,0.00660618274961033,0.00337775713527517
0.0188981495774382,0.0136253968409266,-0.00333808502645269,0.00211807945259969,0.00798342772288475,0.0120460159252108,-0.00242060788443675,0.00823313694802305,0.0127116061009751
-0.0280044086712369,-0.0021467150521231,-0.0288692105333771,0.000376951942332157,-0.00367774617854795,-0.0312037691081129,-0.0020691803895437,0.0196003478531312,-0.00745257969990204
-0.0226605326187173,-0.0124604980731505,-0.00712998350626493,-0.00542362609336032,-0.00506454436087846,-0.0275151932229364,0.00311616519944918,-0.0017326649020157,-0.0059730484035783
-0.02007764211511,0.014170608597162,0.00219775167830386,0.0118770255339342,0.00741369782940514,-0.0170054325246475,-0.00265895080471526,-0.00225935255802028,0.00840728122752118
0.0285281859867128,0.0237525599582642,0.0141114188821547,0.0558656358666878,0.0150537447879917,0.0503066593885576,0.0127910317805497,0.0376851058171735,0.00894646222688237
0.0479598635581959,0.0372992715382322,0.0326291002875654,0.0304170812114932,0.00111002885076464,0.0268279977087328,0.00161946010350254,-0.00266801391661226,0.0264767813259112
0.0174259399126834,0.014788679495126,0.0184617456778643,0.0206624884787703,0.00535563582662067,0.012331762754274,-0.0026153859244222,0.0263745049521016,0.0152209805171037
-0.0269133978170468,-0.00193476588207855,0.0174687845050088,-0.0152465114206842,0.00375688952779578,-0.0616993891813004,-0.00211738076443175,-0.0103484674918067,-0.00593423784133086
0.0078952979193031,0.00702834454877451,-0.00552509515726367,0.0229358493355397,0.00349400534249897,-0.00860209503495593,0.0134020238282665,-0.0207138548880781,0.000490545909925859
-0.103229505268383,-0.0362756481788526,-0.0293800347579678,-0.0712612468624813,0.00104375726917329,-0.0938276715766827,-0.00709985066826049,-0.021133355195194,-0.0182044174862678
0.0178863054909546,-0.0128259166168122,-0.00120018470505221,-0.00677950078071487,-0.0103718246827706,-0.0162488975619521,0.00358717376023364,0.0146783997288634,0.00817903928625499
-0.0129195644276486,-0.0178026343026645,0.00247252747323029,0.0219108875525518,-0.00722545666238647,-0.0237094936386235,-0.00621169598211232,-0.00841721634665294,-0.00884017831144986
-0.00656871671313345,-0.0284891014565191,0.00219475300611199,0.00388395687072203,0.00960335179442365,-0.00304204108797235,-0.00355743965811482,-0.000300743813037324,-0.00441706318575001
0.0175403523991847,-0.00315371879668096,0.0154643533312693,0.00819004329770872,-0.0125647797351848,0.00797567016592875,0.00365342352144823,-0.0112622383911714,0.00171194394372945
-0.0348344728760721,-0.0176490825373839,-0.00911658413985223,0.00125306873478829,0.017940560656707,0.0316870608831882,0.00677368305550535,0.00954228057807063,-0.00447882194043545
0.0632893910945087,0.0089522225819807,0.0217980137218412,0.0136950687272694,0.00382934408920849,0.0398517246984345,-0.00959882277848528,0.018545285861651,0.0113622544901729
-0.0456370987048729,-0.0352841558023168,-0.00450893702886712,-0.0127546570755832,-0.000160477089676979,-0.044957616647288,-0.0194560973626884,-0.0127213800397145,-0.00199141925789082
0.0514493972962778,0.0290854979133211,0.025818139072402,0.0333396856530622,0.00570428128579089,0.034269987648091,0.0125531993742972,0.0218201484834603,-0.00267857876677841
-0.0316134395049821,-0.0114744423674377,-0.0070909328437683,-0.0252505869099582,0.00640890537568502,-0.0707333173067938,0.00945971759876957,0.00649255481590193,0.00325177780644147
0.00654378337797362,0.00828224574004266,-0.00530972857383775,0.0413262376967214,0.0148005652688493,0.0234521245790027,0.0153851028222727,0.0126384846007865,0.0273687951368194
-0.0629943358770685,-0.0191414996113826,-0.00173868863759311,-0.0136340402614605,-0.00493066596828078,-0.0460248338546822,-0.0161657797766416,-0.023970032635234,-0.0207205809390305
0.0446361515081739,0.0196099075487558,0.012126956894286,0.0184238150124375,0.00276907440329947,-0.00489481465687043,0.00705194179530526,0.0223432036476013,0.00851164082860156
-0.0253039132287223,-0.0121103714791645,-0.014431964809729,-0.0186965626459904,0.00396632022824102,-0.0313639578914034,0.0132520473803959,0.0079090574596161,0.0137110941491719
0.0187299154518189,0.0332636354451658,0.0191617675090213,-0.0154393275935455,-0.0034331004121712,-0.0205972193439967,0.018696637654971,0.0209263446304457,0.000698881214544578
-0.0158227317765882,-0.0172371032857124,-0.00849032799241777,0.0101500176387265,-0.00457288488334185,-0.0081298923539924,-0.0118396241655925,-0.010779928141952,-0.00639589652692292
0.0931870753706653,0.0270203380583681,0.0317816960963592,0.0179770210024926,0.00523924518464494,0.0731902215131454,-0.00270313124187459,-0.01019661438225,0.0134465232102459
-0.06280173361168,-0.0390078249972783,-0.0251512313385942,-0.0528518858299404,-0.00355112495455354,-0.0424463246387578,-0.00867959103626839,-0.0222071493533602,-0.0321629068357955
0.0239024474740348,-0.000641281256361901,-0.00250138966373286,0.0105598615078504,-0.0078479813483353,-0.00418716927964021,0.0115970384354976,0.00671499217632319,-0.00513850695206685
0.105057274401932,0.0553205054605825,0.0381291589355186,0.0344997362728357,0.0244479140720979,0.0511893291596329,0.0245794655177166,0.034816712834008,0.0356962598494052
0.0732048162747199,0.012091817811069,0.023441766809189,0.0284507716338758,0.0138321085416608,0.0591939251758162,0.0195202862372689,0.00577986951190758,0.024900318306264
0.0320649055785978,-0.00751458622258869,-0.00739377757027127,-0.00797862137089404,0.0013445238506872,0.00145234787373972,-0.00303278564035526,0.00205587705313656,0.000534215844445616
-0.149805978713632,-0.0653443873331021,-0.0461361372083284,-0.0859802923387426,-0.00756764664566982,-0.129258491717555,0.00371096704391239,-0.0571192117522152,-0.0237782580368432
0.103197733493418,0.0293927123529895,0.0365476997819804,0.0279662750369534,0.0162405047533365,0.0444869276088654,0.0295092191041792,0.0315476411532815,0.032653729391144
-0.00892350801613851,-0.00218814443182602,-0.00545132668437627,0.00501073916500711,0.000228445162239389,-0.000344524013876012,0.00347847657764223,-0.0133327106438129,-0.00287488285215239
0.0542502676161125,0.0448228343180022,0.0183234228400776,-0.00567446430943046,-0.00623032709352339,0.0250303373708652,0.00279974643828038,-0.00289610733373541,-0.0090392082186031
-0.0116043094474946,-0.0102738943023662,-0.00124661216279496,-0.0241840382216052,0.00602493009356127,-0.036047073696712,0.00367450414510248,-1.70790552658053e-05,0.0102762488528948
-0.0281500400019038,-0.00229262026082848,-0.0290152097798397,0.00258516185019382,-0.012546328235678,-0.0156761508688104,-0.00620869061294515,0.00127318276789139,-0.00893251272523816
-0.00159200000709657,-0.00805601622807886,0.00472885746495729,0.00870581605724078,-0.00447797765800553,-0.000451223339473956,0.00162500111464756,-0.00035592518572187,-0.00640674267288514
0.0113725020853194,-0.00368967102562286,0.00619565069591412,-0.0148884344811826,0.00422687907495327,0.00134243710588528,-0.00647956095651748,0.00613044549821142,0.00785888322117911
0.0774436055431409,0.0301993821233179,0.051625791419171,0.025145395790507,5.33209541993388e-05,0.0323346360467384,0.00592064037760829,0.0306619775209636,0.0102521287309902
-0.0725494270480432,-0.0305573251541147,-0.00485242058035176,-0.00329330897372009,0.00275318009196546,-0.0360469286521904,-0.00340221389890584,0.00514843471633147,-0.00640277811171544
0.00570670493125105,0.00611973773760366,-0.00274568654022711,-0.0306949531271112,-0.00501961287038284,-0.00588385551369894,-0.00832527180552757,-0.00709751269705158,-0.013509478495881
-0.0465581185837333,-0.0337919526813746,-0.0404929069997664,-0.0184909649477428,0.00103953221598081,-0.0152132663263994,0.0258318674800909,-0.0203292653456598,0.0157146892835462
-0.0179570186187631,-0.0159080851396589,-0.00805721278511926,-0.0096932305925953,-0.00451993349158382,-0.0471428393612249,-0.0137662544336927,-0.0143261320961407,-0.00527628170443551
-0.0189876901448824,-0.0270573689325871,-0.0019447590060827,-0.00298670502192874,-0.0180402133393409,-0.0307959020161209,-0.032479060969392,-0.0325828688687184,-0.025358103931867
-0.0535406824687623,-0.0334731477988745,-0.0270696976648937,0.0344915719355646,-0.00321735013482796,-0.0343563491015358,-0.0158497247464742,0.00479550389822506,-0.0158577912381352
0.0622927682216025,0.0303494245630032,0.0105293371658077,0.011499734921237,-0.0180286505501754,0.0354131603509808,0.00437199171944801,0.0149302276421626,-0.00905564823651327
0.0718283388619223,0.0426709432416606,0.023586987618586,0.0297483828785681,0.0171620979159814,0.0216740360366071,0.0390389699252693,0.024985943660017,0.0443455213233899
0.00540196381769719,0.0221410107981542,0.00487471543584019,-0.0137428680996501,0.00640573716891434,-0.0223373255652203,0.00277621750154621,0.0107055322179747,0.00562325647867944
0.0142058661568049,0.00447458875668899,0.0195177649399998,0.0145459430933377,-0.00685004930519815,-0.00953001646132007,-0.00638187844066586,-0.00655383892031498,0.00791220108855432
-0.0720349153528977,-0.0255030502523998,-0.0171449888226184,-0.0446077027548533,0.00124636776412657,-0.0657208569818292,-0.00697351695410114,-0.0158248551625965,-0.0089872062566347
-0.00788229592173245,-0.0210237895473752,-0.00295102059940218,-0.0154224126183235,0.0115797048857081,0.0164476661329159,-0.00113724393847448,-0.0194098025218113,-0.000292983715365442
-0.0324671843221274,0.0140621614130928,-0.032121442660141,-0.00701047735571117,0.00194142583044557,-0.0456007565737419,5.58271164639147e-05,0.000806357734726317,-0.0137677971528831
-0.0420156931287971,-0.0317869836640729,0.0172974608830393,-0.0132223608794682,-0.0140142597939366,-0.0171225689009496,-0.0338923535864402,-0.0340097239069739,-0.00825634593713147
-0.00891069797694738,0.00686445173258445,0.0274742719859305,0.0142356235355307,0.00269732072245574,-0.00335400553943724,-0.00107056764283586,-0.000917686482926299,0.000146458469230588
-0.0573270466531724,0.019357553509007,-0.0334974116501958,-0.0271365141033435,0.000544195540440889,-0.0357371404355586,0.000154488424448092,-0.00922961713652384,-0.0129312621404418
0.0858635934203065,0.0470682210117301,0.027280006380319,0.0228012327031558,0.0155100240629093,0.0606967649207261,0.00347828723670441,0.0288555766017215,0.0290836518101904
0.026831747297055,0.0191118995603615,0.0171185388507302,-0.0186649081427945,0.00922731426836255,-0.0292738366547734,0.00348898145198696,0.0164363906085837,0.0156582999460109
0.0536296473666515,0.0387023730411843,0.0498289661198982,-0.000993550629157044,-0.0191401239625429,-0.00166338032691947,-0.0131730638349116,-0.00188041898625925,0.00263435731187272
0.0185051605877504,0.0118565431253268,0.0386768615071206,0.0236721366451357,0.00844760181607329,0.0100243231136089,-0.0055085880367926,0.00197868949307202,-0.00682430084025936
-0.0284144594550126,0.00813234764049511,-0.0240959622118136,0.00730033326374775,0.00488493272988912,-0.0611497794676948,-0.00309833707490868,0.000728259001004315,-1.93321082596854e-05
0.0222737754333329,-0.00874917078941625,0.0034930102840345,0.0304757363383822,0.0137593796722814,0.0245395770290579,0.0263048476423705,0.0396187120497229,0.0257020649893494
-0.0304184079464171,-0.0157842587249797,-0.0182735714368607,-0.0132494458239789,0.00452379543519394,-0.0261112025634928,-0.00466364988654217,-0.0304738172369565,5.72785139624209e-05
-0.0929924318386209,-0.058896575346976,-0.0239570843408024,-0.0323476118477613,0.000102103527930397,-0.0113363535083326,-0.0111027093217041,-0.00502821932950415,-0.023073794205346
-0.0128337907513754,0.0135958527171212,0.00771979495205854,-0.0116060442867515,0.000752343158369872,-0.0216671709303279,0.000968822528648575,0.0113369373594766,0.00488496699698077
0.00689911876214792,-0.011407011510893,-0.00434188158622652,-0.0303279474805738,-0.0225683279048207,-0.0274079149555314,-0.0158943885264842,-0.0308392473743988,-0.0480947254507614
-0.0470022520596805,-0.00109342783176514,-0.0132657452611233,-0.0269038610171084,0.00635694060530711,-0.0295707759361089,-0.00863835383253241,-0.00658087874252053,-0.00829063467258869
0.0237596953800043,0.0261730480473054,-0.000462660194566862,-0.0157191942535203,0.012732128744385,0.00484056395024789,0.00654741098631403,0.00927166670107138,0.0104369916244961
0.00165487763783706,0.0178005483844113,-0.0120095726883372,0.0469776864707035,0.015952193448767,-0.0032905990907177,0.0244811352371918,0.00570393181406385,0.034226377576339
-0.0651185036300308,-0.0198241622272838,-0.0158314439711473,0.00174523549620671,-0.0175459925749098,-0.0260860035139959,-0.0204061129194926,-0.0110680777276524,-0.00970008134457493
0.00342475079961661,-0.0032131682564437,0.00192349496858551,0.0152043928257977,-0.0126619263297889,0.0106284394260099,0.000822801659140858,0.0202724727709384,0.00386881979903817
0.0479599919728761,-0.00936767796295853,0.00420616473676056,-0.00234460022650517,0.000607920003256806,0.0168586856520406,-0.00594428956999287,0.0161910958965035,-0.000818809478521544
-0.0629702402817654,-0.0726082581063985,-0.0372180017654826,0.0128480997514806,0.00350023843448241,-0.0469807799636012,-0.000387506084597113,-0.0107208379259287,0.00438868334191373
-0.0287311995812313,-0.00278633954367355,-0.0213851277617685,-0.0036753510025308,-0.000193437433713889,-0.00432899126205899,-0.00236548362210734,-0.00940784700386501,0.00245570702042666
0.0362123357612944,0.00539764554678632,-0.00744178854186518,-0.00531118807385784,0.00389029253848295,0.0217752632232457,0.0193197491485144,0.0109505958651888,0.00186591194601049
-0.0906484524135254,-0.0532498137667723,-0.0266508331127778,-0.0489089337277841,-0.0182661065507799,-0.0524199284044095,-0.0499791493087723,-0.0106810396624802,-0.0219837896508648
0.0319319844894193,0.0108698933778308,0.0177784037964266,0.0256646540283181,-0.00431501857138047,-0.000337695748969078,0.00237867858848549,0.0137181812321903,-0.00426888900544081
0.0359936599304125,0.0354775109282564,0.01039827093112,0.0184140595601252,0.00239889881772713,0.0247257135146732,-0.0005203964614601,0.0341817513312691,0.0160445982232592
0.0491450069353793,-0.0142193499662022,0.003474356749432,0.0164773696914402,0.00201782849218934,0.0288450486245087,0.0030561967128947,0.000132251777900854,0.0118203903610849
0.00532755243458926,0.0129724865371668,0.012252384243204,0.0332090203053425,-0.000807988740485199,0.0230466741043636,-0.00650496603508416,0.00847458859559141,0.00495913145662286
-0.00515724279430302,0.00955507187154315,-0.0057809726487634,-0.0100708938286753,-0.00176396105619567,0.00518146129674611,-0.00515466934251613,-0.0178603671046006,-0.0215325015381837
0.0452174273072214,0.0327154258993545,0.0207711679753474,0.035889602907733,0.00714474298951658,0.0550056157590441,-0.00641370972615891,0.00340558472722691,0.0118500403725308
0.0394273082519445,-0.0109106612186231,-0.00184664350661964,0.000482431376552507,0.00103345312624302,0.0486900012056377,-0.0129718780179033,-0.0261217695352471,-0.0113175864063489
-0.0166526499312925,-0.0187070020047796,-0.0220397743153146,-0.0308352844475982,-0.00586611341618602,-0.0344674050798855,-0.00475809150191047,-0.0116856894493385,-0.010763502912459
0.0228188788596369,0.00872784125064377,0.049481291650659,0.0483141139255936,-4.9071232279018e-05,0.0238217814669173,-0.00771865810529272,-0.000280668697977231,0.00787623001768391
-0.030895303040692,-0.0454058118862797,-0.0219390270919513,-0.0259322621740593,-0.00895686256615346,-0.0503936701262674,-0.0230034269942612,-0.0200281107082199,-0.00934557347145585
0.0363867945460403,-0.0118843726674019,-0.0083738499504724,0.0192753737813363,0.00833539738692476,0.0286960356581241,0.00132203243148481,0.0133715838914306,0.00614804204600879
-0.032231140932826,0.00307587133987054,-0.0127895886471868,0.00271931498787996,-0.00585223610584068,-0.0423499692455857,-0.0150222163767893,0.00482392968555346,0.0054868488816468
-0.0202864656416615,0.013779056627338,-0.0107763133173328,0.0216064576862998,-0.00991603721403384,0.0130929403491055,0.00249500118369176,0.0212754874031109,-0.0109681417084926
-0.0619922621846184,-0.0263423135880829,-0.0235686250054277,-0.0377106012846349,-0.00582793217160217,-0.0474251216027846,-0.00210122548290837,-0.0217945911251838,-0.00549454537300898
0.0514986555016369,0.0171718828697908,0.0126776182561062,-0.0205053771358312,0.00965515472374511,0.0539382344766435,0.0132952900364426,-0.00132562253021502,-0.00014458237237467
-0.0544601235371585,-0.00796985665415405,-0.0139341614599641,0.00538518491739534,0.00894697095647853,-0.0344680095017441,0.00588933946770906,-0.00672253933162771,0.00674440761888365
0.0138608808471393,0.01212281464174,-0.00326184426654898,0.0234312996626185,0.00126570149943105,-0.0400257246526184,0.0177120959432736,0.0243592786462539,0.0123488941281803
0.0733580852401285,0.0498102302129308,0.0241572751398221,0.013272420933171,0.000986361516170444,0.0540979855800213,0.003549016987442,0.00477998175724673,0.0194212409010538
0.0195516309836329,0.00794732601604976,-0.0168723199690929,0.0322342996982823,-0.00725202962907799,0.0355091893114738,0.00658239536238706,0.00447529719680998,0.0102937619210038
0.00823779820692189,0.00798302605682884,0.00361575474121161,-0.00073422621078723,-0.00613730836086954,-0.0210822715929837,-0.0165890338856282,0.0137384544763834,0.00376511619384231
-0.0578188100002605,-0.0476581896597843,-0.0404224330491488,-0.052014445577252,0.00272079862493028,-0.0612474003600606,0.0100103801710742,-0.0331664748263155,-0.0179183434651019
-0.0019162574761925,-0.0193783578527797,0.00619643610178752,-0.00125984774087424,-0.00869395212671871,0.00116016045856285,0.00339180727242765,0.0107543826298597,-0.0178141082924149
0.0191721443305465,0.00295645713670548,-0.00761939971929705,0.0394689837364632,0.0109578623402833,0.0289002921879782,0.0226631439870068,0.0194414149885387,0.0148942539851933
-0.0574795002278626,-0.0222006570537792,-0.0301866554536703,-0.0350719033587905,-0.0116888395562538,-0.054096199774607,0.0162209356001693,-0.0416732135506003,-0.0387364536097966
0.031657422594156,-0.0209271918116169,-0.0173922450956838,0.0162876246919535,0.000958920501198611,0.02421352477335,0.0142376368949414,-0.00815554381030992,-0.00417475078982877
0.0399455535936026,0.00474244107797787,0.0251847056563126,0.0442285330824125,-0.0017395900204397,0.0702809834720388,0.0322541104269999,0.00851821016074898,0.0313373418445544
0.0473794692498916,-0.00900682856899305,0.00215621726066285,0.0246861807802231,0.0218859915240955,-0.0208990353429545,0.0170264597093373,0.0169253667358123,-0.00250241726553192
0.0568550159837115,0.0239087498579014,0.0139175979244146,0.0137289084243477,-0.000838078237360185,0.0119806329514605,0.0147676567975769,0.0153428929577747,0.00145652569902565
0.0137213258200531,-0.00548625327498015,0.0141679602974901,0.0144180633978209,0.000973949113307634,0.0390998410098996,0.00961322558725871,0.000630873667099937,0.00903025735501271
-0.0105694318803206,0.0105863067518023,0.00196728391150353,0.00799797320158488,-1.22192698989457e-05,-0.00515028218568721,0.00518537709512571,0.0018486668001745,0.00544255361517924
-0.0318984200681605,-0.0339515509932691,-0.0496035848504282,-0.011976852823689,-0.0076062993165981,-0.0378778680080912,-0.0197552853936116,-0.00518696180491426,-0.00753737495389281
-0.0243288099793413,0.000337042141604504,-0.000215855800661638,-0.0258635231126072,-0.00961767616415895,-0.0126055015056634,-0.0125112915640871,-0.00664340182859758,-0.00533905401585137
-0.042188811700705,-0.0238293375125395,-0.0201643758398113,-0.0254921260910694,0.0080589438659186,-0.00439686644660961,0.00134675313027711,0.0015019980064156,0.00373806028622655
-0.0160573560634728,0.0150584073924283,0.0111442255175032,-0.0117228960615229,-0.00787711487609973,-0.00967072061741103,-0.00853788889453963,0.00700026488410663,0.00347145088230439
0.0375775779618212,0.00662885794142058,-0.0104799951224301,-0.00873466047814997,0.0111827796018036,-0.0192872957075355,0.00862799330191967,0.0323464379256984,0.0217126793875466
0.0951416351538165,0.0322276901427107,0.0180675323431312,-0.024099090315349,-0.00798483810506705,0.00169417181591986,-0.0196212126101031,-0.00194450994509567,-0.00986424740282842
-0.00296314440534966,-0.0089729305081235,-0.00539783051601657,0.00454809796108315,-0.00526661832286769,-0.015439792302191,-0.0217914218026377,-0.0139381953755953,0.00665987054598117
0.0577210438143369,0.0345608365682523,0.0443968835519434,0.00580769750959772,-0.00325719449780035,0.026729151268758,-0.0169581661093819,-0.0155475427494129,-0.0128396164784348
-0.0216506479016487,0.0185826899600113,-0.0104551506717794,-0.0109900677185239,0.00216969724168595,-0.018726976082807,-0.00406960049521277,0.0120950021649537,0.000644391594494916
-0.0360976724355322,-0.0236279997704698,-0.0198417343172082,-0.00564283053300423,0.00579770856756312,-0.0257536600336366,0.00332253402955784,-0.0110029900847287,0.00546678753093363
0.0486352396523066,-0.00871184200262944,-0.0055592410585598,0.00050237813342748,0.00853601711647735,0.0366606280883481,0.0149409031775371,0.00702627012937671,0.00589870977149988
0.11964777549211,0.0220706259083135,0.0265629053019124,0.0303220185798401,0.00977563915054848,0.0560154346933765,0.0170214791377189,0.0223163898021879,0.0174923785599591
0.0111606553812151,-0.0259238404887195,0.000159106542312714,0.0117723651244087,-0.00883856554754302,-0.0188986278648221,-0.00221674210052694,-0.0269944447218849,-0.00899186648554582
0.00688580367331339,-0.0398057943080963,-0.0157916739136201,0.0018313353876155,-0.000985988899387082,-0.00240687111161077,-0.00510671434623164,-0.00753915396398924,-0.00805151638875991
0.0172399581225358,-0.0111484628384321,-0.0231036465240853,0.0232611091666741,-0.00100065550612725,0.0189937998003104,-0.00286563090454151,0.00756490325485982,0.0150886495296079
0.0137508388286338,0.0110680109375158,0.0161878424284611,0.0220917752564785,0.0046562229321529,-0.0238376698643562,-0.00415256325826422,0.012805301635603,0.00506902997457712
0.0157053668835786,0.0100140564236111,0.00447684232281457,0.00538630283647355,-0.00380629291062376,0.0144520715715151,-0.0178285112021764,0.01971935906512,0.0149125877613465
-0.0284743874084637,-0.0358874670604742,-0.0171435858551931,-0.0258281489852595,-0.00277107144119491,-0.03697042180395,-0.0031007077540567,-0.00627419809635556,-0.00719674479677402
-0.0173230815183232,-0.00381012037954585,-0.0234044242512919,-0.0208021747205094,-0.00782189240396297,-0.0446620129929081,-0.000868280918038335,0.00430927467701272,-0.010484349859369
0.0113955903256078,0.012797204488097,-0.0040208898706752,-0.00836795653149043,0.0133636560994703,0.00633294888339819,0.0136799635530406,0.0109173184362339,0.0184288987534348
0.0718864368272782,0.00411516290807588,0.0165770832579294,0.0162994103229099,0.0079613321476369,-0.00853560261581439,0.000899947499115657,0.00319200330458358,-0.00148147289310703
-0.0640086629413268,-0.0346720418145581,-0.0355385440324869,-0.0172522906108785,-0.00566851702707269,-0.0534837664371171,-0.02143262878975,-0.00961913404140066,-0.0163923352512296
0.0716282124437238,0.0413094061540531,0.0380950018186976,0.102061915628131,0.00859218869253171,0.027746880904207,0.00347158798492045,0.0300353517349284,0.0345889477791314
-0.0429794182908466,-0.0106060495450206,-0.017347132713401,-0.0201848898129189,0.0036255530263386,-0.0359526298151443,0.000782113303658028,0.00604575398037783,0.00613599919985753
-0.015171833585553,0.00708392477189379,-0.0109000027541162,-0.0203773348047775,0.00236813080834775,-0.0246238317539209,-0.007611459159101,0.000679295670898709,0.00985689584022996
0.053013722905718,0.00738216206476317,0.00685855143861676,0.016559477295445,-0.00667893233215212,0.0205205217774027,-0.000529025506684024,0.0193280346178817,-0.000374136590813889
-0.0333564023562146,-0.0116415414034324,-0.0145943277339054,-0.0270823939494546,2.38830327985363e-05,-0.0331528701055777,-0.0136263238261538,0.0158446208614359,0.0146927893484554
0.0266658549091364,-0.0302566072104635,-0.0135028144366534,0.0049849186580244,-0.0024065160992872,-0.0501877134007242,0.00360878625041304,-0.0100388151544812,0.00250038237835927
-0.0523558872215559,-0.0238080297872874,-0.0169027388754532,-0.0344359601437801,-0.00686954163545717,-0.0305005711712347,-2.31778471202995e-05,-0.0285000412124485,-0.0130778400350019
0.0243132418103464,0.0134026089322332,0.0242173095569899,0.0316520559311138,0.00339433524172908,0.0366569153889572,-0.0173276369924264,0.00918521079996085,0.00868888911754108
0.00517135302739002,0.00754636894242961,0.00749738196632311,0.00711328327507787,0.00758433630235045,-0.00514623285329587,-0.00290579772203464,0.00432902244501975,-0.00343645521784016
-0.0149890035903864,-0.00960284199082785,-0.00874702763754386,0.0273552609361999,-0.00366621680804648,0.0236521803112593,-0.00766501291340129,0.00185445218337422,-0.0077362561484863
-7.84298092609634e-05,-0.00465521775129219,0.0032102574143307,0.0124806317745292,0.00537462546142923,0.0091635316982707,-0.00220289739824834,0.00998882288948497,0.0164507848756362
-0.0438159680661242,-0.0107717918406479,-0.0169064151669306,-0.0321824618587705,0.000577695637175357,-0.0388289916991489,0.00709515670662152,-0.00933522468215754,-0.00846918298570085
0.0164194753863295,0.002407729781738,0.00232580629181864,0.00318163283950531,-0.00841706292579294,0.00244040497469324,-0.00967846761406954,0.00258617462053219,-0.0204304853220534
0.0185235719343659,0.00861791548536477,-0.0146103225190976,0.00390048054613477,0.00953001372542597,-0.0105082769358318,0.0198122637330983,0.0112879082003847,0.00604686096789478
-0.0743450450452299,-0.0134456694370826,-0.0124446495305083,-0.0364318756618255,0.00248706827995128,-0.0411833439029228,-0.0067571201552821,-0.000802496972873628,0.000314742248318034
-0.0242370240333662,0.0044197409014753,-0.00194912257170926,0.00508498181879998,0.00106848742825344,-0.0140688492833277,-8.88050035673007e-06,-0.0020110444645709,0.000875624706357612
-0.00813919068620012,0.00668264597023694,0.0168155436592722,-0.0108877806336862,0.00456761597774202,0.0154945992178132,0.00270727610064304,-0.0256620305595509,0.00238512968447539
-0.0568806240152648,-0.0407221130018633,-0.0197555629945041,-0.0155880486317032,-0.00762086802907143,-0.0200056056757674,-0.0116543236221268,-0.0235548284503476,-0.0278989551601553
0.0652233293017716,0.0323193290609295,0.0280946147086047,0.0390901497300757,0.00371996337151177,0.0738424470138339,-0.00184261102226353,0.0190322005149061,0.00456414569676003
-0.0252862947476951,0.00698507595583794,-0.0188552906304355,0.00452189096971276,0.00901739733794224,0.00347263281668692,-0.00541746969525064,-0.00408411494242215,0.0015095335697335
0.120065425454561,0.0467585256943334,0.0436311751218098,0.0137092284582152,0.00689734721549502,0.0369557786783838,-0.000505763572564489,0.00602850291385833,0.00470461535696759
0.0141481981009632,0.040294257124628,0.0167759164297805,0.0267691854065419,-0.0128364590163547,-0.0190475211626781,7.14427902128138e-05,0.00826958490966583,-0.0085560185131194
-0.00580120817886804,0.0185888509253781,-0.00153299704907313,0.0199055374431279,-0.00360078238830567,-0.0212426305575771,0.0125028580629303,0.00697942938783641,-0.0131893151349215
0.0337628740814696,-0.00935571694493463,0.014552700642552,-0.00537294254461416,0.0117491767866343,0.0153404155266897,0.0183514643204524,0.0125245465224033,0.0211726153796
-0.0675993998169526,-0.0218533684713876,-0.0390882810406954,-0.0320060850570502,-0.00955503188021226,-0.0716269047563589,-0.00865336603604359,-0.0190897293195935,0.00126888818746676
0.0127918284919484,0.00550042900635982,0.00461045460917212,0.0301574109262355,0.00209907610879799,-0.0103377887394174,0.0103069718705763,0.0225731102615865,0.000829631117195499
0.0130291375154088,0.0056327499510619,0.01087002530087,0.0468334369019163,-0.00102905131471023,-0.00352824055230888,0.010588023993687,0.0229653941005467,0.00634504752938898
-0.0499981973175519,-0.0166368377475065,0.00427832469146363,-0.017668242990454,-0.026346196796544,-0.0467688830584421,-0.00927205694188358,-0.0446658513828288,-0.0252858743108639
-0.0456308465947598,-0.0160827374072839,-0.0135398403582968,-0.018919191928023,-0.0144116600263038,-0.00163436637738165,-0.00767194980251873,-0.0106278814427149,-0.0213033943429931
0.098835970164229,0.0176914492834617,0.0259822789942186,0.0830217604968713,0.0105130273749107,0.0878682511821521,0.00548560025149267,0.0339721819059894,0.0161766857203478
-0.0325695360682413,-0.0258378258750305,-0.0299696442979929,-0.042333153672086,-0.0115881011355719,-0.015583869969356,-0.022842251029104,-0.0216356191585239,-0.0260754900208853
-0.0304810705225759,-0.00776521834641005,0.00369768297486437,-0.0116748440388204,-0.00352137042272609,-0.0239901120318693,-0.00624623857089643,-0.00130065431445392,0.00368874725887282
-0.069035859975333,-0.00905098948837128,-0.011917925241295,0.0196415411060936,-0.00164978815778555,-0.0610034039272703,0.0001299609393172,-0.00786598691732436,-0.00454989520094712
0.054571820636697,0.0296268766533258,0.015838620391574,0.0656851398717814,0.0166777212919255,-0.0144034698090833,0.0239424926518154,0.0289600198285482,0.0311500866752495
-0.0113747494489897,-0.0185466368784202,-0.0248360422763034,-0.0013209378459255,-0.000316554939527225,-0.00332426256105166,-0.00346926640457532,0.00543761404152215,0.0102118640432206
0.0588938943423088,0.0214997862654696,0.0099101525452925,0.00998136486770902,0.0133819405437532,0.0283117468802138,0.0293113276117268,0.0258295449828386,0.0200465438019852
0.040663025080082,0.0268895533135231,0.0381045703417102,0.0492329342417538,0.00945598847082217,0.0777078013677684,-0.000147894272798024,0.001684945402594,0.0175464014309258
-0.112206780385251,-0.0855755253090456,-0.0210206466322163,-0.0489168208220064,-0.0140882961329913,-0.0641697645555384,-0.0143975555955654,-0.0443809553054941,-0.0404903004558125
0.00441299363940328,0.0256313749325278,0.0209170210120819,0.0457578505827866,0.0118789171320266,0.0145856674752548,0.0127543240164051,0.0245412546682673,0.0255211496215924
-0.032760133145827,-0.0433840536003863,-0.00631179915698657,-0.00450387451823729,-0.00837402739946334,-0.0328633100731517,-0.00256658316656398,-0.0118134869671746,-0.00976996507973452
-0.0112070463499227,-0.000463632127390154,-0.0175504436445365,0.023923830016197,0.00981968342339088,-0.0190413607538836,0.00809361487250916,-0.0039529919245355,-0.00836596623553987
-0.032486316488368,0.00505684913483924,-0.00645968982316492,-0.00840978717615167,0.00360426707302925,-0.0221379031740836,-0.0166521725236393,0.00323279925827204,0.00409705456139727
-0.0247761053852449,-0.00517704472454105,-0.0098064402649618,0.0103279586620145,0.00639188679847818,0.00121305513343207,-0.00344744701766799,0.0048117343301163,0.011377125404722
0.00255484566256422,0.0017419153398016,0.0153142036331359,-0.00859803487847532,-0.0064746910715544,0.00460986886860226,-0.00712834596454627,-0.000201588542266377,-0.00503249301238006
-0.064454707383233,-0.0133805466775372,-0.0403514788912512,-0.0352145137856707,-0.0119386467477131,-0.0151660980478217,-0.00507155149638543,-0.0312622137810598,-0.00902236292127489
-0.0338407184061283,-0.0168654625195117,-0.00927955605989227,-0.0180946569500081,0.00930047844044444,-0.0295873058635619,-0.00865685807289784,-0.0201803196320956,0.000797539182806396
0.0474690420615536,0.0318540522722813,0.0358226785098892,0.0263715418222641,-0.000975611093954592,0.0139496756193783,-0.00401294954865092,-0.00465368895967428,-0.00307522696969278
-0.0201675354354754,0.00693716704790196,-0.0189134912782261,-0.024324798961942,-0.00221510407655335,0.00513798720057593,-0.00985220209563798,-0.0233656645113228,-0.0206821342626823
0.0251660686606436,0.0125121628220648,0.0113746957648731,-0.0108916432753943,0.011278927864778,0.0114432916327022,0.00413564361833567,0.00484106037427754,0.0180474034657693
-0.00181558272074807,0.0112745343009899,0.00984276556504951,-0.00599873212840709,-0.0233452304398469,0.0139707489041302,-0.00863020691253789,0.000554236385711658,-0.00550394274532766
-0.0146091369486092,-0.0103104150247792,-0.00604799041381322,-0.00218863868785736,-0.0181678069908565,-0.0435035946258086,-0.0120906308589698,0.00260286914565241,-0.0349101399898885
-0.0390818249139345,-0.0222379333098953,-0.00635869431371136,-0.0173180205752217,-0.018247831286406,-0.0793966612677165,-0.00878988765739267,-0.00677050948937743,-0.0251747793456523
0.0555193158384906,0.0391362853060505,0.0397868898365309,0.0214943230918267,0.0220912695434556,0.0427313996523945,0.00792905997003679,0.0242026927085669,0.0291525933480405
0.0433697155540519,0.023451832802653,0.0133979265549662,-0.0060241209095277,-0.0162139386439697,-0.00764417858270555,-0.0123271223731418,-0.0267206019501619,-0.0140693879054686
-0.140751337806759,-0.0404527728811011,-0.0564657484087916,-0.0724976543740627,0.00030068434980855,-0.0948614852624278,-0.000813733831967676,-0.0125649020479916,-0.00767840710747834
-0.0132464026560613,0.00639723628854472,-0.0175651162668662,-0.00407431454473345,0.00251769922847831,-0.0224259180042511,0.0101020657140689,0.0163316004306276,0.00408804545972374
-0.0601673611418365,-0.00664265105788259,-0.0224213065132075,-0.0306861088037551,-0.00889248471271321,-0.0772437973636206,-0.0140839641870142,-0.00868826877484983,-0.00293078897846878
0.0112478935633157,-0.0410087541269656,-0.0333421731590195,0.0172243300419297,4.77670261434995e-05,-0.0124985581233488,0.0199745540901977,0.0038735728504514,0.00354792727274983
-0.0200261002728081,-0.0169014861314845,-0.030785044538081,0.0051405591470513,-0.00492428465433753,0.00100767592875952,-0.0152864370916276,-0.0111999308106906,-0.0131883278474041
-0.0338621681931543,-0.0360270798921996,-0.0373974752875937,-0.00750568815407894,-0.00894059261756839,-0.00223620363043031,-0.0137717510293104,-0.00703897539210639,-0.00734797088092797
0.00936885089833655,0.0326744334616661,0.0422139294155265,0.0191873144720813,0.0019188631045304,0.0140019813268423,-0.0116401742058164,-0.00152068405872337,0.019435069383878
-0.0676881129332896,-0.0388050176627671,-0.053646732561428,-0.0502950146970157,-0.00287425387849022,-0.0523331004628816,-5.17468783449102e-05,-0.0262223595043412,-0.000343571172384898
-0.0208726477428317,-0.0170264903323813,-0.00955839053508036,-0.0189761944784014,-0.000147637800236128,-0.0316772878695321,0.0118245539500593,0.00503947624236544,0.00398532106307984
0.0641294661527325,-0.0219812097887875,0.0158946520297514,0.0157529747477984,0.00672081676124292,0.0783431884065073,0.00501460484080561,0.0113945494470186,-0.000112899687226077
0.0236379614393424,-0.0146171931098473,-0.0154244290553252,-0.0267399427753657,0.0125089928639938,-0.00405368763458352,0.00368189947506622,0.0240903216996005,0.0127376386770243
0.0333544194124376,0.0215792251979266,0.0181648362705419,0.038537986598408,0.00293036507566192,0.00640984322167439,0.00104528164969215,0.00713145253478671,0.001086681903043
-0.0814406027335973,-0.0349494471850018,-0.0390513456782639,-0.0350924917203375,-0.0108119462018794,-0.0657712068566862,-0.0132611483947198,-0.0186211943140513,-0.0163696968541045
-0.00144334153098139,0.00576806929637815,-0.00749603045342728,0.0200684400993749,0.0113668366822428,-0.00628082673457794,0.00429947858451189,-0.00123858908637573,0.00987672790429244
-0.0956857036668472,-0.0628926395989426,-0.0107752874307837,-0.0470123308873419,-0.0169764647570467,-0.0682269967760577,-0.0232486690433567,-0.0451104765399296,-0.0683413949979866
-0.0166860940480275,-0.00900996585101721,-0.000378645146726745,0.00459250566469389,0.00371516532452323,-0.017163117847202,-0.00264341221518173,-0.000754252223271946,0.00635522369145162
-0.0136366810552952,0.00590182450604361,-0.00942560791627291,-0.0169972947856898,-0.0140061489807266,-0.0121780024973662,-0.0141815093994262,-0.0235378551955532,-0.0253370798856892
0.00923234880891308,-0.0225871964476492,-0.0133921111244027,-0.0168257114399646,0.00443391851749301,0.0199891245512147,0.00192676494656472,0.00570475614018567,0.00767357559121591
-0.0415993420144056,-0.011943500285481,-2.32898445024616e-05,-0.032369601891533,-0.00419929809123335,-0.0416777510587686,-0.0159161971132802,-0.0281809573098706,-0.0163409946239164
0.0196695111932607,0.017496098886272,0.00576945152660239,0.0264533891920948,0.00274614550303197,0.00429608496010853,-0.01278114680371,0.0228541376651363,0.0201837692598285
-0.00345119915911305,-0.0233724088564293,-0.0275955838470489,-0.00296318768562486,-0.00495771185283359,-0.0105214600268275,0.00758437050141517,-0.00908830592497113,-0.0141993595561173
0.0212057383450929,-0.0230107405015855,-0.0135576629937855,-0.0191205906941669,0.00376761114003863,0.00401290106737455,0.00878070243698942,-0.00731116331300906,0.00561986534594811
-0.00606238070687038,0.02222315392553,0.0136806961679636,0.0191611594372125,-0.00688304024981544,0.0180747155253811,-0.014286783601558,-0.00596717343254188,-0.013653757832686
0.00945419304282657,-0.0152505483861615,-0.0185595147571726,0.0340139311066345,0.005459679088545,-0.0149420052737066,0.00500132241477806,0.00389900690700169,0.00290061368600406
0.0222920979675039,0.0151257571057002,0.0175477786181387,0.0166046533563528,0.0056682250700247,0.0556031559427191,0.00158241802218228,-0.00290190024779334,0.00877667294980887
0.00177185856451302,0.00628759974891664,0.0142095091539328,0.0213088386678683,-0.00631460238566046,-0.0123867007625742,-0.013588705391044,0.00565497122580308,-0.0238719493683592
-0.0200444187938603,0.00466625432488092,-0.016336018991147,-0.0248352584499263,0.00864035793435006,-0.0149784894369081,0.00734192622497441,0.00971280205819009,0.00600346693046122
-0.00120768747247669,0.0172749751031329,0.0100632759337358,0.0313692354918975,0.00603310923201465,0.0153379426336835,0.00601058574584776,0.0229548406479732,0.00019875148395671
-0.0308078501622478,-0.051158139779841,-0.011313184846328,-0.0301675560741191,0.000328919253583214,-0.0404386626694689,0.000207985643623702,-0.00771425028299217,-0.00543184004730158
-0.086664909935773,-0.030692484205651,0.00323289718697121,-0.0571643087043483,-0.0239234915768707,-0.0825045688462345,0.00726001712075114,-0.0438120727298751,-0.0574767617988016
-0.019984150584213,-0.00948016487006616,0.00436931383375052,-0.0125927017292267,-0.00443003356032949,-0.0219795305263238,-0.00176902298223379,-0.0222209220207828,-0.0152868363583449
-0.00595685013114233,-0.0187256060936041,-0.0198823713415422,-0.00798795804555244,0.00970708137846843,-0.00450671097248659,0.00423009629493475,0.0115061322329438,0.00067587697555837
-0.0212424666858157,0.00375688740216986,-0.0257775702501517,0.00300427414753811,0.00273320186564894,0.02082505925913,-0.00100070416248797,-0.00930115263405359,0.00349125281613693
-0.0111460354846972,0.0176173898908992,0.00289703678192322,0.00932512341243765,0.00259052943284548,-0.00960582661057393,0.00843959725021341,0.00708565798514916,0.00764211581941595
-0.0287618546121882,0.00144849641357931,0.00517541762261566,0.0157569977259484,-0.0120057125121427,-0.0299833533279985,-0.0124581506385824,0.0184679821270823,0.00991008235217402
0.0869421637590542,0.030171599935564,0.0332435715681944,0.0149572391087713,0.00239221015968142,0.0593720717776074,-0.00347858702048684,-0.0028110871314572,0.0174230164648668
0.00904958129149281,-0.0204156207080787,0.000517405976946243,-0.00359069930694604,-0.00641475571204598,0.0157411948976848,-0.0187809586606098,0.00716444653190359,-0.00338515051026384
0.0733874737806968,0.035462847067831,0.0304357221727338,0.0147835990014136,0.0176958061672223,0.0586257927304905,0.0127514816922264,0.0116307629521341,0.0307912410885468
0.0853854299004249,0.00260839911294166,0.0221059085604536,0.0116450591614014,-0.00419958394770412,0.0842266138360785,-0.000732196446730827,0.00387599515490261,-0.00280759861871083
0.118259314496177,0.0279408629352629,0.0347600804115799,0.0248655599143338,0.0171345789720525,0.0905414326723274,0.00721732082757366,0.023984923441353,0.0207195476529865
0.0431878321717694,0.0273431949267059,0.0174645209416382,0.023376591687004,0.0101814853959623,0.00413665723500196,0.00277621244711902,-0.00370557766893983,0.00433605849844304
-0.0350048185923536,-0.0122115535304456,-0.0290120065924029,0.00224804464574034,-0.00851827956830182,-0.0591253484224273,-0.000353573345846025,-0.0306015076785935,-0.00805838674592468
-0.00384449871443604,-0.00602775105192081,-0.0125997206332524,0.0139968587676162,0.00858848367468334,0.0429560199985836,-0.00199165692114522,-0.00547414812266437,0.00114871252709826
0.00665938895943564,0.00450517938252361,0.0122218525772239,-0.00365675411805602,0.000753269419484695,0.00238034659343723,-0.010088570683745,-0.0091976857930476,0.00722690596150921
-0.0197291351757427,0.0113657997586649,-0.0109612251006783,-0.0231923644774662,0.000496590099978119,-0.0340873663119339,-0.00639746087291975,-0.0231243894605009,-0.00646025148867386
0.0277552326578128,-0.00428743562455741,-0.0128380951819978,0.0271991767080652,9.86847465202434e-06,0.0143658720252458,0.00370809320904873,0.0176027415265519,0.00913184098589909
-0.0629268876526003,-0.0267603911975553,-0.0486151377206664,-0.0343774868409728,-0.00599881078153208,-0.0442320381957761,-0.0143661457425253,-0.0220684888403077,-0.017657957047058
-0.021315629196546,0.00725356585565758,-0.0100645010605386,-0.0394409942756129,-0.000835619072529784,-0.0169537032244885,-0.0048162041838932,-0.00390607769810773,-0.0196795802900604
-0.0814651753975147,-0.025404389658003,-0.00754805077232383,-0.0196642009926707,-0.000472149627428483,-0.0489974295323793,-0.0105696607419794,0.00369910609599992,-0.0139831118173228
-0.017013355240134,-0.0176133106199823,-0.014914163493977,-0.0177408919190734,-0.0058232101521649,-0.0350612983571081,-0.00192581619067491,0.00756208546571871,0.00885682768074505
0.0749507009694996,0.0703502670718351,0.0615023226211899,0.0362571092979087,0.0163858381203591,0.0390704919576023,0.0164982609914654,0.024281636402609,0.0142576199771123
0.125271369460424,0.06879552378325,0.0531569171642901,0.0470248453247713,0.00464505714017027,-0.0258609852758317,0.0303551756510377,0.0309745467253634,0.0361595283872128
0.00886189137893703,0.0180124208011442,0.0168663941238694,-0.0137298282511381,0.00635435124341909,0.00510597406910784,-0.000419614710734194,-0.0114264936959023,0.001353853163196
0.0418016295236546,0.0115822660046608,-2.07493164472656e-06,0.0282254787627868,-0.00260033113545813,0.0125020143983825,0.000472175501667197,0.0331057750418947,-0.000552426100696635
-0.0285226820304459,-0.00090666399847703,-0.0130816426212634,0.00536250677637232,0.00599384913356344,-0.00418445930161808,-0.00580735343149421,-0.0206162673899314,0.00761002296007091
-0.00866708946832389,-0.043004104307359,-0.0357869970625843,-0.0166708763655387,-0.0157059672157674,-0.00196504343889702,-0.0212272505622643,-0.00343078407083446,-0.0175154667997956
-0.0122676610119669,-0.00116532920833148,-0.0262737370625297,0.00803218700212127,0.000491728285153829,-0.0151836732899857,0.0039843314396574,-0.00381115740104536,0.00265468349544914
0.0181794241205132,0.0179098342751351,0.00152110871828915,0.0335922083160791,0.0075740302144291,0.0251310346965758,0.0080191825420129,0.0151954277943751,0.0163864143147551
-0.0547017899654874,-0.0113206311128559,-0.0551027185085498,-0.0146640245823135,-0.0182849157198837,-0.0481698744716747,-0.00416765200377336,-0.00912826238540495,-0.0101747988269446
0.0214132729602702,0.0172915128177485,0.00759115212181938,0.0100036888656458,0.00250781607725797,0.0196602530633099,-0.00523529063226833,0.00930667902848679,0.004178763067723
-0.0357449651085002,-0.0044828744508085,0.00362422054621291,-0.0208147186759751,0.00228600164978714,-0.0254045619738564,0.00119230593684454,0.00254113706632539,0.000728562779420279
-0.0325842758372885,-0.0153217738946483,0.00446983700124417,0.00191391224855402,-0.0081048536876802,-0.0393508048009934,-0.0125765065447623,-0.0134255938705175,-0.01319196275038
-0.00372211836360619,-0.0141720348768061,-0.0228621166591136,-0.00381304367854756,0.00069091876051318,-0.00121152757630767,0.0199320349096669,0.0145949032393012,0.00786001998837028
0.0149889134001439,-0.00974728421503496,0.0228387993625641,-0.0121736204335163,-0.0129462334754315,0.0222113088408874,-0.0102734106299727,-0.0116290020357336,-0.0208523158803759
-0.0132989428605344,0.0126147935634537,-0.0179900953398772,-0.00192760554747697,-0.000990984109387,-0.00851501864734694,-0.00192089162070947,0.00597379867935762,-0.00284030743603356
-0.00413046162852049,-0.0297008342890491,-0.0297694696842772,-0.0177340015841958,0.00748876525084636,0.00618384135353554,0.00226374477722698,0.00879014874392703,0.0110255870710756
0.062562467815965,0.0180737605456184,0.00983796792591213,0.0177389014762859,-0.000457286509297595,0.0499017561605007,-0.0016920653515491,0.0135435796054007,0.0153619520524215
-0.0413737263542661,-0.0216329341995541,-0.0353650426767448,0.00236305361667539,-0.0102199669518848,0.0371828380062764,-0.00194127295820728,-0.0081428699929593,-0.0064951578358335
0.00761556378333569,-0.0357263055257341,0.00348714519803485,0.00954449605462805,0.00409378333909514,5.29481873519973e-06,0.000384347160025258,0.00521520843327066,0.00381674329794084
-0.0192992161047344,-0.0219491231136801,-0.00914818685377853,0.00722956294018378,0.00895275156656177,-0.0138146487707066,0.0137797655317871,0.0165332427455519,0.016903928239346
-0.0727550695173021,-0.0317791513625675,-0.0493062316035656,-0.0404981359580195,-0.00701689031393063,-0.0578871864783702,0.00247190066740767,-0.0286502748697816,-0.0103189779683959
0.0309457191164844,0.0272765199844475,0.0157541746287638,0.0319453512347817,0.0222417500561891,0.0350208319336522,0.0307485195123936,0.0278178542698021,0.0333746017624535
-0.0398769822757843,-0.0235509516752972,-0.0257740238707001,-0.0180197713298343,-0.00211181096659123,-0.0054759522962895,-0.00310396410243251,0.00593815945170715,0.00155936682384411
-0.000783646320429375,0.0292871808014156,0.0285520662780397,0.0174638743321611,0.010559945210057,-0.0132362139145401,0.0284847003105822,0.0462140445747504,0.0352586985454694
0.0364227616014036,-0.020294994321981,-8.30858989484692e-05,0.000374312907948359,0.00350732009797616,-0.0206128362664419,-0.00456966180740045,0.0150878972304618,-0.003257639763832
0.00179078568608192,0.00698363717747211,-0.0123464510617575,0.00216871928347273,0.00288347605740777,0.00336480291148981,-0.0111792804330204,0.0140985552173695,0.0119149905981282
-0.0719233354637844,0.00837060590985318,-0.0570387954103904,-0.0368013872221166,-0.00815246651552018,-0.0531061042042927,-0.00113495802602901,-0.000283381679430863,-0.0096210847974057
-0.0011571225211758,-0.0140317188459865,-0.0183359389693586,-0.0280811532510068,-0.00490922767024658,-0.0052746250410922,-0.00472621486740266,-0.000954893632482205,4.03002079507193e-05
-0.0596289029291009,-0.0230414394542639,-0.0343185500288103,0.0101090015878429,-0.00165588645587098,-0.0376769000866838,-0.00446094148020473,0.00307185221731965,-0.00643887972841158
0.00989176690313445,0.0106769136659214,-0.000232942144130731,0.0310949082310717,0.00390832023734569,0.0012367275535812,0.00406156887070197,0.011078636649783,0.0190068970481683
0.0191249892646513,0.0140987772025846,-0.000619756359985552,0.0109422527944706,-0.00142341241087116,0.00522847324226217,0.00609794845802241,-0.00534594181562042,0.00216140533977139
-0.0380739738221633,-0.0312652872362723,-0.0117205334415111,-0.0163996489073937,-0.0226903989157654,-0.0156836892347832,-0.02705956148221,-0.021151675030284,-0.0328941583398082
0.0600610228397559,0.0421203479159935,0.0445888720315546,0.0316508349744649,0.0207662543450168,0.0262043651455839,0.0297187130766414,0.0360800244026482,0.0239884344136953
-0.0503064364929047,0.000904073410193406,-0.033076760294296,-0.0154998820146795,0.00184268368898243,-0.0506299982818037,-0.00822560916365438,0.00644797118704184,-0.00302592928422798
0.00347976138049845,0.0172368018636926,0.00794301157727209,0.0102905542227602,0.0107234837132413,0.0269000717689575,0.0206532985399438,0.0139031258046538,0.0101633136752282
-0.104013094061495,-0.00619897728553157,-0.033515332336451,-0.0274617667180649,-0.006901353616122,-0.0605386621691534,-0.0149430939216787,-0.0313777533874537,-0.0174214834964573
-0.0278928251033914,0.0278567633461017,-0.0148845532185974,-0.0155999879173331,-0.00324235752359533,-0.0294985930595799,-0.0211404695427716,-0.0300442229678962,-0.0341741483071571
-0.0698099966527847,-0.0205726331050858,-0.0383391930021628,-0.0259907678494757,-0.00937662385488931,-0.0599090372631892,-0.015359300369326,-0.0217459521543073,-0.00726483416033952
0.0616435071433525,0.0469608372599033,0.0333218002904037,0.00954560542650996,-0.00310610148847619,0.0668126788798222,0.0103082687391007,0.0096730879253279,0.0234838064919155
0.0482174629488558,0.00782096759420328,0.0112782028666457,0.0121776326853633,0.00505335845262398,0.0481497173899375,0.0024900042973566,0.0197012073552684,0.012549517266296
-0.00121716394855132,-0.00755495974662078,-0.00127567471428726,0.0293866089035684,-0.00413694656029574,-0.0140163936040944,0.00493533792031938,0.00563984699083318,0.000821796167834496
-0.00822492791741485,-0.0279566897192593,-0.038435662930778,0.000934979354564664,-0.013219698499342,0.0152441957757558,-0.0138157144367437,0.00337355935051261,-0.0218426072213087
-0.0570696626302841,0.0149998920076366,-0.0540092819628528,0.0174236058393563,-0.000314870071203469,-0.0316693818893173,0.00774333699529603,0.00332391593942679,0.0163774962659343
-0.0620857777750785,-0.0176195012654307,-0.0224526378485805,-0.0173244273180756,0.00376170815446099,-0.0271605924485961,-0.010282422620238,-0.0101598378979051,-0.0138560417904269
0.00643097096701018,-0.00275436771264199,0.00522723466020316,0.0093841825541754,-0.00870489246526828,-0.00120220664179294,0.00986241085469123,-0.00891924091174419,-0.015565164994886
0.0287465592273175,0.03375895456848,0.0362437481257239,0.0456802120713489,0.00629317115158795,0.0178989042824293,0.0249728503624628,0.0166558123924371,0.00946736821251828
0.0254528237987336,-0.0122826091848552,0.0111288040386694,-0.00346499954413697,-0.00839470060055789,0.00796037960060776,0.00325461821406815,-0.0249098967377003,-0.0162465485437896
0.0250527488017407,0.00943627663466407,0.0186283792480556,0.0259466804385572,-0.00410113202222699,0.00588239955486292,0.00742923648262947,-0.0114700461811091,-0.00607297374204091
0.00399356255335263,0.0195865795186688,0.0228200236596547,0.0279621647265325,0.00451724911046027,-0.0033008888103386,0.0244552987152572,0.00616860527319242,0.0161509515645739
-0.0482101908907375,-0.0332294687042203,-0.0246468375108583,-0.0182952003320363,0.00409194118981063,-0.00778785365855869,-0.00539283969214081,-0.0187789506301392,-0.00322264460396031
-0.0359182619241859,0.0226174099123344,-0.0302759493755152,0.00281734795582399,-0.00438980401458495,-0.0193837554678454,0.00149423876313326,0.0160621563221141,0.00809483455762158
0.0833664949485603,-0.0105004652677185,-0.0103493134274093,0.0362349112108589,0.00447029293139652,0.0481922091086187,0.0143671928536755,0.026948099155979,0.000877252655175823
0.0120380729092958,-0.0188589739150114,-0.0152627686621923,-0.0149839846438398,-0.00429813384310343,0.00372387746985595,0.00585831558238373,-0.00231587628550071,-0.00403859687098171
-0.0193871869236239,-0.0147402513607956,-6.26080097098723e-05,0.0173034285759866,0.00391966152528591,-0.0178896258587204,0.00768463347215972,0.0185037408377873,-0.00340122439697241
0.0882679523787534,-0.00292795641561428,0.0390644502709236,0.0195762053671863,0.000498840081904039,0.0517111885012099,0.00685143788880622,0.00153594797326947,0.0143644666127779
-0.0132516024160176,0.0225854150397525,0.00431255356671603,-0.0122578202669519,0.00384338211577676,-0.0394161374796677,0.00834528941893505,0.00063600758463679,0.00277459331862988
-0.0296842594200383,0.0276513299889586,-0.0163483057473319,0.012480031324508,0.00236171098012369,-0.02166555557481,0.0145980219566881,0.00213262111546324,0.00197021539485138
0.100583948446818,0.025141969862763,0.0256095892661718,0.0301359582394235,0.0153924755102537,0.103785042163227,0.0189885746769395,0.0237013570970273,0.0381137413819766
-0.0546885157503488,0.0129132774391132,-0.0346189694434573,-0.0305653132559716,0.000932921772555605,-0.0375706856531472,-0.009952597404997,0.0121707917025144,0.00286559527876425
-0.0116578187894164,-0.00689674403836938,-0.015339831105329,0.0219862833348779,0.0173480955302834,0.0176394023766568,0.00967771554610579,0.012420208988557,0.0145439974588309
-0.00196282571250805,-0.0195150169997447,0.0125646546781118,0.000349472037613655,-0.00969165644973162,-0.0182201212234305,0.00570404798749279,-0.0279144796697863,-0.0156491979774191
0.0788754819829587,0.0198569912021859,0.0146989500284447,0.0273366861136774,0.0112190034097291,0.0482777697488682,0.024725308129845,0.0218804610023805,0.0367481256768577
0.0298204345017134,0.0162824853193538,-0.000744551704763694,0.0206755226179627,0.00499219142736767,0.00744115189019264,0.00724927182318764,0.00274860984439149,0.0146806355627847
0.00266261538022643,0.0312633104420528,0.0274958103047818,0.00561237306498983,0.0058358174719055,0.0051455316696772,0.000251336269037583,0.00251936736744518,0.0126923284419058
0.0133911955329038,0.00758989800409827,0.00703243383941089,0.0138350475931115,0.00608637465812982,-0.00204730561589459,-0.00146539956618427,-0.0114881271992399,0.0127676634542536
0.0101196271721764,-0.0245655571724185,-0.00502051121793015,0.0266619906931894,-0.000907743279331562,0.0248194948526015,0.00326815340264388,0.00116657221448864,0.0289104399247019
-0.00740234496059731,-0.0169395622910599,-0.0181020176526969,-0.0346525660646391,-0.00332513626395107,-0.0198659252060421,-0.00218677332935275,-0.0141533614567797,-0.00310334130338547
0.00709055046217098,-0.00969643724963532,-0.00665781281486959,0.00983665683348633,0.00507223253232608,0.00211238655400447,-0.00157922055989039,0.000481456526560493,0.0110357972590867
0.0045483289403461,-0.00372492809778398,0.0166577419425859,-0.00699857489183901,0.00573102877736359,0.0242734039871586,-0.00706978686679293,-0.00306278929709533,-7.22831170310492e-06
0.0194241003361193,0.000281904130788535,-0.0116628830471463,0.00840488418833748,0.00332538749124831,-0.0142861019414397,0.00899894994924653,0.0110976786640098,0.000530078605569141
0.0320645924751832,0.0114145028408384,0.0100379001325401,0.0260817336012434,-0.00470079995408166,0.0396744433828051,-0.00122272764217105,0.0116760982414705,-0.00774285015112301
0.0301178388128959,-0.019095677398321,-0.00337048983726989,0.0113341872240189,-0.0151250125931199,0.0405537433401191,-0.0119631902867073,0.001237929116441,-0.0248360168986266
0.0299929295804958,-0.00104602831584913,0.0130361301242149,-0.00495283362843967,0.0108138254489601,-0.000258653123798521,0.0129124491758562,-0.0103620685729746,0.0124565002866339
-0.0421015497400995,-0.0194711689398798,-0.0536963033021477,0.00631213832654684,0.0046262734086599,-0.0115386830082215,0.0206589186966521,0.0228781521326726,0.0249097776013758
-0.057239218501324,-0.0343781965649308,-0.0469488129661306,-0.0305123605972893,-0.00903755769558483,-0.0134018237873716,-0.00786525559006269,-0.0347218983005206,-0.0122040329956893
0.00039307143388456,-0.00158994312304188,0.0154333313604958,-0.00457202202767111,-0.00140057838240076,0.00547640462449495,-0.0107907754500961,0.00157784315361341,-0.000927493047442181
-0.0930516257790699,0.0111436581143412,0.00268703471695612,-0.0546573672184237,-0.00535294658995362,-0.0737731929514293,-0.0164246667827552,-0.0296795180482408,-0.00891551898056984
-0.0215042442951311,0.0134729602764525,-0.00446846335443283,0.0306829467897378,-0.0100493736257943,4.38485576895907e-05,-0.00203883663071474,-0.00482678849132911,-0.00509448043131796
-0.0441170426185787,-0.00152238229617712,-0.0363461143675905,-0.0109789425218607,0.0069516016362975,-0.0339721046064897,0.00399445484267364,-0.00721134118916783,0.00418605882371066
0.0334107895517588,0.0420523837646742,0.0370652980446768,0.0102179548696758,-0.0200079947260877,0.0252027198920614,0.00337161318678095,0.000312579348941019,0.0228454841096196
-0.0468964219035109,0.00202287362812467,-0.0100952956844666,-0.0200422945858302,0.00985912722875839,-0.0393093180755821,-0.00279748352532371,0.0073752041953361,0.00599165903074969
0.0491568217642173,0.0186703516053615,0.0226095109306454,0.0237796097569739,0.0214698636602787,0.0474697007836957,0.0248936816346207,0.0295839938471241,0.033857812012847
0.0818474823967504,0.0117390165088438,0.0153957675245271,0.0200157799755865,0.00935142291213342,0.0735920859086671,0.00978647281143811,0.00792609229651637,0.0181033136256363
-0.0239913744402771,0.00515300315223805,0.00156204819659763,-0.0198417773450584,0.00292217810675171,-0.0480501713534142,-0.00772408068139613,0.00349353977957792,-0.0107272918072646
0.00620396595086799,0.00652242092397097,0.00935095940423625,-0.00670329452948569,-0.003689612547679,0.0023366466795449,-0.00297226288880871,-0.0137994930512271,-0.0042043739607857
0.0178888579570553,-0.00210599363047681,0.00829959488283647,-0.000577083832058851,0.0130348417444918,0.0181784380373958,-2.20991640318325e-05,0.0028124212079299,0.0216708966644485
0.039428067965716,-0.00148909903352114,0.00995765610609784,-0.0180818192125951,0.0191769535242413,0.00428156121541844,0.0193260844417476,0.00488457613686565,0.017176350546144
-0.0540360214681028,-0.0284691694954259,0.0154076681352647,-0.0238500685573842,-0.00353105252096619,-0.0166064301973471,-0.0195121054588395,-0.0361837912608312,-0.0204735195238548
-0.0142646507656003,0.0155012513435561,0.0156180306733408,-0.0118675882732643,0.0140959835480361,-0.0262327524352199,0.0135596804808381,-0.00118916459821126,0.00831581193345016
0.0452231609205826,-0.00166472541337146,0.0006456201281466,0.0210705704228052,0.000206406035386562,0.00712173232648544,0.00485643648980552,-0.00951104126640237,-0.0104522404243132
0.0421198550297417,-0.0330399401845328,-0.0110825108511496,0.0323579111539807,-0.000541293943544939,0.0202884542513899,-0.00727734679551367,-0.00825268090962452,-0.00172934899041689
-0.0616772945288456,-0.0271235495875858,-0.0276134600920138,-0.0140957482266827,0.00775369063628586,-0.0639354436081601,0.00105561080461944,-0.0207339918105464,-0.00554141952388643
-0.056809184394728,-0.00720524800342647,-0.0128840227085558,-0.0321315421446414,0.00443672361858113,-0.0338876682395533,-0.0103331357630004,-0.0158979733353356,-0.0168218600039698
0.00879388015676667,0.0211218579683275,0.00926712062329708,0.0321476799810852,0.0125449876374044,0.0220208469606244,0.0181019121288713,0.00711739120201815,0.0102484517718243
0.0194997601897128,-0.0010150888706645,0.00637744945054213,0.0117838899907259,-0.0117827899468735,0.0059884612166527,-0.00686768130130674,-0.0156756508220969,-0.00848306576414224
0.00337661428280351,0.0368731133036416,0.0218932883283616,0.0339709812564033,0.0187133831873329,0.0154124218584183,0.0229190570619308,0.0374764909708317,0.0134186133937434
-0.0241262819161695,0.0125796472662401,-0.0202914472769108,-0.00220571705432767,-0.000222143346009389,0.000219301098111037,-0.0125466170629629,-0.000144431478210599,-0.007956940767318
-0.0117274448452464,-0.00419944865536218,-0.00731284340005748,0.021624137566187,-0.00501356170477673,0.000661422821744036,0.00256706565494536,-0.0112154378188303,-0.0127667220163324
0.0175054503495871,-0.00305952928108218,0.00533649288339108,0.0318817599742121,0.012978200821224,0.0265086886231796,0.0234359653523687,0.00529633464953352,0.0233663964815188
0.0426997162788845,0.0281298842988336,0.0192887528956828,-0.0127281076081964,-0.0105788356933264,0.0307733048760806,-0.0116419981678991,0.0247317585114703,-0.014269364632821
-0.0354166634596216,-0.008700494803205,-0.00258061413112383,-0.00574653627875892,-0.00763537465906826,-0.0301649374168822,0.0100597403118069,-0.0219653429584352,-0.0231038988591453
-0.058793682108718,-0.043547339236238,-0.0435213581318053,-0.0472914062691685,-0.0153210477330259,-0.02039128109452,-0.0315140105131586,-0.015552444282541,-0.00597864068509413
0.0757825563437246,0.0702235869523654,0.0664226477282594,0.017772697667483,0.0173083542458581,0.0550503297764292,0.00431736513619829,0.00239019499986981,0.0335891005345077
0.0201981586898171,0.0281574346865692,0.0101993959192683,0.00173808397192101,0.00332327581988469,-0.0240025937184894,-0.0163037370744151,0.00956014616572333,0.0117593139666452
0.0185901174326726,0.0216428380834454,-0.0137353872723263,0.0289685743230197,0.0064410935023769,-0.00791817585793619,0.0203133769643014,0.0121431585475585,0.0208476611326081
0.0189362249048599,0.00543108505065474,-0.00887164209119803,0.0165024013680246,-0.00207796672853844,0.0224821907230457,-0.00318817880976064,-0.00839975072334604,-0.0201723024627735
-0.0415018872404241,-0.00322783861830321,-0.0307393046114194,-0.0236600909531078,-0.000199014936816549,0.0181560457431244,-0.00812619975278344,-0.0301720980985029,-0.00715407771819952
0.0065894040498396,0.0172569458080327,0.016429172041099,-0.00415182389706596,0.0191655713686956,0.0049538308319142,-0.00848596153683757,0.0311864371386589,0.0257830503285921
-0.017916819678313,-0.042476880927796,-0.0270952120156203,0.00262388931846174,0.00446392378038792,-0.0299794955588603,-0.00460952295145702,-0.0121817084640768,-0.0106641699834263
0.0276094702308825,-0.0144158359573133,-0.0156975409243868,0.0129294767689094,0.00084848721873385,-0.0276795870110667,0.00617157917831297,0.0187096574437572,-0.00224748573144221
-0.0134570324446218,0.000207459448463552,-0.0371607716982161,-0.0114060468169695,-0.00738615998516128,-0.00266886122418295,-0.00114159942674144,0.00717779986713674,0.00581732071595913
-0.0170865391136969,0.01352107839541,-0.019400730592834,0.0406750952619488,0.00160658920142859,-0.0208739372160148,0.0131575873305578,0.00788569429693192,0.00838994361066012
0.00527826032719702,-0.00828450122380234,-0.00658917537983043,0.0324829003514437,0.00171694974367404,-0.00792656771948318,0.00187774936806325,0.00950574787187219,0.00185946949984337
-0.0590604221760463,-0.031419753275292,-0.00962845902270653,-0.00824191838181538,0.00963989741137545,-0.0254436140487579,-0.00602122502369959,-0.00994173248480268,0.0194948694166905
-0.0291138754880828,0.0173936126717611,0.0105506345243834,-4.29205031049751e-05,-0.00411815229501887,0.00585795328789969,-0.00195541432569584,-0.000125360021557832,-0.0105081846599515
-0.0052813288713303,0.0189288096032686,-0.00543360267793187,0.00344827295288227,-0.00740603872853487,-0.0340782559171923,-0.000808280547620231,0.000175695373007366,0.00773721172866194
-0.0303950458405328,-0.00229238875227368,0.034397435588728,0.0349806600385052,0.000764056300256171,0.00125442104148496,0.0272073459481784,0.0110675047624635,-0.00084777452708121
0.0363413889862429,0.0214049579479946,-0.00427754123574365,0.0118746931400465,0.0120105294167936,-0.00342983082837082,0.0267569942366841,0.0226385835659714,0.024492506749015
0.0357829496715678,0.0108252979939969,0.0235147055872467,0.0508827495739126,0.0158679325063992,0.0501533039579556,-0.00216787014488827,0.024084224000144,0.028221308740923
0.0791798765667284,0.0266251495963847,0.026403755604201,0.0146741350537645,0.00557650679579361,0.0751621226284402,0.00640914275705938,-0.00571214677203752,0.0128151072070342
-0.086960183892766,-0.0405124136985318,-0.0306384035256262,-0.0511297837483554,-0.00754502565402527,-0.0856645157954273,-0.0319652682919787,-0.0192380668583779,-0.018740460513399
-0.000922460518026276,-0.00167111944729612,-0.00758745631130425,-0.0214471211231596,-0.0143190381813111,-0.021201331519209,0.00838989049315828,0.00429234637760305,-0.0109224336791324
0.0101932681796955,-0.0106978713712689,0.00131708477978918,-0.0345509007006906,0.00203987700050627,-0.0056944499476185,-0.0180862946416329,-0.0239506059361404,-0.00700866529152474
-0.0063777731136878,-0.0093215702346133,-0.040634419884646,-0.00323265981087453,-0.00477855911705534,-0.00800118272204352,-0.0401506919281562,0.00166579422120124,0.00201943655063512
-0.0123809375886029,0.00707269524147841,0.00939073151891734,0.0151698999291299,0.00621594797058495,-0.0268966884342438,-0.00391416352792251,0.0195896384434501,0.013709931082577
-0.00757766110920071,0.0172493611207982,0.0210614545886074,-0.00583168275660541,0.0019724872235307,0.00700499317124596,0.0110583421737576,-0.00268711655495377,0.0125459824987053
-0.0322065332292169,0.00585594863999555,-0.014986514650819,-0.000438748229209688,-0.00211175157030868,-0.0206230413980735,-0.0257101366372575,-0.00323049213082098,0.00584979184792541
0.0662221336131565,-0.0047807909697501,0.0131757192085319,0.0122002128884297,0.00954320497777027,-0.0125114009242482,0.0146827884966836,0.00803428073981112,0.0169161903161337
0.081313864775622,0.0515453327934301,0.0438014283914063,0.0668161998747132,0.00668283017531851,0.0682840542106271,0.0113484996968555,0.021227562512749,0.00653986370040177
0.00507065698063077,0.00168971381896879,-0.0116222882876853,0.0131901172308443,0.00468925796537733,0.0143053834680563,-0.0141333248371926,0.00506200647400505,0.000716399119671337
0.0581835249066089,0.0237025701735864,0.0227912184381532,0.0353609286057856,-0.0011652468812598,0.0271863013360084,-0.00092323569329637,0.0314957497518166,0.00542905293977584
-0.0330749713844086,-0.0171329287412698,-0.00291637312193885,-0.0095759410942589,0.00460738370830694,0.0705806059476467,-0.0110292462717167,-0.0155254882583623,-0.0228793555936235
-0.00599576142467233,0.0192552674805638,-0.00263892487477286,0.0124866217050607,-0.00175715396540307,-0.0154104733275887,0.0149061837015273,0.000130731617611758,0.0246161685449727
0.00686279295368948,-0.0073499971745697,-0.0198246167352821,0.0254277610254897,0.00784249038296773,0.00861990125473731,0.0384550189906932,-0.00485160118624021,0.0233569710018471
-0.0315169632276581,-0.00162117021240551,-0.027775314917379,-0.0366073613204062,-0.00149447823130642,-0.0175492503066426,0.00427810111193721,-0.0128046270462506,-0.00967116927094625
-0.0462529683184687,-0.00269665975394651,-0.0137120583866413,-0.0210916874911127,-0.00979040713511123,-0.0451859936372223,-0.0100948214380993,-0.00975364556708693,-0.0111243180594037
-0.00398230685849436,-0.0120288971492816,-0.0227793891388823,0.00400231424331687,-0.0030160679252731,-0.0570191700702255,-0.0127781792852753,-0.0179217151264108,-0.0143227393843643
-0.0148568005953872,0.000353420080007517,-0.0103009460823951,0.0209655071441893,-0.00236686681774589,0.0228950320705214,0.00436950492315956,0.0246625636127538,-0.00539509198414741
0.0480699881787037,0.0118984333733692,0.0193720752691671,0.0162940074242775,-0.00179930598263558,0.00874413708381613,0.0120735917176135,0.0372412728405739,0.0115451160570369
0.0449857573161795,0.0343980829353654,0.0258411385069261,0.0497421578274761,0.0232340505230351,0.0542944237094952,0.0115424297300344,0.0156229068111847,0.0408836542904926
0.0679085262185519,0.0422427073071243,0.0340688580114896,0.00718220837599474,0.00994643762458276,0.036869759961272,0.013682496135884,0.0182265415527022,0.0182691946203029
-0.00308650308860707,-0.00501059694822998,-0.00389668015385081,0.0102998039333401,-0.00959742296155807,-0.00217356403520184,0.00660923018517643,0.00812978644802217,-0.00611224311566339
-0.010787996714033,-0.020472131069501,0.00564549343056984,-0.0239358604504652,0.00365154174456184,-0.0145117264005193,-0.00611816229898549,-0.022492906694357,-0.0030323062864586
0.00952866652960439,0.0463706024597122,0.0362092342597776,0.0184015060073472,-0.01116371531323,0.00307999143742236,0.00934609006535139,0.0327588995744916,-0.0163597679391543
-0.114653318085267,-0.0223922868640168,-0.0405453938011471,-0.0633651497579492,0.000603174787380105,-0.0770580429181827,-0.0123570249251923,-0.00403499773862518,-0.00979745324121178
-0.0281717828440447,-0.0109011044073814,-0.00145112895660629,-0.000838436114289603,-0.0110636946264666,-0.0160416522968007,0.0102159259034369,-0.00804867755085658,-0.00394913079865264
0.00872272364991025,0.00879631417313052,-0.0131615091002258,0.0163029939656782,2.40849258477074e-06,0.00664165366325796,-0.00530501162414835,0.0256949889753666,-0.000454298947796263
0.0499886769567931,0.0221480479747539,0.000372700052932036,-0.0145351033631672,0.00513214241091798,0.0367712574043178,-0.00641385315127201,0.00413898550623937,0.000751820929036911
-0.0606993137277961,-0.0250755128505053,-0.0263196161850436,-0.0325364106098531,0.00795808708728116,-0.0328026500225009,0.00257529444363951,-0.0185355230065149,-0.00413373225802515
-0.047070364833472,-0.0144101597777044,-0.0309059974933184,-0.0318933509459864,-0.00192859255483209,-0.0414949635199451,-0.0146662257708312,0.00824608115183177,-0.00241433055652242
-0.00146519054826931,0.00354834379308483,0.00232270959479499,-0.0176613279154848,-0.000951757426784026,-0.0212845084775836,4.7156092753026e-05,0.0176467339091815,-0.00490683062846982
0.0222138002774814,-0.00161125129239882,-0.00420119562645821,-0.00474938140066377,0.005538205460867,0.0329498879074366,-0.0062808052707988,-0.0189458511900333,0.0158886548505687
0.0381622687207003,0.00912332076781337,0.0384262306027564,0.0269014495709404,0.0107614749756085,0.0537861532167994,-0.0106858680227978,0.00220041819097317,0.0244275457060044
-0.0419168016436405,-0.0192525685520778,-0.0356444912066498,-0.0109530509719583,0.00363290614009578,0.000280047210808914,0.00464145707026488,-0.0126427764962023,-0.0161918988521616
-0.0660146059537744,-0.022548792722628,-0.0119794009326735,-0.0142897249639912,-0.00764272183924832,-0.0443977846625579,-0.00741122409463165,-0.0130268834604961,-0.0394302709034618
-0.0149567566298002,-0.00300058491596709,0.00112230934327572,0.00754012634482319,-0.00166317240722623,-0.000567748821161981,0.00861517180062522,0.0128797740832913,0.0220076816688592
-0.0374574922955947,-0.00377642269215283,-0.0247981120610889,-0.0202933350481821,-0.00426414098713842,-0.039240811759318,-0.0125136462854816,-0.00877766630703963,-0.0150162082141303
-0.0282088705661039,-0.0595649931561622,-0.0146864473320894,0.0303472493541894,-0.00358945434872141,-0.0117051012075958,-0.00699497731781855,0.00132631723070041,0.00798239031631159
0.0330260914435759,0.000388093808633539,0.00436423991877833,-0.00980895277365791,-0.00423444953202531,-0.00323877620276437,-0.0171912318559551,-0.00638449310476303,0.00281406774687943
0.0226179920187784,0.00732337475743403,0.00102018746332434,0.0489212498804844,0.00227210471963433,0.0191666583311413,0.0341462180737444,0.0102504657077018,0.0524026408839406
-0.0187007779731894,-0.0301071923258991,-0.0358548392467336,0.00868811037950575,0.00280494157465433,0.00598725429052444,0.0179663064131338,-0.00702517945748091,-0.00204811801366942
-0.104815492426204,-0.0505647935035757,-0.01493456293399,0.00135532059509652,-0.00536569980150084,-0.0716965774166427,-0.00775701606410994,-0.00099185456427564,-0.01107986504825
0.0266657568983884,0.026182725390587,0.0285293507898734,0.0345795520217607,0.0226696977551783,0.00223929820386166,0.0174449425647139,0.016342460424865,0.0300961439318223
0.0435920131443734,0.00642374954725217,0.00354864187617305,0.0213553024267455,-0.00726034879358639,0.0210433546115841,-0.00883253278391165,0.0133244680230558,-0.00703837364101718
-0.0562215596281126,-0.0167166124962543,-0.0221732378571312,-0.0291608900992342,-0.0166385205454742,-0.0287804954897579,-0.004204857626515,-0.00789655763340349,-0.0134581622461092
-0.0376236823478779,-0.0107281341753599,-0.00619493795977792,-0.0226297050250356,-0.0173655109968644,-0.00065685698336647,-0.0104123154680923,-0.00919021229167574,-0.00769254926065999
0.00272759489627705,0.0216551838762867,0.000562220702543911,-0.00317218839202232,-0.00427701820728536,0.00961297468353112,-0.0023704439209637,0.0108115804396498,0.00497378985383163
0.0692725928580692,0.0325076976390533,-0.0011037156802778,0.0237111771192452,0.00264745460947431,0.0353604546823049,0.00489233394698851,0.0124333162045657,0.022839872149174
0.0264584193294314,0.0407963099600716,0.0354198330741506,0.0384237711071062,-0.00202310195103877,0.0291041566580946,0.00961799314582006,0.0213838003791061,-0.002487608783668
-0.0030056206450734,-0.0243317969807335,-0.0102617174364592,-0.0383203715585621,-0.0102946116113706,-0.0338109548706425,-0.000316028464246341,-0.0147207384964276,-0.0101590123523303
0.0422328788916271,0.0432264752397929,0.0401259597017907,0.0525277749809636,0.0135824584877135,0.00917313012820447,0.0249929530839598,0.0264018548962458,0.0283103789360577
0.0174083075283108,0.00691551141895579,-0.0058680973925485,-0.0265998350340887,-0.00600743098759744,0.00481978746954347,-0.00637644661313362,-0.00594659383905819,-0.0135162797402573
0.00218126219055956,-0.0114122961475048,-0.0256148235951069,0.0146679036431849,0.00730859658726766,0.00274987145659767,0.000458977104414718,0.00356604804745089,-0.00293527410677726
0.049040131359944,0.0200802171030453,0.027033280005693,0.0361456912186877,0.00909817477830862,0.0381713596465084,0.00237670229992453,0.00856690322465869,0.012032177023453
-0.018472777043096,-0.0138062173252571,-0.0121610757849554,0.0374929272182874,0.00255753720196143,0.013195659743201,0.012371140712032,0.0104018162426743,-0.000196390850680401
0.0108014031391022,-0.00981758466991793,-0.014617235047646,-0.0162668914535482,-0.00130384179901843,-0.0232403422001527,0.00794095042167002,0.0157892935359275,0.00731409235822031
0.0124623586940639,0.0333428095927919,0.0228792363276915,0.0586169765887989,0.0217970670977794,0.0491327069446524,0.0135877270221996,0.0360344444117035,0.0245537960999507
0.0310422590871138,0.00907377060960474,-0.0173529903485876,-0.00537883417911542,0.000144345326886316,-0.0108166905795397,-0.0070921546200608,0.00348114997445661,0.0056435052099219
0.0121743324014243,0.0404916251124511,0.00833992538403331,0.0309405354877475,-0.00486422681605483,0.0096549144465101,-0.00287785624260011,0.0217104257265302,-0.00842283037599599
-0.0125685536981836,-0.00735320316954898,-0.0101376598459888,0.00252632195577717,0.000979622313987289,-0.0197266460828479,0.0111002024350226,0.0115896703379234,-0.0127551465549974
-0.0282943988980208,-0.0156070126272094,-0.0107575819845648,-0.0159369336913966,-0.00216741041055269,-0.059558288404914,-0.00763980631187316,-0.0211972669115345,0.000758647596689173
0.0738329250984667,0.00158432605562817,0.0101200540019146,0.0559874322165742,0.0133711439507441,0.0507711947176082,0.00704174736610877,0.0377886738550412,0.00960115304998844
0.0771867292902358,0.0327863274687256,0.0430542048034238,0.0239536552545555,-0.00270129892418543,0.0335569730324652,-0.00311415819747934,-0.00280312858945029,0.00417326846384449
0.0178748820824545,0.0261234685345653,-0.00169926552587978,0.014887189239056,0.00228997347153535,-0.0312544084470029,-0.0183452896381072,-0.00752972563190282,-0.0146957010309658
-0.017212661765524,0.0149559757168494,0.00208382810354863,-0.0129033014426323,0.000373628075328881,-0.0309335892837172,-0.00402774608222908,-0.00514119317663789,-0.00149196346348737
-0.0940392089003846,-0.0623529744884154,-0.0559092354079501,-0.0821408830860266,-0.0116069863582736,-0.0851153457987193,-0.0254332517089385,-0.0279519666755661,-0.0352384344315566
-0.0885790642485138,0.0182104258338385,-0.0229459100438006,-0.0476909386332094,-0.0123662660154719,-0.0460957814942647,-0.0125236012338473,-0.0282482185086959,-0.0109293346490576
-0.0252530960685513,-0.0256539740925592,-0.0241607978246186,-0.0145501934470501,-0.00397112497730438,-0.0309047884416689,-0.00705470797620093,-0.0145153561829034,-0.0272794095147135
-0.06425568964522,-0.0288324415118319,-0.0342531897889189,-0.0367498039269451,0.0103691032672432,-0.0273945060690109,-0.00397076124440067,-0.0431652255465445,-0.00183427244724334
0.0254458470387546,0.00103521411619296,-0.0082393405704017,0.00860860104283332,0.0112242161625539,0.00842086361582904,0.00762307483825232,0.00827966156590962,0.0209569347071485
0.0153601630189339,0.0246199392513195,0.00733534245630228,0.00427472965741093,0.00146374680986577,-0.00528872472310648,-0.0015137838921888,-0.00203024985841912,0.00917250413150783
0.0134516781890158,0.0179962717635849,-0.00771302893859138,-0.0242300289762158,-0.00479362796105365,-0.0111435721517472,-0.00906343321816094,0.00268126067111898,0.0111764785192615
-0.0118146495804292,0.013865088192806,-0.0019571718605326,0.0143674218880443,0.0080936994268711,0.0146474736647645,0.0014466205935392,0.0236354212568968,0.00307811697715234
0.0484246406064684,0.00855617729973152,0.00434491062980266,0.0206165734279756,0.000423827805797581,0.0256066572962664,-0.000979716482905785,0.0159519921643501,0.0106308635787151
0.0644617087836657,0.0157034015646621,0.012398480392097,0.0339898597681262,-0.00145797081924912,0.0326746061127178,0.00600862624820166,0.00937168380515146,0.0170334811630906
-0.112887509148688,0.0166772222869312,-0.0432647992485566,-0.0332809606759067,0.00600764727633842,-0.0612739818293578,-0.0111648402451807,0.0062620761437996,0.0136633754390435
0.0256026566478027,0.0394962203646692,0.0311879906278185,-0.00390284084151926,-0.012678951245416,-0.000665416210008094,-0.00723875911098905,0.0132640286241919,-0.00753735477196891
-0.017563157788118,-0.00816698338444826,-0.0395338249897894,-0.0398849155361824,0.00490782537506498,-0.000282183869455348,0.00737756061529091,-0.0269580099248622,0.0120502579880127
-0.0687022793791444,-0.0189287767832787,-0.00224702430472279,-0.0324094718377326,-0.00344836954153135,-0.0139756154859331,0.00869299804861008,-0.0274255020298346,-0.0402894580088657
0.0310149993775363,0.00430718049526782,-0.000881748687130591,-0.00803189532393554,0.00748863874611539,-0.0196323595481144,0.00819189841004066,0.00607199363988301,0.0183334355105219
-0.0643443985852474,-0.0270732597930005,-0.0250724723542846,-0.0487957304257558,-0.0114653718451632,-0.0340424497529074,-0.0114469852843577,-0.0375092687306169,-0.0190074389710233
-0.028919405893739,-0.0635858858262516,-0.0406860901963008,0.0012457222524609,-0.014095621398856,-0.0421113161187542,-0.0120554879650555,-0.0255221294430138,-0.0397049100669681
0.035243298713541,0.00190133395337534,0.00343374885143655,0.0214497079197019,-0.00323239033744681,0.0233297715480333,-0.00065092898771991,-0.0152633569234406,-0.00852175611546296
0.0301213850604173,-0.0198769794089278,-0.0148384140286384,0.0249461732534028,0.00686139993569671,0.0198666818833152,-0.00898934245021887,0.0138130757937141,0.0160160336186527
-0.0245911699446902,-0.00719923604492896,-0.020340268903678,-0.0195103141172225,0.0104521834375692,-0.00467092362701906,-0.023764675237991,-0.00386002759534164,0.0178275957658101
0.0114919651491271,0.0170709766797158,0.00511196348547877,0.0287616982180609,0.0142381253307259,-0.0271046489581406,0.0102811592631856,0.0188890252645419,0.0141733992246968
-0.0525135660396135,0.00826371017441291,-0.014875046716434,0.000677524409876359,-0.00478453242482904,-0.00829200142143414,-0.00729008314690948,-0.0252019084061304,-0.0174211130524052
-0.0262129465603366,0.00395548183219424,-0.028664764991584,-0.00801286622341297,-0.0163928724138883,-0.0125409191565816,-0.00838195320193278,-0.00515845407237688,0.0015430969657227
-0.0379300190638133,-0.0158674150581704,-0.00265635251116719,-0.0162789983165997,-0.00355503939372115,-0.0254573288236122,-0.00910700287426434,-0.0242468661894371,-0.00991803834767969
0.021420138716174,0.0284176010956973,0.0133373674204872,0.0126437118549876,-0.00746498687422287,0.03640247490181,0.0063406293072461,-0.00441487426100386,-0.00782098801709862
0.019688069487196,0.0226441237072766,-0.0125398687300867,0.00255997383734247,0.0108954385027067,0.00963550761503624,0.0129604750893054,0.00246998500303798,0.00152038436646257
0.0156995535745592,-0.0130670586852389,-0.0126730670501983,0.00476956813768637,0.00641266702020241,0.0032537392692961,0.0106000729752176,0.00415355411285321,0.0140443847886354
0.0335563666349584,0.036357683026843,0.032135029295624,0.0160278973201205,-0.00827984851408951,-0.00676493841846077,-0.00227642332231225,-0.000202655830471432,-0.00457550187231875
-0.0673548930602491,-0.0282674385634739,-0.0494221665523969,-0.0430993210480659,-0.024695852603174,-0.0780977928449199,-0.000175702062523874,-0.0140920681255522,-0.0239431355496397
0.0413408945249199,-0.00912207408204523,0.0126981971295409,0.00406417218590396,-0.0120704049982621,0.0491050485040829,-0.0107160153488944,-0.00977996075991995,-0.0106415792537509
-0.0440418708201911,0.00975344938046159,-0.0121586575813913,0.000421229896849293,0.000714292213491539,-0.0229401216362712,-0.000658125034598382,-0.0132797696850072,0.00306734020398827
0.0134507960248716,-0.00221251242548762,0.0137903019874265,0.00731591886912884,0.00391357185951713,-0.0566297782773108,0.0128651862793522,-0.00167975014175242,-0.0154101253067749
0.0511865957696813,0.00453057425750348,0.0163079500046693,0.0017843365413108,-0.0150431246155274,0.0167930730871311,-0.0186972557632959,0.00744654735872111,0.00600894683626675
-0.0934751339164699,-0.0186297822257754,-0.0431223690098237,-0.0527539742794704,-0.00943037338540157,-0.0534829701485717,-0.024730745124899,-0.0184000267599994,-0.0329399982324432
-0.00671261154060233,-0.0098062840716334,0.00985502268790029,-0.0249786441721328,-0.00950247261843249,-0.0155440991223919,-0.00859562860003094,-0.035969028576437,-0.00315987974797745
-0.0462430990981678,-0.0323639339964529,-0.0191549233367854,-0.0288228377381987,-0.00702665129995359,-0.0451158616277081,-0.0116718627492282,-0.00873677662172497,-0.0136615885566845
-0.00304040189073153,0.00168047718657037,-0.00344655960780965,-0.000426438396149273,-0.00653614175085473,0.0245125478294535,-0.0011676046817257,0.00292112813555101,-0.00841991139044224
0.0121522273871223,-0.0154965502228374,-0.0149825119759581,0.0262353560346436,0.0128123915233844,0.00701617036170552,0.00924607349883725,0.0161466205124827,0.0188504180634872
0.0244191889866118,0.0138818953297767,-0.0179423829944372,-0.0067217622302877,-0.00646224620112768,0.0100283886153571,0.0101074760258174,-0.0127911358646699,0.0134169764087416
0.0173172377446223,-0.00602054689734911,-0.0223615940713104,0.0098481979780397,0.00343043330799005,0.000854424576158668,0.00251360452744264,0.0144244066397203,0.00874148767024756
0.00990163406254404,-0.0169385473426553,-0.00467445761548279,-0.0197545484108958,-0.00569924703329332,-0.00148543388822109,-0.0291951322344602,-0.0333463394905588,-0.0177346421872463
-0.0808630803781099,-0.0265192331238309,-0.0518039908066383,-0.0272223072723545,-0.00215631840181912,-0.0505830468411605,-0.0161576080947189,-0.0180892036529369,-0.0112718208589609
0.0417824696169644,0.00188001667936815,0.00676794812048816,0.0194241846183537,-0.00628781111080651,0.0442476612557971,0.00728930623917841,0.0158251038966577,-0.00763953264964078
-0.0214656446977795,-0.0230875233857102,-0.0172701800180113,-0.00131794312794198,-0.00334220617727134,-0.0122236503235545,0.0128122530002406,0.00509040959795665,0.0074092503449807
-0.0394563353379496,-0.0139158034868591,-0.0322490274255677,0.0513463223508538,0.00152522748783141,-0.00884747893173215,0.0100713038196383,0.0149493525705295,0.00991510561707704
-0.0441252499056146,0.00583226406775032,-0.0165205209942057,0.00543596884761864,-0.0126659793242478,-0.0425998820666491,-0.0112834560726714,-0.00544383988265596,-0.00884114674907347
0.0116301615828087,0.00277919102708666,-0.00239441639128211,0.0117722575519682,0.0094644013148329,0.00400492882261224,0.020650869068343,0.000907186457711894,0.000352908359625365
-0.0167919180785802,-0.0163521853577021,-0.0311335264393722,-0.00423775038633574,-0.00509839320902588,-0.0378072341873455,-0.0106848353803236,0.00816750339342253,-0.0206071850183899
-0.10632034784092,-0.00389027898873776,-0.0173163772800394,-0.0336870380335091,-0.00187521628345574,-0.0609879300182962,-0.00686058461536278,-0.0293155313640317,-0.00213275225438256
-0.0198817826021575,0.0322885719516314,-0.00165911253812495,0.00438444135436848,0.0140752556891954,0.00243856920808852,0.00186409651145585,0.00582470882980346,0.0316926877385221
-0.00109767315482082,0.00482585801686313,0.00833542382731267,0.0010114144949081,0.00240358510966817,-0.0115290050842669,-0.000527151974026353,0.0197915767564859,-0.00559915462544731
0.00980209908457935,-0.0160058861590723,-0.0136178150613102,-0.00304524852223474,-0.0129445533248175,0.00672652821358718,-0.00127073641552728,-0.00418281879767655,-0.0239570229640942
-0.072721274347073,0.0188732757430774,-0.0598389035912572,-0.014623052233922,-0.00557436639354554,-0.0534485348405282,-0.0223351091204603,-0.0327670061440955,-0.0244316358168017
-0.0243912742746423,-0.0209587124282066,-0.00715327553948458,0.00910886972473152,-0.00389655087640749,0.0260783163359297,0.00774177268674598,-0.00285383468789538,-0.012583358458015
-0.0444685869923645,-0.0150475074385609,-0.035498355361236,0.000397766497017834,0.00898826022168735,0.000228229400551239,0.00512772849072186,-0.0019708250787684,0.0036230087744166
-0.00687739872114008,0.0146132914473799,-0.00398234534037124,0.00785525432754814,0.00582643732543068,-0.0349516573171832,-0.000250427349011204,-0.00881399304033225,0.00127652675042304
-0.0118304902122993,-0.0227423238802232,0.0110498253167803,-0.00756423156943099,-0.00681792728428769,-0.00950520708367022,0.00195278451996533,-0.014857162381195,-0.0110519917000792
-0.0131833600800888,0.00583451737723256,-0.0172664249684928,-0.0150979351677437,0.00140942891375735,-0.0546641674674616,0.00912851500135207,0.0171215218050036,0.00926525985805706
-0.0581262352852027,0.00552523288529089,-0.0226414785578221,-0.0242258704365596,-0.00817872835352777,-0.0543873445792259,-0.00464194524283708,0.00129753748737104,-0.00400372019304923
0.0136873922701872,0.031435567896449,-0.0191951345219558,-0.0110017623066993,0.000918045291179752,-0.0156674347404703,-0.0101631841840096,-0.0125513839291627,-0.00220527232850144
-0.0566785452041842,-0.0199496823004926,-0.0253923538609638,-0.0279366985760886,-0.00503992570357806,-0.0466615372553656,-0.00305486358613662,0.00856467365225192,-0.00608528549649655
-0.00401874043953423,0.0140673304558507,0.0152799955349103,0.0261241220830422,0.00998492960870313,0.00739612049696083,0.00558582018480566,0.0205778192445134,0.00594335780148464
0.0113495630239931,-0.026327793530147,0.00665686756804481,0.00725072190560923,-3.33530714512462e-05,0.0188682234511389,0.0206578243596044,0.00752495782183339,0.00328899161125172
-0.0550351903081874,-0.0296571156878898,-0.0361551461706685,0.0142921281819174,-0.00456651764216178,-0.0638821435534553,-0.0055586562696496,-0.0080348534953357,-0.00146196135678686
-0.000497653470310763,0.00614973145004591,-0.0185659812874793,-0.0244449350038807,-0.00294579063764062,0.00984157348311132,-0.000935574151409072,-0.00318159483897324,0.00117754899310246
-0.0631619835288178,-0.0394945440600902,-0.0443123370516659,-0.0244899050349137,-0.00581037712759872,-0.0433884588085836,-0.0301829573614929,-0.0408210522453346,-0.0120016140859592
-0.00646114361469346,-0.0391742218520795,-0.00701925107561296,-0.000737631108118075,0.00374913362775455,-0.0164163867191086,0.00832938941309798,0.0110719950650063,-0.000931384507618092
-0.0102667818170757,-0.039237716075987,-0.0436400198292727,0.0202537932907086,-0.00411341541148921,0.00197816072354514,-0.00595072029716941,0.0181166853678888,-0.0217468272601556
-0.0413606309627198,-0.0499460694278857,-0.0361206538254304,-0.0362822253813956,-0.000147192268214405,-0.00110671504688007,-0.00305281178234952,-0.00487092659484481,0.00183865429912411
-0.00482872151758867,0.0212773931864734,0.0309158771192511,0.0122104823014396,0.00116839521887186,-0.0066962480041399,0.0135032543489714,-0.0117188774239007,-0.00829723667504279
0.0224280371851477,0.0315504314503721,0.0153398160135092,0.0214597626609041,0.00690991591823352,0.0134098345282094,0.0266850953037718,0.030362309487344,0.0274955112719457
0.000646723169236968,0.00271572581893091,0.0081800350888372,0.038712329803367,0.0101713213051713,0.0115690635742054,0.0243778274067478,0.00737524115539626,0.0305392070443708
-0.059305050116629,-0.0128598482477796,-0.00487233420206535,0.00773445061383776,-0.00612664343960947,0.0065824246701656,-0.000328625862236232,0.00834738798943386,-0.0144877297112739
-0.0232421528174599,-0.00079325366461493,-0.00632039892020847,-0.0274652943849216,-0.00519097111890755,-0.0141999450280508,-0.000569229791504827,-0.0255441096740141,-0.000982219161036099
0.0144779942591562,0.0128545747834563,-0.00887726936473458,0.00877349030579577,0.00959637455912894,0.024282753465413,0.0126638603672957,0.0174911923572277,0.00858340424157677
0.00192149815822657,0.00853934381667738,0.00217064824683899,0.00261590426213604,-0.000829421695887188,-0.0119491179896512,0.00681667373321847,0.00959940735033489,-0.00238634249399609
-0.032494232155085,-0.0141812939032273,-0.0113239598109561,-0.0164027797155419,-0.00696133984851694,-0.0311918894434708,0.000597456090157671,0.00274168030192236,-0.00742051757020177
-0.02713859476261,-0.0165793829425639,-0.0407498529291627,-0.0157337556354861,-0.00969646559580217,0.0109758523597853,-0.00247754115780789,-0.0151667437491616,-0.0036359523021415
0.0409308046529607,0.0311448577273739,0.0328217364044424,0.0367734496476413,-0.000424125189179515,0.0239045455966373,0.00434365964953854,0.028337400514324,0.00138128625447828
0.0696697856774104,0.0102815360270399,-0.00377868245318762,0.00630317042656878,0.0141558505076057,0.0541806311935295,0.0181893001125272,0.033477854116184,0.0282409065730577
0.0204996392653198,0.00831817457980868,-0.000940857122779352,0.0304861984770343,0.0055506577099494,0.00769282201713391,0.00501547113728876,0.000621701972548779,0.00127912969877757
-0.0301277071377614,-0.0242227391153284,0.023356414188109,-0.0364875014474767,-0.00376742538914685,-0.0261488127065221,-0.00585904047459652,-0.026641607884275,-0.0278365032502772
0.0103988091157033,-0.00801869733840885,-0.0121717375304954,0.0247539548002011,-0.00520923302603575,-0.0209581430225196,0.00401944956830099,0.00609100193457585,-0.000987665904756486
-0.00227923293925208,-0.0371468320733598,-0.0342665814358371,-0.0131741922720354,-0.00550542225571134,-0.0654427912170671,-0.00498536454280708,-0.00770868149943018,-0.00644429043379626
0.0203560997347454,0.0141831508727132,0.0293985814489335,-0.0060249101766768,0.00273097581110466,0.0100889773956808,0.0103101606929621,0.0181325733735976,0.00365897999851644
0.00848691457062819,-0.0165826047908627,-0.0122184195781359,0.000455999764196782,-0.0134208584278963,-0.0146126776151115,-0.00500942713864816,-0.00510203475647191,-0.0148118653909421
0.022017609817686,0.0379007514340547,0.0104424570790686,0.00478598662654444,0.00391824787111059,-0.0228763479430222,0.00783646138089655,0.00675128035911706,-0.00310730528041139
-0.0213469251614792,-0.0130638002110006,0.00643247844456796,0.00596260328811537,0.00648472969273235,0.000960199018969376,0.0339719025301434,-0.00318688792250873,-0.00161338626016886
0.00325607807383553,-0.0245485313681367,-0.0225290741252129,0.0127402755684373,0.00380646260296611,0.0562800181445401,-0.00427041149195932,-0.0168982028496306,-0.0225482009345417
0.0315529135100847,0.0352265475376446,0.034918049100456,0.0322687920484777,0.00492565048595562,0.0126059792624111,0.0109631673565661,0.0219536257349157,0.0202760104083762
-0.0474269398296204,-0.0160293258294328,0.00377319467817619,-0.0119384192257417,-0.00447605216283605,-0.0151742985645702,-0.00618554110667746,-0.0226771764519185,-0.02482675994662
0.0556924045908473,0.012368725103748,0.0187184192816353,0.0160565088498961,-0.00194684371415175,0.0117203189530505,-0.00797013568042659,0.0098483472322627,0.000949952609387784
0.0496647543838067,-0.00131807024714021,0.00327606171621003,0.0411344902435332,0.00159838038182125,0.0179558357762012,-0.0151339549776667,0.0292682422812358,-0.00625995140578836
-0.00163469048522848,0.0146823750728166,0.0115638070167894,0.0253506020394415,0.0104113523714089,0.0102127285309349,0.00785967473299976,0.0320883645587649,0.0079434203696916
-0.0190599650743917,-0.000217324804005279,-0.00738764783560539,-0.0107674033163035,0.00131446160071877,-0.000749935755052699,-0.00747958341972104,-0.0118310038569813,-0.00988767751081117
0.0236585181955998,0.0114031204972928,0.0109425855589135,0.0176930002077236,-0.00754254727914115,0.0359619545925409,0.0105995360871093,0.0189084914082394,0.00986066283626323
-0.0320201935536841,-0.0103465563886715,-0.0283429425548236,-0.0386945381832202,0.0213967224390866,-0.0525439528148755,0.00606507478696483,0.00256425760598471,-0.000864108351507805
-0.0282726796934687,-0.0149785109201712,-0.0223338408665518,0.0199335075042989,-0.0143855036628152,-0.0301816510386954,-0.00532385171907618,-0.0153524607631203,-0.0208924392383711
-0.016186613965525,0.00914196329797511,0.0173873378704613,-0.00168471746992858,0.00129362386188997,-0.0253006253879309,1.08263913132435e-05,-0.000557236982767081,-0.00420937567747293
-0.0392281788595127,-0.0176254742727911,0.0193230488595741,0.028253137935331,0.0067769808920762,-0.0302708985819461,0.000474626300057105,0.0334407265620674,0.0145025373585631
0.0157038141454015,-0.0173769773352964,-0.0147678349239817,0.00352476765520461,-0.00399812752766646,-0.0165879022809152,0.00506783734135616,-0.00641208655989543,-0.00707218642986275
-0.0153398015700023,0.00481693558789551,-0.00325139657131038,0.0110729352268311,-0.00119989960331915,-0.02513186936361,0.00459643645646609,0.00529619186094415,0.00583996321661524
0.0566050415001253,0.0442635407583425,0.0330257850756932,0.0214171659664003,0.0155754949702951,0.0279260000366144,0.013905587021338,0.0028256763295583,0.0326412758690809
0.0407575977329338,0.0185520712249127,0.0218344579866711,0.0213003620904123,0.00739762641199265,0.00213309980835915,0.00995504643554237,0.0220147492266425,0.0119623875195813
-0.0115703091714772,0.0148405866293711,-0.0194055722747253,-0.00958119911795913,-0.0116460392355435,0.00513623406916337,-0.00387672092812646,0.00262637722171098,-2.55512481006046e-05
0.0666325863809821,0.0577470153827383,0.0468482991546191,0.0529725740380655,0.00640626597086777,0.0638419613626919,0.015411558750062,0.0219512247137657,0.0220453574784222
0.0492531521339287,-0.0149192832002271,0.00911565302820255,-0.00989467333776037,-0.0039759412927152,-0.0117319958131293,-0.00629282354888407,-0.0202044551504231,-0.0133546769811498
-0.123534443169635,-0.0625249086875877,-0.0491907351169633,-0.0388081591940888,-0.0266782923980203,-0.0958739625414548,-0.0146496545624766,-0.0353558378453786,-0.0359639117017931
-0.0136957446326182,-0.00440838024489355,-0.029514930174925,-0.0100124062170099,-0.00217988747697886,-0.0263552604375193,-0.0159059873358041,-0.00251065560102267,0.000670961532564397
0.00742260400105256,-0.0169691223371092,-0.0410520532792582,-0.013406822403346,0.000803309496274186,0.00930091740844956,-0.0216590475186176,-0.0107370445639117,0.00475697564854639
0.0207452217589185,0.00174500289833215,0.0228612571032745,0.0326916292873191,-0.00559205215200081,0.0491047584961887,0.00276241760832172,0.0206367512361194,0.000597861146588417
-0.00688945833064576,-0.00576460561542817,0.00357382144841584,-0.00160187784435128,-0.0109333893125772,-0.00357959728307024,-0.0231469411449863,0.0105671857578807,-0.013474613774943
0.0225889595206198,-0.00743354050703251,0.00693062833642369,0.0144103353605287,-0.0130615141245811,-0.0366812049910231,0.00438946900151738,-0.00182062865760296,-0.0246077045715141
0.00476583020181906,-0.0127268160076599,-0.00920884890744227,0.024741214598712,-0.00288271182922544,-0.0070275189169195,0.00424166650208248,0.0242485149633097,-0.00176036498632855
0.0367485614546292,0.0401410016146911,0.0418664987188381,0.033556095912672,0.0264224681060043,0.0277480125029057,0.0221764254347283,0.0223848108896787,0.0353948959182216
0.00714654228746815,-0.0141335083468417,-0.0333714472804326,0.00356867031850918,-0.00309639175767324,0.00095034706430285,-0.01737322221863,0.000328971907408353,-0.00481723396140849
0.0486989788938062,-0.0406648513298504,-0.0176030419015405,0.0128666544363999,0.00367327639609449,-0.00427519651988002,0.00469070605215409,-0.00123088830386747,0.0150776954267913
-0.0120170546502757,-0.0122780382095778,-0.0385351337043685,-0.0191839174594573,0.00647112764215962,-0.0205493161607881,0.0111610520762179,-0.0119796545240803,-0.0135663173185802
0.0167995757661219,-0.00852425650228166,0.00351702956646508,-0.0115325855452464,-0.00539408419316467,0.0328603113031457,0.00172216406751872,0.0082380312508193,0.0130265195389663
0.0773605414760817,0.0214269577136797,-0.0200080202478383,0.0540128507925662,0.00937801299234601,0.0418087589884921,-0.000654257322055439,0.0140875106830549,0.0154365099281535
0.0254277472452442,0.0064034079951093,-0.0109798502951686,0.0105935950632021,0.0122277921184433,0.0304170686554987,0.0066729400566371,0.00742675865445192,0.012444026217009
-0.0443003854052404,-0.000801148258681867,-0.010632186870591,-0.0242280672520693,-0.00888654629662103,-0.052141859095168,0.00716318974278221,-0.0104956900494465,-0.0150517579762649
0.0129166046669896,-0.00526118553720348,0.0196599052326834,0.00187554960254325,-0.0178795825212286,-0.00687120513048135,-0.00965666462082868,0.00941506170645186,-0.00993430361528659
0.00966579629379878,0.00980135049659055,0.0158146903773157,0.00771854236276292,0.00487594957242079,0.00846010861983596,0.00514295159388299,-0.0166941351605811,-0.000160677679554774
0.00088966513247237,0.0191888650860517,0.0168523434768184,0.0687229869415697,0.00860805140393,0.0276398371017603,0.0175129512104745,0.0206970375470119,0.0232723909447144
-0.0430458288793279,-0.0216133249629545,-0.0440526366790166,-0.0254187577485008,-0.00142041226774288,-0.0225217709223568,0.0023900537696812,-0.0077727357028128,0.00647757341536277
0.0700997716100246,0.021221410509404,0.0255049650080749,0.00198898070085214,0.00761295197737637,-0.00339304538475051,0.0288469001004403,0.00735166193420713,-0.0131101977457699
0.0428960660020829,-0.00469068463224499,0.0144901340948553,0.00266645385033686,0.00618058412919243,0.00358824201167896,0.015171229482306,0.0106838185321536,0.00433129779244025
0.0124533634411482,0.00885697408729084,0.0130670227657845,-0.0236874831525591,-0.00469638534381407,0.0330249231417076,-0.0369998767061943,-0.00148156024541048,-0.0227126828341682
-0.0440416037666782,-0.0345553570945961,-0.0278247758370782,-0.0321361909108385,-0.0115132313358086,-0.0245517475886384,-0.00636251706331838,-0.0178407347006191,-0.0130938478185915
-0.021910964933092,-0.0238254272653926,0.0098841628880387,0.0115156617864562,0.00631663261274281,-0.0202843847579596,0.0167196295871539,0.0113948186158663,0.0158859184360452
-0.0193200199313206,0.0015885403823367,-0.0373777422016528,-0.00456985992635865,-0.00173505373158556,-0.0388403639953322,0.00612921465288819,-0.0127954662247974,-0.0238144867554452
0.0886336911305924,0.0621864620620826,0.0420142287381673,0.0310915208728028,0.00801539914574593,0.0398568298467973,0.0138647436396242,0.0255985716815866,0.020744674005095
0.0453012599850074,0.0043785324147248,0.0146994089405098,0.00968955849953106,-0.00669476699731444,0.00982210024497725,-0.0109254315829314,0.0142936972652069,0.00746842913527619
-0.0202570040293657,-0.00180407417337565,-0.0274462692404157,-0.0180267354817167,-0.00833201441803987,-0.0128487167740508,-0.00271628913882789,-0.00957674429599899,-0.0123737891259392
-0.0347261375138178,-0.0415148601967144,-0.029556465495049,0.00943891100245879,-0.0191513438804769,-0.0245235381436579,-0.017260793221692,-0.0160278883916934,-0.0185927649854021
0.0367549313134828,0.0023626750965992,0.00118735577701393,-0.0158114822417182,0.00470794219846319,0.00880005252141559,-0.0102622862079796,-0.00188241357280492,0.00955558553959094
-0.0123541324161357,-0.0307278121666442,-0.0111681107490872,-0.00825892094835,-0.00397410768157381,0.00115200339626609,0.00363182134579875,-1.82959280084217e-05,-0.0193192996916427
-0.0342114596355803,0.0209845227707489,-0.00424622531771817,-0.0277977822176776,-0.0236377863243557,-0.0319124828549199,-0.0204859492187483,-0.0355953957014014,-0.0291135595529943
-0.0404915703843099,0.0161491434492394,0.00287895575868749,0.0134395974292374,0.00153697335125299,0.0319284402506138,0.0275453010574293,-0.0110946194902008,0.00423515203634582
-0.0376667340697106,-0.00125121053789422,0.00956778719634145,-0.012350053503794,-0.0186824759045643,-0.0261270199451664,-0.0289206430605089,-0.0285760674065697,-0.0216179857905834
0.0226045064159573,0.0392579767500065,0.0298957772251093,0.0725737915935327,0.00326833840564602,0.0157728098839382,0.0212521588434131,0.0313113104377651,0.017136682484918
0.057392595305288,0.00470300314999566,0.00747007555995194,0.0216543250126283,-0.00163954726673464,0.00631587848965072,0.00344796410461498,0.000668952920063768,0.0107777399035735
0.00220889271917816,0.00436132012461604,0.00211638065686794,0.0163583397863071,0.000212983401627798,-0.0185261760690733,0.00755614790197406,0.00279889016634558,-0.00795588504174917
-0.0344672535068747,-0.0136246967184992,0.00901543107645025,-0.0271711555331737,-0.00431821590810056,-0.0258798307265935,-0.0256042897510767,-0.0237022328140552,-0.00859688199706019
-0.0397003841872428,0.00209700637816228,-0.011765649186468,-0.0152758083018399,0.00274425535336879,-0.00148620135428331,0.00012412755910964,0.00379209634936922,0.00349857446250047
0.0352731392906273,-0.0567448874501302,0.0131414541318364,0.0302451041890387,0.00644441603822918,0.00751445677175447,0.00702648258096766,-0.00343970639398445,0.0107370417527445
-0.0534359605069865,-0.0171133286889214,-0.0282958353170319,-0.0106828903843949,-0.015177967592329,-0.0465676231069333,-0.00240212893572774,-0.0187323971118485,-0.0306698924763208
0.0465502289778025,-0.00116896417010816,0.0041589908336256,0.038100820851184,-0.0153310384593824,0.0389778425283637,0.00281469577884292,0.0119640436317524,-0.0248437214300998
0.064381060287358,-0.0131800014205501,0.00277916541159311,0.00889760616096914,0.00231921553547401,-0.00770609373519275,0.00802232992307644,0.0121532181206618,0.00274045358486124
-0.00879329118727259,-0.00848807724695132,-0.0029989560102486,0.00516634310066044,-0.00980121494916056,-0.00532712367801669,-0.005291511541823,-0.00558903339332918,0.00243188358407999
-0.016657074846886,-0.0280280041946961,-0.00549468687432647,0.021781258740029,-0.00125326890807758,0.00666305578423347,0.00213460033794066,-0.00131335764743499,-0.0121137931934181
0.038738304309177,0.0359998656745854,0.0348250047988044,-0.0040908838570649,-0.014358671675012,0.0442763159073777,-0.0213121049312218,-0.00282107686641152,-0.0100240422149114
0.0298072780058817,0.0170110056970435,0.0318444993869787,0.0316843424810321,0.00181166232659916,-0.0212057992254802,0.00815285392189409,-0.0127127174834069,0.00345428824471231
0.0697033769495935,0.0456733565180453,0.052543645092187,0.0183460959614876,0.00606808822345786,0.0535018698718385,0.00710143296685612,-0.00470969093166794,0.00667834277074555
0.0444922385659001,0.000516750186355761,0.00483210351417624,0.0159281932716011,0.0182300654996241,0.041973413633131,0.00483044666238551,0.01061078100915,0.011772930480338
0.00820647833242328,0.0491278164556997,-0.00086623899880386,0.0775739300251618,0.0245160521532931,0.00487371836862368,0.053783006482887,0.0420165920943269,0.0387457075138259
-0.0051659767185714,0.00518090640946966,-0.0128975916885095,0.00366787226252823,0.00747679030964491,0.0159892822276368,0.0124792036237795,-0.0081188388115159,0.00309929190914183
0.035615745354688,-0.0448220699647041,0.00339245011098178,0.00936207625716147,-0.0208664892503008,0.0243792246200766,-0.0121189688192427,-0.0235707686022578,-0.0181565592298156
-0.0222860625424398,-0.0283953029963981,-0.00483990592810596,-0.00536797091487128,-0.0209188012432572,-0.00491435081269679,-0.0125366572979639,-0.0115313254227846,-0.0240746945979144
0.00941593568667342,0.00506277737673976,0.0324282634711692,0.0129804239375483,-0.00492631727671871,0.0122896654657416,-0.0149439716179183,0.000589655688820453,-0.00960122477601119
-0.0202262783749464,-0.00327314804796814,-0.0325358046602617,0.00357097603761135,-0.0025799302833975,-0.00934157583568571,0.0031002548752922,-0.00724130430123259,-0.0043184686668337
-0.000536901532278765,-0.0147478690624121,-0.0113747102649902,0.00288271594030208,0.007826908917438,-0.000225398895387227,0.00556763626850104,0.000968801831370412,-0.0182438408927172
-0.00939775035315689,0.00904014585440436,0.00126814755685424,-0.0181146072206135,-0.00275344314274923,0.0102230656896397,0.00835108271992977,-0.00271018203556974,-0.00144763063994903
0.00893886075516157,0.00883348124091614,0.00367828359858217,0.0121999356628048,0.00333645198106572,0.0078221189785906,0.0224698408087093,0.0107077564766947,0.00572822908397122
0.00084771748342784,-0.0227179675446296,0.00792578473604042,-0.0166179214380389,-0.0113114052713553,0.0047127946419611,-0.028112389257724,0.00236737294262756,-0.0129073344519549
-0.0210492641315407,0.00189290084188271,-0.00333981049113549,-0.00478493036942217,0.00901506821377523,0.0197036677809806,0.00203931456915126,-0.00647114107575522,0.00380993755789503
-0.0396694670195217,-0.00117670239954134,0.00883460808862666,-0.0262238960226438,-0.0112789784014247,-0.00649570555636052,-0.0136005899492615,-0.0354536901534745,-0.0209353706460081
0.0882011831237825,-0.010266316379098,0.00608653710823624,-0.0139659532490783,-0.00422368290090518,0.0402672978331741,-0.0174789535398813,-0.00436956867395367,-0.0119694775798247
-0.00876160475172876,-0.0229329222140688,-0.0481300325950233,-0.0172713601071223,-0.0017958790877476,-0.0278927405270271,-0.0333492575929469,-0.01031343098376,0.0153663791060488
0.0193367542404425,-0.0158263478494775,-0.00405607909312357,0.0273908317192552,-0.00739516854071179,0.0255074569196877,0.00581934601338319,0.00374637826319335,-0.00017762568251568
-0.00932387065692129,0.00974083785243597,0.00417479150243301,-0.0348513208372199,-0.00241075653763275,-0.000404672390957762,-0.00761347743898755,-0.00825371028794638,-0.00123336658461773
-0.113622837294413,-0.0569930716833136,-0.010657498191585,-0.066259221255177,-0.00822198538712405,-0.137855111562128,-0.00748320544837114,-0.0110141850558127,-0.0165023678490427
-0.00908087691855056,0.0164643785888484,0.00344882621223688,0.0120711571578222,-0.0186840723512115,0.00159960772520991,-0.00274392048403805,-0.00329821524154844,-0.0256867510699817
0.0180715543681013,0.018838373055274,0.00711674496333622,0.00568468036979895,-0.00106178306974664,-0.00116427454980914,0.00203231348491078,-0.012667466265907,0.00796847716991135
0.0163210737560894,-0.00998194433522776,-0.0151918956381158,0.0232056314437997,0.00268224418954939,0.0314639232159821,0.00641072964984921,0.0165773237104214,0.0118081444805011
0.0673000010912308,0.0140081255977482,0.0128646064560887,0.0299451955491565,0.00508770242371333,0.0510884312729544,0.0316366463675983,0.0205177324018573,0.0397214719696599
-0.0246373813040534,-0.0193190611870065,-0.0191098281548793,-0.0391527610526524,-0.0010196293128923,-0.02236962883785,0.00627167104606171,-0.00653602188659262,-0.00147107482377628
0.0181794866144293,-0.00199932890792077,-0.00639280709242717,-0.00496454894008746,-0.00500560192476538,0.0443465084849646,-0.00807160711825491,0.0194396689063648,-0.0133748249458805
-0.00245648796434201,-0.00524256764966046,0.0110042915616592,-0.00235722263792399,0.00532350815810545,-0.0207833846975004,1.93241131852665e-05,-0.000288685273128057,-0.00573395078660354
-0.0457294635230659,-0.0439137166048378,-0.021276368438778,-0.00525517351997798,-0.0148954140105399,-0.0382409718030581,-0.0197809506622416,-0.00968779005008585,0.00667805786087662
-0.0179774570455977,0.0120695562504588,-0.0203036246511664,0.0108940182022528,0.00391573838922305,0.0361519686695948,0.019530910498497,0.00819448391813323,0.0161976768338409
-0.049023406927963,0.00765472104907073,-0.013625895376098,-0.0316084185988099,-0.00379650574395818,-0.03315896598636,-0.0219245857588738,-0.0210308626183107,-0.00891247389623789
-0.0623995173247597,-0.0349063801984807,-0.063871686902408,-0.0340852878317953,-0.00591888961646956,-0.0209795592539418,-0.00672659652258462,-0.0149888039019049,-0.0120890606886026
-0.0428196672311041,-0.00798454549802444,-0.00553851438083687,-0.00583832285699355,-0.00666421112192933,-0.0059736298392851,-0.00311394751373886,-0.000568068883600317,-0.00476867313884436
0.0128885137578521,-0.0215460390393956,-0.0211756224324705,-0.0101857192110833,0.00160791170627914,0.0110191283066821,-0.00370127153471315,-0.0117441680064887,0.00470398330246204
-0.0645443557542409,-0.0340132790507949,-0.0442412585001902,-0.0351672844703905,-0.0202250059259168,-0.0670201079547675,-0.0288559067514233,-0.00427709413610497,-0.0254509743556828
-0.0180133559236842,-0.00659928790597987,-0.0108872671682202,0.0176564416788385,0.00114462701323781,-0.00892866992987063,0.0130350931055431,-0.00115705010049372,0.00121068516480978
0.114069768567604,0.0386986137117135,0.0307063248779306,0.0149221898218924,0.0110016290279447,-0.0647211327830249,-0.000457545771111777,0.0232199270666236,0.0318990599975646
0.0397033183346119,-0.00472117052189256,-0.00756315092305386,-0.00134735743731902,0.00559617414576175,0.0280593426228547,0.00651480357905981,0.016207177739423,0.0108785496107907
-0.0146872558180287,-0.0374603299617409,-0.022419165827319,0.0101882339008112,-0.00488708327233799,0.0160349751792045,0.00548826866600553,-0.0115980365186372,0.00086112108329859
-0.00339665481995717,0.0153450603141526,-0.00365427923102109,0.00278603389725111,-0.00424097053483001,-0.00743872123294154,-0.00999373890798273,0.00123542986765403,-0.00198739612059702
-0.0491671021006922,-0.00581851736150006,-0.0331770481693194,-0.0320752460834377,0.00164494849822646,-0.0577158599273173,-0.0152627151632891,-0.00199519616446364,0.000482100608582285
-0.0348331485258917,-0.00320271202521175,0.0182705697199878,0.00410094351182844,-0.00253718370433352,-0.0203807349329298,-0.0021532529656648,0.000915795709878439,0.00104804340240337
0.0179611243974083,0.00825087766930528,-0.00207623426689741,0.0042916911675838,0.00257028330442502,0.000240931997757862,0.010998954424176,0.0274963687146098,0.00711595322355119
-0.0522431216148795,-0.0202080292402652,-0.0110375894890525,-0.0425032598276487,0.00435393065555028,-0.0242852675513235,-0.0127496844329045,-0.0210869278058819,0.00597794364669258
-0.0310412350131507,-0.00695828026251141,0.00543647279037913,-0.00841158513224752,-0.0107757417341433,-0.0212562779200664,0.00154539786801236,-0.00969522651600361,-0.021268209942347
-0.0290727853752168,-0.00128437352083591,-0.0445190407907461,-0.0156911366443129,0.0107245663596585,-0.0418037704009916,-0.00103410159724686,-0.00588530032406315,6.2793920644179e-05
0.0238969147842178,0.00890482497283329,-0.00111795142170554,0.0356062873867247,0.00646944424486188,0.000374516975188917,0.00755099024356333,0.00777667376255321,0.017532583196232
0.0302686025910108,-0.00897953371840508,-0.00633459807750385,0.0122573951433126,0.021759448814574,0.0219835805244946,0.0366921288668656,0.0210783915461804,0.0219826940481108
-0.00192208346037673,0.00150278171335825,0.0113652660596248,0.00243579964157556,-0.00544503644383214,-0.00851440086286774,-0.000768031099217593,0.00281462024895799,0.00269182849658664
-0.0437536939620789,-0.0274072568236895,-0.00324687764579073,-0.0194794578444805,-0.00633984624877886,-0.047710387587592,-0.0241989635825005,0.00632723473530931,-0.0105115927349392
-0.0106333519884875,0.0260001085504694,0.00181774543235877,-0.00978300598967542,-0.0149150208366109,-0.021723192950995,-0.00691104824601201,0.0113654364198339,0.00814075884037989
-0.027817600135201,0.00683559479629782,-0.0152526004765062,-0.00560629557201133,0.0063339534106093,-0.00288379572837535,-0.000530425986473515,0.00830583302769111,-0.0087634475501542
0.0915626416827028,0.0396444527665942,0.04121766080968,0.00695413676447926,0.00559305239728589,0.0547501343576147,0.018389496748251,0.0177334657533444,0.0111747789564493
0.0466240014290258,0.0357581511106484,0.0213365771472108,0.0259926180573203,0.00792507695231528,0.059740873966743,0.0197028266409761,0.0194796089650522,0.0334467492897602
-0.0145835408181544,0.0345265529519661,0.0159264164996448,0.0118899398117413,0.00581575088736477,-0.0297262030960695,-0.00417280593653367,-0.00682106325116924,-0.00790760197430657
-0.027991006381463,-0.0299238111911278,-0.017253823944266,-0.00190701797582665,-0.0110247405343415,-0.0297305705988151,-0.00726432660905863,-0.0150064828170915,-0.0115905347279045
0.0201580128112759,-0.00496890638595644,-0.0202264717935943,-0.0112391783587041,-0.00502451421132524,-0.00562968086551223,0.00123377390404372,-0.0216247711057119,-0.0120814871961193
0.0147718353179699,0.0313405813331017,0.0408536414990923,0.0285549178886857,0.000583947823999889,0.0046610587257922,-0.00352860200010237,-0.000176294601214299,-0.0133721579918854
0.0431125315755971,0.0211232505933877,0.0211877955198724,0.00306419701275267,-0.00226596592921079,0.01105751091493,0.0176777490752898,0.0127201060571976,0.0187150364298778
0.0276135906336657,0.0439286751815453,0.0265016283105097,0.0433669931853793,0.0175093123943187,0.0551597949455834,0.0219854231790672,0.0181418689884477,0.0283724866874885
0.0343826392787502,0.0324615684204404,0.0416345112363236,0.0478577696212093,0.00492089762961409,0.036916344039526,0.00526106454503827,0.0192661150771532,0.0308297691677305
0.0707967685075431,0.0256667510468223,0.0480678246635874,0.0187988625197143,0.00854113269541548,0.0715654463533404,0.00881127260252819,-0.00768832028530052,0.0207402628768774
-0.0200419026298679,-0.0365896072172964,-0.0286889501479608,0.0039807115136588,-0.00567606434240458,-0.00873979271217118,-0.00044056827575065,-0.0219184982516874,-0.0133656417291729
0.020674294801094,0.00358300257998844,-0.0202415221004208,0.0195029259644999,-0.0135538802592434,0.0307009499300367,-0.0110630556328106,-0.000573462801630738,0.0123198150405763
-0.0140357461624348,0.00392068291572215,-0.0240888876041078,-0.010618021217558,-0.000907849555283842,-0.0108673597750061,-0.00054103372716367,0.00597612298890456,0.0205688086619634
-0.010271408159921,0.0165042751152562,0.0172923927187117,0.0173560284868742,0.0155850428367804,-0.00479436657850395,0.0138149572771408,0.0147129591951695,0.012489000851501
-0.0380503641119788,-0.0365869503181139,-0.0159006478171359,-0.0237183617427398,-0.0126655915586307,-0.0309600253206898,-0.0169688629850442,-0.00348815411382397,-0.00771791760961304
-0.0004374411281387,0.0282772934916499,0.014571274192141,-0.0228153966085594,-0.0156170286989032,-0.00450036338929898,-0.000790516177808217,-0.0187646871498889,-0.0114352228480168
0.0297859004983748,0.00912918675998104,0.00126712726455808,0.0029194644025845,-0.00664349311523185,0.0097716870423067,-0.00076327281668926,0.0192026260792262,-0.000207782837807136
-0.0144525497444342,-0.00874866643133979,-0.00953060244522368,-0.00262815130693077,-0.0194169605454383,-0.0347113964887985,-0.0196843044401556,-0.0385622262494238,-0.0369712057032545
-0.0684226413060096,-0.0131738159120091,-0.0294676690746923,-0.0149445006217738,-0.0119030594186076,-0.0408100180257656,-0.0161093638480204,0.00199240414726979,-0.0138200444897866
0.0313357414037252,0.0123859520940505,0.00252177474977986,0.0337147327554716,0.0270127959971507,0.0134856821822519,0.0201822191515886,0.0288845995715037,0.0340918066841856
-0.0828943955853504,-0.0342938965299254,-0.0700202084404728,-0.0577991298915431,-0.0173361971937279,-0.0843402315416664,-0.0158936100292525,-0.018586964139479,-0.0116108574444676
0.0900504129111071,0.0170457074818895,-0.00430139644399918,0.00427897335723709,-0.00668313882884561,0.0568170486030761,-0.0113555903649823,-0.00527914670735093,0.000815382634843616
0.0868066001390648,-0.0014676544524489,0.00649688933927688,-8.88142587460895e-05,0.00123661472323602,-0.0162864785032393,0.0114095808222127,-0.000382032127754339,0.0187978146642282
-0.0616558048004458,-0.0584028574833516,-0.070839675763254,-0.02696124381656,-0.027837563526615,-0.0402343950522301,-0.00770348870917192,-0.0379434468837341,-0.0471282863197286
-0.0685323711235808,-0.00351341943322424,0.00453656985820539,-0.010205254187171,-0.0203100402477318,-0.101013260821693,-0.0321039173669319,-0.00694745189507471,-0.0341902532579956
-0.0744112180843559,0.0075877571134296,-0.0212709487988093,-0.0470249700893436,-0.000750260362775811,-0.0854168665774621,0.0109624813236531,-0.0256220567740892,-0.0154185727676329
-0.0376413435760096,0.00135490482856823,0.0018012660469401,0.0271303763142486,0.00728807308338651,-0.026474156838122,0.0104670686853663,0.0355309959915684,0.00447438222319424
-0.0149400532334661,-0.0261000628812369,-0.00870227629245357,-0.0135470580233086,-0.0127248452164224,-0.0334843009823955,-0.0268979775859873,-0.0320142594200252,-0.011834361293205
0.00725443611221179,0.0274871561494685,0.0203467584903675,0.01126418460145,0.00723122140326827,0.00239304164240703,-0.000921715711867697,0.002043516556895,0.00365438363043833
0.0698059626027522,0.0268698665747861,0.0328262338609453,0.0130560126362352,-0.00467685447714342,0.0189244488249734,0.00459172916812831,0.0116365471738476,0.00631718178161799
0.00206111464942062,0.00920114951921955,0.0103697131736398,-0.00370160636563195,0.00367061543824789,-0.019447178990956,0.00914006893113039,0.000260232535989673,-0.00304038202693538
0.0018942195160601,0.0221938889661046,-0.0180628957409244,-0.00174081565926058,0.0158246466801328,0.0208113293368052,0.00891448224974406,0.012507723503047,0.0187698935762325
0.0759187879714399,0.0412962883873856,0.0323215327270147,0.0327099438594508,0.0032938352847183,0.0265796141112006,0.00104372208190603,-0.00673105037867156,-0.000737763844163181
-0.0705342399762214,0.0130387792704759,-0.0317792253730637,-0.039995902832278,-0.00618218003125043,-0.0535766201334917,-0.000500333302613836,-0.00215003962038728,-0.0202271372566162
-0.0351124254616809,0.0150634581300064,0.00806479935522805,-0.00078715609516101,-0.00246604019841727,-0.0123373313781896,-0.000911921522771127,0.014670967750734,-0.00314731549945418
-0.00461002437848181,0.0224103073801695,0.0150197287528827,0.0116297002303265,0.00746776436542236,0.0227976757744043,0.00297042835072644,-0.0304110110346154,0.00740058305619498
-0.0076392535476336,0.0186001440610008,0.00403622960179489,0.00555354498752651,0.0111157475098789,-0.0386237066531548,0.0245125337447838,0.00186506646980176,0.0184719579249303
-0.0634027493632174,-0.0284619288964667,-0.0385970213488335,-0.0209530777038341,-0.0010581023642555,0.0518695472513907,0.00540878454817102,-0.0325046688948486,-0.011894512359262
0.0487773472400742,0.0252499633787714,0.0141788434066629,-0.013300297530055,0.00771056755533775,0.0320110251686026,-0.0246768004213324,0.0189561412026354,-0.0023428167862805
-0.0507338976834475,-0.00965694758020663,-0.015141386109584,6.56048005544122e-05,-0.000889918298066218,-0.0066611217418744,0.00584522782273233,0.0170397761051442,-0.0038727106891866
-0.0451485505384389,-0.0317139430683309,-0.0205920972454012,-0.0423208108101582,-0.00302780572902214,-0.0580700163713491,-0.0335905127914299,-0.0206848548392076,-0.0169664408518173
-0.0121263094080393,0.00509997625997911,-0.00908266963725296,0.00344628594773663,0.00141399935587621,-0.0175221860281663,-0.0096932339716717,-0.0235753396357316,-0.0110916345653772
0.0745818513400211,0.000347843859126233,0.00466018433191181,0.0329877416480731,0.00880677334391375,0.00594390966759257,0.000344460104825293,0.0187181179478595,0.026943648728564
0.0111626350468653,0.016663119054229,-0.000774831491793198,-0.00174731076101976,-0.0146970264934976,-0.027004060068117,-0.0039223486504578,0.00248272144539136,-0.00619885856732467
0.0907588450805858,0.0277881015289807,0.0174132446990164,-0.00268179842244427,0.0187683805768633,0.045255595099118,0.0231301986325405,0.0192096974962598,0.0258925280754356
-0.0278646859117351,-0.0147172377526781,-0.00798833194795585,-0.00880132583738061,-0.0136168619877804,-0.0409715621208508,-0.0179656886873982,-0.00613001381790351,-0.00801820742539246
-0.0199931586632096,-0.00407399801225858,-0.00598889060187838,0.00761812106377212,-0.0111841989422341,0.00110464780803722,-0.0298590306556851,-0.0012738962679995,-0.0131761643206935
0.0563393718468272,0.038454270546276,0.0292765592617384,0.0435724642146551,0.00837301711451618,0.0410882510712592,0.0143147876075192,0.0242340653754438,0.0119271511581285
0.00359365137646999,-0.00651401549016235,0.000288079736025884,0.00667263029196652,-0.0130992420667737,0.00175156530195488,-0.00261012388460355,-0.016081317746625,-0.0127409241358671
-0.0441025645409728,-0.0404182105687045,-0.0389417600816081,-0.0376622894961779,0.01277184461848,-0.0340101070523039,-0.0063833171736995,-0.0356680130045516,-0.00343767888335822
0.00929674605945124,-0.0217499571059093,-0.019417475722122,-0.00711690652950382,-0.00868601530082697,0.000360683552952555,-0.00716025974164758,0.00154871864872595,-0.0113186208470177
0.00448954594496608,0.0117918380883293,-0.0178986430317124,0.000579425802601257,0.00681093691158531,-0.0180578362970018,-3.23919812799044e-05,0.00350943815636983,0.00964164325084033
0.000665709548159889,0.0190107539639508,0.0363925758015538,-0.0173540513431685,-0.00932328499923102,0.00115146708722304,-0.0272095392857145,-0.0143909190498781,-0.0166030681290925
-0.00345447289020523,-0.00339589625170786,-0.00140366882640874,-0.000609918955524351,0.00047766486910937,-0.000162232748307439,0.00199965772360536,0.00495443150628131,-0.00458056369015696
-0.0459866016185274,-0.00586773317090951,0.0125368598708202,-0.0445515114540345,-0.0259348111791542,-0.0712478656514632,-0.0463409512730038,-0.0332325429146686,-0.0371946875461407
0.042441024448302,0.0102248939210873,-0.00292892469875901,0.0221564440959887,0.00307531266708983,0.0235174666884979,0.0117656415533311,0.0286592236160634,0.0103578624389741
-0.0347094657941514,-0.0302020711907675,-0.0299666137635439,0.0219090677747139,-0.0154906215150253,-0.0601492489611325,-0.00365925496100426,0.0100423266365889,-0.0107029849104871
0.0119615778689389,-0.0199616452104547,-0.0091036875345792,0.00855929488046882,-0.00241178892460653,0.00850684360039275,-0.00316090572135284,-0.0268184585812986,-0.00338334513262972
0.0186892922389882,0.01875668489881,0.00487353579757638,0.0455476670906333,0.00587287701736764,0.0213143913790788,0.00967790019493601,0.023725260715982,0.0209616071172616
-0.0165137114410853,-0.0388569448885068,-0.0223821306111625,-0.0111652782627842,-0.0222646778440559,-0.00114444164313493,0.00116890439675178,-0.016443928961487,-0.0277131409874066
0.00257924399672311,-0.0238352984236847,-0.0370288736976602,-0.0209120786496724,-0.0161422987818671,0.00759374045697741,-0.0212025808518082,-0.00368068678080063,-0.00422858105398847
0.0309666165513291,0.0185396173495681,0.0199616997958793,0.00508618805505255,0.0190772768050933,-0.00124058290463083,0.0277861030506172,0.0438323839235324,0.0283018989533204
-0.0168362418828056,0.00662637812913651,0.0191064512430764,0.00270507303466997,-0.00912085430650985,-0.0344719429804054,-0.00278977834147267,-0.00158516390022338,-0.0103771233385794
0.00136668985977138,-0.00218459650500643,0.00933909065743664,0.00493686372483986,0.00570377588224466,-0.00173348861474437,0.0166372436749598,0.00592799752967413,0.0347929182958052
0.0163898653448459,0.00758343497915445,0.0270259731059303,0.0149727349852564,0.00687149676830202,-0.00791823233521016,0.00168350158349288,-0.00305074692271022,0.0184293577301681
-0.0716950328805031,-0.0277248401324267,-0.0359298559835432,-0.022854093089053,-0.00709907461681798,0.0339140519884909,-0.00121697672802867,-0.01083690458337,-0.0275295172478256
0.0219828603960434,0.0253827807366215,0.00944943826406421,0.0379644116302264,0.00395595422276503,0.0163259315698145,0.016198993592495,0.0179668379111255,0.0170220663117552
-0.0183938759338957,-0.0160008116641093,-0.00858234307354341,-0.0159904062281446,0.00131948784461822,-0.0212713486893384,-0.0164225081819338,-0.00216391151720603,-0.0176749488460409
-0.0577848166792165,-0.0190971032334572,0.0118396078675901,0.0186077998684103,-0.00423217806634623,-0.0368191343070906,-0.0153616394734978,0.0129630458142699,0.00401042413269321
0.0121309700910346,-0.0111517923509914,-0.00737132232407737,-0.0209129986770194,-0.0107481832170123,0.00170244073212832,-0.00169412282336313,-0.0213957368496589,-0.0118297670496146
0.0398169046655851,0.00835614978669857,0.00877480848080429,0.0205178031632642,-0.00456985642053397,-0.00825202444057566,-0.00817792532566482,0.0147720558779471,-0.00511274256158711
0.0843461895366731,0.0448282506070708,0.0290538937541316,0.024252387301432,0.00974819827772681,0.0549008196623448,0.00181916509769371,0.020850183309824,0.0179718517792417
0.026174798362084,0.0306938244205192,0.00794584070771047,0.056853447126208,0.00464895921700189,0.037563435574707,0.0162121750994407,0.00528743470575709,0.00681702343460716
0.0444295597804687,0.0146065117417825,0.00222894159699595,0.00597547080785283,0.000542938757741841,-0.0440822352273305,0.0106770730588739,0.0376836993829427,0.00726019433363719
-0.0432774401252991,-0.0357870308388588,-0.0137897382269044,-0.00845204202744244,0.00092387344574904,-0.054564656058467,0.00534456983475916,-0.0050449736958872,-0.00580599660028665
-0.0126891621670092,0.0143354801991071,0.030389645239689,0.0220819444300903,0.0147856817208831,-0.0139178483126335,0.00937109575667734,0.00923015376648727,0.0072892794910961
-0.00451362323854606,-0.00997063180616505,-0.012182214141726,0.0438543242356845,0.00446395331116145,-0.0142613691510097,0.00958612755604112,0.037944627087455,0.00960832127860866
0.00426188691049804,-0.00167817511829229,-0.00851221614144265,0.00537351159253028,0.00706690914230342,-0.0395101702090723,0.0132027343476316,0.0180165570538496,0.013242089701239
-0.0522449425028604,-0.0536443780096368,-0.00594631882943868,0.0254203792938302,-0.0175516922970432,-0.0234626662862328,-0.0125322645670869,-0.00778613658130591,-0.0145707436720455
0.00606701375700096,-0.0134713830150535,-0.00601974073246568,0.00725927625492139,-0.00443402595259562,0.0320831155889929,0.00747207216430517,-0.00830827928377741,0.0107689892820923
-0.044157272376326,-0.0362288371706486,-0.0488735350794961,-0.0274320104325255,0.00207357113553894,-0.050452788474856,0.00107921596320826,-0.00480580666285077,-0.00514029852524148
-0.00756412825725753,0.0201279692477784,0.0234663005457789,0.00966234153430889,-0.000312162431821976,-0.00870459769366541,0.00467581562464494,0.0239985922798694,0.00953442486257399
0.0562663957789921,0.0368496361437645,0.0340087174645015,0.043390515055498,0.0202563048058246,0.0534014997522267,-0.0184424444585411,0.012263372610888,0.0330932606411956
0.0339921904968251,0.0277483855718061,0.00309428274058084,0.02046789913037,-0.000374413783119129,0.0315913682408979,-0.000745607303187704,0.0136965444972516,0.0127955215514494
0.02412328607917,0.0150593635151525,0.0182324445614917,0.0152921753420176,-0.0089674184723354,0.00839956435702845,-0.0361914744075738,0.000186366018992438,-0.0145225043879602
0.0532175029405777,0.0481186740809464,0.0287448360198806,0.0670802386936612,0.0129857141022907,0.00773363586236571,0.0100606908251736,0.0216245438429562,0.0265677658120548
0.0126185746553193,0.0219967090392909,0.0293558090375791,0.0343602123266941,0.0143467235568351,0.0133900841108521,0.0147281344477382,0.0198592249956718,0.0223505543755529
-0.0428835850982817,-0.00701514182643879,-0.0289786771574032,-0.00546391645713603,-0.000585150625916077,-0.0477433395703956,0.0121647005923414,-0.00257496489556279,-0.0140903466653286
0.0490883883328569,-0.000553900187110764,-0.0140262075474464,0.0111995771576226,0.00397655909010087,0.0310600940491286,0.0145491561773826,0.0185835956743658,-0.00352409047307425
-0.0680502317063297,-0.00504896938521007,-0.034725773222771,-0.0263855397350273,0.0055876075346026,-0.0765851534100722,-0.00416663258298916,-0.0142416691544659,0.00584209203784497
0.00240837068445282,0.00839007619922801,-0.00462969960883498,0.0246267530560276,0.0043358615366216,0.00329577074589942,-0.0106932104541064,-0.00171913748192809,0.0188860461446304
-0.00706060889522394,0.0138230631158686,0.0251740471957114,0.019184144149006,-0.00636390333887999,-0.00573347901239722,0.0223175484096585,0.00452045540186968,0.000224092942916873
-0.012953335961262,-0.0129813104766564,-0.0181258916029484,-0.0318734880793674,-0.00953011234713982,-0.0264991536374598,-0.00681150778530996,-0.00965834302543524,-0.00966775941303148
0.0365052085939864,0.0172866324239552,0.00891824938035839,0.0176492637422537,0.000502175869513496,0.00431056445395229,0.0176404549741922,0.00322964324056629,0.0081932320986721
0.079835313136735,0.0592450416536699,0.0454665077724372,0.0391383558845156,0.0081436259893629,0.0717751613208502,0.0124856854465914,0.0380358448479715,0.0164975366762994
0.00344744353846965,0.0078792613575102,-0.0180871625829454,0.0154971069604475,0.0197974659982179,0.0301525818264302,0.0281992993765865,0.016456171604686,0.0314747839553121
0.0198966605665899,0.0415052784905659,0.00869566472900432,0.00156884373613535,0.00130693323231579,0.0220788414595479,-0.0137007066284082,0.0122291076495349,-0.000118629757396907
-0.0736548363003473,-0.0344805752040537,-0.0227862080492834,-0.00450366386043037,0.00424710557943543,-0.0180920991508479,0.000992808573377346,0.00406894370020422,0.00111034894817602
0.0175813349259173,0.0173681261821932,-0.0075367603420215,0.042523618103624,-0.00203893607523779,0.0201993098479481,0.00829394439242874,0.00904032475320437,0.0115569966443768
0.042799479425823,0.0449133338320572,0.0211261825418478,0.00885705721293403,0.0040452530313509,0.0688067101409379,-0.00978399895965243,-0.00729164054844658,-0.000521922150834221
0.037868269642091,0.022105289178378,0.00151264346463285,0.0427513808227533,0.00264536013413867,-0.0142863191750126,-0.00364921579843493,0.00809640862219981,0.00531629085671433
0.00681043835456498,0.0133807143363351,-0.000805960396471948,0.0136791954954025,0.00409242028328972,-0.0139500601447373,0.00990093643960416,0.0297955867821654,0.00124252549534958
-0.0638907240527846,-0.0268711224932976,-0.0258440303481092,-0.0365870864504262,-0.00585952304453725,-0.0136253055627554,-0.00352671614827486,-0.0156535025044179,-0.00611986163693825
0.0229444959875434,0.00452644576308032,0.0158144613206497,-0.00510429181199941,0.00200021359494113,-0.00929716799126852,0.00123755596865383,0.00376894299350239,-0.00087966665201485
-0.026982653253212,0.013886033221769,0.0275548892146416,-0.0486387627417565,-0.0142820919881326,-0.0388407431155542,0.0104896180065634,-0.015147516430142,-0.0278034885139556
-5.48311219847712e-05,-0.00800732838782037,-0.0205791422482513,-0.0229935957035436,-0.00725484797118613,0.00210415608044137,-0.0199024073423619,0.00381885983167934,-0.0121811039985097
-0.0143854276902574,-0.0291806808135776,-0.0100318187356969,-0.0077100730878836,0.00253205092120907,0.000974924002103076,-0.0123441899583143,-0.0134162999616763,-0.0208653347377555
0.0252905046722521,0.0312502972032878,0.0219888671866917,0.0303947243965274,0.0151885861189141,0.0115042431134215,0.0100251113023433,0.00663835088662694,0.00758358891896817
-0.0293510742387989,-0.0052283176236654,0.00421235155538496,-0.00914105043424571,0.00238805280627383,-0.0198717237956117,-0.00573583390099823,-0.00674159257914769,-0.00551304253731377
-0.0278554594927159,0.0107555762928338,0.000137310467877138,-0.000160862403637896,0.0142536606803637,-0.02493021806124,-0.00411765708781853,-0.0134967718369499,0.0160329438276926
-0.0347988858655326,-0.0312771470167021,-0.00956662800022491,-0.0079974057561553,-0.00386108674730103,-0.0647112017631286,-0.018183662692483,-0.0109001680859564,-0.0180415527637009
-0.0157583028784059,-0.0128015548473692,-0.0283671372645337,-0.0159850458561683,-0.000732126853526132,0.00925260530671106,-0.000668240975216368,0.0014001157219349,-0.00458181618784478
-0.10575755096752,-0.0612814295802966,-0.0645313726022252,-0.0580404584782994,-0.0111647291723544,-0.0727444547892739,-0.0169044259759673,-0.0322799627281979,-0.0466797530728445
0.0123415589719238,-0.0155718265165957,-0.0148948172965139,0.00899434665540775,-0.00272448590831754,0.0124615336265661,-0.000387924071362271,0.0121984165571058,0.0097747911648611
-0.108915413943031,-0.0443525148661429,-0.0429797721068405,-0.0433837856845971,-0.0166585218624912,-0.0819271890688192,-0.0190220113095762,-0.0349840567243615,-0.0336857594079654
-0.0211973448219521,-0.00184735953684483,-0.0110595321937879,0.00697946962703589,-0.00036891144810119,0.0186099128375821,0.00826774737221771,-0.0298867801225334,-0.0166502639157457
0.0696464620119957,0.0297767940980495,0.0150069961134107,0.0296777160708177,0.0201104786394827,0.0681981216729535,0.0239969424997022,0.0484804203551412,0.0207106729579381
0.0763485029714822,-0.0283800004546971,0.0333215299910919,0.036997994451843,-0.00368909523908882,0.0413022591846185,0.0167222017159522,0.0191519704108294,0.0063966653885736
-0.0172201746706949,-0.016953524385673,-0.00203943205932993,-0.000292324613063239,-0.00324422405463079,0.0139431782231905,0.00426100482880626,-0.019748725566269,0.00247222598906615
0.00225222124361882,-0.00904398445481928,-0.00616319219080229,-0.0161608895876252,-0.0146020126792605,-0.0187278022257515,-0.0168898022131677,-0.00765246776326039,-0.0115838871241634
-0.0683603174319425,0.0165518263833295,-0.0340873948738356,-0.00137583150208105,0.0167972138390445,-0.0422902471390858,0.0210981088615964,0.0146543365848568,0.0162913870688188
0.00531910001248366,-0.0169633081354313,0.000323543696505965,-0.0111540703836835,-0.01247713118053,-0.0172662705204094,-0.0180468862122513,0.0101277359695758,-0.0022236328867559
0.0256934835554023,0.0147645817421506,0.0160205942010643,0.0176161585086728,-0.00183900678058049,0.0171322410413723,0.00223435949542274,-0.0102636959236358,0.0111801882334844
0.060973928136445,0.00559090415811855,0.0168461810675624,0.000739848711785027,-0.00888755285176255,0.0338386849900809,0.00252201703122801,-0.0158003587816459,-0.0100219208893731
-0.0158515761672938,0.010445207575852,-6.20610097621594e-05,2.47376278187899e-05,0.00287770467185497,-0.010872473748981,-0.00290897514069134,0.00909548554461267,0.00835856043355659
-0.0223987762883087,-0.0307053149565238,-0.0347017325280107,-0.0115524766582298,-0.00297525630840565,-0.00827212823007541,-0.0262294136858436,-0.00349489937165897,-0.0099146644933627
0.024984974517591,0.0187073730570531,0.0175083474747792,0.0104238003452642,0.00499586681961314,0.0280056011935301,-0.0218826054815053,-0.0022870294135654,0.00354031572000962
0.00114627464636133,0.00658657137743838,0.000180729969126577,-0.00914311050397201,0.0118406526800057,0.00606514799056596,0.00202639240183109,-0.00892342101803856,0.0253875602282119
-0.014912374908776,-0.0492930382490914,-0.034460713635538,-0.0117405551573503,-0.00945479327342723,-0.0323416291930575,0.0126684912215497,-0.0222861903023518,-0.0247090512951994
0.0625206660131228,0.0194750460534959,0.0148757535314178,0.0145416830822757,0.00217973301430517,0.0560691079117062,3.38415651297838e-05,0.0183101330573718,0.0133080337934536
-0.0264221093282998,-0.0298331090187777,-0.0229913307575501,-0.0033579641315958,-0.0139191246209879,-0.0125774218923284,-0.0176255254318505,-0.0224417711454845,-0.0318092373602069
0.0557751873548248,0.0468760676610198,0.0479392134403859,0.00353714671998169,0.00885963895268603,0.0435863628575832,-0.00970338277789423,0.0105387382933505,0.0133654655458034
-0.0490002395503219,0.0108859367104948,0.00018175290700641,-0.0170287742607378,0.00778017870236128,-0.0506133700879852,0.00190957751018147,-0.0132160985688523,-0.0077385634865516
0.0528584783758083,-0.0070042504237586,-0.00443099518525124,0.0073817542507516,0.00449291418543599,0.0169543692588491,-0.0072031532701778,0.0197977650938463,0.0230013749950561
0.0304954471649238,0.0101078501270278,0.0148001740533834,-0.00953113826320794,0.00270477625989639,-0.0246874750544077,-0.0102630946728545,0.00526937976888639,0.00248665554883656
0.0091307897736367,0.0118160900463315,0.0354603077415299,0.0252409602928046,-0.00291591292062038,-0.00596873847832889,-0.0292769810711426,-0.00321121781574073,-0.00687133405744153
-0.0226225921307202,0.0224929832547877,-0.0144942825952284,0.0420304818150355,0.0190193403058658,-0.0207904664723523,0.0231167993236202,0.015055481476436,0.013734109886451
-0.00751910978988181,0.0421537264047833,-0.011954531677228,-0.00298479889921697,-0.00405700455353518,-0.016087629022069,0.00319139258420647,0.0122514607787258,-0.0118167682981082
0.0341682875118682,0.0245206179139753,0.00291605207581661,0.0585694412208892,0.0123181962594671,0.0141739617040983,0.0381964791625911,0.030140415704612,0.0158042775755985
-0.0227445623124587,0.00327069057546386,0.00042524065035327,0.00903674118884699,-0.0112023399496592,-0.0264088390474943,-0.0148022377126203,-0.0046936822138518,-0.0109703087416057
0.0440542107191096,0.0729981346121889,0.0498435436717735,0.0511053412663474,0.0206117551145835,0.0245026369545369,0.00911135406422887,0.0216180333649657,0.0333376043724479
0.0255128698816267,0.0467827813195732,0.0482049953212242,0.0141872425859413,-0.00260853938570377,0.015621901747108,0.00455075044350313,0.00988880458834577,0.00126240077643488
0.0317312081910336,-0.0272527363214838,0.0149996316016214,0.00914031900026642,-0.00304710869617421,0.00990984923322354,0.0178926072435139,0.00258880615883495,-0.00210785318364875
-0.020598334489204,0.00722836997011657,-0.0120574964205263,0.00482664932619418,-0.00801789504271366,0.000123562704071951,-0.00192678334572109,-0.0124343209916466,-0.00716643468083603
-0.050022445497398,0.00382048027933985,0.00494487829884172,0.0115657584991802,-0.0120118508617768,-0.0692308899976433,0.00217425036659584,-0.0119473789962395,-0.0116055528755102
-0.074022294647566,0.00154871099341852,-0.0441934871226325,-0.0305406717380377,-0.00956145244703876,-0.0740838443000644,-0.00316150870325451,-0.000626231134201522,-0.0106337498174173
0.0143814900601367,-0.00961230454541488,0.0247147995831248,0.0499873680062139,-0.00489506410662883,0.0132587885880196,0.00327944500526919,-0.000345650749364015,0.00632752428719918
0.0306542660382531,-0.00245829098618655,0.00014205572224757,0.0168834295578498,-0.0118864881531959,0.0228111297866192,-0.00631669200727243,-0.0223359672227444,-0.00950970002708156
0.0636551426302532,0.0464761191422455,0.0383076650733844,0.0160678469622588,0.00739906571793582,0.0350006060237253,0.00948948252735692,0.0119935711855329,0.0101484467069757
0.00944604226569677,-0.00543834271682518,0.00519882062075278,-0.00431324229101464,-0.012836507873637,-0.0236473207064059,-0.00590069379082328,0.00373343699933739,-0.00980818058983602
0.00950061843948405,-0.000405452942959603,0.000628833432067497,0.000409133671100882,-0.00446010270348812,-0.0304299720615402,0.00800594932269007,-0.0245354106752276,-0.0078754661449287
-0.0370254089409887,-0.0444118784990628,-0.0328062706269897,-0.00828065098639658,0.00768529492355252,-0.0406961148129171,0.00855209283537214,-0.0106555938213506,-0.00157004371805514
0.000580844155469805,0.00200426954565313,0.0157022520410714,0.0111375440921736,0.00288947059511968,0.00124838092680323,-0.0054880926686254,-0.00358349888862395,0.00717288107011148
0.0245889932409933,-0.033350562706878,-0.0217029927963063,-0.0107929556384347,-0.00232059549333234,0.0154597233053381,0.00450523315787082,-0.0266387251898121,-0.00315411196536156
-0.000219132274684077,0.00958480925953027,-0.0177439066301133,-0.000726935493819858,-0.00501837496899864,0.00867284770664933,-0.00637741222471012,-0.00336239461764105,0.000381783856972602
-0.0313084484648526,-0.0417637064051424,0.00112624188047091,-0.00591823413082297,-0.0244511628973337,-0.0248936654447869,-0.0149874428000265,0.0101935918245408,-0.020639963051739
0.0214553548845007,0.00428882033959037,0.015715341872608,-0.000285210116330182,0.000796307016554004,-0.0117988651516239,-0.00393070439984184,0.0139276675952786,0.00574218559857373
-0.00421826776639304,0.028029821832333,0.0132531784290206,0.030750347123968,-0.00256618260499412,0.0195851967614992,-0.00821689944850415,0.00694625756772854,0.000373890326544778
0.0142040802548765,0.0167038026322503,-0.0249642556580627,0.0063939935811496,0.00194401150893569,0.00971167432237408,-0.0045424586267095,0.0128985899650456,0.00935080240214552
0.00606149925576903,0.0108857425020588,0.00654987580697043,0.0130953722970163,0.00534022341164077,-0.00682520382504117,0.00656842197737634,0.00108050467312569,0.00925853690367834
0.0384135189941979,0.0305675191349463,0.00798744064011544,0.0442409983549008,0.0106887405443157,0.0529793939317803,0.0168571751801054,0.00453401976822359,0.0154301405141466
0.0487650455432222,0.0413255854412877,0.0268787847231141,0.0540517704030823,0.0115342094009314,0.0417038782988412,0.000749874024810033,-0.0152970943300385,0.019087502777628
0.0703047887602206,0.057686814208638,0.0454113480247866,0.0497791356570909,0.00633168739623744,0.0663063809929456,0.0151278017901495,0.016572198905544,0.0347771963038185
-0.0314582618140026,-0.0281598161219988,-0.013164936302707,0.0313270810244777,-0.0116041155497771,0.0256130524729059,0.0208771294468268,0.00542122915769527,-0.0165905713375245
-0.0117751326973903,-0.0115133397179603,-0.0239679473238564,0.00352990277525201,0.00403801258795053,-0.0283113724890795,-0.013195112767311,0.00370984171195203,-0.0129826627654505
0.0992900621686044,-0.0297665596369252,0.0164952406870352,0.00283432470057613,0.00435511961861956,-0.025883070179193,0.020454056190129,0.0142644147814349,0.020711098573979
-0.019337156424332,-0.00358083867472638,-0.0506640241167543,-0.03626614933036,-0.00143963383203855,-0.00941317980799833,-0.0096188747712591,-0.0100178336761097,-0.013900596669023
-0.0143999734991967,0.0356309979255841,0.00566181297828667,0.00754598113267672,0.000506775473668738,0.0202896530390446,0.0041496994990987,-0.000528971501138666,0.00407889699337952
0.00227712843057798,0.0105735548563462,0.0192947722658084,-0.00226823769948592,-0.00367469781539402,0.00804864209775678,0.000329359499208998,0.0121932440719258,0.00884267082049668
0.0909159295002483,0.0408589828902465,0.030578547535458,0.0196007219967311,0.011434747595046,0.0676634266646683,0.0199807192083596,0.0192385186487996,0.0275738712587402
-0.0373898488915252,-0.0181582908218281,-0.0108962635716097,0.0217388811187776,-0.00397814442864161,-0.0391090423015875,0.00869780236710356,0.0130412454338298,-0.00483253703650362
-0.0777555449922358,-0.0256941440494588,-0.0389012645530161,-0.0375515640166428,-0.000806394013336506,-0.0681100294915776,-0.00240825273180143,-0.0197922734578704,-0.00255707391128895
-0.0027222071764822,0.00997505249034584,0.0159327947514496,0.0376786152794203,0.00689316125586184,-0.0217484697156181,0.0117867929921646,0.01813184309741,0.0132373806497467
0.0804351776373576,0.0198156821327576,0.0204055336852738,0.0307460126677945,0.00448733000119669,0.0487579763925866,0.00820511140351838,0.037138137974231,0.0110746966171776
-0.0176161814361678,0.021489243919593,-0.00176207845823229,0.000991467529209588,-0.0041410853480264,-0.0167690237974991,0.00112290947639666,-9.48234308007479e-05,-0.0130472734698453
0.0370924929176202,0.0133650098957826,0.0135385630247447,0.026704909080053,-0.00812704041704936,0.02961729647871,0.0106300978346229,0.00899021295736015,0.000159324847787217
-0.0634854470435495,-0.0412497459445215,-0.0527215139766603,-0.0327116558868331,2.94243292317396e-05,-0.0519023410111648,-0.0120906360531154,-0.0474057589648199,-0.00812174091295293
0.0345624594728701,0.0440555995073982,0.0296666430030299,0.0200858985761959,0.0161928487654689,0.0250440616152246,0.0166059696248164,0.0169786042472158,0.0355573052823899
-0.00549264621216197,-0.00421230105795556,-0.00417016134619152,0.00347105168664327,-0.00627846051672189,0.0318994192264978,-0.000972297213317857,-0.00796010250488854,0.00533679754591296
0.0621745899713968,0.0364981317293798,0.0295490435089049,0.0120286826748962,0.00357289623942815,0.0187140032635207,0.000696795478082645,0.000927824204753052,0.0170551677552006
-0.00199394194565194,0.0222344100543384,0.0216844335150676,-0.00526847117883214,-0.0153400996519397,0.0051410791327095,-0.00187648304452303,0.00129805991351704,-0.0107598593054588
-0.0337764608414524,-0.0281860753481298,-0.0242024765450453,-0.00978932011524041,-0.00904005291639941,-0.0297440852028446,-0.0423705482607562,-0.0373927596194432,-0.0097312041548294
0.0205938196849303,0.000455769597211251,0.00628909771300982,0.0410579666474727,0.0122869612378993,-0.00243996758299337,0.00872493176047234,-0.00677980583714229,0.0218618660146881
-0.0269431156583556,-0.0104848350121549,-0.0130530608485917,-0.00762319953097066,0.00377005363605232,-0.00982637663980522,0.00343521809704156,0.0191533860965747,0.00238616414504644
-0.00632720617068136,-0.0179398623005734,0.00212383113985688,-0.00305740589223096,-0.0138314173218964,-0.00735645968911731,-0.0117037009979281,-0.00755504767839028,-0.0151877695810109
0.0336646391989564,0.0442819786256053,0.0105718456663664,0.0246232958134109,0.0207763345767994,0.0500249883949713,0.019641259569881,0.0335522404957779,0.0357330676179322
-0.0240632652570608,-0.0580786901801696,-0.0202726422337048,-0.0436097792140005,0.000729676003130059,-0.0327144487315999,-0.00371759098312777,-0.0163030588441287,0.00449159464128885
-0.00340730558000492,-0.00833130802768952,-0.00249229506120887,-0.00122609257377439,-0.00808209320931472,-0.0157606029357822,-0.0158731354467629,-0.0395333551563632,-0.049636855670808
-0.0268233801074996,0.0214843840566827,0.0138573220073271,0.0137284708532653,0.0193957106387025,-0.0260279397239886,-0.00618020394438152,0.003067187693662,0.00106791967349351
0.0346133733414188,0.00182253111790089,-0.00161763834833994,0.016901998796638,-0.0139430342672541,-0.00888225550137571,-0.00627316513675634,0.0116517593392358,-0.0131383138311307
-0.00093195255981345,0.00976213856890701,-0.00372660055275513,-0.0153529810793689,-0.021474215291282,-0.00111166613972786,-0.0053503228941284,0.000412679727476931,-0.00861071983733651
-0.0266071458732158,-0.0115650099585689,-0.00744274037516975,-0.0126252810244253,-0.00365435274286846,-0.0141289128022839,-0.0104427748334581,-0.0236936645963343,-0.0437152937257333
0.0104739958367377,-0.0363222284495456,-0.0355667843485988,-0.00893875184201994,-0.00170519907161773,0.0130734779257127,-0.0143814851985629,-0.0127522782051278,0.00218488587623414
-0.0347924152585616,-0.0252309996515631,-0.0122523820975693,-0.00876843530942065,-0.00534374793298098,-0.0357428918324953,0.00201913862113576,-0.0175518194305166,-0.014867939274545
-0.0220905833933096,-0.0105337917177933,-0.0192871178606742,-0.00930664879444165,0.00461119457078354,0.00375321497088312,-0.00807420138067244,-0.0191135965346365,0.000503649733569626
0.00315500805331282,0.0183539349542321,0.0121569485617997,0.0188378239071542,0.000692125188365992,-0.0268664957370848,0.0165140244991637,-0.000495007568890772,0.00242108258330678
-0.0100407495923106,0.00850072261762512,0.0130762225330217,0.0249202448274255,0.000640138871755316,-0.0185365696642775,0.00208708196789731,0.0219420693393836,-0.00379182481588157
-0.0179215363950104,-0.0167480067844281,-0.0329452487209456,-0.0153032296664837,0.00120464790947256,-0.0364807780250648,-0.0147299592905238,-0.0150577306938016,-0.00719513570000073
0.0171759898523103,-0.000275091277288483,-0.00326734794184302,0.0149058094019842,-0.0079934646267718,-0.00636228616059897,-0.0100573932710416,0.00711373696964316,-0.00712691155994254
0.0467312973341988,0.0154447652567579,0.00838528722127368,-0.00439521554429649,-0.0108776583164612,0.00323627039178546,-0.00276372710138802,0.00475842652188018,-0.015699501235139
-0.00228010595322826,-0.0176834573056191,-0.00700572467217764,0.00395907312399972,0.00962741448853805,0.00473403607050629,0.0048278013363313,-0.000160633476968883,-0.00779970972700574
-0.0947652908805736,0.0112610228187967,-0.0417008914778423,-0.0533129830912337,-0.00601611716028639,-0.0699642580192364,-0.0236948476531912,-0.00648883944772901,-0.00968351711665019
0.00335152961369797,0.0269742267768752,0.0209245493465628,-0.0176455011914786,0.00916905624817129,0.0146287260789653,-0.0263420313232209,-0.0112122886981526,0.0165199236713626
-0.0199204850179421,-0.0278540923960885,-0.012965000051739,0.00720568570159924,-0.0107815186871507,-0.00740156962704329,-0.0229055313401488,0.00766624422935331,-0.0143346020982906
-0.0380388671843329,-0.0248208088245136,-0.0309238696212692,0.0189258600406846,0.00691135409672212,-0.00753610110436208,0.0225185021879729,0.000900357972519901,0.017809221523531
0.0770374270964899,0.0230922379302809,0.0380432569529907,0.0425109592465215,0.00522407100653447,0.0241214446094771,0.00375849385131423,0.00271738541281253,0.0253653091086756
-0.0081994759081991,-0.0235655846387203,-0.0149445486003517,-0.0146438969410992,0.00249852683675103,-0.00901827556146407,0.0243114474149124,-0.00189739154919557,0.00143328922311265
-0.0702654060103227,-0.0262976782531734,-0.0176812546603239,-0.0349085690321334,0.00515517455071504,-0.047787648286474,-0.0179406397729216,-0.0279544496987323,0.000908160016258272
-0.0291716399408608,-0.0144480709108105,-0.0153604885235125,-0.0225160559153589,-0.00159483852420939,0.0138544478459819,-0.0131953681572167,-0.0225294199464199,-0.00599597645572764
-0.067204743313711,-0.015804703280815,-0.0134961674785719,-0.0398483669733039,0.00158647892063831,-0.0642998407637808,-0.0116989065845652,-0.0157076682332684,-0.00634487254908678
-0.0182574444727785,0.0119397036757865,-0.00440115398820523,-0.0154931801884787,0.000773929324330631,-0.0026104125569607,0.0154353441482428,-0.00571288489991636,0.0124558546407065
-0.0401802772675499,-0.0198896256854738,-0.0281826669344923,-0.021346900208054,-0.0103516890638598,-0.0927142018765161,-0.0316947805330817,-0.00948342079524128,-0.0136488691743751
-0.00152893475353649,-0.0243936150564064,-0.0403200897492263,0.00613592655266533,0.00126620756248433,0.000934485057762724,-0.0022139568422,0.00391313279099983,0.00269833642738922
-0.0913366251489364,-0.0572113251215245,-0.0276090354672968,-0.0299754025945277,-0.0391429281590731,-0.0578300281107976,-0.0133871743512103,-0.0531161084377156,-0.0564261896472954
0.0603586342948016,0.0205890347262598,0.00448445637392646,0.0613969971500819,0.0103892841169657,0.0843338519499875,0.010658795539794,0.0246200081218345,0.0208211476079287
-0.0101481594954478,-0.0109326768912993,-0.0127020282488391,0.0166276039475346,0.0200088555024638,-0.00722410161518472,0.00273357658727244,0.0108530283165598,0.0197153873734911
-0.0852789956268594,-0.0260189658433514,-0.0564247401310697,-0.0599738081840568,-0.00807298505091082,-0.0555946749743989,-0.0106789878820223,-0.0327081554727205,-0.012803732973347
-0.0406343408557338,0.0114274708136956,-0.0216612841085005,0.0228696579903684,0.00480886136680668,-0.00549346470857002,-0.0117335777410552,0.00240131110788857,0.000715478561398269
-0.0603970370610392,0.0258010024025529,-0.0104730356030275,-0.0400683296565759,0.00803248297224405,-0.0610838964791431,0.0153443391454625,-0.00831440842672305,0.0114344928979227
0.0176281418980454,0.0165835857114379,0.00800952932066173,0.00609950089801792,0.00539830570221422,-0.009793732965222,0.0128036019440061,-0.00259343349659139,-0.00610052868130738
-0.0588711688568181,0.0120521852457791,-0.0396767022941968,-0.00873257906928597,-0.00317895970203941,-0.0692330800419466,-0.00385806645662686,0.013294249664386,0.00359804105635062
0.0304263641099743,0.00698125664890196,0.00185035297853844,0.0222707451493951,0.00341507595829287,0.0428261163313598,0.00427260949504866,-0.00348579836229026,0.0118601775331068
0.0438539677156502,0.029775344573836,0.0216977564605185,0.00579824786403326,0.0173683875389801,0.0497074374710192,0.0182690143639936,0.0157279425498863,0.0175879205932447
0.0144303939874414,0.00547157420710536,0.00517106471808985,0.0156459460322752,0.00929955159383233,-0.0120557418767298,-0.00676145084136698,-0.00359986025499494,0.000243851073542633
0.0361269714257023,0.0427132102975017,0.0104507533050024,-0.00179677114021209,-0.00191535912516405,0.0312287410176953,-0.00666075578546707,0.0132980606157191,0.0107077085476983
0.0416124963930623,0.0238087567972434,0.0171797549433846,-0.00389463287831258,0.00572829831482373,0.00564608140012123,0.00213490611038607,0.0162699038548148,-9.83224772729664e-05
0.0198976060846774,0.024201438755108,-0.00434966747912968,0.0070959069445978,0.00644792979019052,0.0351256414815699,0.00346172357939425,0.0351683540572314,0.000986038702444891
-0.0412268477606597,-0.034420730861748,-0.0104202591400894,-0.0742245766338924,0.00625760129645537,-0.0556099725716073,-0.00382365317028613,-0.0105215506133235,-0.00231639066786269
0.00184605503462489,0.0213666776042295,0.000393856309558808,0.00198789254572619,0.0118466173970513,0.0112134706045554,0.0234276481959766,0.00863554808805625,0.0287857613320676
-0.0410416857741453,-0.00740269844952117,-0.0010773053386963,-0.00833671133866819,-0.00165704515004943,-0.00719264537119093,0.00270284296182733,-0.00814139764970021,-0.0255521408597066
-0.00244171149591798,-0.0126517311564679,-0.00535972545001865,0.0222768365830333,-0.0024166301243764,-0.00756114264618989,0.00577427717854765,0.00199690722616451,0.00203297780892009
-0.05573955025168,0.00250014855279896,-0.0363496303622466,-0.0307084044046602,0.00137518722947881,-0.0167417916202839,0.00980912543252166,-0.0141094199539684,-0.00591358867104385
0.0452378300729152,0.00525020023372849,-0.000620046638496733,0.0348626513331917,0.00128456133892459,0.0267223506944612,0.0111958039186626,0.0079133810492604,0.000869728605225298
0.0186287291146513,-0.0104519263115026,0.0318183713566106,0.00484558057519837,0.00599857156930932,0.0064000341728001,0.00487037496262915,0.0101712095107991,0.0111837212465641
-0.0251122847601653,-0.0030390948033491,0.00983594455000282,-0.00282317029306315,0.00780429798774639,-0.0106008390857093,-0.00112308171509828,-0.0145920440526737,0.00726809542445986
-0.00860217023871817,-0.0275691194699162,-0.00885851901538061,0.0208276282837713,-0.0121987360099397,-0.00917103054213374,-0.0119211662348771,0.0025408070397213,-0.0140214763657754
-0.153550116833899,-0.0585498751163676,-0.0476058741479035,-0.0781872941683857,-0.0118168538021737,-0.124551112853381,-0.00545556517525982,-0.0243043885595449,-0.025749578219647
0.0586426052799836,0.0106632873537242,0.011600524597499,-0.0042623605592485,-0.0143046619146257,0.00997255049371401,-0.00544979066744752,-0.00923735120494414,-0.00462004150280606
-0.0461326275253323,-0.00968423671663541,-0.024292826899523,-0.0252686089539325,0.000540157795722674,-0.072448604738296,-0.00475382040794446,0.0185276254167601,-0.00478941008843115
0.00824683933384713,-0.0264613338282905,-0.0290455636187821,0.00244018143649186,-0.00112756150249774,0.00849653276482938,-0.0015521538195754,-0.0179720313714701,-0.0197211169530977
-0.0238898752913184,0.0155812629470039,-0.0109175493911016,-0.00690889054222439,0.0035309021372329,-0.0384713811773462,0.00461254546089195,0.001014186682978,0.00698185312156568
0.137168099480837,0.00276362378529928,0.00507819556353129,0.0092296753465563,0.0143532696353047,0.0467679520301278,-0.00327787032544107,0.00786237556430612,0.0111333474194162
0.00299655611919737,-0.0144435046629689,-0.0215019418320378,-0.00958544101369004,-0.00266796947287154,-0.00398364803346605,0.00263384147848962,0.0180553350184471,-0.0033535424588544
-0.017303413747481,-0.00171280295673639,-3.85515833228622e-05,-0.0361589539915528,-0.0102266047613375,-0.0527484254433561,-0.0280269148346128,-0.000342563281210289,-0.00794677240414633
-0.0666863581417113,-0.0226655088392702,-0.0274193502958069,-0.015169466908109,-0.0157085667109596,-0.0761783696891188,-0.0253181935287476,-0.0200851043361766,-0.0324278890145776
-0.0527587680300887,0.0112901319137564,-0.0240423998998734,-0.0277927305192126,-0.00124203258696529,-0.0379546331204469,0.0132958710418271,0.00511763378191,0.000540940788842967
0.125499757062871,0.0241614479995589,0.043827642904042,0.010108257548598,-0.00204975261037204,0.000200097531006253,-0.0201370924526561,-0.00121741779796667,-0.00171762460918291
0.0740823394881647,0.0722020914771674,0.0450655512965189,0.0605069236997817,0.00590356150840242,0.0394505294918315,0.00998098150660846,0.02408047967948,0.0314983125393784
0.0774373862716695,0.0266557157535598,0.0304446511009691,0.0446575197465128,0.0157738047039636,0.0548853989264111,0.0168684313362915,0.0217162090709522,0.00945952610011157
-0.0764132779467539,-0.0131490275756376,-0.0293044349097371,-0.0390138508314795,-0.00160877344128135,-0.0827564317986765,-0.0187020354897195,-0.00729287569327767,-0.00710019394112545
0.0260805730055065,-0.0154060283040381,-0.0174854419768276,0.0218392399913193,0.00242700164012061,0.0191590908319586,0.00815775229793921,1.87346628744422e-05,0.0136317116596283
0.0106747828325755,-0.00448161558444914,-0.00692286534403386,0.00590132998008083,0.00518060454257334,0.031255973359363,-0.000121979221263723,0.0129680236001426,0.0069009802562673
0.00839123138679049,-0.000758762136899392,0.00956073825725031,0.015127008275025,-0.0138364844690728,-0.00656269066708333,-0.00875632584485809,-0.016198426817967,-0.0101919805699237
0.0267583759930739,0.00636061617951259,-0.00380120641845955,-0.0128421836245871,-0.012562495992792,0.00983798752852426,-0.00265897083977352,-0.000968918293733044,-0.0229804996517014
-0.00854440434426008,-0.0433030916497483,-0.0272701121651207,0.00266443901998328,0.00543885993730321,0.0073586486659604,-0.007599210585324,-0.0121296546043863,-0.000210190534832587
-0.00661268093515207,-0.0225081010666156,-0.0270339454403946,-0.00994110621625243,0.00572715289941934,0.0248225424961891,-0.00268201527742158,0.00268661284950687,0.0112347037905045
-0.0083722757923412,0.0129639101031274,0.0205805656636594,0.0167032556574431,-0.00402398839263945,0.0265673416274573,0.00836599150497734,-0.0210379887550148,0.0115271966190041
0.00661354863499198,0.0197213108719592,0.00997553883113671,-0.0112767481282727,-0.00896089327289597,0.00841526598622358,-0.0133392562812848,0.0214491540707364,-0.00407849720913754
-0.0118615971469406,0.00557589344096926,-0.019806472585145,0.00257789075583112,0.00136689153318662,-0.0288961648985604,-0.00577890163702453,0.0163125069155165,-0.00468306989055586
0.0751448929695026,0.0373079978171305,0.0315449500719355,0.0358956022367858,-0.00220850457910644,0.0656217325390569,0.0101818391896931,0.0072161004031362,0.00512136629601773
-0.00359694939604341,-0.00540225899772746,0.00971741575708852,-0.0124201424557529,-5.08838605881563e-05,-0.0445625851794011,-0.0152349643852579,-0.0206531197652328,-0.0113012876810581
-0.0533221974144484,-0.015789730864147,-0.0124316198239609,-0.0202458194778007,-0.00494183587218515,-0.0402917081597685,0.00634062409144957,-0.00797496507512118,-0.000476996155834323
0.0235070023598204,-0.00300766341648852,-0.0110009434055033,0.00600383620208646,0.0206569447140323,0.0303762728194379,0.00773962041259787,-0.000912925058347585,0.0309596267506434
0.068450361161557,0.00739697299478664,0.0150891775042765,0.0196297288406668,0.00334886451663008,0.0404562927748314,0.00610360293575829,0.033031355088593,0.0184881806772451
-0.0119436945286732,0.00313907335305231,-0.015225974743863,0.0018268280517696,-0.00568411588367952,-0.038940964514894,0.00392346299474217,0.00553787899244289,-0.0109689357615955
-0.0233423324317885,0.0268172142590383,-0.0163399358335655,-0.0100117419838518,0.0063440802646348,-0.00994319065297531,-0.000280747552810899,-0.00380927855874562,-0.00231670232213671
0.0370174559945577,0.0273423593642177,0.0200138653675902,0.0229051891485387,0.00436451326363339,0.0556875247810951,-0.00416636818425165,0.0181201736936787,-0.00039660907970216
0.0947088516219606,0.0200284609705149,0.0237834455030863,0.00825823358743473,0.00284449450432038,0.125089179489877,-0.00175972540653501,0.00529597613332986,0.00820720328645486
-0.00655414723895249,-0.0119717485206582,-0.0152918699445015,-0.00923676845245345,-0.00415125869274084,-0.00722533960576337,-0.00790483572081948,-0.0153162074220005,-0.0144658887196149
0.0656056324590295,0.0447551587909706,0.0277431519616458,0.00420220083526141,0.000738565102031086,0.0611179037913848,0.0146956356768828,0.0369511180063877,0.0177153598735984
-0.0526931315289458,-0.0130445670723068,-0.0169022607516293,-0.00889729626805966,-0.000804383301216246,-0.0522143330419639,-0.00348040732202749,-0.0140821076472492,-0.0116206104631801
0.0263523803660198,0.00167933573802598,0.0209407051985708,0.0342195737657034,-0.00470516160499982,0.0099991101249417,0.00254153002212597,-0.00565592733398435,0.00214930600484319
0.0275496612122583,0.00253982832170322,0.00586825428777801,-0.00275507659364212,0.00373345567508893,0.0194793247943484,0.00235561081706438,0.00320549809924621,-0.0121421052885305
0.0169889935403999,0.0177500618390917,0.0151708946226867,-0.00837327203107951,-0.00300709016081517,-0.0107210961583613,0.00693714476456023,-0.0116056072535491,-0.00399352253583156
0.0200387035241995,0.00179833916809458,0.0109533891143139,-0.00660486495602068,0.00931099583928243,-0.0700021294398117,0.00874051660772629,0.00370821698459314,0.00705636346572282
-0.020675944690779,-0.00845579299612843,-0.00379287876079375,0.0205281126499328,-0.0156999291062628,-0.0243708825660955,-0.0177749340704214,0.00215876426629673,-0.0291359001291961
0.0312529234613604,0.0212417566666253,0.0214411085509221,0.00972045280208884,0.0138202906872133,0.0113752108290541,0.00435382479983625,0.00687461671567124,0.013738481175333
0.037393551467959,0.010237114387102,0.0202774005858137,0.0364473729819198,0.00938375366737521,0.0395136161724692,0.00573713260492016,0.0135725020682322,0.0308721626505967
0.0380732619785265,0.0373582360890874,-0.00717976475962138,0.0378661223899791,0.0255365483660351,-0.0259141199159143,0.0294240627608473,0.0639909820671981,0.0662529870472514
-0.0866311226742204,-0.00196844910683417,-0.0357525097414863,-0.0173825657467986,0.00026949412189977,-0.0515364461296768,0.00765069936955034,-0.0085450896366237,-0.0240878382669939
0.0346553402364195,-0.0135302366361379,-0.00216425571253536,0.0226468382050152,0.00686004962418633,0.0279198597310737,0.00726144274020271,-0.00794787806324151,0.0125919189908493
-0.0393505162872174,-0.00529298197322173,0.0102045351824571,-0.0114450848620513,-0.00953107356608241,-0.0451557816663879,-0.00336648590122877,0.0120859233848464,-0.00771608446728338
-0.00730683607414894,-0.0351231281660928,-0.00999769534177882,-0.0174175725228558,-0.0075889967590591,-0.0207752814248095,-0.00797529737851594,-0.0026456973112592,-0.011973127093393
0.0480925827109611,-0.0141147492240237,-0.00516423424931035,0.00585199407564025,0.00237047128169083,0.021458687877069,-0.00900062739906812,0.016283899125845,0.00306521921089486
-0.0185245913729721,-0.00628825902382069,-0.0124003944669152,-0.0122411732518348,-0.0161567036499343,-0.0386844338181162,-0.00126814289028102,-0.00714834589748283,-0.0202048351147995
-0.0817245021708807,-0.0419880994364234,-0.0340802804618455,-0.0470242768590396,-0.00667480314405376,-0.0427491783972333,-0.0155638791446689,-0.0228719820192017,-0.0151188389246748
0.000542016701514956,0.00760129044056753,0.00620424419398,0.0122226843584184,-0.00256761654154395,-0.0192843394332554,0.00484670046546814,0.00367809705641462,0.00146448545482265
-0.00140914917125557,0.0114989371885805,0.00201825735943381,-0.0201442888206166,0.0021289944209366,-0.0065019493377114,-0.00905861150565645,-0.00576276896500255,-0.00345600256275673
-0.0702200476788645,-0.0168777311708853,-0.0179446932740883,-0.0407391956158565,-0.0214842178901167,-0.0714019671945532,-0.00320253651646531,-0.0303202355668127,-0.0197056996363876
-0.00257411094272013,-0.0153774526218932,-0.029066269350855,0.0155299148567577,0.00256192220083312,-0.0273744535650787,0.0199612923723938,-0.00519590726570604,-0.0138413961993964
0.0111866856994943,0.00462823365549246,-0.0233948399521653,-0.0185849430977365,-0.00151679397091091,-0.00903457362537494,-9.90392063936146e-05,0.0137882861852413,0.0131681755798458
0.0189128484310536,-0.0138299961836508,-0.0103119983441641,-0.00553595479949211,0.0111654386282407,-0.00287970338503532,0.0183149414116497,-0.0125988534750708,0.0232647314734876
0.00340496368242743,0.0238238106667458,0.0130854127345061,-0.000165549033280708,0.0117766965392307,-0.00124291924625382,-0.00633920575227674,-0.00697885141675951,0.0192225184671815
0.0147933783089351,0.00674962435192351,0.0117839378220561,-0.0105952627600582,0.00740116115864132,0.0195176095521527,0.00184254304022505,0.00903489509793595,0.00975223927059468
0.0422603482601483,-0.0162381383410336,0.00520087483653146,0.0275250689210053,0.0133923431737218,0.00768899954224507,0.00665614411314475,0.0192607472565553,0.00983727127174957
-0.092865339377316,-0.0673755665618076,-0.0421023225032023,-0.0597335574652512,0.00876525318990569,-0.0787581647829628,-0.00674301742365199,-0.0222793912543389,-0.00632652782371842
-0.0819852597201082,-0.019053151420547,-0.0393974872863971,-0.0379239053269896,-0.0272948515938663,-0.0513064534122906,-0.0197486673712727,-0.0210035721527571,-0.0260657647435742
-0.0539908959945533,-0.00928126879393962,-0.0181924323453109,-0.0304132066742187,-0.0192770914892757,-0.0290358107788524,-0.0194443795808551,-0.0515080655253396,-0.0198293612880746
-0.00673047756753251,-0.0296418452677198,-0.0340420716085623,0.00430957921223344,-0.0131169540426309,0.00152754634230737,-0.0144351561309775,-0.0118719467933999,-0.0148973233756146
0.11219836799688,-0.0155597167643024,0.0123642551442093,0.0326215964029784,0.00566878287252786,0.0740806868787923,0.0351833608441658,0.0244977656530169,0.0147328481912107
-0.108995153575368,0.000831916919709687,-0.0371738181538717,-0.0357620515480387,-0.0118652691782644,-0.0729059067465852,-0.0256259576553569,-0.031968421034098,-0.013810898445779
-0.0196496740052825,-0.0120547262600052,-0.0332092206816975,-0.0289497649995355,-0.011043474022254,-0.0161826531857481,-0.0134561960883452,0.00222528867653009,-0.0014093504892985
0.0179176197079216,-0.0350203773584774,-0.0385457873322123,0.00483215334735898,0.00749973365722343,0.0129857602913572,-0.0140768550159694,-0.0191308285225395,-0.00205638290380648
-0.0361704261886407,0.00305144403163283,-0.0068566629247713,-0.00156412322228504,-0.00291168705761174,-0.0170607611207446,0.00139574343354987,0.000313599286397065,0.00503487542123312
0.0345675456794313,0.0224567485364673,0.029134459090788,0.00252234822782381,0.00242893190371291,0.0121041462645338,-0.00508169154427123,-0.0171297536439283,-0.00348648088887794
-0.0074286751552226,0.0242561697746036,0.0293348211022436,0.0192802673104388,0.00331904341492182,-0.0155127838178599,0.0130227389506277,0.00344227807702074,0.00858663127455193
0.0622957594914556,0.0373089853865388,0.023969990679135,0.0889319120847442,0.0144475759927871,0.0757796319348045,0.0292720078903936,0.0618726966719876,0.0293819484614611
-0.0876150402653635,-0.0649159258465684,-0.0628096895202301,-0.049380336301754,-0.0160859333190045,-0.056132516604884,-0.0146856403125476,-0.0172853803049903,-0.0267672732573696
0.0319546858242949,0.0330414373321488,0.0175561102442073,0.0274136668946547,-0.000878495986698997,-0.00494134309256549,-0.00225794443696669,0.00782919397284744,-0.00578280873275555
-0.061932405847918,-0.021747712501933,-0.0456056136691629,-0.0418629909494336,-0.00300562767028899,-0.0390449272853527,-0.022938562383489,-0.00825398890404153,-0.00201173501969594
-0.0387586755262415,-0.00285257268496312,0.000415791132020425,-0.0190238973966735,-0.00214030254692745,-0.0466502202506278,-0.00717944402925964,0.0117244310139709,0.00582899248027346
0.0315693576001193,0.0215613917677072,-0.000872208959916861,0.0347030837993945,0.0100575480040703,0.00867720715579297,0.0309026771073654,0.0221649708484068,0.0399271185153735
-0.0328608893054203,-0.0159473551587457,-0.0314901473014677,-0.0174257559533722,-0.00864407410321815,-0.0231827624984829,-0.0140907629838359,-0.0106189008349691,-0.002696602488667
0.00196048050459894,0.0133866664995615,-0.00372519847625364,0.0346628905393945,0.00233210071508055,0.0360198222187942,0.012921286121047,0.02620113266974,0.0236017383034717
-0.0756080021323536,-0.0413263972403546,-0.0643266033476178,-0.0568358204302273,0.00267087349717617,-0.0744090515035742,-0.00126688608240656,-0.00906901588110043,-0.00373661586812655
0.0434167612535651,0.053848835419949,0.0557761352777006,0.0519320700576131,0.0139323620158623,0.0429254414671027,0.000825265712614872,0.00621315447158658,0.035640356780241
-0.0364970971058942,0.00342951422988742,-0.0267721709543855,0.0107297150720872,0.000200259547405732,-0.0242880895649959,-0.00551539850853511,-0.00474379067985178,0.00123692698289684
0.13847229073063,0.0635836442540361,0.0632058220878669,0.0595231517967724,-0.00379771009053028,0.0970815507749124,0.0245681355046641,0.0177735660033572,0.0204419180655064
0.0410222920593301,0.00684864655571822,0.00594196217108018,0.0236640349980496,0.00769544735628058,0.0201783330053222,-0.0151495069087129,0.0156751963525885,0.00613757545300215
-0.0459402886426188,-0.043581109186982,-0.0500811231102103,-0.00543999727523814,0.0067594165960781,-0.00395857805569215,0.00812529169833061,-0.0173401009980579,0.00480473102104392
-0.0235647564227321,-0.0259321174632626,-0.0427480508481041,0.00768964338853188,-0.00719843507115178,-0.0320010325320905,-0.0126174003338917,-0.0036981450198874,0.00238646794582209
0.0117027588030713,0.033073381431982,0.00735181641215736,-0.0209743449294011,-0.00589387689220779,0.0163885922397842,-0.0033105205386964,0.00467974253575755,-0.00255499792414813
-0.0148792060409188,-0.0245460987841071,-0.0456188934627866,-0.00440574134371031,-0.00598103114434159,-0.0312238968731139,0.00501003906017386,0.0209567340636584,-0.00775240012517798
-0.0425737041496508,0.0236414614928663,0.00099061089363965,-0.000100253513568758,-0.00133893902294902,-0.0253234312516561,-0.00090041702232853,-0.0013276854833914,0.00222207236674535
-0.0130186493596983,0.00465564276941342,-0.00319016604593659,0.00672222666112643,0.010417211832843,-0.0181904336436139,0.012255724386864,0.00872961009242754,0.0131142583224264
0.0289718784879796,-0.027725698389572,-0.0258705294272697,-0.000967972808191712,-0.0045672349751111,0.0275691760887706,-0.00976227135752452,0.0114434601593329,-0.00533963479003867
0.011372969030383,0.0253629638610815,-0.00793515756208701,0.00872745123945985,0.00266610694447212,0.0082253816759226,0.0148646363517418,0.0238604866590645,0.0170979087889496
0.0280164620444071,0.0104163879259711,0.0121185026462112,0.0141904585824895,7.38802634508652e-05,0.00819675602373486,0.00152517739867897,-0.0134014480245135,0.00442431139226418
0.0102262718348554,0.0131569859439676,0.00834753249659849,0.0296081171359356,0.0173898329937778,0.0314815203872835,0.00396208124178091,0.0532773308595062,0.0295456704629519
0.0121416420971266,0.00582412441859736,0.00498123014706724,0.0746525280528967,0.0163708080009192,-0.018372637206187,0.0279343864530413,0.0346675166539192,0.0182634385093863
0.0144085172686493,0.017277820956999,-0.00710122917023529,-0.0218658595594638,-0.0113979205447287,0.00768057030958686,-0.0382900438043734,-0.0111178053937207,0.0044490269656165
-0.0142972343141237,0.00409180026514786,0.00495665174004562,0.0128752456561748,-0.0146946308380652,-0.0162963433539407,0.0115276902538266,0.00979287673567489,-0.0125947937538701
-0.0153848932927747,-0.0176964230799373,0.00318861176492119,-0.00426831916103966,-0.0161204967379036,-0.0317131943376517,-0.0164116387000546,-0.00598843452898691,-0.0211937292761978
0.00305368861938002,-0.00880417148763484,-0.00213382328351138,-0.00659804818046975,-0.00351699925084842,0.00514638535806848,-0.000755040025597803,-0.00329550302710989,-0.0130034878130439
-0.0708814608607685,-0.0157125154514511,-0.0319426518735369,-0.0155153515438301,-0.00524059483549666,-0.052641521121158,-0.0018582930712436,-0.0188132100605949,-0.0184931665876837
0.0193333278740112,-0.0138554920924873,0.00475478936803195,0.0140489092612836,0.0041663786345329,0.0147954431681702,0.0149995887398837,-0.0047472107840772,0.0134040454120011
-0.00108098472042908,-0.0220275246647877,0.00981514009741387,0.00126387502970254,-0.00443310937766549,0.00701018434924318,-0.00184621547752044,-0.00133438091196702,-0.0177995626758699
-0.0946564516594911,0.0211661147685109,-0.0597467746239776,-0.048808831059278,-0.00311148311466824,-0.0380396521063118,-0.0168051632839243,-0.0251808087747197,-0.00332858441028046
0.0181572246937211,-0.00632820743488325,-0.0162495597739237,-0.0221841046543079,-0.0134295378377413,-0.0201094828204349,-0.00898343299003056,0.0174154651594766,0.0068793714300843
-0.0620366073062648,-0.041505264447048,-0.0200917840565975,-0.0583466863338312,-0.00591393166853577,-0.10758459685819,-0.0073112240231495,-0.0179100692860264,-0.0192626843573759
-0.0135718671151744,-0.00350629234317878,-0.0106691941828531,0.0151074668796441,0.00432481574376114,0.020837118976112,0.0088093838438204,-0.00219545103928598,-0.000432123722017046
0.0198273483149291,0.0229112314737795,0.0195700694245216,-0.0114729550389733,-0.00375352084583047,-0.00371880259447688,-0.00275338764706487,-0.00401394848145294,0.00604851122524617
0.00717422428582477,-0.00871723095121523,-0.0116885939042623,-0.0109105649347153,-0.0141661410360801,-0.0157599217309308,-0.0334885352460991,0.00312971242043109,-0.0178678216858899
0.0898127501830193,0.0420358702545066,0.0507620817235847,0.0216434725749152,0.00509055139569164,0.0709031846813312,0.0207522333020878,0.0209608881526998,0.0173758855307663
0.0274247758658876,0.0141034913113469,0.00464585925277053,0.00731094064168844,-0.00768745393756521,0.00413247737872073,0.00130261457648848,0.0241770985565439,0.00554123793824675
0.0634696515314701,0.0395573993229384,0.051499271981383,-0.0131238435964992,0.00825828689368668,0.03479545328782,0.0157594787182267,0.00259019648562805,0.00831536957100954
-0.0282629872571463,-0.00298853389612673,0.000940964509294968,-0.016360879466438,0.00632535424247682,0.00906719162666298,0.0163109875848893,3.85784180750946e-05,-0.00719335698635137
0.0166174316268425,0.0103154145747948,-0.0201629946537795,-0.0135467331754565,0.000881325516660385,0.00231667420222798,-0.0191727476919113,0.0159585511231328,-0.000384652989171896
-0.0476397360560667,0.00704297730516968,0.00180222238216066,0.0114173196310508,0.00966097690261777,-0.0243119542763201,0.00331071686752215,0.0178506394026984,-0.0127171877801715
0.00974235177243533,0.00265319420777166,-0.0046020504344168,-0.00801054420950648,0.00127479625781894,0.00947252051751264,0.000598858863875134,0.00718052555632882,-0.00641319728024887
-0.0828333363537097,-0.00277021154526799,-0.0342770481926869,-0.0308530971607917,0.00291534544766204,-0.0700054876189385,0.00121719121235437,-0.0159453737047948,-0.0189353183744771
-0.00551418409450481,-0.0013964862465431,-0.00673661132059246,-0.0092865799568985,-0.0177831097121425,-0.0183187959539245,-0.0034390287422806,0.00261228747282373,-0.00373160686822342
-0.0237445692810559,-0.0351326447433012,-0.0131726454632945,-0.0379965483599674,-0.000956378606817983,-0.0285140845279324,-0.0082110754598442,-0.0430970387331054,-0.0229589277843631
-0.0571309138201901,0.0028179582641637,-0.0330821296619267,-0.0185988243845958,-0.00600340587546961,-0.0672306029657901,-0.0102671292686803,-0.0113604792559057,-0.00461507694803954
0.0404931187543905,-0.0102341810824081,-0.0205171136304037,0.00325175958444898,-0.015218469157585,0.0236512765181164,-0.0192225463140877,-0.017367572758644,-0.0107201258739185
-0.00809165980937084,-0.00158045953308565,-0.031601844544782,0.0156975279662296,-0.00751557579319789,-0.0180859617604804,0.000918319523704969,-0.00182248782795548,-0.00489759808590077
0.0270798970326918,-0.0227108831493639,-0.00149233804813769,0.0316060137560061,0.00369290213805397,0.0411920135245774,0.0100579078078656,0.00362885552468033,0.00373350585390209
-0.0424036925859802,-0.00467606949297623,-0.0124302332648529,-0.0259502529233899,-0.00670486219571582,-0.0382364970057237,-0.0223300642007825,-0.00542486972321381,-0.00935074291861237
-0.0309043355281997,-0.0172004859075407,-0.0326613831068475,-0.00511032257447441,-0.00991891481056152,0.016164056572293,-0.00365960346993721,-0.0108730788613446,-0.0153474027310784
0.05950261878996,-0.00683419486366051,0.0120889456241439,0.0215140922841737,0.00822064081790583,0.0587315022012343,-0.00186116992648507,-0.000411200436734135,0.00933451666020325
-0.0639585160339374,-0.0292284582802326,-0.0341967705537989,-0.0345290680195102,0.00563725343657073,-0.0499711622237655,0.0213204568979029,0.00885379197761605,0.0101299629777074
-0.0596333472057448,-0.000545614345790706,0.00266307176000614,-0.0312832036432275,0.0135295763863449,-0.0650123384017861,-0.0279901817554719,-0.0174988002427647,-0.0065990727288181
0.00485205146627429,-0.00912815701622379,-0.0130945660312295,0.00647666745079168,0.00846135646469082,-0.0310278438800695,0.011357380799069,0.0314303967936525,0.00685544021812318
-0.0100812620812467,-0.01672515332568,-0.0179686015229786,-0.0228558239164483,-0.0068505595511803,0.00382806489034611,-0.00776028054221386,-0.00424744699384335,-0.0120867728735434
-0.0946113362258205,-0.038048935932386,-0.023653207147734,0.0197395147670848,-0.015003204727855,-0.0693070485697842,-0.0300075728734982,0.00509785522811597,-0.0210325301111202
0.00549899672614637,0.0202229413010397,-0.0172098507569691,-0.0198047772453719,0.00737261708655963,-0.0054096464457041,-0.00060861389077347,0.00873956910940152,0.0048716790359848
-0.101368181958171,-0.0614821088657354,-0.0526704006274578,-0.0581864263947738,-0.0138533324221224,-0.091381285195721,-0.0221940679817578,-0.0216788256333971,-0.0157719979763348
0.0169161593550544,-0.00628217018134836,0.00945424922427009,0.0161033497997723,0.000733204635805036,0.0322094046173769,0.00460051779930544,0.00558082819851279,0.000748339572947003
0.00224721504615664,-0.00612848062055993,-0.0402998395390384,-0.0221240429403945,0.000959468848652301,-0.0371147400785303,-0.00843289915982813,0.00384112616706441,-0.00354363184562117
-0.0430924324917814,0.00837450848270265,-0.0286032044139017,-0.0397018044268384,-0.00297354488739486,-0.0802314388617506,0.00574179799958528,-0.00963347614987866,-0.0113722863388716
-0.0238086711842744,-0.0106976350549981,0.00723628693702785,0.0250915744852001,0.00273512619835929,0.00866618329078161,-0.00529706154356265,0.00614277799773385,0.00640171454236516
-0.0227658761129403,0.00898807063644582,0.00899373647026551,0.0230871873570063,0.00326910091541209,0.01366604843563,0.016036026114539,0.0107659377763504,0.00433746316531418
0.0498339776801407,0.0153316946592981,0.0121338595398641,0.0291975105223898,0.0131956417383278,0.0332740444743429,0.0266280093342616,0.0233441452054984,0.0204883421648313
-0.0245916791651661,-0.0147265673052889,-0.000258354402186182,-0.0180363982824312,0.00177281802537489,-0.00682741430338457,0.00659094882608057,-0.00340571871047725,-0.0163479488341057
0.0225388532805263,0.0166695627937102,0.0206962132508749,0.010102810951811,-8.79921256817922e-05,0.0169935096864457,0.00757748113471747,0.00153595293679561,0.0111053418394079
0.00468005614172052,0.00290356178091158,0.0114717251821686,-0.00732778294224722,2.06625989334279e-05,0.0201873095433951,-0.00670434668452867,-0.00687182727098141,-0.000824394355502783
0.0207054073290818,0.0125426008901809,-0.0038914660330226,-0.000245052819811744,0.00300458575034971,0.00122884636829056,-0.0141668072015216,0.00334160305204094,-0.000693184873786973
0.0360971491514841,-0.0112371293170458,0.00375738143177891,0.0024865199829436,0.00178213565555645,0.0395430819277203,0.0036202424408104,-0.0219751712970659,-0.00447402291144068
-0.0228865630573854,0.00545651235329994,-0.0108276340073235,-0.0180311389269445,0.00200465097459316,-0.027386322527562,0.00287603815467693,0.00667528348511365,0.00346962812174323
0.0192556195487064,0.0137710488982108,-0.00333651504039022,0.00215880332606929,0.00833744150498759,0.0129640244929738,-0.00245019448497991,0.00832400378836498,0.0130277430718398
-0.0284315477463957,-0.00215235019275533,-0.0289926978584026,0.000381559863179948,-0.00382370069817594,-0.0325570427976542,-0.00209224354877855,0.0198432902125779,-0.00762093106764322
-0.0229982767088187,-0.0125650637402556,-0.00714698710904308,-0.00553933871209435,-0.00526995731393038,-0.0286747596615337,0.00318935602746535,-0.00177512491751301,-0.00610585081998815
-0.0203721783434075,0.0143214903636589,0.00222643746279564,0.0121201777948905,0.00774328466361268,-0.0176130740696495,-0.0026929616921292,-0.00230885883133418,0.00861999744897633
0.0290467519400824,0.0239953524708821,0.0141984605423131,0.057021237421167,0.0157108956680934,0.0532339431604492,0.0130438142034886,0.0381699939782969,0.00917213344236346
0.0488034921644171,0.0376720050536665,0.0328068458003024,0.0310448071286049,0.00116934832590836,0.028522288815862,0.00166486805171807,-0.00272298744031543,0.0271236565145846
0.0177587820371063,0.0149454898408076,0.0185700962368911,0.0210878763092672,0.00559698405182655,0.0132647774475573,-0.0026485881302622,0.0267080749479951,0.0155974106559552
-0.027322285926418,-0.00193836799148109,0.0175722713123668,-0.0155659787093083,0.00392969212640538,-0.0646541543174316,-0.00214133865251164,-0.0105061934825977,-0.00606610774972828
0.00806870678026482,0.00711071722010485,-0.0055342376486518,0.0234083931569167,0.00365553688377028,-0.00876843146531352,0.0136661479100711,-0.0210102535649105,0.000513045378813833
-0.104915046731649,-0.0366086504276839,-0.0295060242172588,-0.0727426195942213,0.00110023537599669,-0.0984696681685557,-0.00721629662417904,-0.0214353661306096,-0.0186311050981557
0.018226848837035,-0.0129339874040885,-0.00118814279265433,-0.00692333810925955,-0.0108047852182336,-0.0168168093271072,0.00366910777638005,0.0148554941136175,0.00838627149957729
-0.0130943568142812,-0.0179584421132779,0.00250255917261549,0.0223621707419674,-0.00752351789104994,-0.0246692020216069,-0.00631165539371666,-0.0085491052149631,-0.00904186974819255
-0.00663726899783232,-0.0287474146058148,0.0022234241024193,0.00396131008052266,0.0100268191919023,-0.00291638874035777,-0.00360812891983498,-0.000324046961934615,-0.00451247967938939
0.0178751084719141,-0.00316901318750356,0.0155580219748029,0.00835671702680811,-0.0130917623667587,0.0086799226630656,0.00373658731168816,-0.0114321892087052,0.00176379015193125
-0.0353758686221437,-0.0178034174687493,-0.00914331856837776,0.00127584981778584,0.0187214826459175,0.033636527917013,0.00691476727096218,0.00965066171446848,-0.00457572232222918
0.0643894595716357,0.00905304922566113,0.0219227060872853,0.0139759323915822,0.00400525314899673,0.0422299627896445,-0.00976165639083098,0.0187741131403288,0.01164597035926
-0.0463592060851694,-0.0356076475870823,-0.0045131021445754,-0.0130224361949391,-0.000155630063255038,-0.0470331799357563,-0.0198019085540352,-0.0129108518923995,-0.00202855439029583
0.0523514005379335,0.0293794443389567,0.0259625229342685,0.0340280347255267,0.00596057754964201,0.0363550982632311,0.0128015669868813,0.0220927883066018,-0.00273222439814955
-0.032100952221723,-0.0115695497194029,-0.00710774516744101,-0.0257775672694314,0.00669541212370873,-0.0741625033134424,0.00965066185349398,0.00656013538721125,0.00334062186604384
0.00669458343943484,0.00837664591910167,-0.00531781615028239,0.0421802506470578,0.0154468611754047,0.0249691301635205,0.0156860381940735,0.0127882881087704,0.0280371028937864
-0.0640068036516548,-0.0193101499114683,-0.00172928444102157,-0.013920060297286,-0.00513033893724951,-0.0481564425432831,-0.0164505138070656,-0.0243099938821048,-0.0212077248402488
0.0454241794256579,0.0198129634503716,0.0122042782042745,0.0188027663675074,0.00289952481212157,-0.00486646156127753,0.00719819124280565,0.0226228411314946,0.00872686451602852
-0.0256858770888576,-0.012211578707547,-0.0144847351924393,-0.0190875938412561,0.00414810208678765,-0.0327256439682207,0.0135133874951816,0.00799558862282121,0.0140512459901984
0.0190845711199487,0.0335976588575733,0.0192735469356037,-0.0157627944397681,-0.00356856583958816,-0.0213934852178484,0.0190590440369672,0.0211870267547234,0.00072638639140432
-0.0160460897735057,-0.0173874864833462,-0.00851399487463284,0.0103573468281656,-0.00475721812725885,-0.00827143084442271,-0.0120440530900433,-0.0109434264020263,-0.00653885878746359
0.094787287004716,0.0272944753265602,0.0319552908289228,0.0183467045749333,0.00547560320628317,0.0773192460242673,-0.00273796223725666,-0.0103523088157262,0.0137803181601036
-0.0638109794409091,-0.0393670344768137,-0.0252565071483986,-0.0539513958853813,-0.00369165063838347,-0.0443900062779302,-0.00882536123039489,-0.0225235259766633,-0.0329249774570041
0.0243436318000695,-0.000632476170970257,-0.00249572135179623,0.0107756920285662,-0.00817273308111527,-0.00412165386315882,0.0118276571244596,0.00678554861192647,-0.00525125769838532
0.106856056559437,0.0558660999093907,0.038333844997553,0.0352121481051932,0.0255078363114853,0.0541629667385679,0.0250510730374929,0.035263226379269,0.0365646530243128
0.0744707548575737,0.0122227596712798,0.0235745106544294,0.029037710679764,0.0144368822421943,0.0625879277784024,0.0198979817564652,0.00583791546751671,0.0255093155485227
0.0326426355155557,-0.00757171035807861,-0.00741207329690494,-0.00814733188199849,0.00141389720787287,0.00181402511484904,-0.00307373590970356,0.00206410180888959,0.000557764578314157
-0.152270674316466,-0.0659562189564288,-0.0463442019022654,-0.0877669800723558,-0.00788037913695725,-0.135761154046511,0.00379519899699367,-0.057902657215592,-0.0243388692682945
0.104965408336664,0.029689605600969,0.0367446394942003,0.0285431642409795,0.0169485375060052,0.0471085855025405,0.0300723361348875,0.0319504196278213,0.0334490191667159
-0.00903145240710565,-0.00219417696595946,-0.00546010784085734,0.00511146505470368,0.000249967079151734,-7.72103224085229e-05,0.00355839288116992,-0.0135303611446939,-0.00293324511533419
0.0551991251930724,0.0452677343726431,0.0184310958621055,-0.00579538002849684,-0.00648572252843813,0.0266302235225267,0.00286706368142533,-0.00295413239093286,-0.00924568178094223
-0.0117570996023871,-0.0103574859135125,-0.00123479766273832,-0.0246888953180375,0.00629497405050299,-0.0376546957435995,0.00375805924852409,-3.6587212968692e-05,0.01053387107892
-0.028579615269538,-0.00229965493440443,-0.0291394122426753,0.00263557434534248,-0.0130725197663773,-0.0162139845792176,-0.00630859423679908,0.00127093629717361,-0.00913642269672231
-0.00157729932874047,-0.00811833379796449,0.00476994118637795,0.00888318838505683,-0.00465824179149896,-0.000189513011928629,0.00167051191896149,-0.000379966575157317,-0.00654996553562862
0.0116040793265742,-0.00371010630762627,0.0062439191071494,-0.01520047423236,0.00441983229284955,0.0016983423327124,-0.00658449266387123,0.00619318161269487,0.00805842299000626
0.0787804526761908,0.0305040130040269,0.0518965870840387,0.0256637719099855,6.73344887116081e-05,0.0343181107866849,0.00604588982224152,0.0310529072000724,0.0105091714187239
-0.0737217370839499,-0.0308354768494463,-0.00485826815731071,-0.00336483273683693,0.00288294903836259,-0.0376545430819985,-0.00345002175224317,0.00519803306107812,-0.00654590571727009
0.00584350193304151,0.00619339498899519,-0.00274121485044775,-0.0313348651766502,-0.00522309940323151,-0.00590744235140589,-0.00846446487993598,-0.00721174599274565,-0.0138233600062099
-0.0472956332372336,-0.0341011311496724,-0.04067332985725,-0.0188777314601032,0.00109582917528963,-0.0157267914431906,0.0263267229551771,-0.0206205188153877,0.0161029818473114
-0.0182160800149527,-0.0160457203024918,-0.00807875816966666,-0.00989750699135055,-0.00470199646514595,-0.049333160620735,-0.0140064468076726,-0.0145370730236983,-0.00539234278827696
-0.0192639931209237,-0.0273019488036015,-0.00193636418946079,-0.00305186894423481,-0.0188019530599909,-0.0321277563786374,-0.0330666134586825,-0.0330380564056709,-0.0259566743906579
-0.0543950048827775,-0.0337792682684919,-0.0271843705629744,0.0352038144162713,-0.00334356535290295,-0.0358751819724297,-0.0161285919438545,0.00484038058012763,-0.0162280960600849
0.0633761647014834,0.0306554946612642,0.0105988329677773,0.0117350610983411,-0.018789894520731,0.0375583052038658,0.0044684940717919,0.0151106910908815,-0.00926251680597257
0.0730712510540927,0.04309520220693,0.0237204427886731,0.0303622380842197,0.0179096436175444,0.0230976644874547,0.0397789848113463,0.0253009368756374,0.0454217317820241
0.00553366296036354,0.0223683452187683,0.00491651360307071,-0.0140311455353643,0.00669210808130331,-0.0232249739137606,0.00284309798422119,0.0108294758435763,0.0057690804616617
0.0144848413048119,0.0045324656242508,0.0196312881236861,0.0148444563198513,-0.00713201508923339,-0.0097450831101111,-0.00648499689729716,-0.00666079871044018,0.00811302193489373
-0.0731986183842917,-0.0257327209901675,-0.0172110482194725,-0.0455362049297171,0.00131153271722555,-0.0688868113402103,-0.00708761781584933,-0.0160558466628257,-0.00919243035894568
-0.00797282240504115,-0.0212104949038804,-0.00294755468296047,-0.0157455285996956,0.0120879076543442,0.0175968293760586,-0.00114300784585804,-0.0196887550157413,-0.000289310246701555
-0.0329689789017748,0.0142120029466324,-0.0322608601643785,-0.00715910579747996,0.00203639112817188,-0.0477100946498256,7.22098228673703e-05,0.000797865874542088,-0.0140878853297345
-0.0426772198567397,-0.0320769303296423,0.0174001085079851,-0.0134998415102428,-0.0146033883200399,-0.0177363619163687,-0.0345061405951487,-0.0344840005346841,-0.00844400953363052
-0.00901842807528296,0.00694525233258483,0.0276267679668226,0.0145276998489629,0.00282469472008137,-0.00324473614778362,-0.00107509385849758,-0.000949243360690278,0.000160690490371163
-0.0582447092282168,0.0195581888130633,-0.0336435689662754,-0.0277026139740317,0.000579255132178654,-0.0373284861953741,0.000172702550593568,-0.00937237465791627,-0.0132312507475725
0.0873412942488883,0.0475346589722289,0.0274315508036987,0.0232709841914678,0.0161867377397005,0.0641696898403957,0.00355820002555407,0.0292223394592766,0.0297931627215437
0.0273219343902448,0.0193101785345997,0.0172203100745064,-0.0190552827333423,0.00963465920296728,-0.0305257590581594,0.00356909275429031,0.0166370041642098,0.0160452376335253
0.0545681229030511,0.0390885652041488,0.0500909605221517,-0.00101737084217543,-0.0199490219239486,-0.001465326978398,-0.0134022449928881,-0.00192485572051798,0.00270836650372548
0.0188560564460498,0.0119852282143336,0.0388842303420262,0.0241599531662045,0.00882151688213266,0.010836161558002,-0.00559549587024398,0.0019858815998874,-0.00697755644445743
-0.0288484580612174,0.00822530998652279,-0.0241960690712937,0.00744855186808219,0.00510609974264747,-0.0640756815981489,-0.00314050415552588,0.000718722301802727,-9.08356566061796e-06
0.022687714532998,-0.00881813714622521,0.00352804054238633,0.0311046789301896,0.0143610351507887,0.0261136906767387,0.0268084829038236,0.0401294688407163,0.0263303259361935
-0.0308859295879027,-0.0159207061362019,-0.0183451588903232,-0.0135274882737857,0.00472947882671085,-0.0271970377899752,-0.0047348733910426,-0.0309007889587547,6.93677930755477e-05
-0.0945067225061553,-0.0594465591077788,-0.0240565109446035,-0.0330218047547923,0.000118208596343844,-0.0116462807739435,-0.0112934591208639,-0.00511476871349141,-0.0236174791639143
-0.0130071482737945,0.0137412213851082,0.00777552897158955,-0.0118499978994644,0.000796326998380145,-0.0225196258014738,0.00100215289018059,0.0114693281992155,0.00501305197240128
0.00705586304855868,-0.0115014720613767,-0.00434522842604431,-0.0309602467858053,-0.0235242087787097,-0.0285618476268126,-0.0161740848039785,-0.0312711079804019,-0.0492395926008236
-0.0477471963962527,-0.00108895976787729,-0.0133128032328846,-0.0274651349989457,0.00664121938398439,-0.0308382922417692,-0.00878335855303434,-0.00668820028321345,-0.00847912213039505
0.0241984916788492,0.0264390580505843,-0.000447005717884743,-0.0160484663328304,0.0132897412383513,0.00538017490946834,0.00668429498242397,0.00937642744666579,0.010698476044568
0.00172389368123892,0.0179862487866587,-0.0120504776385964,0.0479489265942148,0.0166478649662348,-0.0031779998803872,0.0249509174819877,0.00576096184193877,0.0350594536386462
-0.0661665055267915,-0.0199993606748201,-0.0158910693239138,0.0017782255221637,-0.0182865427722441,-0.0271705154008599,-0.0207695589596114,-0.0112354309789107,-0.00992243381846512
0.00352337415114008,-0.00322903289063295,0.00195083738078233,0.0155165641785549,-0.013193074083874,0.0114720033150647,0.000853421479847629,0.0205244071114991,0.00397248963205859
0.0488036227272812,-0.0094425770837379,0.00424468818926178,-0.00239644506319975,0.000645711756586713,0.018029433773362,-0.00603928519799953,0.0163884277921881,-0.000827770115340685
-0.0639823049733907,-0.0732897652850833,-0.037382383385671,0.0131113948625305,0.00366203721715153,-0.0491625905996673,-0.000379352837069738,-0.0108835456512491,0.00450484402513147
-0.0291704967719414,-0.00279811000706417,-0.021471956332086,-0.00375479940742757,-0.00019000356924047,-0.00427092369189905,-0.00239404696779652,-0.00955298896237418,0.00252542375119276
0.0368594459487604,0.00546437643949318,-0.00746031943725428,-0.00542456840724155,0.00406881473936097,0.0232042076661334,0.0196937221589496,0.0110778180594451,0.00192145756971858
-0.0921235318411991,-0.0537456333964452,-0.0267634543161698,-0.0499266557059752,-0.0190375313551317,-0.0548873784104502,-0.0508915505956987,-0.0108432149492258,-0.0225012848837041
0.0325074908570683,0.0109891144536074,0.017883407190119,0.0261938010452781,-0.00448829589732946,-7.00234680445699e-05,0.00243817967767303,0.0138824293939303,-0.00436074529272467
0.036637112001103,0.0358327699887904,0.0104671247405977,0.0187928085592783,0.00251347809209697,0.0263096022050944,-0.00051471001743132,0.0346197700838367,0.0164408175655054
0.0500084612024977,-0.0143407866634049,0.00350929563849112,0.0168159462166486,0.00211606952436251,0.0306452660837238,0.00312827436420139,0.000114741433396098,0.0121151139390448
0.00545800678706667,0.0131118758332548,0.012330319925128,0.0338946590056604,-0.000830903524592963,0.024542387271623,-0.00661036932915601,0.00856868568167693,0.00508899839419103
-0.00520218324956525,0.00966168108767819,-0.00579136848681837,-0.010283004040555,-0.00182786278203223,0.00573897463615334,-0.00523500749128552,-0.0181185905738509,-0.0220391535944075
0.0460151790919618,0.0330441908475424,0.0208908306147058,0.0366308445398844,0.00746279848942811,0.0581796673755368,-0.00651741905722576,0.00343186646255835,0.0121454763563833
0.0401282000793545,-0.0110003607424661,-0.00183776809776785,0.000489227241836539,0.0010894894469405,0.0515323854330769,-0.0131973246249742,-0.0264905176594599,-0.0115788029508147
-0.0168898912069967,-0.0188714845735019,-0.0221298094946661,-0.0314781073691395,-0.00610589333114842,-0.0359920701063149,-0.00483106809728703,-0.0118613053803309,-0.0110114063981157
0.0232419367173291,0.00882651561293583,0.0497415830635851,0.0493130753678244,-3.94477229920652e-05,0.0253581997521031,-0.00784659079476311,-0.000303703273205103,0.00807618658095551
-0.0313708024177029,-0.0458263913025304,-0.0220285687882854,-0.0264733824235731,-0.00932915715044906,-0.0527547102513731,-0.0234150861826745,-0.0203153351994938,-0.00955940812408778
0.037036823165802,-0.0119834120994109,-0.00839694629651105,0.0196719888950746,0.00870450173166548,0.0304884276332033,0.00136191932061968,0.0135311951223565,0.00630647514151116
-0.0327289868626447,0.00312033161236237,-0.0128343142945945,0.00277251020189106,-0.00609142103651208,-0.0442885907371819,-0.0152857227889146,0.00486918666007134,0.00562939537598101
-0.0205844951725454,0.0139261826000165,-0.01081117748021,0.0220514261316422,-0.0103294560388062,0.0140659286321873,0.00255666153370461,0.021540840512104,-0.0112209620854776
-0.0629879667779702,-0.0265800345983335,-0.0236661488462685,-0.0384960378951117,-0.00606607508053295,-0.0496302670434164,-0.00212488348542902,-0.0221054483640719,-0.00561585071531985
0.0524014827587617,0.0173515530685512,0.0127576368317993,-0.0209339283048102,0.0100808431516977,0.0570562320765294,0.0135574328514519,-0.00136263695483644,-0.000137343239278682
-0.05532982681326,-0.00803134777539406,-0.0139844934876416,0.00549367788042396,0.00934229628047381,-0.0359927062696641,0.00601400788310698,-0.00683175606963905,0.0069171696919335
0.0141340849113301,0.0122540538257136,-0.00325990083575035,0.0239141205374759,0.00133169537892184,-0.0418422873755624,0.0180562265780242,0.0246658880632391,0.0126563161564816
0.0746265877815655,0.0503029697170353,0.024293523709046,0.0135445176762691,0.00104037880237682,0.0572243725822224,0.0036302427110631,0.00482465077715845,0.0198985914140393
0.0199200327130423,0.00803851362174425,-0.016937043771336,0.0328997199119836,-0.00755123016336721,0.0376593771691735,0.00671992876279045,0.00451589001341393,0.0105518049365097
0.00841693658102967,0.00807455609980577,0.00365138623007955,-0.000752667295423408,-0.00638871565375097,-0.021904010207709,-0.0168816246528715,0.013902973862451,0.00386629432261616
-0.0587446990342708,-0.048100374040818,-0.0406025107090514,-0.0530965847323359,0.0028491792285055,-0.0641784290963602,0.0102115462070289,-0.0336294700990173,-0.0183381575275889
-0.00190698113614807,-0.0195492801136458,0.00624470836012099,-0.00128919171583044,-0.00905497452804006,0.00150649334382422,0.00347011476009995,0.010878979797637,-0.0182314178785923
0.0195341978207098,0.00299977197982738,-0.00763880059498775,0.0402844719402547,0.011439403851313,0.030703410788215,0.0230991794151992,0.0196822310746112,0.0152628338098201
-0.0583997131212335,-0.0223986510055321,-0.0303165959262155,-0.0358026058451373,-0.0121782665928783,-0.056651679938916,0.0165373862806736,-0.0422500156945024,-0.039656467962864
0.0322283359554771,-0.0211129705958997,-0.0174595156104986,0.0166222653644624,0.00101176126454638,0.0257705156375818,0.0145172722070172,-0.00828393190898257,-0.00426434520211646
0.0406551148837991,0.00480288720369724,0.0253259868159598,0.0451427479203338,-0.00180244684758414,0.0742572280158163,0.0328681800374076,0.00861289083521171,0.0321010025515536
0.0482133887348666,-0.00907826639720406,0.00218469960004656,0.0251950314700838,0.0228360723293084,-0.0217111512221386,0.0173578630879798,0.0171325220279293,-0.00255183023440392
0.0578474470715671,0.0241530405549362,0.014003690205048,0.0140104740205347,-0.000862283096959464,0.01289520790243,0.0150571307073074,0.015528877223571,0.00150223492940707
0.0139921953391612,-0.00552392149929178,0.0142552789104748,0.0147139240345631,0.00102743422256234,0.0414385935850542,0.00980701936391244,0.000620034104308474,0.00925794193035926
-0.0107049100946396,0.0107028076448723,0.00199484081199054,0.00816066284884605,-1.01574703854386e-06,-0.00513534508430265,0.0052969780718982,0.00185411940653697,0.00558403581957529
-0.0323907000798268,-0.0342622603397119,-0.0498286338985544,-0.0122284980635072,-0.00792068902613857,-0.0395816350562315,-0.020106650321044,-0.00527563491516589,-0.00770776371169443
-0.0246944618330696,0.00035523137330059,-0.000198992419426599,-0.0264032175178494,-0.0100183028748038,-0.0129820786592682,-0.0127281884454179,-0.00675155983048143,-0.00545662334074795
-0.0428532344412041,-0.0240429538809083,-0.0202452248871022,-0.0260241166623565,0.00841619537332295,-0.00434236337283415,0.00138709890219723,0.00150281272603449,0.00383858833808385
-0.0162846389707763,0.0152178049869235,0.0112167331837113,-0.0119692735134645,-0.0082031156975669,-0.00989317640936225,-0.00868102871506628,0.00707463782276284,0.00356557306444601
0.0382475265918177,0.00670739870933548,-0.0105134078507956,-0.0089190533975886,0.0116739643530612,-0.0200147703420406,0.00880349851242004,0.0327599030528251,0.022245086684689
0.0967745436245625,0.0325517766954848,0.0181739519547886,-0.0246021853498188,-0.00831545751813564,0.00206854855204035,-0.0199700887853833,-0.00198980411623283,-0.0100905443226588
-0.00297138090438852,-0.00904404318376911,-0.00540634963598981,0.00463922735212969,-0.00548069511855276,-0.0159652135342863,-0.0221805829086646,-0.0141439463160357,0.00683060143233171
0.0587279622413855,0.0349073028243561,0.044632270367337,0.00592495458936799,-0.00338511802746192,0.028418251409848,-0.0172576089654107,-0.0157748242428918,-0.0131374030995808
-0.0219714981438568,0.0187758927188326,-0.0104884417063249,-0.0112212442196105,0.00227444958750675,-0.0194250252757501,-0.00412979684220592,0.012237534727211,0.000670587539940614
-0.0366601996046819,-0.0238396848931667,-0.0199210029922883,-0.00576309007728506,0.00605801048983232,-0.0268207187505093,0.00339955561916962,-0.0111694725650328,0.00560885200776547
0.0494901662817693,-0.0087804502991106,-0.00556855080440758,0.000509587751364323,0.00891372295420033,0.0388712842804516,0.0152335930069324,0.00710099097757791,0.00605115211782792
0.121690634722908,0.0222972851921525,0.0267109371996645,0.0309477726267237,0.0102064933015032,0.0592425174134197,0.0173527900635309,0.0225956685587298,0.017923383967803
0.0113886887466836,-0.0261575474757983,0.000177806575142252,0.0120133464298379,-0.0092057881931132,-0.0196056914296661,-0.00224254440275697,-0.0273748678764219,-0.00919720255997335
0.00704232521837392,-0.0401726579649465,-0.0158511044635192,0.00186611137099406,-0.00101653537117108,-0.00224786252195775,-0.00518616232104411,-0.00765929572971067,-0.00823425851069173
0.0175696890521653,-0.011240443372007,-0.0231988927936308,0.0237403998050313,-0.0010318308029786,0.020276674418412,-0.0029034783315558,0.00764683017259282,0.0154619001292054
0.0140222020558547,0.0111891323707503,0.0162850548876041,0.0225468105730108,0.00486758410116603,-0.0248041094805027,-0.00421429961770205,0.0129573368948386,0.00520153746261952
0.0160094264167297,0.0101250682515993,0.00451669161624179,0.00549481898833367,-0.00395775882146093,0.015496435252843,-0.0181441100084747,0.0199638936086119,0.0152816080947464
-0.0289093885189277,-0.0362167458489293,-0.0172096383799909,-0.0263671096301655,-0.0028781526336186,-0.0386265338993237,-0.00314291884086723,-0.00637741672923281,-0.00735894917557164
-0.0175715381031242,-0.0038317110201575,-0.0235011437991616,-0.0212368823182642,-0.00814552558338613,-0.046722052520163,-0.000869052146979201,0.00434764637173443,-0.0107255460869077
0.0116275537982938,0.0129349124665384,-0.00402266441941567,-0.00854474296473797,0.0139483450834955,0.00695093312047703,0.0139492469451102,0.0110440954304913,0.018882406092033
0.0731303209107675,0.00416959213781568,0.0166762023079701,0.0166342954630334,0.00831439859053308,-0.00869844716634586,0.000931999354499763,0.00321542765422993,-0.00150635545704775
-0.0650380988775735,-0.0349896621592374,-0.0356946992833319,-0.0176133634831118,-0.00589982507359988,-0.0560070843843851,-0.0218151297306065,-0.00976710269030746,-0.0167754836535437
0.0728677768228108,0.0417206051605649,0.0382995205713362,0.104175759839354,0.00897230286476054,0.0294894275829375,0.0035513764176043,0.0304178981402075,0.0354307353776699
-0.0436570666869594,-0.0106928272124334,-0.017414182257416,-0.0206067931603558,0.00379272462346036,-0.0375552920983624,0.000811977838842804,0.00610735705469463,0.00629414293983712
-0.0153843030376222,0.00716683057260289,-0.0109354727762364,-0.0208032300104599,0.00248139091626599,-0.0256315570215397,-0.00773740194725759,0.000669103918852139,0.010104442199746
0.0539418949550156,0.00746792857839761,0.00691006688979857,0.0168997569666428,-0.00695356154243122,0.021883572898942,-0.000523499240987569,0.019567333851767,-0.000372412996158671
-0.0338730722121762,-0.0117382515810117,-0.014647893407474,-0.0276473712137269,3.663442786467e-05,-0.0346085017261428,-0.0138639187109822,0.0160373174625654,0.0150565285478218
0.0271532668729271,-0.0305318743982943,-0.0135510336276341,0.00508510895673102,-0.00249796712302281,-0.0525379376141175,0.00369112145261706,-0.0101923984808724,0.00257117253158613
-0.0531903897983632,-0.0240214417704688,-0.0169676116764796,-0.0351534713532744,-0.00715234314558129,-0.0318169160992532,-8.26168573821043e-06,-0.0289006068953309,-0.0133813504942577
0.0247612981059394,0.0135461239923503,0.0243538521885646,0.0323053987477345,0.00355159346614254,0.0388673766069528,-0.0176339382236697,0.00928881490069745,0.00890837157990084
0.00529919439941367,0.00763371053989362,0.00755202655601525,0.00725762192892685,0.00792123919480817,-0.00513108309936732,-0.00294439075342044,0.00436765833401884,-0.00350831047623366
-0.0151984145724376,-0.00967999682137319,-0.00877195189352289,0.0279194759643348,-0.00381167701039232,0.025179691914126,-0.00779194980355073,0.00185998218912346,-0.00791142345874226
-3.8409384733921e-05,-0.00468491462486777,0.00324390268424643,0.0127363045512197,0.0056167878598518,0.00993016528748614,-0.00222844270549632,0.0101031780642267,0.0168567637340026
-0.0445076106780319,-0.0108601593197265,-0.0169713059752762,-0.0328532290837979,0.000614191532548908,-0.0405827074432731,0.00724220833932857,-0.00947939506748447,-0.00866196045434299
0.0167354808774903,0.00244578119377875,0.00235511931719074,0.00324441784491713,-0.00876621381017057,0.00285397048671235,-0.00984277964918521,0.00260149392907526,-0.0209106590463008
0.0188747757867205,0.00871553543204523,-0.0146639665387942,0.00397817650411142,0.0099503367816814,-0.0107747173812109,0.0201953791414184,0.0114196431065897,0.00620286296833992
-0.0755473930615182,-0.0135596849366597,-0.0124876855869729,-0.0371907878542242,0.00260542778576826,-0.0430606995306616,-0.00686720410931272,-0.000832512794992304,0.000333017652581019
-0.0246011404466784,0.0044770916645824,-0.00194074912883305,0.00518724771297703,0.00112602583104201,-0.0145222748152797,6.3010583088159e-06,-0.00205722876360945,0.000907376529303315
-0.00823401463138953,0.00676170267667779,0.0169158307430756,-0.0111168354087717,0.00477517815800043,0.0165937117156719,0.00277287684513862,-0.0260246280946733,0.00245315064152785
-0.057790818613011,-0.0410977660515683,-0.0198344095826727,-0.0159146003766115,-0.00793588236650059,-0.0207708026870388,-0.0118553128691554,-0.0238892349140374,-0.0285585750856787
0.0663557496477371,0.0326442946206021,0.0282501492704959,0.039897779835626,0.0038911827755131,0.0780057234456609,-0.00186146844349782,0.0192675419507744,0.00468452224396686
-0.0256679638772205,0.00706703359180538,-0.018929727477989,0.00461247675298037,0.00941574216568861,0.00394040624629936,-0.00550268612674343,-0.00415803368500114,0.00155651642928427
0.122115271339201,0.047221993035736,0.0438628113216137,0.0139903858357506,0.00720479571768587,0.0391819348388192,-0.000499805502686085,0.00608987519586222,0.00482836699270864
0.014426208549389,0.0406957187508086,0.0168760094103211,0.0273212435559088,-0.0133750897915865,-0.0197624039272105,8.81153656011127e-05,0.00836093936677967,-0.00875088239382034
-0.00585692120358451,0.0187821127806092,-0.00152258532790317,0.0203152239492938,-0.00374343711532037,-0.0220727904967274,0.012750291205119,0.0070535235801108,-0.0134955040254559
0.0343690084700746,-0.00943050133479443,0.014641903802029,-0.00548760384192892,0.0122646455971984,0.0164314309974361,0.0187074633552102,0.0126728257169421,0.0216920464665183
-0.0686889033644588,-0.022048031206823,-0.0392618237179269,-0.032673193723944,-0.00995297274151439,-0.0751030179169339,-0.00879864942349656,-0.0193643997342355,0.00131008901928782
0.0130471489229152,0.00556814580518353,0.0046509583662365,0.0307797505406989,0.00220080060097603,-0.010595275919126,0.0105136434477091,0.0228558235367147,0.000860277844313396
0.0132884277683546,0.00570173598162106,0.0109411898714992,0.0478016848777754,-0.00106144407082542,-0.00342812119210703,0.010799912655585,0.0232533555204436,0.00650821410931179
-0.0507932592988688,-0.016781463156209,0.00431720159998076,-0.0180379439019005,-0.0274640523318113,-0.0489395658315444,-0.00942882489975543,-0.0452826903445244,-0.0258827092962058
-0.0463528493866854,-0.0162220478468558,-0.0135882409107377,-0.019314841089839,-0.0150178269330164,-0.00143478934801994,-0.00779901546002325,-0.0107893455555469,-0.0218045416014802
0.10053067928675,0.0178761031995194,0.0261274668510856,0.0847406575623063,0.0109754967595774,0.0927680991397654,0.00560277417906842,0.0344073969471274,0.0165760787514623
-0.0330730428382024,-0.0260707078039324,-0.0300985218001024,-0.0432144752088719,-0.0120732090515372,-0.0161168575060897,-0.0232509183572778,-0.0219443496009133,-0.0266912972378493
-0.0309496404144334,-0.00782474656272173,0.00373371576701994,-0.0119202247547015,-0.00366062039256081,-0.0249645572182186,-0.00634683918603164,-0.00133733470336466,0.00378809045819353
-0.0701493933343715,-0.00912285091120269,-0.0119583812813292,0.0200457515749536,-0.00170879476494845,-0.06392161907922,0.000147719769243635,-0.00799050119724069,-0.00464850327211867
0.0555260573106247,0.029926016021615,0.0159341222810481,0.0670444259578794,0.0174044995338679,-0.0148744680911078,0.0244022762387291,0.0293281799732716,0.031909248170291
-0.0115236994114013,-0.0187095812136596,-0.0249397742177577,-0.00135154900397236,-0.00031839969029573,-0.00321343120327418,-0.00351831893310645,0.00549108115375802,0.0104679392844194
0.0599204327894312,0.0217209700156191,0.00997661543891316,0.0101851957174507,0.0139674134662252,0.0300839577542245,0.0298707712430705,0.0261558242659171,0.0205389185746452
0.0413845885859329,0.027162436085316,0.0383091359631701,0.0502509546390643,0.00987313772303847,0.0820740686527412,-0.000135293184353919,0.00168820767249369,0.0179787048555238
-0.114042498118894,-0.0863814154196437,-0.0211056898903277,-0.0499347064010363,-0.0146805989383753,-0.0672542625851873,-0.0146494666202975,-0.0449939828028637,-0.0414524547868084
0.00452814880286017,0.0258921891694897,0.0210373980730816,0.0467037878293549,0.0123999485095072,0.0156370470066171,0.0130064250443239,0.0248502986400648,0.0261450636839741
-0.0332668283173781,-0.0437852401700727,-0.00632479510508192,-0.00460050886492342,-0.00872133315236494,-0.0343037353160766,-0.00259887946170775,-0.0119908126292548,-0.00999399666207358
-0.011353190892469,-0.000453123019156378,-0.0176184890521438,0.0244168673759527,0.0102524259554365,-0.0197559200017284,0.00825920057935276,-0.00402515644603263,-0.00855626369768456
-0.0329884311202955,0.00512031108458063,-0.00647341017367811,-0.00858744129632726,0.00377052604317051,-0.0230150787644738,-0.0169459353141459,0.00325676939402954,0.00420620823006171
-0.0251492398163634,-0.00521174699885911,-0.00983655376708204,0.010538978856006,0.00667766388161429,0.00156216580675513,-0.0034960945195807,0.00485682814983533,0.0116611985798146
0.00263891681340717,0.00177358021325222,0.0154071368089948,-0.00877959379313505,-0.00674056351711431,0.0051373647700164,-0.00724532086995109,-0.000223565148584284,-0.00514269654365027
-0.0654916049701294,-0.0134939375150601,-0.0405312090014073,-0.0359481744191895,-0.0124387841706443,-0.0156771461008735,-0.00515034675395028,-0.0316997330166417,-0.00922843173877599
-0.0343654901390084,-0.0170122809129817,-0.00930708876227758,-0.0184732029036871,0.00971096026050963,-0.0308556902459284,-0.00880220628196493,-0.020469580440924,0.000827414831531722
0.0483044599645461,0.0321745548645284,0.0360160669015554,0.0269153517090739,-0.0010057126213615,0.0149676557473231,-0.00407209430141674,-0.00473522771256761,-0.0031384029352286
-0.0204635754434174,0.00701866513828122,-0.0189882132059072,-0.0248325758377696,-0.0022983483841602,0.00569321747792383,-0.0100197391108995,-0.0236975402571027,-0.0211683543990369
0.0256283914629426,0.0126471366609543,0.0114483323272364,-0.0111207781726903,0.0117742349354659,0.0123296478583654,0.00422775871302801,0.00488654653064153,0.0184917445518874
-0.00180462224391414,0.0113976367207388,0.00990889838177837,-0.00612637408729099,-0.02433442070817,0.0149898357052694,-0.00877506040425095,0.000542371535851344,-0.00562547387990938
-0.0148121933347769,-0.0103943569452433,-0.00605969416615113,-0.0022372484372264,-0.0189350172397568,-0.0455027992822843,-0.0122997191440456,0.00261841180085413,-0.0357382188516348
-0.039694272452418,-0.0224362848180981,-0.00637191996504488,-0.0176804568744666,-0.019018472545896,-0.0832808067478562,-0.00893770525402712,-0.00688036799313959,-0.0257689450332773
0.0564894026778365,0.0395266395857396,0.0399996958449003,0.0219369655457197,0.023050151564017,0.0452608651918957,0.00809159109445905,0.0245072072503926,0.0298637607295069
0.0441365579084573,0.0236917407194084,0.0134814733659885,-0.0061522895041753,-0.0168973775463954,-0.00776020959211596,-0.012540600578002,-0.0270973615163297,-0.0143967224548788
-0.143064562926256,-0.0408258424015722,-0.0567244099086141,-0.0740046737255053,0.000325303493829645,-0.0995577730532046,-0.000813492520001265,-0.0127522804696653,-0.00785218446893871
-0.0134266625532158,0.00647355532540179,-0.0176332335443444,-0.00416203859188104,0.00263737202431608,-0.0233182188252775,0.0103049336807697,0.0165308120574215,0.00419698266516248
-0.0611325378936277,-0.00669141153042568,-0.0225132105248104,-0.0313258373967916,-0.00926201912154743,-0.0810148842104285,-0.0143300541101586,-0.00882378390109315,-0.0029904945077028
0.0114773862919709,-0.0413871566583454,-0.0334875700813484,0.0175784006561521,6.15424381475647e-05,-0.0128695190962813,0.0203606820448747,0.0039061155355768,0.00364388696619567
-0.0203197742838353,-0.0170486500659543,-0.0309179160576675,0.00524397787359826,-0.0051236840269495,0.00134600101914309,-0.0155548481522244,-0.0113690480501616,-0.0134944930162125
-0.034387298748614,-0.0363576978566793,-0.0375627360102753,-0.00766458868081922,-0.00931218963413778,-0.00206823235988522,-0.0140120454349168,-0.00715242555013275,-0.00751380879469641
0.00956691007776511,0.0330028052075311,0.0424386236206608,0.0195821029844809,0.00201286103414664,0.0150227083129559,-0.0118409008015494,-0.00156030810178619,0.0199127521561838
-0.0687791005174073,-0.0391622818001972,-0.0538915858747807,-0.0513414879494929,-0.00298575897783606,-0.0547959906598301,-3.7361035168247e-05,-0.0265924533651551,-0.000341113177196988
-0.0211804832160054,-0.0171748533158694,-0.00958728903270631,-0.0193730260357608,-0.000142240294266294,-0.0330554286135681,0.012059395940065,0.0050876168929928,0.00409179009188324
0.0652435878183203,-0.0221770987870608,0.0159904283750462,0.0160765252549181,0.00702069658877354,0.0827428233326486,0.00512303582435237,0.0115277110464622,-0.000104899308838968
0.0240747213129971,-0.0147424459462469,-0.0154820607556406,-0.0272978166251519,0.013057038493756,-0.0039811623684148,0.00376559185574038,0.0243933328929211,0.0130544011370431
0.0339537209705884,0.0218011709318597,0.0182717324991631,0.0393341632650888,0.00306773075941498,0.00703186560012386,0.00108003129854762,0.00720758055921055,0.00112350483332637
-0.0827616487262779,-0.0352697284213528,-0.0392247074376151,-0.0358236212680487,-0.0112637767765275,-0.0689398053617915,-0.0134919646394907,-0.0188895964624686,-0.0167523013197816
-0.00142615402057298,0.00583835331954068,-0.00751482703814553,0.0204815056714508,0.011865912809335,-0.00632526069765091,0.00439463489766787,-0.00127443913952011,0.0101247507722013
-0.0972450487092349,-0.0634809538869109,-0.0108101465686332,-0.0479907119109367,-0.0176925966703993,-0.0715245622128423,-0.0236648805850628,-0.0457332638914402,-0.0699727323377259
-0.0169238947933537,-0.00908143377225633,-0.000362579145062269,0.00468455619822437,0.00388617901412353,-0.0177790403090936,-0.00267713466450159,-0.000783622606029902,0.00651863477575957
-0.0138234697213292,0.0059733915185112,-0.00945385601416374,-0.0173530783169145,-0.0145949297588639,-0.0125321293448756,-0.0144294100245711,-0.0238720345836169,-0.0259351451961293
0.00942812451430063,-0.0227888981122423,-0.0134397880651581,-0.0171779358430104,0.0046357484710724,0.0213242691041898,0.00197787730077183,0.00576179719625597,0.00786866294194603
-0.0422539038162751,-0.0120431068737288,-5.48323102809913e-06,-0.0330442509348173,-0.0043676139465428,-0.0435810707045966,-0.0161962982169137,-0.0285772541487483,-0.0167229094562032
0.0200398848807534,0.0176788789876875,0.00581563231651101,0.0269988968268947,0.00287561284416088,0.00480710235594303,-0.0130030529254759,0.0231406106477806,0.0206794411720181
-0.00346760007794589,-0.0235816423332425,-0.0277128326563192,-0.00302786379127262,-0.00515854440359769,-0.0107885927882644,0.0077405032604539,-0.00922917292317088,-0.0145298169565918
0.0216018107954186,-0.0232165048303005,-0.0136061508455846,-0.0195204174410553,0.00394087342360878,0.00450904693146328,0.00895904234054696,-0.00742825492008663,0.00576560784960464
-0.00612246275399843,0.0224512762687541,0.0137656280494345,0.0195554054195593,-0.0071664205077872,0.0193093240121017,-0.0145366383995803,-0.0060662845551849,-0.0139711059672999
0.00965367986759279,-0.0153818764105694,-0.0186325028266304,0.0347162659536692,0.00570548812819465,-0.0154412849921541,0.00510950684070516,0.00393188986005958,0.00298102026526536
0.022706343575526,0.015285800723345,0.0176516523567888,0.0169458701079573,0.00592297543762937,0.0588085876554633,0.00162713836955001,-0.00296000280512866,0.00899826460931013
0.00184283152235103,0.00636286714443474,0.0142970312827501,0.021747633645555,-0.00657361109099238,-0.0127517874950063,-0.0138256019763451,0.00571134623751461,-0.0244348117374462
-0.0203383992461111,0.00472596966194798,-0.0163981158681409,-0.025353623712058,0.00902253734411253,-0.0154796851378856,0.00749355856491993,0.00982346450552905,0.00615842629495223
-0.00118655782515648,0.0174556341697898,0.0101304888608487,0.0320167118056212,0.00630350386634071,0.0164288282393218,0.00613750481889422,0.0232426608791659,0.000214239958299787
-0.031281886584526,-0.0516338959266662,-0.0113506787291444,-0.0307965284039268,0.000354748958136985,-0.0422769110213776,0.000227192822317773,-0.00783673456385017,-0.00555163875803438
-0.0880733507070156,-0.0309719323560369,0.00326665335168824,-0.0583532707150876,-0.0249374745668426,-0.0865519275154107,0.00741012900699914,-0.044417489467339,-0.0588470527397319
-0.0202771228402316,-0.00955614297310828,0.00440863642796489,-0.0128571214325828,-0.00460824210925694,-0.0228483891046266,-0.00178651441114504,-0.0225374829008543,-0.015643422749813
-0.0060151668109326,-0.0188902671140447,-0.019961839066092,-0.00815686222593018,0.0101349961415736,-0.00445797643426557,0.00432396468582946,0.0116407866356999,0.000702829425636214
-0.0215564886720292,0.00380788002825517,-0.0258859140116642,0.00306338022761081,0.00286211425335246,0.0222041033059151,-0.00100393352369105,-0.00944486718861908,0.00358585078272721
-0.0112911594075039,0.0178013334240953,0.00292914782531002,0.00951534194190563,0.00271332479540766,-0.00982487446405282,0.00861160532231715,0.00716117335005904,0.00783644728083207
-0.0292016646153228,0.00147734679221371,0.00521868869815593,0.016080631681114,-0.0125087253536749,-0.0312725363242387,-0.0126740610811352,0.0186957752025891,0.0101589066331029
0.0884379074423669,0.0304759643275894,0.0334243269022601,0.0152642837882195,0.00250650266043548,0.0627754298305279,-0.00352781256476586,-0.00286797475120374,0.0178523552977969
0.00924229957202091,-0.0205964924666369,0.000537861042621765,-0.00366839179413486,-0.00667805845234633,0.0168532574805436,-0.0191142374583278,0.00724101596445127,-0.00345577306167964
0.0746564679480845,0.0358179654715925,0.0306027240161732,0.015087041889578,0.0184662344027607,0.061989959597665,0.0130035299589491,0.0117670847191606,0.0315417805393444
0.0868551317746346,0.00264837535921079,0.0222321090654666,0.0118833997779085,-0.00436791205899873,0.0889352195416135,-0.000730441581172977,0.00390857024667639,-0.00286434423211582
0.120278946869023,0.028223829942312,0.0349482639539376,0.0253781314392687,0.0178809448095832,0.0955816639794651,0.00736664015556521,0.0242865245706773,0.0212280928042012
0.0439516318915624,0.0276204290605093,0.0175679868650845,0.0238582777623457,0.0106297400470552,0.00463930221087928,0.00284309283597021,-0.00377443217431535,0.00445095475555232
-0.0355490639652901,-0.0123137313041248,-0.0291361933652915,0.0022914643681528,-0.00887177007691368,-0.0619449366299172,-0.000344790215247776,-0.0310301876989672,-0.00824129394310235
-0.00386747894153233,-0.00607061336069664,-0.0126435162635608,0.0142839824184807,0.00896843899571098,0.0454972815783781,-0.00201328103590158,-0.00556666333708001,0.00118702587778779
0.00681212292788231,0.00456334967750315,0.0122996387080421,-0.00373581677050523,0.000797292972580499,0.00279075811207477,-0.0102604953369519,-0.00934001612296138,0.00741126110470368
-0.0200178414086714,0.0114897776030527,-0.0109969950039,-0.0236766514308456,0.000529608626946377,-0.0355920734285131,-0.00650086858148417,-0.0234530373231257,-0.00660476001687977
0.0282608682679993,-0.0043136047063081,-0.0128830584255432,0.0277601541039445,2.20190009809927e-05,0.0154057088979461,0.00379227181601072,0.0178189590348792,0.00936196632850715
-0.0639382271201377,-0.027002122437411,-0.0488353451279426,-0.0350937851473217,-0.00624428004449298,-0.0462694973997517,-0.0146174737157438,-0.022383010402622,-0.0180715147605746
-0.0216308750811975,0.00733809886548035,-0.01009587860365,-0.0402623241741519,-0.000859718496392118,-0.0175586281816151,-0.00489025950724548,-0.00397761458056508,-0.020141711890763
-0.0827866324537944,-0.0256331140364643,-0.00756710216450058,-0.0200753037682645,-0.000480665440006536,-0.0512851454436101,-0.0107505157230761,0.00372931468857867,-0.0143083733964172
-0.0172566305715267,-0.0177673024246197,-0.0149692957964878,-0.0181120997765928,-0.00606115060634637,-0.0366171519608275,-0.00194621812405058,0.00764397468583618,0.00908034523166618
0.076245845569609,0.0710400280428527,0.0618214958021474,0.0370059740612193,0.0171001019846903,0.0414077032538419,0.01681985957855,0.0245872070877007,0.0146109032876164
0.127408302935053,0.0694703715481475,0.0534352126343885,0.047997063657477,0.00485593958018903,-0.0269336802269233,0.0309339959148822,0.0313696580919953,0.037039052594458
0.00905146989036057,0.0182001534983981,0.0169669302849165,-0.0140178352031869,0.00663851900421115,0.00565952316220366,-0.000412057485832082,-0.0115986419927423,0.00139709546301073
0.042542240164248,0.011708320208386,1.58355973407728e-05,0.0288077445916875,-0.00270009190359026,0.0134439699346837,0.000496286756047552,0.033529398913069,-0.000554986298567778
-0.0289584910370826,-0.000900404482867177,-0.0131277988160506,0.00547052933004728,0.00626256050641735,-0.00411880156940045,-0.00589980715576406,-0.0209113604985322,0.00780358332087038
-0.00877074436379656,-0.0434016463769123,-0.0359443692933806,-0.0170198890473412,-0.0163676270405091,-0.0017828320667782,-0.0216059391297793,-0.00349596226726952,-0.0179256008757874
-0.0124315480378592,-0.0011615508274652,-0.0263845111629394,0.00819558634122976,0.000524538363699862,-0.0156956443149243,0.00407363777256763,-0.00388142439825383,0.00272918106798874
0.0185248708990931,0.0180965829552727,0.00154648015030074,0.0342857954291119,0.00791049123737017,0.0267362090143881,0.00818338658422726,0.0153794392067194,0.0167908465306533
-0.0555755359563782,-0.0114142630965337,-0.055354703575161,-0.0149714094318667,-0.0190571469600551,-0.0504141309501043,-0.00422966845098798,-0.00926966393860793,-0.0104085574189201
0.0218128171516394,0.017472330515318,0.00764625601924959,0.010207982778803,0.00262706513682587,0.0209781267795667,-0.00531712532942834,0.00941190818431052,0.00428987996063416
-0.0363015920161319,-0.00451091819541906,0.00365989350253631,-0.0212496864711586,0.00239574050193172,-0.0264532876463307,0.00122978475266068,0.00255585384277044,0.000756781120312323
-0.0330880291813506,-0.0154537851191041,0.00450965198099889,0.00195040111164973,-0.00844061872223831,-0.0411319237990052,-0.0127946139918713,-0.0136244870038292,-0.0134982152556234
-0.00374305135204533,-0.0142930177243695,-0.0229561798599592,-0.00389534822243132,0.000732269053323074,-0.000989744973765899,0.0203173735937754,0.0147708805714995,0.00805958707049703
0.0152809877472959,-0.00982582454547463,0.0229685897348945,-0.0124293471950107,-0.0134895707879589,0.0236631524189722,-0.0104487664106758,-0.0118038595777138,-0.0213426249995454
-0.0134800816760522,0.0127507518435766,-0.0180602942623704,-0.00197080072469371,-0.00102174474885957,-0.00867678222135266,-0.00194120214079619,0.00603443910418665,-0.00289783894978281
-0.00415822558379092,-0.0299707704642337,-0.0298973666851967,-0.0181050665165093,0.00782157057159141,0.00679399514043419,0.00232111238516169,0.00888846753169183,0.0113012137745424
0.0636503759632145,0.0182620816179818,0.00990407724270364,0.018103645770313,-0.00046516507145874,0.0528077762540387,-0.00170812823945462,0.0137054918702129,0.0157417693384463
-0.0420245139464854,-0.0218254825140714,-0.0355203480781379,0.00240885895330673,-0.0106464166461188,0.0394209182912457,-0.00196196181084021,-0.00827108853576035,-0.00664050506480865
0.00778429311418499,-0.0360540384415015,0.00352214672784965,0.00973926499864358,0.00428103012901195,0.000290979406316243,0.000406828083710853,0.00526570010600699,0.00391916187996873
-0.0195807304401433,-0.0221447043343266,-0.00917507607964841,0.00737631356607449,0.00934832473196913,-0.0142547248463858,0.0140509015175219,0.016735152031426,0.0173207948507613
-0.0739308196415053,-0.0320690229001543,-0.0495298241472582,-0.0413413939914546,-0.00730600934141289,-0.0606417520446367,0.00253313220958858,-0.0290528504442387,-0.0105562007772455
0.0315047267522373,0.027553114567552,0.0158492628835147,0.0326047778328768,0.023207083870286,0.0371453734801249,0.0313346412982614,0.0281707340241378,0.0341872120616989
-0.0405027315974271,-0.0237618977472884,-0.0258823502612323,-0.0183967639420755,-0.00219062662222832,-0.00547811790982885,-0.00314623563584388,0.00599832307936134,0.00160754703550867
-0.00075542310430659,0.0295830617833881,0.0287098415426845,0.0178229137784684,0.0110244261786824,-0.0136459132189867,0.0290287995116772,0.046813036608829,0.0361165783601414
0.0370733918957447,-0.0204747090238261,-6.55721802695461e-05,0.000378866087692921,0.003669422504217,-0.021409922270124,-0.00463914063987927,0.015270470051892,-0.00332519859274974
0.00186207526611199,0.00706558101257706,-0.0123890061195896,0.00221049357152816,0.00301883139271525,0.00382691360427495,-0.0113714515983449,0.0142678921886454,0.0122119871521522
-0.0730851719319531,0.00846585364582712,-0.0573002638259177,-0.0375679641386242,-0.00849027293157873,-0.0556095890465404,-0.00114067950071765,-0.000306452550111183,-0.00984153920775533
-0.00113514699849816,-0.0141513557723905,-0.0184078319133061,-0.0286668476330104,-0.0051079814805139,-0.00526621786167342,-0.00479859974654374,-0.000986948283766036,5.19815464034503e-05
-0.0605850720872638,-0.0232474982494753,-0.0344687294690863,0.0103154799873532,-0.00171515452519566,-0.0393701132124444,-0.0045284021704386,0.00309366913317075,-0.00658287475368091
0.0100985736784982,0.0107942836668345,-0.000216162455726625,0.0317366942146521,0.00408761536881034,0.00158708139488373,0.0041523089384666,0.0112075718296561,0.0194742920505828
0.0194862539216963,0.0142489699573321,-0.000604871376368836,0.0111660152015698,-0.00147271324581125,0.00578845543550647,0.00622648921842597,-0.00543674182998752,0.00222405083375573
-0.0386695615322369,-0.0315502297533003,-0.0117600226112166,-0.0167430355578054,-0.0236515135368354,-0.01622191882593,-0.027546513456917,-0.0214539310564658,-0.0336737988658858
0.0611070855860132,0.0425393255324764,0.044825199250575,0.0323041524649609,0.0216683268535916,0.0278659059032104,0.0302857188800087,0.0365434390826022,0.0245755216658124
-0.0511066548506427,0.000927701645387409,-0.0332208571635121,-0.0158246049323799,0.00193341545574574,-0.0530034492881694,-0.00836295223086546,0.00651495529906497,-0.0030879207658494
0.00357930497605596,0.0174170947699728,0.00799983896305254,0.0105007985419533,0.011194976331671,0.0285981478783491,0.0210520258206429,0.0140698482357724,0.0104182223884373
-0.105711743783216,-0.00624348200828902,-0.033661577432164,-0.0280346132560442,-0.0071855190525611,-0.0634324711949541,-0.0152051316078232,-0.0318168183624229,-0.0178293594195566
-0.0283180975537853,0.0281389236640228,-0.014939540483185,-0.0159267873170924,-0.00336964492375066,-0.0307623186484397,-0.0215175472207132,-0.0304654473896735,-0.0349845433709501
-0.0709364801506424,-0.0207550109375131,-0.0385090664742963,-0.0265331016736353,-0.00976691554140082,-0.0627697812488615,-0.015629063968704,-0.0220561586797701,-0.00742867453391305
0.0626549807531322,0.0474098637430921,0.0335009162645295,0.00972487611469459,-0.0032158006537023,0.07029288746971,0.0105040666377811,0.00978625119933314,0.024012506373081
0.0490171259029284,0.00790777619788159,0.0113505498567419,0.0124071488707294,0.00525965675061836,0.0507309177843618,0.00254832582259647,0.0199385136080194,0.0128366360723451
-0.00119738675875074,-0.00761044685941957,-0.0012641328971935,0.0299446450779129,-0.00428656802798056,-0.0144297792132907,0.00503665819558133,0.00570308080926048,0.000849803895589278
-0.0083157059335843,-0.0282009835764891,-0.0386041068987698,0.000949872874323674,-0.0137210744449601,0.0162403136727866,-0.0140441126937021,0.00340873768951233,-0.022315344519101
-0.0579310202108804,0.0151531375923374,-0.0542531573338844,0.0177532678451873,-0.00031647114495214,-0.0329331245627682,0.0078940331304216,0.00335847971844142,0.01674919005104
-0.0630262701047141,-0.0177681301520352,-0.022543667440101,-0.0176581065433066,0.00391798375235833,-0.0282071435117538,-0.0104486914686992,-0.0102921960804542,-0.0141523247231051
0.00657140592077563,-0.00276542799720157,0.00527027356072679,0.00956037167378978,-0.00903142016553705,-0.000998323705289629,0.0100503687876765,-0.00903624113945827,-0.0158992091219793
0.0292390471993385,0.0340858049178473,0.0364370166628714,0.0465492937294704,0.0065474845964878,0.0190229013858422,0.025426510285973,0.0168554182164303,0.00968639033055071
0.0258933494614736,-0.0123818480824507,0.0112004274099854,-0.00353410178339223,-0.00870921527017664,0.00860563086592762,0.00332638471154385,-0.0252248530887136,-0.0165956470897769
0.025486962840132,0.00953803403148827,0.0187363270908436,0.0264390482519788,-0.00424936647370512,0.00642755303601566,0.00757440947387842,-0.0116186240706721,-0.00619729836009653
0.00409554470100156,0.0197822723633736,0.0229482738880578,0.0284930082091442,0.00470278510392036,-0.00319810089405585,0.0248998580098419,0.00623838484814637,0.016517640094067
-0.0489317805329011,-0.0335225592191644,-0.0247484947900558,-0.0186474116498104,0.00426100596765314,-0.00790120604634784,-0.00547313010720415,-0.0190180090106865,-0.00328399433966146
-0.0364459328292596,0.0228411514186143,-0.030404871467403,0.00286817596141748,-0.00454921808063885,-0.0200556907346694,0.00153505074575505,0.0162544129882282,0.00828353205654602
0.0847206726507952,-0.0105832114075159,-0.0103817201169149,0.0369236817281409,0.00465401041804687,0.0507754563595055,0.0146343628799553,0.027275118214912,0.000906485632926984
0.0122669660806723,-0.0190190734365127,-0.0153189738548826,-0.0152729847323346,-0.00445399773036483,0.00416505339923793,0.00597586549821268,-0.00235113024362024,-0.00411797417316142
-0.0196540618872656,-0.0148622343795435,-4.51906589126992e-05,0.0176307963934395,0.00408205430064942,-0.0184895878342522,0.00783429736444813,0.0187262230687995,-0.00346651965647485
0.0896994559781156,-0.00294062316775882,0.0392713809838269,0.0199469605771795,0.000528752165402888,0.054463947504844,0.00698645086873171,0.00154837762526542,0.0146916847252709
-0.0134216817666793,0.0228088604511553,0.00435116217534196,-0.0124947777772193,0.00400282076181371,-0.0410530469073741,0.00850657028636307,0.000637296435875533,0.00284574594821038
-0.0301135820596844,0.0279216576456614,-0.0164097687792705,0.0127153203110181,0.00246376784800705,-0.022447406783843,0.0148692508822547,0.00215243727514162,0.00202359618031686
0.102209750468342,0.0253890747772441,0.0257513508593474,0.0307082995201518,0.015999184470931,0.10904623592074,0.0193370070879954,0.0239881831533507,0.0389656735580537
-0.055512308112578,0.0130472125582753,-0.034768927114582,-0.0311517614807774,0.000979644859977081,-0.0391186983472204,-0.0101130666063884,0.0123148752691119,0.00293875849640524
-0.0118027544454711,-0.00694613972827535,-0.015396409552829,0.0224030470219207,0.0180305412394481,0.0187508990877737,0.00986242579651334,0.0125673802133198,0.0148751821075945
-0.00195481215947726,-0.0196811878377079,0.0126432326454062,0.000353188201156203,-0.0100563992914606,-0.0188360033969222,0.00581888526170633,-0.0282666312175344,-0.0159850987206899
0.0801588090022037,0.0200551865576919,0.0147878655346531,0.0278555891865636,0.0116640832177287,0.0508651385169555,0.0251746152703728,0.0221447452983314,0.0375698860783063
0.0303298640406414,0.0164476005968668,-0.000730437373618286,0.0210672638347078,0.00519612086456082,0.00806139158555197,0.00739128031560032,0.00277605162881608,0.0150148390799332
0.00274360036822301,0.0315670649832018,0.0276467078797156,0.00571655820272265,0.00607241864128498,0.00565518969807905,0.000270293052375478,0.00254397124750076,0.0129826025035577
0.0136414357061229,0.00767456818632393,0.00708421628930307,0.0140962038900289,0.00633267934168916,-0.00188413170106005,-0.00147662986829742,-0.0116369289225401,0.0130596019600135
0.0103182547460595,-0.0247784679706155,-0.0050271076557303,0.0271680138056821,-0.000932304993996698,0.0262768617506959,0.0033401579028954,0.00117442918391017,0.0295590352935305
-0.00748014582333773,-0.0170818987179399,-0.0181719748534781,-0.0353170400958978,-0.00344331815155179,-0.0205610869338154,-0.00221068826877825,-0.0143351574141532,-0.00316205516408614
0.00724139100996972,-0.00977174255413445,-0.00667233958385365,0.0100214837037355,0.00527926178081836,0.00247593581405799,-0.00159245229052423,0.000480832114913614,0.0112894720891057
0.00465906313964115,-0.00374497038273461,0.0167561449302874,-0.00713513321445228,0.00596357171716802,0.0257044652979127,-0.00717956472344135,-0.00310728965547676,2.46303343804863e-06
0.0197695162367288,0.000298942865416763,-0.011701652059963,0.00856237846612791,0.0034647653748703,-0.0147124795940365,0.00917172478440077,0.0112284776412024,0.000551641155144688
0.0326094260813841,0.0115345676287631,0.0101042396702108,0.0265766795845082,-0.00487225819078683,0.0418473837700844,-0.00122969080081549,0.0118140577565698,-0.00790406884888455
0.0306319602328612,-0.0192579674798454,-0.00336909433514056,0.0115476020045048,-0.0157001770522694,0.0427690402348757,-0.0121590137562874,0.00124666944773555,-0.0253748902856688
0.0305050804195486,-0.0010412788626892,0.0131169917003689,-0.00505033867508911,0.0112432136292442,-9.31853987071098e-06,0.0131540389871661,-0.0104969302676301,0.0127415639849858
-0.042726768830457,-0.0196369339882633,-0.053938662749395,0.00642968200886124,0.00481603166706266,-0.0118327155269191,0.0210367224394069,0.0231547873334614,0.0254699827433406
-0.0581032510128012,-0.0346819179218628,-0.0471584906929637,-0.0310977979538931,-0.00937696876921906,-0.0137856051291949,-0.00798902096991083,-0.0351583222018534,-0.0124638166139173
0.000438251862886183,-0.00159022730105595,0.0155258038700012,-0.00466225736685503,-0.00144422648801334,0.0060020010396421,-0.0109659831754651,0.00159079144646912,-0.000938133937864238
-0.0944806385154043,0.011261216383891,0.00271777006457236,-0.0557037336395158,-0.00554966099361971,-0.0770651063000217,-0.0166989408616024,-0.0300535198664642,-0.00910264650429416
-0.0218045181738614,0.0136120749512,-0.00447238592787281,0.0312657301020107,-0.0104279700461917,0.000307754863846301,-0.00206015025101384,-0.00489312625561772,-0.00519718631759128
-0.0447740583321247,-0.00152204123604774,-0.0365044375293961,-0.0111914862089351,0.00723141460743771,-0.035346771079239,0.00407923062851468,-0.00730719849368071,0.00428839622874125
0.0339768609016592,0.0424559852213643,0.0372625457894141,0.0104100607334606,-0.0207722660597248,0.0266785470142402,0.00344543692402888,0.000309864324391259,0.0233600809609306
-0.0475972853908518,0.00205602407403359,-0.0101264720295861,-0.0204278579971701,0.0102515421022425,-0.040941081936238,-0.00283213719373322,0.00745992084651783,0.00613388918328734
0.0499713041396879,0.0188575652666979,0.0227367415328155,0.0242306081113758,0.0223119361440662,0.0500181442921139,0.0253459494551041,0.0299436439313361,0.034615714117888
0.0831776960005535,0.0118620844915594,0.0154880580921958,0.0203949266810223,0.00972417554359685,0.077398863381131,0.00997309544975919,0.00801762866003937,0.0185131374441267
-0.0243308855402798,0.00521512121833838,0.00158733463015884,-0.0202235128748966,0.00304594060117302,-0.0501029883645239,-0.00784536364144268,0.00353020341479487,-0.0109544484557275
0.00634081965012381,0.00659721219531388,0.0094139717189388,-0.00683421593912077,-0.00382190977892911,0.00271099871014936,-0.00300998987780276,-0.013976908299111,-0.00428741392514291
0.0182100537158071,-0.00211105357095815,0.0083575148743743,-0.000591055654148514,0.0135502448718712,0.0193159004815993,-7.95046975112347e-06,0.00284065294432932,0.0221595423000959
0.0400890685194808,-0.00148844995517592,0.0100236069788418,-0.0184299570769505,0.019930226774794,0.00474960116946281,0.0196804516250042,0.00493846008922619,0.017565694136545
-0.0548495200133471,-0.028718206069977,0.0155000163439842,-0.0243083225138968,-0.00365720908033714,-0.0171445797206278,-0.0198406690639072,-0.0366383126477362,-0.0209160083371726
-0.0144507120713397,0.0156591367320446,0.0157113977808378,-0.0120970962404189,0.0146524823018978,-0.0272346087817027,0.0138126512083665,-0.00121047044312523,0.00850939168406262
0.0459755854575306,-0.00166570166018544,0.000666467808271897,0.0214698531166752,0.000224992808445028,0.00772658535313629,0.0049563693621973,-0.00963536767918667,-0.0106733201154692
0.0428233214934049,-0.0333312767176907,-0.0111184688096482,0.0329726695975747,-0.000551663902708693,0.0215275576848849,-0.00739077438625393,-0.00836142946615,-0.00175770600456636
-0.0626113425847267,-0.0273601331929827,-0.0277294863180262,-0.0143677918493031,0.0080645667036485,-0.0667534655387529,0.00108870995257371,-0.0209972525988734,-0.00565400003705743
-0.0576664326438585,-0.00725749872716362,-0.0129287063567427,-0.0327478897365402,0.00461914104153017,-0.0352582673521512,-0.0105002963514385,-0.016101366693585,-0.0171836694229009
0.0089715926092211,0.0213317589672556,0.00932972686174578,0.032758425103856,0.013041419821081,0.0233434009892571,0.0184347534643781,0.00719891626048168,0.01048473107065
0.0198463697079633,-0.0010100530900251,0.0064260594591848,0.012005889613569,-0.0122285176681315,0.00653872376386792,-0.00697390533339444,-0.0158762919415812,-0.00866063871044443
0.00346886339100841,0.0372287834723681,0.0220170498797178,0.0346165332675838,0.0194487034052652,0.0164166433261008,0.0233366030810243,0.0379338461242268,0.0137249339213233
-0.0244679213304034,0.0127104948223932,-0.0203720090615123,-0.0022507795445341,-0.000220153323025484,0.000491659078555306,-0.0127526995098345,-0.000152804062564868,-0.00812288956139998
-0.0118734789291274,-0.00422388236602828,-0.00733054283404464,0.0220339878771852,-0.0051971324980145,0.000955078121649307,0.00262674222721039,-0.0113608637873649,-0.0130389376286077
0.0178205974304436,-0.00307341366743803,0.00538006098018256,0.0324874286742708,0.0134914103735142,0.0280474251926575,0.0238626006876013,0.00535531596123881,0.0238925023178447
0.0434123306933231,0.0284046407114018,0.0193998992827956,-0.0129740429211061,-0.0109779369843181,0.0325174710588566,-0.0118321737947897,0.0250313404091841,-0.0145747794783813
-0.0359364210956682,-0.00876658321035261,-0.00257539283663251,-0.00585919313819657,-0.00792048234918098,-0.031356209924702,0.0102511680862563,-0.0222438472428582,-0.0236045030062239
-0.0596822379981304,-0.043935915945109,-0.0437144348536648,-0.0481971562248079,-0.015903804190587,-0.0211117495909717,-0.0320536156343504,-0.0157515601682137,-0.00610088111817476
0.077017089049603,0.0708878973375487,0.0667620888881304,0.0181090238491531,0.0179892608647945,0.0579639376021466,0.00440781897711552,0.00241319979222062,0.0343410657554501
0.0205557862147202,0.0284324460627618,0.0102665176677888,0.00176830878836479,0.00346257192324195,-0.0248970217254447,-0.016575884725093,0.00967191127863166,0.0120289741012844
0.0189223763331212,0.0218575604656376,-0.0137841945364441,0.0295186302018457,0.00670113564598235,-0.00803780595922514,0.0206851047007265,0.0122869000298608,0.0213181182860641
0.0192739440324288,0.0054957766111595,-0.00889689162462497,0.0168144775466145,-0.00214784855556638,0.023826968010488,-0.00322970246462622,-0.00851031992878645,-0.0206081362169505
-0.0421176459934388,-0.00324328061462942,-0.0308704709816268,-0.0241147182301671,-0.000196129202757889,0.0192924295345066,-0.00825455357517259,-0.0305521978052823,-0.00730228813765328
0.0067323384602338,0.0174310791792413,0.016526467941981,-0.00423403763848109,0.0199184038140597,0.00545425449393108,-0.00862064141096656,0.0315659246495062,0.0263625494694587
-0.0181604979768873,-0.0428555511361625,-0.0272087280877985,0.00267102419155227,0.00464739460419831,-0.0311618351998232,-0.00467603952380029,-0.0123390963679486,-0.0108899320247271
0.0280840193698084,-0.0145348166906542,-0.0157558519527003,0.0131733456854845,0.000891940346500101,-0.0287511384132818,0.00629463752167341,0.0189346888168111,-0.00228729040609996
-0.0136303526805681,0.000223809238667516,-0.0373230406831037,-0.0116267439407471,-0.0076616161535654,-0.00253562808729462,-0.00114713602672646,0.00726007275391267,0.00595569905548434
-0.0173171188205889,0.0136606383767761,-0.0194769781580461,0.0414486290560829,0.00167940190753989,-0.0216176556028469,0.0134034876515404,0.00797673055392559,0.00858516121901634
0.00540050999921288,-0.00834673984009709,-0.00660336970084492,0.0331000448434146,0.00179403646444328,-0.00804660206274144,0.00192530500172609,0.00961683956178385,0.00191040347675745
-0.0599531861842274,-0.0316960958733222,-0.00965737422709089,-0.00840221217738441,0.0100238220089521,-0.0264074570350799,-0.00611256496735711,-0.010071390634125,0.0199354381274323
-0.0295341996920853,0.0175690108193217,0.010619457510152,-4.66951275975527e-05,-0.0042670459032383,0.00640192917489834,-0.00197526104806082,-0.000133496511053595,-0.0107305003773652
-0.00532566836584306,0.0191184151506472,-0.0054421999395834,0.00351114533987601,-0.00768226475579281,-0.0354580357744562,-0.000807956067944637,0.000171285794993851,0.00791800794514145
-0.0308355819199391,-0.00229917367667411,0.0345817614424292,0.0356454868547736,0.000804239609155866,0.00157664148951698,0.0277002972453536,0.0111979302022202,-0.00085665412461462
0.0369536937745888,0.021617478880898,-0.00428053907080045,0.01209842619835,0.0124862632401461,-0.00333325414126589,0.0272420265487022,0.0229122530306926,0.0250434927511667
0.0363864444637823,0.0109399100164413,0.0236463205334046,0.0518511478643155,0.0164930548431746,0.0528310185495477,-0.00219145269069034,0.0243757897524939,0.0288546785153999
0.0804680057462708,0.0268859805202428,0.0265493637715737,0.0149513095611687,0.00580306544809122,0.0790445298919755,0.00653637841873783,-0.00578944481806113,0.0131080939302473
-0.0882930974146595,-0.040872903847531,-0.0307690811776715,-0.0521088084712539,-0.00782663433113907,-0.089529242665467,-0.0325128083306169,-0.0194828088625162,-0.0191446592970362
-0.000898034056559787,-0.00167215486736309,-0.00760648584314121,-0.0218595027247687,-0.0148629890710098,-0.0219608207236512,0.00855195562594102,0.00433889882908445,-0.0111539017722839
0.0103930575216962,-0.0107824443955409,0.00134118472392972,-0.0352134339364121,0.00212946996491178,-0.00570696158226305,-0.0183897867871941,-0.0242536867587038,-0.00715366298359893
-0.00643941022547007,-0.00939340635190155,-0.0408135136137262,-0.00329732667607599,-0.00495302879059815,-0.00812481132331076,-0.0408421644680498,0.00167983130319539,0.00207390482331511
-0.0125372812412939,0.00715257899775137,0.00945393647133666,0.0154565386062398,0.00646727073601889,-0.0279305270523886,-0.00396845289913981,0.0198255635302561,0.0140226879535731
-0.007658227777554,0.0174234242999149,0.0211811871223052,-0.00594596506543697,0.00205947033400898,0.00760422278934246,0.0112673293648161,-0.00272696627733422,0.0128330232079584
-0.0326756475201979,0.00592457207839686,-0.01504138179693,-0.000450079219552763,-0.00218294180798779,-0.0213546739540122,-0.0261476864316807,-0.00327706856432979,0.00598888760134088
0.06730584010559,-0.00481060468250067,0.0132572568896078,0.012430160130703,0.00992338489568034,-0.0128522899602705,0.0149555079572141,0.00812715642081137,0.0172997859528477
0.082635659972887,0.0520367862510815,0.0440313028340271,0.0680887683174153,0.00695223423453703,0.0718351400019554,0.0115625890182268,0.0214837642600339,0.00669420583120757
0.00518963148087405,0.00171978105482511,-0.0116608606782747,0.0134389617834245,0.00488145547347168,0.0152562781051516,-0.0143673079558996,0.0051180869229995,0.000742078215753408
0.0591404134803435,0.0239363542388251,0.0229193291473945,0.0360330147629902,-0.00119978112910322,0.0287576789942284,-0.000924932585071389,0.0318790663942802,0.00555885293050599
-0.03355778624515,-0.0172770546678636,-0.00291277808860803,-0.0097617014324759,0.00479641041125926,0.0742423182777484,-0.0112086472683637,-0.0157242704422716,-0.0233749987046095
-0.00605137188071253,0.0194478942153166,-0.00263398601053725,0.012722036502178,-0.00181461143836208,-0.0158910127535697,0.0151828313436684,0.000125765411352099,0.025169886718279
0.00701004037558197,-0.00740358747195082,-0.0199029174087916,0.0259102226482292,0.00815680546405047,0.00929692214957012,0.039145749387188,-0.00491824611897436,0.0238828685925828
-0.0319751987912887,-0.00162174337988708,-0.0278921250932582,-0.037309152464998,-0.00154176286608455,-0.0181328161485265,0.00436786453419409,-0.0129697263629001,-0.00987499205540443
-0.0469436806157948,-0.00270718598321648,-0.0137607526564337,-0.0214972838516126,-0.0101589743679514,-0.0471008411603965,-0.010257791507098,-0.00988097529676967,-0.0113602465655394
-0.00400615284797088,-0.0121257880820956,-0.0228720013624308,0.0040757632989235,-0.00312228029385062,-0.0595040301606656,-0.0129883335226046,-0.0181501613707881,-0.0146293334862618
-0.0150522037178157,0.000371120655252449,-0.0103331185028661,0.0213627841762061,-0.00244793709302565,0.0242596962207753,0.00446087559016739,0.0249612889130866,-0.00550443955152377
0.0488673245556168,0.012022976671131,0.019483625231295,0.0166021053548162,-0.00185839590806218,0.00942714250734084,0.0123004310581441,0.0376957161140748,0.011810043724826
0.0457344365494186,0.0347308480648218,0.0259840216174617,0.0506887821794867,0.0241444459812967,0.0571716189996381,0.0117599291173942,0.0158097257934858,0.0417967846409192
0.069018837414378,0.0426480701030973,0.0342515923874741,0.00731636172755562,0.0103422338325905,0.0389075967433166,0.0139376264540713,0.0184455921986403,0.0186826833966343
-0.00309621678556793,-0.00504253738840542,-0.0038978332740914,0.0104934722987607,-0.00995851635302583,-0.00201647207867628,0.00673998418448512,0.00822384444073973,-0.00623743534726966
-0.0109192099674599,-0.0206471594696319,0.0056905581830048,-0.0243957521773723,0.00380355084610874,-0.0149489725445889,-0.00621120678783419,-0.0227779419474341,-0.00308945070671317
0.00971797104753848,0.0468141666457711,0.0364023356277315,0.0187498361633538,-0.0115854676715121,0.00349015091636501,0.00952496901281769,0.033157853364347,-0.0167113679429586
-0.116423121343774,-0.0225850852456565,-0.0407240563290805,-0.0645777480680066,0.000637127518482385,-0.0805081898377215,-0.0125597735836347,-0.00409153353921853,-0.0100040661308773
-0.0285772444974865,-0.010987558241171,-0.00144043695866119,-0.000857397161059993,-0.011481573409351,-0.0165525960649024,0.0104101000455592,-0.00815490065036007,-0.00402653144652097
0.00889931352998545,0.00889214907078028,-0.0132075367640718,0.0166112634496228,1.30949013429143e-05,0.00722338095753549,-0.00538375767033496,0.0260064951725307,-0.000454485135862051
0.0508162827654388,0.0223674457954976,0.00039222583452182,-0.0148155342915034,0.00534149183375924,0.0388043492477832,-0.00651209706850214,0.00418363942873664,0.000778282630975892
-0.061617933057856,-0.0252931430068897,-0.0264293756299683,-0.0331604871556445,0.0082768789677579,-0.034120983032,0.00263511571093703,-0.0187715678778478,-0.00421521147177948
-0.047773972462387,-0.0145290879811375,-0.0310379712466993,-0.0325051514591419,-0.0019926894573304,-0.04323201148398,-0.0149095794203389,0.00834157881337698,-0.00245782148379236
-0.00144932625164545,0.00359561162295868,0.00235168032013104,-0.0180014385855121,-0.000978023710016345,-0.0220480043755664,6.25225715708814e-05,0.0178586068336666,-0.00500539059906614
0.0226032267716243,-0.00161173266575327,-0.00420382367871676,-0.00484300253680168,0.00576328078892965,0.0347989016506791,-0.00637670967390304,-0.0191869757139692,0.0162495482231146
0.038803299895235,0.00922218193091377,0.0386300700749584,0.0274120439622171,0.0111888357402429,0.0566388647539917,-0.0108592310558109,0.00222107364369775,0.0249770964654725
-0.0425391061290046,-0.01941631057459,-0.0357994160305786,-0.0111651003883928,0.00378419352675232,0.000555331374923846,0.00473760974422732,-0.0128058721859968,-0.0165397899734151
-0.0670170798813129,-0.0227430394795618,-0.0120197030116417,-0.0145654716096616,-0.00792811406906286,-0.0462746635960018,-0.00752700578399647,-0.0131947341976389,-0.0402915882555629
-0.0151537366689201,-0.0030139238047747,0.00114546588534486,0.0076811123635738,-0.00171699018660408,-0.000333303597921265,0.00878119828024975,0.0130326344883822,0.0225037681981733
-0.038009446257504,-0.00379694153113744,-0.0249005020441972,-0.0206836908311819,-0.00441868840782849,-0.0408692756217503,-0.0127191489741535,-0.00889291391370989,-0.0153381237458891
-0.0286149173192679,-0.0601018044066185,-0.0147398610909813,0.0309236241900702,-0.00371787267903692,-0.0120071502099149,-0.00710343972324779,0.00133615176154718,0.00816860348359401
0.0335860937565087,0.000406115270089,0.00440309887217294,-0.00999916131340516,-0.00438784706968846,-0.00313299627777597,-0.0174789852161767,-0.00647011445378243,0.00288609252046668
0.0230137950834521,0.00740557841419418,0.00104284937426953,0.0498522030695927,0.00237069133933856,0.0203517240532856,0.0347611825085794,0.0103707766227245,0.0535702705537173
-0.0189568240785487,-0.0303713878971793,-0.0360107828992185,0.00885101145570308,0.00292416376285354,0.00653745869924534,0.0182967632575357,-0.00711873217517056,-0.00208351787822846
-0.106430093134102,-0.0510183128764358,-0.0149891784500282,0.00137823844459808,-0.00556290810825928,-0.0748884587105361,-0.00787887815997456,-0.00101071781209847,-0.0113148114140741
0.0271254179186057,0.0264394619227407,0.028685254356589,0.0352367216712361,0.0235582371047892,0.00260896088880668,0.0177662317464386,0.0165381871121046,0.0307709361245047
0.0443187045260428,0.00649762766949293,0.00358355045011228,0.0217600206650437,-0.00753093257856448,0.0223188221350409,-0.00897330676735883,0.0134828335111982,-0.00718402770634639
-0.0570695374484166,-0.0168568856459032,-0.0222629141644008,-0.029720527834321,-0.0172722997508152,-0.0299050784403334,-0.00426425856318943,-0.00800089756629622,-0.0137456544685638
-0.0381782581411647,-0.0108129872651717,-0.00620722277718479,-0.0230646621968288,-0.0180274449011786,-0.000426704163994663,-0.0105808683525812,-0.00931056700619011,-0.00785265661565872
0.00280960500780985,0.021870020511974,0.000582664434449276,-0.00323570085561366,-0.00443206433364089,0.010337832635289,-0.00239758852434217,0.0109388376674612,0.00509353130820026
0.0704044237096597,0.0328229682965215,-0.00109134097320684,0.0241608690920759,0.00276057768304506,0.0373255871501931,0.00499289804032018,0.0125806496899447,0.0233543450104012
0.0269148093708111,0.0411882871473429,0.0356091109481004,0.0391543270403172,-0.00209085898909353,0.0307679187780842,0.00980165323745316,0.0216419362710986,-0.00253271871264269
-0.00301405833227652,-0.024542544457446,-0.0102936998515245,-0.0390548641316074,-0.0106827055453151,-0.0351778586454244,-0.000307048223212833,-0.0149095582907494,-0.0103736134922587
0.0429381284313736,0.0436409422647157,0.040338031875105,0.0535275768668936,0.0141190695752917,0.00987680045332644,0.0254469664937544,0.0267221117312145,0.0289457166183755
0.0177219220740159,0.00699394052575307,-0.00587879914551123,-0.0271105821337822,-0.00622949209446027,0.00531375416697925,-0.00647403277374212,-0.00602679421960838,-0.0138050560047223
0.00225465330107048,-0.0115034807785534,-0.0257211693509076,0.014944959192732,0.00760223516692896,0.0031441288200905,0.000481585044507224,0.00360360929786084,-0.00299027470791339
0.049852772815581,0.0202804782909916,0.0271819372979194,0.0368327585230374,0.00946111968126652,0.040271895415789,0.00243303152267494,0.00866637249903185,0.0123078657667437
-0.0187252261823046,-0.0139195563748085,-0.0122022578128279,0.038205713307423,0.00266717797733125,0.014093098195227,0.0126032121545179,0.010524000799747,-0.000190878843454584
0.0110107864808428,-0.00989401112689042,-0.0146703135742638,-0.0165803822802276,-0.00134374351514322,-0.0240980520066037,0.00809512139157554,0.0159781723006013,0.00748554021832249
0.0126979454416701,0.0336658087502173,0.0230077733548546,0.0597330215573928,0.0226518114320268,0.0517612586485794,0.0138411909201526,0.0364739477678009,0.0251061362227944
0.0315709642565137,0.00917217321335405,-0.0174193196077614,-0.00548447159194622,0.000160528628809032,-0.0110759442068593,-0.00720232579131557,0.00351766023023641,0.00577804328731813
0.0124053752165794,0.0408807826097141,0.00839804071785377,0.0315282361777399,-0.00504201420618172,0.0103817926666297,-0.00291392318498839,0.0219726050729157,-0.008599072487753
-0.0127278572019385,-0.00740682313664317,-0.0101690413835004,0.00257159426432538,0.00102815400795013,-0.0204150986356987,0.0113099256969766,0.0117265599198744,-0.0130271064202061
-0.0287017949549561,-0.0157370170428256,-0.0107919661380124,-0.0162441256122602,-0.00224075618946245,-0.0621654596405264,-0.00775960739128209,-0.0214662628081654,0.000785260126329604
0.0750367002210642,0.00161341798593316,0.0101867914549074,0.0570532790863836,0.0138995713033563,0.053478673548768,0.00718010674816301,0.038249893672537,0.00982313099662604
0.0784434143731076,0.0331041766913994,0.0432804600408034,0.0244079761439079,-0.0027953209999541,0.0354352305001317,-0.00315438027378971,-0.00284441448135718,0.00427532327996383
0.0181958573563695,0.0263796566772401,-0.00168977538663735,0.0151684309586938,0.00238925210766129,-0.0324981615531098,-0.0186533359520673,-0.00762952437263249,-0.0150105353095866
-0.0174452311963582,0.0151088148805308,0.00211164179749667,-0.0131525812122852,0.000398690980484051,-0.0321618883014034,-0.00408403268924834,-0.00521142310978613,-0.00151507570592562
-0.0954838018497333,-0.0629155869664924,-0.0561623132741615,-0.0837119108359176,-0.0120459056034286,-0.0889536187574646,-0.0258659327583751,-0.0283045822932323,-0.0360071377745805
-0.0899375173935975,0.0183933831361447,-0.0230393288175458,-0.0486043156763737,-0.0128345904476468,-0.0480544541488392,-0.012729278970346,-0.0286045015722158,-0.0111609552115374
-0.0256125122188825,-0.0258769575882946,-0.0242601009525178,-0.0148309124456426,-0.00411432454942862,-0.0321317001022065,-0.007164220685615,-0.0147016334494501,-0.0278722669699421
-0.0652304147279572,-0.0290848399682847,-0.0344013757926818,-0.037454314306135,0.010781268361407,-0.028452324918468,-0.00402604582994776,-0.0437061735116531,-0.00186494762958664
0.0258862626354108,0.00105922431873505,-0.00826152752789431,0.00876998428286909,0.0116694978487025,0.00908829672532129,0.00777165628343158,0.00837557493576986,0.0214298061398571
0.0156414658259594,0.0248622130607731,0.007388592055347,0.00435337913329248,0.00153102755262409,-0.00528169228366931,-0.00152586498436156,-0.00206196790776592,0.00938501155249559
0.0137028725428456,0.0181772471882335,-0.00773266668611925,-0.0246955363910995,-0.00496868121690601,-0.0114185718980587,-0.00920826735518351,0.0027078687072975,0.0114332615467482
-0.011962059415192,0.0140078317948742,-0.00194893090021484,0.0146387412298335,0.00841774326711002,0.0156148470311651,0.00148659525819682,0.023921431061314,0.00315597562760317
0.0492275720166008,0.00864978986322897,0.00438367596106717,0.0210071893025156,0.000450834833185959,0.0271019423719448,-0.000982406532968351,0.0161428850546545,0.0108755918451454
0.0655176426327163,0.0158631577418134,0.0124762534880563,0.0346357721707899,-0.00150384160437518,0.0345103593351342,0.00612881922699939,0.00948111585063011,0.0174196682118593
-0.114629454823585,0.0168459906370931,-0.0434566333179224,-0.0339192507098447,0.00625090302613112,-0.0639637992436227,-0.0113466255264565,0.00633301284022425,0.013975103714382
0.0260455460889981,0.0398761659406847,0.0313567714154769,-0.00398030148724603,-0.0131593852706476,-0.000435675694701845,-0.00735150817582789,0.0134216459035538,-0.00769403327570383
-0.0178012566802956,-0.00822813443803677,-0.0397075879465599,-0.0406492753113068,0.00510848750551209,-3.39827783658701e-05,0.00752182493801259,-0.0272983208673957,0.0123263462102971
-0.0697471543193943,-0.0190895222917785,-0.00224018725549948,-0.0330311251176952,-0.00357132397576884,-0.0143870367840289,0.00886039302509361,-0.02777160028502,-0.0411697581535715
0.031543274494951,0.0043614709397673,-0.000868298874672293,-0.00818817977160466,0.00778924995213668,-0.02031627025119,0.00835048204974271,0.00614057721233376,0.0187483436185542
-0.0653205231493569,-0.0273093779941201,-0.0251761912116777,-0.0497301979848758,-0.0118988066799257,-0.0354205048016431,-0.0116337318044173,-0.0379801988492397,-0.0194175363495755
-0.0293366621253964,-0.0641599082179085,-0.0408654341924574,0.00126654786557035,-0.0146309198609423,-0.0438780542280495,-0.0122529343971473,-0.0258446649211261,-0.0405722952688417
0.0358382799166731,0.00193335961671242,0.00346810093673705,0.0218562283623329,-0.00334698038469156,0.0247153774096756,-0.00064783763798364,-0.015458894055776,-0.0087001838824559
0.0306355624263486,-0.0200465000091012,-0.0148925638438774,0.0254194413478597,0.0071377195986065,0.0210854682403524,-0.00913287377506899,0.0139774899956269,0.0163797412847576
-0.0249401434803321,-0.0072514311313102,-0.0204210671576447,-0.0198857220018496,0.0108675660391731,-0.00463413126717217,-0.0241680160363088,-0.00391439735524007,0.0182313279019212
0.0117122428682458,0.0172433890093397,0.00515444406578014,0.0293078048244339,0.0148001289149406,-0.028148505183374,0.0104764804688016,0.0191162771192842,0.014496395913732
-0.0533030461712491,0.00835461611617492,-0.0149293739634588,0.000687503105271677,-0.00495923343109695,-0.00842963896733152,-0.00740373469367141,-0.0255204797119316,-0.0177961623072982
-0.0265875054108631,0.00400651749978584,-0.0287858832519805,-0.0081687874048532,-0.0170171382216532,-0.0128832301069554,-0.00851480419334786,-0.00522889768656749,0.00158704104001456
-0.0384894276566746,-0.0159998293544829,-0.00265149805833668,-0.01659272026374,-0.00368212491052261,-0.0264218324604424,-0.0092526031401839,-0.0245536145620915,-0.0101273154324348
0.0217970443238015,0.0286950201683344,0.0134196880506902,0.012882125508845,-0.00774349583008557,0.0384178022285196,0.00646666022832229,-0.00447611273824293,-0.00798393308493143
0.020037649792314,0.0228681124349766,-0.0125828854556781,0.00260588856154753,0.0113279873723178,0.0103614509942115,0.0132029093883479,0.00249397755473257,0.00156382663089421
0.0159862106419376,-0.0131735572297632,-0.0127167289268074,0.0048576640983573,0.00667160827032713,0.00367226830549702,0.010801001960015,0.00419838838723339,0.0143645310458293
0.0341247346239135,0.0367085831729943,0.0323083971002948,0.0163309151989829,-0.0085899152216824,-0.00682901624794304,-0.00230191466734577,-0.000211749202464471,-0.00466674149904303
-0.0683785114951902,-0.0285146082296518,-0.049643824059321,-0.043925043942643,-0.0256416740893692,-0.0815980252616546,-0.000164254321836125,-0.0142731053029003,-0.0244622817068832
0.0420320720274486,-0.0091920639726094,0.0127774219146658,0.0041388021119098,-0.0125272714011583,0.0517322678811571,-0.0108899084925339,-0.00990761625820241,-0.0108668421777657
-0.0446977006157053,0.00985814203589555,-0.012199827896605,0.000426315920564014,0.000752548271655201,-0.023783369603559,-0.000655160220161004,-0.0134507510239956,0.00314496075350784
0.0137019764615891,-0.00221855813859382,0.0138748164230512,0.00745262475892174,0.00407572879587308,-0.0590958810867445,0.0131059450198204,-0.00170712918425147,-0.0157407440027527
0.0520331000688702,0.00458693208790751,0.0164046587621091,0.00181544432100547,-0.01561511773817,0.0178638015114058,-0.0190114910501189,0.00753214720169943,0.00615155894382289
-0.094910827960789,-0.0187877607047595,-0.0433135132130306,-0.0537640048593482,-0.00978499732390571,-0.05579748896107,-0.0251510732975287,-0.0186343942572475,-0.0336579201596282
-0.00677953109788629,-0.00988260594780931,0.0099204764518658,-0.0254584426786417,-0.00985988879746508,-0.0160310753984257,-0.0087322368599604,-0.0364208913113833,-0.00321984276332805
-0.0469336556976582,-0.0326490144656517,-0.0192299803254102,-0.0293760220412793,-0.00728818450858447,-0.0470273308418528,-0.0118625635149608,-0.00885151803504858,-0.0139535752593748
-0.00304938829044762,0.0017104589424946,-0.00344553255244333,-0.000437534391326449,-0.00677867863199339,0.0259551288700337,-0.00117359855815261,0.0029507056079979,-0.00859608901042903
0.0123829214712956,-0.0156255323699019,-0.0150373597349646,0.0267332346758124,0.0133191796558902,0.00761593839305604,0.00942319375485089,0.0163399228019824,0.0192767483315141
0.0248434079201213,0.0140247944726161,-0.0180115669988135,-0.00685303618901036,-0.0067019212744475,0.0107732573531536,0.0102997431851321,-0.0129560681674061,0.0137232607689412
0.0176294155640423,-0.00606183386657808,-0.0224521826889093,0.0100332451691629,0.00357387937894943,0.00115737690853392,0.00257234103916304,0.0145963888041761,0.00894447225733587
0.0100968225546827,-0.0170808743767484,-0.00467937792978808,-0.0201346187371724,-0.00590937287134323,-0.00129519421063226,-0.0296939621965895,-0.0337657346788511,-0.0181166185229868
-0.0820998053671306,-0.0267502241140779,-0.0520371847679294,-0.0277449373899721,-0.00222923461227128,-0.0527578742750429,-0.016427186213203,-0.0183197233194283,-0.0115110082769623
0.0424806134536147,0.00191184506310634,0.00681844952396323,0.0197920377466601,-0.00652073070687219,0.0466408968170061,0.00743201869682074,0.0160144259752432,-0.00779846866102268
-0.0217653096252873,-0.0232867557974271,-0.0173361081822689,-0.00134605798124,-0.00346104914407897,-0.0125506782074541,0.013052080961851,0.00514684166306793,0.00758280061597335
-0.0400398232535182,-0.0140301566958194,-0.0323875061943793,0.0523235702626194,0.00159488923845232,-0.00901187422636217,0.0102629349268264,0.0151278332965538,0.0101440199998311
-0.0447823950981659,0.00590066831851485,-0.016582818157098,0.00553678642235343,-0.0131459109762572,-0.044390154746887,-0.0114673270948323,-0.00551781642690663,-0.00902663110027208
0.0118526195030955,0.00281934077286113,-0.00238829324111227,0.0119940351111275,0.00984152934477974,0.00445964319655517,0.0210285312664218,0.000911832364409705,0.00037055652778932
-0.0170178498136847,-0.0164890859354316,-0.0312666022376662,-0.00432160446759155,-0.0052852493349128,-0.0393666415933985,-0.0108581802553499,0.00826202830259275,-0.0210526270235622
-0.107958689302797,-0.0039118515048723,-0.0173825292024539,-0.0343330800991399,-0.00193724604346265,-0.0636639681123493,-0.00696668385931441,-0.0296850272136617,-0.00217002201925623
-0.0201564603581528,0.0326018147218705,-0.00164942791639285,0.00446518523058031,0.0146309516998781,0.00281783091974831,0.00191141207326802,0.0058902311430484,0.0324027538078447
-0.00107601086595424,0.00488494853539522,0.00839351735767572,0.00102776716430767,0.00250726366805631,-0.0118225714104497,-0.000521884129099278,0.0200300017361062,-0.00571301073208573
0.00999571730265638,-0.0161395819289556,-0.0136660528600509,-0.00310633769904279,-0.0134352735189773,0.00731234397562335,-0.00127854376051301,-0.00424118454721698,-0.0244764759484615
-0.0738295533657773,0.0190623673552475,-0.0601110149514777,-0.0149051621094358,-0.00577965588634092,-0.0557613948796233,-0.0227133124260651,-0.0331792294824892,-0.0249615748493113
-0.02473709423561,-0.021138243870107,-0.00717020210060395,0.00927980311230538,-0.00403686236195793,0.0275963215646958,0.0078924413150677,-0.00289574829531219,-0.0128515228544644
-0.0451311487061502,-0.0151723339426322,-0.0356525723707621,0.000402404603566753,0.0093469483820037,0.000501017463706103,0.00523243176205669,-0.00200180747980061,0.00371290620886967
-0.00694691797795252,0.0147629592573882,-0.00398391338312904,0.00800225615107986,0.00606267522291324,-0.0363735095442019,-0.000240293577870933,-0.00892969035334183,0.0013145812494643
-0.0119781499505017,-0.0229383616611466,0.0111210661517192,-0.00771158829882522,-0.00707137708299442,-0.00970128561353062,0.00200165957184955,-0.0150476710332877,-0.0112863222349811
-0.0133523628326319,0.005902942481132,-0.0173323349450283,-0.0153891105759311,0.00147460604702415,-0.0570355853991441,0.00930356810857306,0.0173268928728303,0.00947981661464227
-0.0590042614647995,0.00559079573201387,-0.0227334228063417,-0.0246912984647682,-0.0084848789055848,-0.0567454277545059,-0.00470903192879966,0.00130701573974612,-0.00408232693345053
0.0139423052736333,0.0317409165852125,-0.0192703862749515,-0.0112147416243057,0.000964192246061778,-0.0161603521813886,-0.0103273563436328,-0.0127133482258194,-0.00224414434452392
-0.0575337324759927,-0.0201198757257787,-0.0254976220763325,-0.0284729664499708,-0.00522451751497165,-0.048647462769361,-0.00309404302591394,0.00866411532566142,-0.00620988212920411
-0.00404316120893684,0.0142119456983789,0.0153717253566412,0.0266198772639836,0.0103822165243587,0.00801419099791924,0.00569857854116289,0.0208259775031559,0.0060845207915708
0.0115675941925224,-0.0265570128526734,0.00670683094873251,0.0073861831829705,-2.40516273350952e-05,0.0200389133517888,0.021035608859535,0.00761152834615666,0.00337150930444134
-0.0558644518439384,-0.0299171460484315,-0.0363125443709093,0.0145620101640873,-0.00473277542807384,-0.0666975979823134,-0.0056418624036557,-0.00814090546011721,-0.00148441073572819
-0.000466525209116659,0.00622107368611829,-0.0186381857133826,-0.024914544982737,-0.00304928132552185,0.01057744320245,-0.000937488002649689,-0.00322756594907071,0.00121341668763063
-0.0641194541912425,-0.0398456143876847,-0.044509244909344,-0.0249603734933165,-0.00602480678332056,-0.045216717794164,-0.0306991572421085,-0.0413329805464532,-0.0122569254813635
-0.00652409598808435,-0.0395223277745306,-0.00703552848425656,-0.000754667783612887,0.00390492224262004,-0.0169453817121974,0.00849039069479998,0.0112024760924071,-0.000942111375565864
-0.0103897723306182,-0.0395864096024169,-0.0438336712934774,0.0206374836790846,-0.00426212557090324,0.00233524422939929,-0.00604082048561195,0.0183343760505645,-0.0222174484052184
-0.0419741612421522,-0.0503938628511038,-0.0362778849607141,-0.0369778096689526,-0.000142299559192475,-0.000898232211991333,-0.00309195514320604,-0.00493781076623247,0.00188912838710853
-0.00486592063188332,0.0214887335779541,0.0310833399150095,0.0124406255871849,0.0012242376612787,-0.00675701696726366,0.0137552328793141,-0.0118705357167139,-0.00847070393233254
0.0228208435028062,0.031856843137896,0.0154318355779532,0.0218664750489145,0.00718811449562025,0.0143175899327238,0.0271688633448478,0.0307315947202652,0.0281128453508914
0.000695905234134312,0.00275528822925135,0.00823737598806579,0.0394483943327032,0.0105758267504446,0.0123881477260615,0.0248210244457297,0.00745995826412459,0.0312237882284422
-0.0602016734003903,-0.0129644291741333,-0.00487821293897774,0.0078791462900314,-0.00635332137561198,0.00716129886150832,-0.000319867133867503,0.00844413977770493,-0.0147979690926894
-0.0235698441199928,-0.000786164921647801,-0.00633329141244369,-0.0279925631354555,-0.00538141257824595,-0.0146221724405437,-0.00056470184298217,-0.0258669172561204,-0.000994069164651173
0.0147453798809895,0.0129879666419577,-0.00890254615407019,0.00893802128792638,0.00997861361489263,0.0257142651472177,0.0129010789926303,0.0177011397570206,0.0087828961494549
0.00199079120461521,0.00863280059558513,0.00219888245738032,0.00266288670020761,-0.000850950192439545,-0.0122629214547878,0.00695107542018099,0.00971165849658584,-0.00242921505585645
-0.0329678852139452,-0.014298104079379,-0.0113610872364721,-0.0167188646541409,-0.00722034369207682,-0.0324326309644883,0.000622499044939118,0.00276903630216284,-0.00757461468467269
-0.0275277567344905,-0.0167183861084758,-0.0409295057624875,-0.0160370688797891,-0.0100613946849016,0.0117663611034087,-0.00250656895915652,-0.0153610848599174,-0.00370643361613002
0.0416155125354419,0.0314475160540618,0.0329984303005367,0.0374725008834897,-0.000429957466999719,0.0253178387350558,0.00443457585321701,0.0286816184120029,0.00142165529935752
0.0708078826838182,0.0103911158327622,-0.00377926404717615,0.00642054291134275,0.0147146677736596,0.0570523450168382,0.0185236780784671,0.0338857081947738,0.0288747093400464
0.0208620229788258,0.0084095845595657,-0.000927693604227646,0.031065225856781,0.00577621528550758,0.00832518484240466,0.00511820047515575,0.00062281372764205,0.00131724170709529
-0.0305640256542646,-0.0244324773217218,0.0234872624439876,-0.0371870044626855,-0.0039027361360815,-0.0271466256162725,-0.00594752856490413,-0.0269780019317143,-0.028441669077893
0.0106018410926752,-0.0080784760865294,-0.012212971198929,0.0252235534373162,-0.00540038172781026,-0.0217059176632423,0.00410466486143422,0.00615982081997242,-0.000999636248173874
-0.00227621105921122,-0.0374761756229962,-0.0344148323025399,-0.0134286433575854,-0.00570804169769247,-0.06833342315945,-0.00505848991424535,-0.00781069562207807,-0.00657681888510999
0.0207162189538367,0.0143288379692399,0.0295586951666772,-0.00614288120406473,0.00284733347226219,0.0108367647383351,0.010505991859762,0.0183504607416407,0.00374967217753973
0.00865978430238711,-0.0167216377732014,-0.0122598793528036,0.000461749545958057,-0.013930024843421,-0.0150547866513491,-0.00508297562680707,-0.00517177992844869,-0.0151292661931287
0.0224039411909333,0.0382659318261846,0.0105107561033573,0.00487439601677157,0.00408058589883927,-0.0237165238859201,0.00798879501535546,0.00682827315299136,-0.00316610672081769
-0.0216447171573577,-0.0131702686001452,0.00648135498818998,0.00607347433368968,0.00674646176747986,0.00126824658186359,0.0345838018002033,-0.00323292455826746,-0.00163918120553921
0.003346425590396,-0.0247612846019173,-0.0226204739386823,0.0129805326271362,0.00396447143961915,0.0592528609379445,-0.00433096512790012,-0.0171139785366109,-0.0230365275481387
0.032089674816244,0.0355669796494913,0.0351048965650655,0.0328818492050697,0.00512700294270664,0.0134750123841671,0.0111704809934991,0.0222188157727557,0.0207338375688165
-0.0481361728223916,-0.0161632385205212,0.00380919088196412,-0.0121692793583843,-0.00463880642496317,-0.0156434612833962,-0.0062797703845797,-0.0229644928701488,-0.0253654288115051
0.0566099929939671,0.0124976206917649,0.018826803236675,0.0163600729239143,-0.00201164744284781,0.0125466891846246,-0.00809574527193792,0.00996368012666065,0.000980791812540254
0.0504872499565863,-0.00131583839182442,0.00330965003800591,0.041916793904763,0.00167087517888088,0.0190825753103644,-0.0153855331782353,0.0296239835228969,-0.006388407089348
-0.00162150023706368,0.0148326822136282,0.0116375373412098,0.0258315906942993,0.0108251536779981,0.0109664770542331,0.00801241655107618,0.0324790174688007,0.00812877253893313
-0.0193216777524455,-0.000204906157478923,-0.00740570958765847,-0.0109759087121631,0.001375960864344,-0.000524266606646776,-0.00759656713955876,-0.011984050217567,-0.0100962838063215
0.0240707367083832,0.0115230799479137,0.0110133069740964,0.0180278049619554,-0.00782405997439071,0.0379560617410642,0.0108004556312654,0.0191359842438636,0.01008837436575
-0.0324863681307563,-0.0104278781867866,-0.0284625020562776,-0.0394361736108926,0.0222359623284965,-0.0548132384911895,0.00618626035695118,0.00258941720418544,-0.000873348826898415
-0.0286797331059965,-0.0151026988995668,-0.0224242950604712,0.0203110836252317,-0.0149320286105642,-0.031373728653625,-0.00540292904951971,-0.0155491009553218,-0.021344183621295
-0.0164029963606131,0.00924099698739718,0.0174892746831766,-0.00171983405890566,0.00135431612693237,-0.0262575805082509,2.55540486075582e-05,-0.000570719887689061,-0.0042925261492504
-0.0398080673549839,-0.0177741584362802,0.0194343613604636,0.0287895361072011,0.00705003119600585,-0.0314672753148293,0.000497509415628799,0.0338481210205665,0.0148328059920841
0.0159905384279843,-0.0175233617968567,-0.014821642886702,0.00358910032887926,-0.00414237284760691,-0.0171251593012173,0.00517148748663247,-0.00649804950174665,-0.00721858755151299
-0.0155428245655414,0.00487594353427475,-0.00324942423651773,0.0112813626970815,-0.00123577587285806,-0.0260806953856098,0.00469179748788929,0.0053551714049999,0.00597884181724924
0.057537027757101,0.0446876052519398,0.0332034672891163,0.0218230651819459,0.0161892918614862,0.0295330095099877,0.0141646401699833,0.00285407215756972,0.0333722999481739
0.0414395730852094,0.0187381902666462,0.0219579345910792,0.021704031515669,0.00769471291577725,0.002497646840681,0.0101446332727176,0.0222806959419819,0.0122365343406648
-0.0117138642667884,0.0149923579307694,-0.0194818432908037,-0.00976705983204197,-0.0120864709104717,0.00564544422550244,-0.00393035190861389,0.00265230582891571,-1.62647280544216e-05
0.0677227682185457,0.058295861987993,0.0470929312291093,0.0539808671543561,0.00666495932280237,0.067179068366277,0.0156970929077997,0.0222163850281944,0.0225422764132446
0.0500691542272311,-0.015042923059782,0.0091775256277206,-0.0100865182862293,-0.00411932738986228,-0.0120353403478214,-0.00638893928140783,-0.0204611605463056,-0.0136398828106756
-0.125444355971973,-0.0630891123217306,-0.0494112716771219,-0.0395519636510379,-0.0277008893020348,-0.100230485759078,-0.0148927168238322,-0.0358001095933583,-0.0367486436659098
-0.0138728308166228,-0.00443474750204228,-0.0296401662420088,-0.0102064986904741,-0.00225371646450384,-0.027363018082043,-0.0161711409544934,-0.00254832082723648,0.000695636735213847
0.00757868305967261,-0.0171117323258915,-0.0412331698312191,-0.0136657144066592,0.00084501299284004,0.0100107433382047,-0.0220253629560215,-0.0108765482691453,0.00487192683189397
0.0211114798071315,0.00177558180408565,0.0229897070473954,0.0333127584223533,-0.00579802657429487,0.0517319639033753,0.00282552924962219,0.0208856390426131,0.000620921276737852
-0.00695916784109956,-0.00580352398943164,0.00360885198054977,-0.00163541302182912,-0.0113462216648239,-0.00349023495314294,-0.0235394197061043,0.0106914175047934,-0.013762469475804
0.0229843045656131,-0.00748790395182035,0.00698191768757551,0.0146824739220861,-0.0135567639464722,-0.0381863707657909,0.00448119071690841,-0.00184975170392258,-0.0251415336491999
0.00487999572341145,-0.0128301657940958,-0.00923573171462603,0.025210570024912,-0.00298375961725962,-0.00710424543670803,0.0043307892581061,0.0245421145535782,-0.00178940726474015
0.0373672898377633,0.0405269142851074,0.0420870012576205,0.0341937277473806,0.0274563437792775,0.0293464481895527,0.022580913018197,0.0226553387787357,0.0361867581988847
0.00729826616806831,-0.0142498762940577,-0.0335153625315594,0.00363384109564113,-0.00320571488694544,0.00125792005149849,-0.0176641756976565,0.000326459814330602,-0.00491381439234668
0.0495062382930086,-0.0410267522049466,-0.0176705822947117,0.0131093240723366,0.00382612723162844,-0.00421934170241203,0.00478772472028649,-0.00125271066687247,0.0154206715442298
-0.0121676576482623,-0.0123772348053213,-0.038704059462752,-0.0195530944198822,0.00673233294019561,-0.0212773973193471,0.0113718453183522,-0.0121345411037354,-0.0138561991082164
0.0171035868968649,-0.00858871392127846,0.00355178502500643,-0.0117556982980012,-0.00559239176333337,0.0347050100773292,0.00176698388902799,0.00833342925871586,0.0133241771847595
0.078619968637895,0.0216396822422655,-0.0200872092430824,0.0550410028303632,0.00975179539758793,0.0440845108841301,-0.000651224497755019,0.0142553222482393,0.015787413656726
0.0258678772976943,0.00647709786751821,-0.0110153110134459,0.0107928719120979,0.0127119400357517,0.0321440746848875,0.00680481433041925,0.00751211352341387,0.0127288143145341
-0.0449602935534678,-0.00079413257582319,-0.0106659636681401,-0.0246935372175669,-0.00922010903968751,-0.0543917756295825,0.00730368456776646,-0.0106322059094945,-0.0153744589408562
0.0131593576458388,-0.00529544503638711,0.0197728493099453,0.00190839864293181,-0.0185614252551449,-0.0069404019034423,-0.00981193013970812,0.00952503074811577,-0.0101439400632115
0.0098572641850132,0.00990648645040182,0.0159090100134037,0.0078629343498584,0.00507537722499236,0.00912943218922399,0.00524792254828619,-0.0169073845941635,-0.000154376629154926
0.00094267987479772,0.0193808773033128,0.0169516890242891,0.0700319560195127,0.00895201493507081,0.0292330619020091,0.0178354362563262,0.0209466716671354,0.023796419832262
-0.0436859450146194,-0.0217989144823668,-0.0442482866682803,-0.0259069580393707,-0.00146482849495899,-0.0233448666367136,0.00244661776469544,-0.00787554278366833,0.00663053931094025
0.0712446521187815,0.0214322328121238,0.025646219849765,0.00202399514507958,0.00791837755420244,-0.00329469671653174,0.02936868132024,0.0074360871442624,-0.0133900020759107
0.0436117780499731,-0.00471966446060145,0.0145780381933225,0.00271440128190648,0.00643053733288448,0.0040228842840868,0.015452537689846,0.010809494133033,0.0044368440924882
0.0126888082787181,0.00895337035894788,0.013148033971597,-0.0241426333477134,-0.00486767261262973,0.034877551385821,-0.0376359453065915,-0.00150648579857276,-0.0232046434941425
-0.0446974293491286,-0.0348607179743966,-0.0279418255787617,-0.032752627247855,-0.0119485196605992,-0.0254726287300602,-0.00645985828670244,-0.0180681784488307,-0.0133732909151025
-0.0222176552784872,-0.0240314885700226,0.00994975779364745,0.0117325409230139,0.00657185466706802,-0.0209997039814684,0.0170281648644145,0.0115292960333672,0.0162467513505266
-0.0195858352615754,0.00161767131390809,-0.0375410620912439,-0.004660053990949,-0.00179165531238095,-0.0404495380027287,0.00625152805837125,-0.0129604521351725,-0.0243307905593018
0.090070964662164,0.0627763932947551,0.0422354468127931,0.0316821038793494,0.0083364105928628,0.0420385559204189,0.0141230785981853,0.0259088842820713,0.0212128557714202
0.0460549166208377,0.00443348318183612,0.0147883266694759,0.00987157725717449,-0.00694344707614583,0.0105570319245153,-0.0111030071019382,0.0144640613145998,0.00764328689644846
-0.0205376013172336,-0.00180634001601078,-0.0275614856713197,-0.0183738217956236,-0.00864410139332619,-0.0132058545556753,-0.00274951508502586,-0.00970188407861437,-0.0126373233188601
-0.0352350013414392,-0.0418846274344723,-0.0296819027400007,0.0096161448901639,-0.0198824390607862,-0.0254430604159505,-0.017549769749071,-0.016232890031754,-0.0189937005990511
0.0373737601881662,0.00239897021744997,0.00121082737390428,-0.0161162792897931,0.00490086330472457,0.00948575143153845,-0.0104282009777381,-0.0019123014847076,0.00977655672228393
-0.0125100531876658,-0.030997751231825,-0.0112044833138753,-0.00841953932353955,-0.00411742276710083,0.00146929031311862,0.00371022058369749,-2.51070189005095e-05,-0.019736287289268
-0.0347122038519976,0.0211931528082642,-0.00424907147296122,-0.0283313981731682,-0.024542631292198,-0.0331879358756552,-0.0208316368939222,-0.0360426330528561,-0.0297469405328005
-0.0410913902745692,0.01631302472138,0.00291062068300783,0.0136932045679812,0.00160708999264747,0.0337282501300849,0.0280441949577426,-0.0112385497897509,0.004338574101828
-0.0382219890513942,-0.00124835993289136,0.00963184972451993,-0.0125887717499452,-0.0193954128866541,-0.0271237830820246,-0.0294146464045998,-0.0289364090714101,-0.022085760325309
0.0230000967303723,0.0396357175129338,0.030058299129088,0.0739562726739203,0.00340550690697317,0.0167943915004195,0.0216403941217809,0.031692343816053,0.0175251496532049
0.0583370060921893,0.00476095671457915,0.00752397774379556,0.0220647516030894,-0.00169245009775592,0.00688191296094781,0.00352313039651438,0.000670649617669345,0.0110257132406011
0.00228271973175372,0.00441611160148756,0.00214435202031877,0.0166676658240032,0.000231824901232127,-0.0191568011232511,0.00770355250380739,0.00282695439538537,-0.0081218105107377
-0.0349720331537449,-0.0137363558950763,0.00907681824721725,-0.0276928091622089,-0.00447485752840325,-0.0268646865820994,-0.0260399783336978,-0.0240022389046679,-0.00877696958764759
-0.0402877222425878,0.0021308428817344,-0.0118049159509029,-0.0155703793146996,0.00286112730121912,-0.00129599864608329,0.000140847504305099,0.00383245596189847,0.00358572265790984
0.0358685912617763,-0.0572556001796268,0.0132228258487388,0.0308195290699597,0.00670458685614743,0.0081382276156578,0.00716457354701752,-0.00348887279284086,0.010984115908963
-0.0542399924287194,-0.0172572732278545,-0.0284151666528275,-0.0108897824252759,-0.0157551828790498,-0.0485490247092678,-0.00242983068845242,-0.0189708791836998,-0.0313376589175958
0.0473235894770708,-0.00116535242039042,0.00419685565544207,0.0388252116521308,-0.0159141818352208,0.0411172271545464,0.0028787266795707,0.0121055677632003,-0.0253827650402775
0.0654357218174264,-0.0132875451877193,0.00281034699765561,0.00906450651934018,0.00241962665072121,-0.00781550768903045,0.00817793187025436,0.0122970841353231,0.0028108519346328
-0.00889303576091232,-0.00855219984691934,-0.00299576097020896,0.00526201350996854,-0.0101702007442398,-0.00532194094368556,-0.00537002020254216,-0.00566480735882472,0.00249546441960813
-0.0168808792812823,-0.028272958028014,-0.00550357999955525,0.022194108500015,-0.0012912120503065,0.00724581403397688,0.00218667243943552,-0.00133620093864464,-0.012371583062624
0.0393884230804705,0.0363474544187393,0.035011401599878,-0.00417193425087494,-0.0149041574804476,0.046670931783636,-0.0216723197296588,-0.002862584948788,-0.0102356613383381
0.0303164999865767,0.0171828630283406,0.0320164599992308,0.0322862424738847,0.00189241705188775,-0.021965503642527,0.00831075100325916,-0.0128766790067756,0.0035404579849258
0.0708420038953702,0.0461104680779549,0.0528158627865632,0.0186933683376806,0.0063136847146847,0.056340887277095,0.00724084186060166,-0.00477457908818495,0.00683574444406066
0.0452331319965167,0.000535962291539014,0.00487322858229725,0.01622930779651,0.0189466679146199,0.0442570970606983,0.00492992252961371,0.0107355524429292,0.0120428914568471
0.00837492387321145,0.0495968971346727,-0.000852714064593271,0.079051863932122,0.025476096640526,0.00537028295601857,0.0547432642339846,0.0425301513726544,0.0396116022854059
-0.0052084964056443,0.00524328270480664,-0.0129423410585554,0.0037349368084203,0.00777694265247,0.0170212914716509,0.0127131752446645,-0.00822593047146601,0.00317761839638845
0.0362166023143821,-0.0452224436025213,0.00342660216429678,0.00953784336675276,-0.0216640081387759,0.0258153833863601,-0.0123175314987679,-0.0238691472333089,-0.0185478573578235
-0.0225986704663443,-0.028643655977292,-0.00484562759746726,-0.00547340094758809,-0.0217183460571232,-0.00488928451438849,-0.0127425646123132,-0.0116806619179515,-0.0245967474074027
0.00960346175122141,0.00512406045311331,0.0326030515664761,0.0132252654374466,-0.00510650929021548,0.0131434615258074,-0.0151922091508096,0.00059037072734612,-0.00980350221390534
-0.0205063909317263,-0.00328900935804463,-0.0326756724452761,0.00363619083100577,-0.00266925202570288,-0.00952977213136523,0.00316930704759187,-0.00733753253371559,-0.00440402942803316
-0.000506392452551686,-0.0148699225787818,-0.011412083502218,0.00293479182312359,0.00814062056353654,2.55375684936531e-05,0.00568007487884723,0.000974210504813866,-0.0186370674129166
-0.00950703093683945,0.00913823727961292,0.00129201047173528,-0.018463371009248,-0.00284948464638527,0.0109773121612618,0.00851246545677099,-0.00275031729677827,-0.00146976339748869
0.00911886043646509,0.00892966009925345,0.00371382009702588,0.0124298776128307,0.00347625836739983,0.00846071013091765,0.0228794878085455,0.0108337284170585,0.0058646390420319
0.000900070455322467,-0.0229137799211175,0.00798189416422845,-0.0169381134400336,-0.0117388773282997,0.00520160741841256,-0.0285921802657581,0.00239009520960689,-0.0131826567410952
-0.0213423601963603,0.00192484846142994,-0.00333826639245205,-0.00487923013668123,0.00937479458710506,0.020914601632184,0.00208971116554761,-0.00655783508224508,0.00390396497789641
-0.0402563173224452,-0.00117316226286371,0.00889511943652646,-0.0267274664327813,-0.0117051946389016,-0.00654681424642473,-0.0138252054569158,-0.0358991732628754,-0.0213880635510901
0.0896316333645029,-0.0103468956002354,0.00613373807212851,-0.0142355190808023,-0.00437666347125114,0.0424687964431066,-0.0177717661986162,-0.00443024629124592,-0.0122240789545279
-0.00886084943689856,-0.0231307238773177,-0.0483454316030642,-0.0176040262773443,-0.00185483629727155,-0.0289745596864705,-0.0339211337014885,-0.0104476905699896,0.0157157333713637
0.0196807921600525,-0.0159583820914521,-0.00405800426805534,0.0279107684337434,-0.00767097359013522,0.0269979634423166,0.00593621068825354,0.00378617190924802,-0.000171699079571162
-0.00943198570690856,0.00984541379514254,0.00421273285537655,-0.0355195891043977,-0.00249352656268097,-0.000162371659505233,-0.00773281555145694,-0.00836247158764789,-0.0012507654138903
-0.115376383581854,-0.0575060812208333,-0.0106913975854587,-0.067527067496565,-0.00852981118643782,-0.144233896736677,-0.00760025285796596,-0.0111571196182909,-0.0168571184407665
-0.00918515847429995,0.0166311771881234,0.0034832513252952,0.0122986407214513,-0.0193970711600759,0.00193845606254029,-0.00277763229985083,-0.00334563005245735,-0.0262444204913626
0.0183956323642462,0.0190271416623427,0.00716893577729306,0.00579024585664015,-0.00109231039774373,-0.000958564397320681,0.00208258697423155,-0.0128308676023959,0.00815438294155092
0.0166175359898502,-0.0100598918501382,-0.0152477575546779,0.0236456725310914,0.00279671458501761,0.0332413569778529,0.00653799321545282,0.0167759578847597,0.0120788834715518
0.0684007121319877,0.0141521929320095,0.0129446372509763,0.0305138951631111,0.00529533078617515,0.0538111916157496,0.032207482489862,0.0207651468161846,0.0406089251819795
-0.024987083874859,-0.0194834185621357,-0.0191846667233131,-0.0399031439717565,-0.00104852412105016,-0.0231853957592432,0.00639648940497183,-0.00662351908426673,-0.00149372555473126
0.0185052673608062,-0.00200340172529841,-0.00640605029633774,-0.00506227763246716,-0.00518886445369282,0.0467445055878597,-0.00819900098367823,0.0196737374471669,-0.0136604759224918
-0.00245626247782911,-0.00527665485057625,0.0110753118521616,-0.00240517737529388,0.00554026874431966,-0.0215227411047877,3.42011944334749e-05,-0.000298843645527786,-0.00585078506592989
-0.0464119169548339,-0.0443056839339302,-0.021361700725661,-0.00535845024627742,-0.0154616866349138,-0.0398212726601005,-0.0201142416417612,-0.00981430452222161,0.00683545323942203
-0.0182220919655221,0.0121956831959488,-0.020384245417333,0.0110990301399231,0.00407797923038348,0.038155228932034,0.0198888793434367,0.00828934283237082,0.0165653977066854
-0.0497578259500676,0.00773999113278032,-0.0136741723121439,-0.0322147797429774,-0.00393294270738463,-0.0344944629905369,-0.0222955704210849,-0.0212977985150801,-0.00909953414217839
-0.0633449592418372,-0.0352149896032619,-0.0641633311985947,-0.0347389325007237,-0.0061375217159142,-0.0217283655298407,-0.00683033971971581,-0.0151809422085527,-0.0123463041203603
-0.0434562154169451,-0.00804400818972193,-0.00554761978622359,-0.00595273192558575,-0.00691170784068813,-0.00599958976887217,-0.00315416588538603,-0.000581685881902847,-0.00486418067190309
0.0131308235716262,-0.0217310058647426,-0.0212604667523247,-0.010383120235979,0.00168077563001769,0.0118117216836016,-0.0037518174128088,-0.0118961393837519,0.00481776367829979
-0.0655236348632382,-0.0343136232976522,-0.0444378220862605,-0.0358415844949472,-0.0209976816134121,-0.0699867203718893,-0.02934877177216,-0.00433662696601541,-0.0260034345502953
-0.0182585571880059,-0.00664593080364504,-0.0109222794566785,0.0179905485294093,0.00119954896669809,-0.00909697625291723,0.0132788394878929,-0.00117795838438586,0.00124728496654868
0.115908324276004,0.039071177878619,0.0308727726996139,0.015204099703944,0.011438290416869,-0.0675770019227904,-0.000451053970610295,0.0235007932659219,0.032613685634609
0.0403686612665393,-0.00475043248032247,-0.00758206273083879,-0.00137603381086496,0.00582349447012382,0.0296727753039219,0.00664389718078769,0.0164012296963544,0.0111287502272463
-0.0148799841845914,-0.037792574761211,-0.0225100332958595,0.0103797723902071,-0.00506575584141739,0.0170691854853574,0.00559931167631273,-0.0117481988629788,0.000889997651739826
-0.00341126150256848,0.0155015002409176,-0.0036542582733759,0.00283626411631467,-0.00439462061621037,-0.00753525566222491,-0.0101549315416232,0.00124413925952956,-0.00202145440182048
-0.0499037880726382,-0.00585793465894169,-0.0333200218411209,-0.0326905189814575,0.00171924677330513,-0.0602342800661752,-0.0155165574831509,-0.00202648026704564,0.000502603137167454
-0.0353437005702585,-0.00321792148879458,0.0183767844990179,0.00417627540379869,-0.00262484996813382,-0.0211006954132392,-0.00217657848296591,0.000920548194705498,0.00108104981356971
0.0182834602389645,0.00834166485331903,-0.00206856998977339,0.00437066443931841,0.00268041770756843,0.000514331954100129,0.0112068973409584,0.0278301750696694,0.00728302341774493
-0.0530283351874225,-0.0203806135238116,-0.0110733298692629,-0.043317603891604,0.00453314169394946,-0.0251933121588649,-0.0129593376167078,-0.0213545577609379,0.0061198707729285
-0.0314919654394831,-0.00700824543618961,0.00548052514356884,-0.0085751178723229,-0.0111824687515728,-0.0220184139319141,0.00158710943240957,-0.00982183304777595,-0.0217282565650224
-0.0294924613373676,-0.00128182982092654,-0.0447169498256728,-0.0159936362905068,0.0111504977369198,-0.0435556938132252,-0.00103774795523997,-0.00596474192231299,7.40323298718461e-05
0.0243128942661312,0.00900166407801128,-0.00110564566597767,0.0362830574520822,0.00673058434872086,0.000654351815382088,0.00769830415312358,0.00786636040120849,0.0179297973546072
0.0307851024758639,-0.00904820447661895,-0.00634755934388557,0.0124884339969348,0.0226127362776376,0.0233043394022605,0.0373518606008307,0.021332746633355,0.022478228503471
-0.00191342715338105,0.00153111899580684,0.0114380347435345,0.0024793438758161,-0.00564531727964251,-0.0086627515488326,-0.000766998873182099,0.00284287920835824,0.00276115252859867
-0.0444049774498055,-0.0276464659828846,-0.00324488342341425,-0.0198542766817259,-0.00657478104826687,-0.0497468369718208,-0.0246099409077067,0.00639897806170056,-0.0107339837500153
-0.0107621255508004,0.0262551550646146,0.00184427034499201,-0.00997271920436208,-0.0154820527890954,-0.0225078205936387,-0.00701803484251919,0.0114995501008074,0.00833047098574122
-0.0282174741657575,0.00691328431888482,-0.015308756419211,-0.0057162752311989,0.00658984626033352,-0.00276091614019159,-0.000525215711786126,0.00840207038683433,-0.00894721522314692
0.0930461226397819,0.040025770151631,0.041435020677916,0.00708393622058749,0.00582025182337695,0.0576492815554247,0.0187273949721279,0.0179464123736068,0.0114315244339679
0.0473985257700811,0.0361035029199953,0.0214576422472543,0.0264858628215738,0.00824259042478645,0.0628804286589617,0.020063818459618,0.01971417194331,0.0341955694167654
-0.0147746329661993,0.034860507000481,0.0160212772853619,0.0121139639295682,0.00605157492322608,-0.0308963414580435,-0.00423164327624433,-0.00691208911484216,-0.00807246068210908
-0.0283936160868164,-0.0301863096712745,-0.017319672887272,-0.00194637828963788,-0.0114411107131782,-0.0309009193465182,-0.00737752525282112,-0.0151988399796482,-0.0118367637777418
0.0205150069906652,-0.00500046100300085,-0.0203067188670256,-0.0114566899574758,-0.00520850917041592,-0.00563907252717405,0.00127000587220025,-0.0218990592851543,-0.0123385632999036
0.0150438566066042,0.031645050973676,0.0410692382262578,0.0290970770509653,0.00061715593821607,0.00514737934618038,-0.00357611165684751,-0.000185061634700279,-0.0136577500450861
0.0438316586066647,0.0213331644802918,0.02130813999057,0.00311973737592242,-0.00234312854086526,0.0118519532095252,0.0180031319270388,0.0128709898539614,0.0191383755898479
0.0280882047764902,0.0443496406791525,0.0266477105279758,0.0441919154098838,0.0181980016686742,0.0580786757867458,0.0223865521785915,0.0183598714314383,0.0290091965721556
0.034964042630016,0.0327764121774643,0.0418538901351057,0.0487684209330516,0.00512206601896877,0.0389564248099189,0.00536811239774827,0.0194980351105026,0.0315207700018313
0.0719526449111257,0.0259187125213615,0.0483183635552403,0.0191547782261574,0.00888250461604711,0.0752745991497594,0.00898074731894175,-0.00779008234655339,0.021208347184184
-0.020319106455908,-0.0369137939586067,-0.0288101855500618,0.00405374817236167,-0.00588529236717219,-0.00889900068462964,-0.000433777942945772,-0.0221964226226506,-0.0136510898127273
0.0210394338983169,0.00363059115779544,-0.020321842070573,0.0198722822680005,-0.0140681983099942,0.0324416307233416,-0.0112430511333128,-0.000587146573873894,0.0126018588289904
-0.0142181962455841,0.00397139653855884,-0.0241878424321792,-0.0108236749036581,-0.000932415385776687,-0.0111290541736903,-0.000536009979004175,0.0060435197318336,0.0210331048772672
-0.0103944716591246,0.0166714429348511,0.017393869661053,0.0176844004385607,0.0161992094952858,-0.00476352055386849,0.0140724167922308,0.0148885134923675,0.0127747826140306
-0.0386116712807121,-0.0369111124712895,-0.0159599426012389,-0.0241741014113165,-0.0131455081933531,-0.0321895977811738,-0.0172527062107127,-0.00353792027062067,-0.00787858545033586
-0.000405362950834358,0.0285534140948937,0.0146595712956874,-0.0232538986395121,-0.0162112478310841,-0.00445535502088273,-0.000789879329427725,-0.0190035689558613,-0.0116780204529611
0.0302947852253101,0.00922810220959958,0.00129098523761543,0.00297224181490265,-0.00689018747236296,0.0105041902818362,-0.000762156921006791,0.0194337601513219,-0.000202522523987356
-0.0146415753638119,-0.00881520064030393,-0.00955904367763524,-0.00268127808255718,-0.0201583424595415,-0.0361216751799728,-0.0200158959923639,-0.0390461914424482,-0.0377781927186882
-0.069463104647223,-0.0132813024357125,-0.0295926762308793,-0.015232746958835,-0.0123534449049929,-0.0425140716757391,-0.0163780936395996,0.00201048449274852,-0.0141155321017621
0.0318690765803722,0.0125150071083494,0.00255170965459827,0.0343553929733441,0.0280695337369599,0.0143970912224782,0.020551640608842,0.02923559151305,0.0348548786437189
-0.0841631668122473,-0.0345968377365864,-0.0703416333294222,-0.0589054726776239,-0.0179969958406237,-0.088141166692589,-0.0161585460053653,-0.0188236458256725,-0.0118575355023396
0.0915100367913695,0.017217885959042,-0.00430450982264445,0.00435770384550441,-0.00693136857496324,0.0598157605375436,-0.0115407297966452,-0.00535108443450291,0.000843248662652177
0.0882150492950165,-0.00146680691634822,0.00654607785946318,-9.34649967218996e-05,0.0012950991530387,-0.0168092157247097,0.011624744194182,-0.000393346086370489,0.0192229827180969
-0.0625895138321587,-0.0589289138099233,-0.0711650697726613,-0.0274788902232041,-0.0289050563843403,-0.0419107205321066,-0.0078244095799486,-0.0384197519053595,-0.0481596828422405
-0.0695745655736952,-0.00353150432228599,0.00457626349807139,-0.0104030281354788,-0.0210860091225427,-0.105617347711105,-0.032653895411108,-0.00704004238538013,-0.0349357981926766
-0.075546157829475,0.00767240748289438,-0.0213562548354645,-0.0479256337685102,-0.000768723119606554,-0.0892696640076499,0.0111697828973823,-0.0259458293013435,-0.0157493781009526
-0.03819619799465,0.00138187359211027,0.00182771114105711,0.0276453409254753,0.00758091683407509,-0.0274876418072512,0.0106656589225354,0.0359642669142612,0.00458308981611644
-0.0151367697580855,-0.0263271746823675,-0.00872670549633476,-0.013808627129765,-0.0132070566115437,-0.0348354696058846,-0.0273564143773998,-0.0324171641397865,-0.0120859774224008
0.00740786213690106,0.0277559644679487,0.0204630293669305,0.0114762630292962,0.00752186341673076,0.00277011025868432,-0.000923385876287039,0.00206222964780781,0.00374497425777233
0.0709462079503565,0.0271329622191391,0.0330029495406375,0.0133022971271717,-0.00484738535958461,0.0200978471420714,0.00468700742658645,0.0117740170670012,0.00646660400073692
0.0021326102999508,0.00930073094443478,0.0104376598601168,-0.00377522543781232,0.00382336322089165,-0.0201221694142241,0.00931532520266959,0.000256869484725331,-0.00309770487177946
0.00196308221178102,0.0224137110199085,-0.0181326634532707,-0.00177700316473539,0.0164480926545763,0.0220756200369217,0.00908577180474603,0.0126559781126446,0.0191944447444202
0.0771554698815051,0.0416928925988982,0.0324958038679924,0.0333314226203406,0.00343199122261172,0.0281217672121348,0.00107661217854262,-0.00682096192911801,-0.000744212876846398
-0.0716080161154897,0.0131738758397812,-0.0319154286381597,-0.0407623813589672,-0.00641100877407117,-0.0558956501327058,-0.000494593878129207,-0.00218324060559039,-0.0206641825251566
-0.0356273834077442,0.0152172919840664,0.00812158210589473,-0.000805138204480077,-0.00255095123484266,-0.0126698353597514,-0.000913419466154992,0.0148460022153721,-0.00320700092157457
-0.00464377330419042,0.0226321322668826,0.0151101979627742,0.0118487563649722,0.00776756715380413,0.0241576502022828,0.00303719765322723,-0.0307940683610918,0.00757394183298988
-0.00772079190463784,0.018786707990285,0.0040734998250189,0.00565660709509677,0.0115568284499816,-0.0402224441215095,0.0249580994602119,0.0018815704400989,0.0188899265331114
-0.0643640183722375,-0.0287108984632729,-0.0387662468623248,-0.0213560279983967,-0.00108848714683825,0.0546299345092176,0.00551842990963333,-0.0329136446325545,-0.0121474574599993
0.049585842986377,0.0254980677136058,0.0142652397571035,-0.0135571559696189,0.00801977356312729,0.0338148132226058,-0.0250961800302153,0.0191842239182918,-0.00238472769557724
-0.0514953015838417,-0.00973188742962261,-0.0151970033813659,6.39019281004214e-05,-0.000913789691447535,-0.00672019864783618,0.00596254760337632,0.0172441352031046,-0.00394842291892144
-0.0458218394271441,-0.0319930082304349,-0.0206741152393077,-0.0431316719156588,-0.00313447267624032,-0.0606054964792711,-0.0341666311317364,-0.020947507337014,-0.0173314446253098
-0.0122786360203345,0.00516160359147467,-0.00910894129044834,0.00350912040272904,0.00147935349204833,-0.0181044481644102,-0.00984914252607014,-0.0238737748538343,-0.0113268409657169
0.0757974416001231,0.00036549282952627,0.00470047670307902,0.0336145235789655,0.00915843292716762,0.00649202613484362,0.000365054377828619,0.0189432540576179,0.027548790012551
0.0113777172203793,0.0168317568867606,-0.000760863821922518,-0.00178362225822605,-0.0152556160172039,-0.0280430708546159,-0.0039767819488818,0.00250687166771436,-0.00632596447191893
0.092229645259702,0.0280596949307569,0.0175153069924194,-0.00273594932347906,0.0195058307195334,0.0476973835540423,0.023551457365322,0.0194409191088739,0.0264744460065169
-0.0282653027723507,-0.0148390077931917,-0.00800930313584943,-0.00897229874185225,-0.0141336191786938,-0.0426833974653581,-0.0182670600976827,-0.00621248484378201,-0.00818550983879262
-0.0202695934994126,-0.00409727074650048,-0.00600017742124337,0.00776059600457623,-0.0116067445852249,0.00141965357235446,-0.0303695346086294,-0.00129625104755721,-0.0134574261096378
0.0572671668719962,0.0388245734521192,0.0294360819604798,0.0444013088886661,0.00870787829822705,0.0433292955854969,0.0145810361398736,0.0245274860872205,0.0122005194706224
0.00368932448421312,-0.0065598692387092,0.000307195655963294,0.00679705577916024,-0.0135959530066936,0.00209773354437806,-0.00264148302081512,-0.016286980814715,-0.0130125697723927
-0.0447593518468757,-0.040777828919759,-0.0391126553499741,-0.038384219258447,0.0132770624608952,-0.0353866041300325,-0.0064810241462551,-0.0361161493210002,-0.00350377956457873
0.00948239177616708,-0.0219368110803521,-0.0194938043929907,-0.00725572380743254,-0.00901181193113287,0.000639852027308315,-0.00727162847346048,0.00156130639513859,-0.0115588422591998
0.00459935277767306,0.0119153949055934,-0.0179676151799524,0.000587531791975474,0.00708530225549351,-0.0186659010895843,-1.84242759128212e-05,0.00354629860534294,0.00986451578386134
0.00071519114412617,0.0192011178611353,0.0365865651910848,-0.0176882960921282,-0.00967376164629497,0.00146872816968561,-0.0276734545785131,-0.0145756558484968,-0.0169600435825715
-0.00346999171664637,-0.00341289352862461,-0.00139274695355776,-0.000624517601328698,0.000506756884420548,9.17464740301487e-05,0.00204935699397131,0.00500918023231165,-0.00467191515217021
-0.0466731116873671,-0.00590760593348874,0.0126153032129316,-0.0454049567168754,-0.0269286147339998,-0.0744181321788838,-0.0471412733423201,-0.0336505293596765,-0.0380066121467031
0.0431495577137835,0.0103339495353985,-0.00292539045945738,0.0225764561582199,0.00320500571732581,0.0249121139592229,0.0119870658977201,0.0290074255187952,0.0105965590459626
-0.0352180666070066,-0.0304671448135471,-0.0300940375768895,0.0223243574138731,-0.0160799451823437,-0.0627848871891633,-0.00370906201960602,0.0101600608965905,-0.0109296045248424
0.0121892642466819,-0.0201319493458661,-0.00913006098874203,0.0087197368640515,-0.0024945989316716,0.0091784184272009,-0.00320194980619174,-0.0271570419497243,-0.00344824536948249
0.0190231157313934,0.0189446975271014,0.00491486154450312,0.0464142184601977,0.0061109134192795,0.022602914937366,0.00986261369220886,0.0240123826868565,0.0214345817817245
-0.0167352541596294,-0.0392021145878703,-0.0224728186982561,-0.0113813791060067,-0.0231163454203019,-0.000937776125355188,0.0012039956993967,-0.0166540809705649,-0.0283155812617214
0.00265891370918869,-0.0240414510804336,-0.0371905038296761,-0.0213142462707829,-0.0167568604385436,0.0082213304526708,-0.0215608697786716,-0.00373283639333411,-0.00431215584740321
0.0314941283762955,0.0187256211375626,0.0200761056263333,0.00518032830159177,0.0198266898013375,-0.00103854858014021,0.0282892312135329,0.0443684217740424,0.0289370492797613
-0.0170628728748096,0.00670213146700485,0.0192167146453541,0.00275375770788898,-0.00946349126983987,-0.0358706870249163,-0.00282429652191801,-0.00161137201353139,-0.0105965434004758
0.00142723019331437,-0.00219038387168461,0.00940204548542261,0.00502815336442294,0.0059352633789456,-0.00155519791064449,0.0169443302782193,0.00599479850408405,0.0355714805440456
0.0166874128417945,0.00766804534965333,0.0271745950069159,0.0152556097763358,0.00714820745874463,-0.00803786515704976,0.00172764156382618,-0.00309509820266895,0.0188463851339747
-0.0727871218081576,-0.0279669883497649,-0.036086162982383,-0.0232933338372417,-0.00736341261701256,0.0358095102047132,-0.00122383876259037,-0.0109776445044624,-0.0281279005578961
0.0223686435588367,0.025632114222757,0.00951292756478724,0.0386861983741278,0.00411975253236973,0.017374157453282,0.01649837400566,0.0181826735590891,0.0174080011619584
-0.018645080321081,-0.016134460472344,-0.00860619137641791,-0.0162986189417015,0.00138118176332273,-0.0220342106709147,-0.016696744303941,-0.00219728422938187,-0.0180556063231663
-0.0586574566037291,-0.0192594065102983,0.0119146740436898,0.0189600681818124,-0.00438548763527155,-0.0383309442356068,-0.0156172212785759,0.0131169370807102,0.00410888108270672
0.0123613288179159,-0.0112405661632616,-0.00738930500290814,-0.0213151838614859,-0.0111538429552877,0.00204624260890816,-0.00170937499556685,-0.0216671897024004,-0.0120812816740594
0.040484039547166,0.00844791120602427,0.00883503018707936,0.020906533509818,-0.00473624350979496,-0.00838773626672909,-0.00830718869060358,0.0149483417617886,-0.00521585192951099
0.0857158230016103,0.0452575411784679,0.0292123379642049,0.0247124109965472,0.0101363171233638,0.0578072254789952,0.00186569058546022,0.021101713295998,0.0183787710930557
0.026626713969878,0.0309923086830267,0.00800204727774326,0.0579358262524957,0.00483959604554765,0.039634687206898,0.0165117872962431,0.00534630584071999,0.00697748910441826
0.0451694643841122,0.0147561168093595,0.00225745815354697,0.00608658749485221,0.000574558683401411,-0.0459439139189212,0.0108793560132555,0.0381436196702775,0.00743045137626082
-0.0439212101834563,-0.0361037901789941,-0.0138388087418923,-0.00861634709113516,0.000970246111900249,-0.0569312804544463,0.00545308604460641,-0.00511401248117993,-0.00592442265249993
-0.0128503684023874,0.0144825770194286,0.0305545592117656,0.0225005342909593,0.0153688909279587,-0.0143264869246988,0.00955041440425668,0.00933783374262685,0.00746017913823328
-0.00454585132994451,-0.0100484746298662,-0.0122234985540158,0.0446885496278642,0.00464742527863204,-0.0146865554074122,0.0097692273230967,0.0384077775260362,0.00983045759936103
0.00436810217083496,-0.00167927583469797,-0.00853572478191316,0.00547313685596816,0.00735118771284006,-0.0411516092605698,0.0134494285338288,0.0182330081993171,0.0135445101322933
-0.0530301848019197,-0.0541263972364587,-0.00595739945084042,0.0259026999990408,-0.0182208365828018,-0.0243310856028301,-0.01273809463965,-0.00788910955816872,-0.0148828171554752
0.00620170688434422,-0.0135816233579698,-0.00603117697558564,0.00739490083512566,-0.00459515263447592,0.0338903762900774,0.00761799837824369,-0.00841771611967859,0.011016769283778
-0.0448149227586727,-0.0365496851844056,-0.049092535269475,-0.0279586437911839,0.00216446899772844,-0.0526213412701233,0.00111273018430587,-0.00487188468285681,-0.00524401671182637
-0.00764448142994507,0.0203286723554539,0.023597681040318,0.00984384071908514,-0.000313658644810004,-0.00886211029692465,0.00477257245947812,0.0242890979554119,0.00975492852341911
0.0571930395262005,0.0372050890443412,0.0341911605475098,0.0442158863133683,0.0210513788948354,0.0562356822570759,-0.0187521991430065,0.0124086022816799,0.0338342708259175
0.0345674340879024,0.0280196114243311,0.00312699060914702,0.0208556768071003,-0.000378320850408047,0.0333749411207181,-0.000744180777089845,0.013859516101441,0.0130880755511781
0.0245428368179422,0.0152131594758133,0.0183384746798986,0.015581148261257,-0.00930411321219522,0.00906597146599932,-0.0368133280607634,0.000182088538107101,-0.0148335120775489
0.0540960470404194,0.0485784157045207,0.0289017832973227,0.0683578476471289,0.0134992146269952,0.00836796471973547,0.0102521353134515,0.0218856600156408,0.0271646023770779
0.0128566258820159,0.022214706301761,0.0295157155855575,0.035013194773323,0.0149129329051823,0.0142968881236446,0.0150016512715388,0.0200984874258209,0.0228542162996094
-0.0435211416589769,-0.00706563322249043,-0.0291013158630508,-0.00557117809378371,-0.000597219055379899,-0.0497813762751904,0.0123931419914591,-0.00261342623788202,-0.0143918063061052
0.0499017910954676,-0.000544596359887722,-0.0140764234103838,0.0114104222269898,0.00414115537970119,0.0328180750713704,0.0148195258470141,0.0188070664673262,-0.00359210032317765
-0.0690848198753512,-0.00508126494109931,-0.0348762482019734,-0.0268921959295797,0.00581459609345393,-0.0800125209039785,-0.00422536137044202,-0.0144245583158757,0.00598101767243891
0.00248534468194901,0.00848215158876646,-0.00463440313607031,0.0250939234071677,0.00451437279883642,0.0037163244683729,-0.0108667025964424,-0.00174700411951099,0.019313163575862
-0.00713301849460809,0.0139654177990573,0.0253136992246688,0.0195474148959235,-0.00659976981515779,-0.00574787070499058,0.0227245174997259,0.00456983172615686,0.00023889507635302
-0.0131187098296206,-0.0130870154688631,-0.0181959644380956,-0.0324849094096685,-0.00988859895046749,-0.0275138427202811,-0.00691674406220977,-0.00978449295849856,-0.00987150686043536
0.0371200978173328,0.0174610405284002,0.00897916584796572,0.017983233565751,0.000532217140535789,0.00478000151472868,0.0179651820464126,0.00326303997188741,0.00838410358287034
0.0811337825510969,0.0598077516648057,0.0457044470889724,0.0398825532674108,0.00846960337265597,0.0754944162371608,0.0127197710438583,0.0385001245156752,0.0168718826220344
0.0035408100563053,0.00796660943777629,-0.0181570478326437,0.0157899920318205,0.0205747702960567,0.0318668473362047,0.0287096931843056,0.0166533059780504,0.0321800356805897
0.0202495316260554,0.0419038167900726,0.00875550309957381,0.00159583775025306,0.00136814093922835,0.0234041891246489,-0.0139270825878958,0.0123739131376674,-0.000111399704477398
-0.0747778432885563,-0.034785244018754,-0.0228788533004781,-0.00459259423968736,0.00442217952379846,-0.0187018144095917,0.0010248034068051,0.00411273054104189,0.00114473193173979
0.0178976791696639,0.0175432884663673,-0.00755554432604561,0.0433324402667972,-0.00210730633317662,0.0214341191318079,0.00845432240883517,0.00914565474345418,0.0118221868006554
0.0435136677139404,0.0453434118017159,0.0212462285877946,0.00902318349039563,0.00421250968221659,0.0723829726420297,-0.00994150352573299,-0.00738849191787082,-0.000523602399076729
0.0385046626568882,0.0223242912900741,0.00153769060453719,0.0435645509846121,0.00275840209340802,-0.0147127072919059,-0.00369884632838731,0.00819005341454111,0.00544359949343909
0.00695685982491067,0.0135189753258478,-0.000792143500608914,0.0139373765700422,0.0042615036153411,-0.0143602504237804,0.0100895718065312,0.0301578562784637,0.00127982877411612
-0.0648596914007546,-0.0271053700253349,-0.0259514862753433,-0.0372884905470042,-0.0060758560106733,-0.0140198521814463,-0.0035741926441987,-0.0158538694390811,-0.00624522219137945
0.0233454500124488,0.00458276538654835,0.0159087798472932,-0.00520468820094387,0.00208827048519078,-0.00948322512933924,0.00127385444064003,0.003809015979353,-0.000889250870915981
-0.0273693550757828,0.0140289706585138,0.0277060729404727,-0.0495702337820154,-0.014824612035177,-0.0404499353854428,0.0106886047510295,-0.015341619516543,-0.0284079249173417
-1.67168498255671e-05,-0.00806700192258151,-0.0206610974941472,-0.023435499561774,-0.00752521872173098,0.00246730887270012,-0.0202378340163233,0.00385955076240227,-0.0124403810258039
-0.0145733943851967,-0.0294363020324596,-0.010062687627854,-0.00786021393722937,0.00264070467046161,0.00128368087796043,-0.0125467129266801,-0.0135889714755128,-0.0213164802765969
0.0257284695717386,0.0315539313140983,0.0221130916778033,0.0309720055327126,0.0157873989037531,0.0123202048173472,0.0102159301602394,0.00671394567151251,0.00776099100869994
-0.0297751405147173,-0.00526227294845991,0.00425047483184201,-0.0093185086937671,0.00249112983361629,-0.0205671648455895,-0.00582215552673451,-0.00683163463663275,-0.00562499609222682
-0.028255930796395,0.0108695430794364,0.000155696131256434,-0.000166888543349734,0.0148162659135981,-0.0258693303958619,-0.00417552469009229,-0.0136704395513574,0.0163970251062378
-0.0353088973786416,-0.0315521698725606,-0.00959524372375208,-0.00815303179670692,-0.00400002478719283,-0.0675665925185669,-0.0184888669579936,-0.0110416911767859,-0.0184303099505324
-0.01596792819368,-0.0129055963004935,-0.028486813953964,-0.016293156240027,-0.000749887340480738,0.00996010400799145,-0.000665454039493693,0.00141086384027859,-0.00467319532241468
-0.107387013687971,-0.0618341255019891,-0.0648262121106358,-0.0591514082359779,-0.0115865207951115,-0.0759868130852416,-0.0171871361411735,-0.0326861567187312,-0.0477012397473752
0.0125752399706746,-0.015701505304189,-0.0149492403030787,0.00916309379337589,-0.00281940596363612,0.0133236086987921,-0.000380208042790014,0.0123428421052444,0.0100006054543653
-0.110594695434952,-0.0447485430308258,-0.0431702256366439,-0.0442149390195486,-0.0172930756736865,-0.0856118862389548,-0.0193419570984026,-0.0354237260126152,-0.0344201581067855
-0.0214927770229918,-0.00185002596161535,-0.0110953788543049,0.0071097526884221,-0.000372605422376599,0.0197681597313336,0.00842766474018222,-0.0302633477390067,-0.0170082821081395
0.0707841910618563,0.030066791751335,0.0150974036522894,0.0302413094916925,0.0208999052102794,0.0717450680325165,0.0244334420579185,0.049073998514377,0.0211781035085823
0.0775919641096363,-0.0286282118190181,0.0335006446560129,0.0377013322562627,-0.00382137243614508,0.0435536126226522,0.0170307822215294,0.0193824773917132,0.00654784371042828
-0.0174528626258947,-0.0170959900240284,-0.00203158952934471,-0.000300860371188391,-0.00335927239502699,0.0148766251747322,0.00435046762999543,-0.0199997892634787,0.00253669814559086
0.00232673181145753,-0.00911325166900698,-0.00617532324639636,-0.0164723568347851,-0.0151569225324389,-0.0193681397560211,-0.0171722552341073,-0.0077537859886662,-0.0118299693025191
-0.0693997975453012,0.0167194342636511,-0.0342347778437606,-0.00140505144657062,0.0174583251439445,-0.0440656044835324,0.0214836353248575,0.0148291651641854,0.016661178366073
0.0054419939755799,-0.0171058643169878,0.000342831387455037,-0.0113699572680816,-0.0129497491702652,-0.0178362050237133,-0.0183496853999323,0.0102465275533442,-0.00226291055908683
0.0261378058912446,0.0149156496602899,0.0161159111399811,0.0179494963520434,-0.0018996342282854,0.0182193074284439,0.00228818576208947,-0.0103973398153121,0.0114370532230202
0.0619748383988644,0.00565707475620584,0.0169454967671747,0.000751017180396166,-0.00922115457643732,0.0357305127241166,0.00258090146842735,-0.0160025437217518,-0.0102334931444489
-0.0160626729715778,0.0105563020713741,-4.46410095503941e-05,2.2254599534118e-05,0.00299974481054325,-0.0111344144914471,-0.00294558927782942,0.00920149839718809,0.00855308466518673
-0.0227131623958743,-0.0309750458224487,-0.0348520910652139,-0.0117759691330631,-0.00307988813519571,-0.00840880847013945,-0.0266760944486528,-0.00354474903129047,-0.0101238670365234
0.0254181193418968,0.0188949293314806,0.017610870402014,0.0106198358067492,0.00519993859645062,0.0296164451115318,-0.0222528519624574,-0.00232192626219551,0.00362838614252107
0.00120333768680116,0.00666195632580227,0.000199325936475156,-0.00932060809030025,0.0123098075608457,0.00661910459449715,0.00207656177481829,-0.00904047299332609,0.0259583214509864
-0.015108654777295,-0.0497347882293737,-0.0346099047887708,-0.0119676380576496,-0.00981036293906575,-0.0336377544996595,0.0129057912758322,-0.022568666512446,-0.0252451195171004
0.063545977771554,0.0196697067175727,0.014965525391969,0.0148163290766724,0.00227474228639472,0.0590317910084339,4.89739212743328e-05,0.0185302185232939,0.0136119111865807
-0.0267999679521914,-0.0300947681004078,-0.0230849695282117,-0.00342502306088872,-0.0144475877613157,-0.0129214912055757,-0.0179209154109494,-0.0227261733666755,-0.0325021763715775
0.0566940817473533,0.0473243096483833,0.0481891293987956,0.00360171571045827,0.00921334590162148,0.0459477432022467,-0.00985946978891621,0.0106626178752328,0.0136706118302313
-0.0497342930814913,0.0110011099107737,0.000200353828992658,-0.0173568094582296,0.00809208059272517,-0.0527896582143426,0.00195769280994212,-0.0133862916920566,-0.00789968747518166
0.053731358467147,-0.007054641025893,-0.00443473628022016,0.0075197169404012,0.00467750774218693,0.0180328674350118,-0.00731527624185945,0.0200362666819113,0.0235194160837499
0.0310155257731334,0.0102158225656602,0.0148895798419217,-0.00971604331373226,0.00282011927158213,-0.0256148942848751,-0.0104290236586605,0.00532802739298469,0.00255144651058864
0.00931381734689883,0.0119398713020742,0.0356497816560365,0.0257198558826863,-0.00301824651197152,-0.0059944627875623,-0.0297772502633365,-0.00325755564310767,-0.00701329756718413
-0.0229405091800623,0.0227155732610643,-0.0145467655970697,0.0428298899883212,0.0197665095522888,-0.0215301640137964,0.023537822442934,0.0152352760239202,0.0140474009614832
-0.00759875274659243,0.0425582657316431,-0.0119947133010324,-0.00304473409049818,-0.00420353004777035,-0.0166007875218916,0.00326204732211371,0.0123965429871408,-0.0120679957294579
0.0347463092275876,0.0247619725593001,0.00294789667752875,0.0596845787375613,0.0128058453250665,0.015118525660882,0.0388826633943684,0.0305069540062321,0.0161633067252047
-0.0230644035759473,0.00331538887813732,0.000445020914280901,0.00920629764001783,-0.0116255881529135,-0.0274191776119591,-0.0150479829963125,-0.00475837219064732,-0.0112028345815229
0.044788193777311,0.0736881219037728,0.0501026833244901,0.0520779888403461,0.0214205949916097,0.0259447405811878,0.00928610541350625,0.0218790689412696,0.0340840130627403
0.0259543428375535,0.0472301599933622,0.0484561986040594,0.0144551222982261,-0.00269896909395532,0.0166362140107673,0.00464530813200721,0.0100046383240761,0.00130014317764219
0.0322707822924388,-0.027490515478762,0.0150900034702133,0.009311852755667,-0.00315452320373299,0.0106490078442494,0.0182217681616089,0.00261426965553788,-0.00214457283098362
-0.0208843166415535,0.00730969441003467,-0.0120981767578946,0.00491583496885326,-0.00831781688373031,0.000391308897640471,-0.00194612662089209,-0.0125948361091361,-0.0073149181137667
-0.0507726254548462,0.00387026658211182,0.0049865495958269,0.0117835939838265,-0.0124664495951551,-0.0723039973660624,0.00222701967425288,-0.0121018660214024,-0.0118521137347747
-0.0751510986964984,0.00157747332599049,-0.0443898193262588,-0.0311266495553597,-0.00992115278168402,-0.0773907219461777,-0.00320256339092806,-0.000640568151356104,-0.0108588397586613
0.0146473532217891,-0.00968683124819712,0.0248522272291891,0.0509386734295558,-0.00507404575540327,0.0141592680016256,0.00335164805707788,-0.000356514325162549,0.00647717501258552
0.0311768501893621,-0.00246661124414551,0.000160464369442909,0.0172027795785983,-0.012336231871882,0.0241717523038832,-0.00641322744280359,-0.0226190596456004,-0.0097099553264727
0.0646983520086146,0.0469206598269317,0.0385109302690349,0.016371627481259,0.00769620796279031,0.0369484043245059,0.00967088288808599,0.0121354608529626,0.0103825165040602
0.00963404329473554,-0.00547424170787454,0.00524172189681948,-0.00439853751550747,-0.0133230437113894,-0.024524634958416,-0.00598991431310467,0.00377307043917842,-0.010015030488452
0.00968948046786026,-0.000394775318469097,0.000649599805205957,0.000413988777421148,-0.00462223927906121,-0.0316340114776429,0.00816126323336671,-0.024845731080726,-0.00803961484698225
-0.0375705463114036,-0.0448084560413859,-0.0329474484239738,-0.00844168418881171,0.00799352217936697,-0.0423946816637084,0.0087170101343789,-0.010794089208138,-0.00159488105770407
0.000628986906262323,0.00203724782105252,0.0157960270778956,0.0113472049480397,0.00301196640145396,0.00157031041819348,-0.00557005801216732,-0.00363444536486481,0.00734120902236268
0.0250158910239049,-0.0336447738799449,-0.0217903914541332,-0.0110019488290637,-0.00239987378467688,0.0164662233175304,0.0045989904703574,-0.0269750835509715,-0.00321394754790911
-0.000183610034428129,0.00968794124377331,-0.0178121293068367,-0.000743767989644315,-0.00520213216909359,0.00935241906991746,-0.006475015364634,-0.00341060393633158,0.000400069997440904
-0.0317633944781143,-0.0421357765771387,0.00114941746993023,-0.00603416870857184,-0.0253875081036181,-0.0258310170137461,-0.015236444730248,0.01031319867004,-0.0210861292514496
0.021832816066026,0.0043429408709881,0.0158091803105181,-0.000293610058451017,0.000837739322888666,-0.0121054308301503,-0.0039852846257753,0.0140935003849621,0.00587890391044992
-0.00424583629944973,0.0283036522220314,0.0133350912867121,0.0313344171111004,-0.00265497193075086,0.0207904237790097,-0.00834684813447622,0.00702566407951213,0.00039200206815387
0.0144671445811731,0.0168728169688297,-0.0250674503638626,0.00651309988328513,0.00202989181927275,0.0104412867062867,-0.0046077959398678,0.0130516833011086,0.00956724912700784
0.00619610538577302,0.0110009139050459,0.00659932096908382,0.0133424081653248,0.00555763134188907,-0.00689218468223681,0.00669845840509907,0.00108729617049807,0.00947294512399264
0.0390585139189189,0.0308648345117855,0.00804384870096813,0.0450826053702388,0.011113284468627,0.0557932432975325,0.0171681290592747,0.00458356401241396,0.0157809035175332
0.0495733472166887,0.0417224607808554,0.0270266937116929,0.0550806654176755,0.0119914964253805,0.0439745780166888,0.00077759709677854,-0.0154930491141758,0.0195190711712389
0.0714529036406498,0.0582351036852714,0.0456490201730323,0.050726465917229,0.00658749248834065,0.069762200851715,0.0154083463650868,0.0167707696374246,0.0355554111919655
-0.0319155712980869,-0.0284059898019132,-0.0132109805663356,0.031922160882984,-0.012042923615,0.0271086456088143,0.0212587702077336,0.00548175659939837,-0.0169472706881604
-0.0119219191097372,-0.0116054594514541,-0.024066316373182,0.00359433347855725,0.00420498883278891,-0.0294133574493778,-0.0134125983636015,0.00374918305422871,-0.013259649350695
0.10089545170697,-0.0300276028407769,0.0165928565938612,0.00288547679285137,0.00453437670287429,-0.0268680820814462,0.0208282576302679,0.0144344163286871,0.0211785385281407
-0.0196032421016651,-0.00359954749163725,-0.050891696606982,-0.0369614267255115,-0.0014847944670464,-0.00960482531820747,-0.00977347579336814,-0.0101484339191756,-0.0141978639926616
-0.0145881696703156,0.0359751730024211,0.00570695677505799,0.0076870789195428,0.000536994876976178,0.0215288142189978,0.00423720510720661,-0.000542104493885233,0.0041788667758195
0.00235203193676289,0.0106858371350719,0.0194059478079643,-0.00231449371110803,-0.00380641743273333,0.00869814503065534,0.000349688243140961,0.0123376055873489,0.00904789093782535
0.0923892078593443,0.0412515400808767,0.0307443764628304,0.019971945230084,0.0118881826882921,0.0711846163834762,0.020346597490315,0.0194700970525102,0.0281929366152719
-0.0379407357041266,-0.0183119059082408,-0.0109313194344824,0.0221509218884152,-0.00412161584826945,-0.0407311587350507,0.00886528182273055,0.01319610477148,-0.00492945557202802
-0.0789432451830227,-0.0259174992959622,-0.0390719636797832,-0.0382713800254349,-0.000827030699729564,-0.0711291442082157,-0.00243606216536527,-0.0200438762556581,-0.00260371859573494
-0.00272617370362142,0.0100817959601857,0.0160276864304666,0.0383949461604728,0.00717071096299921,-0.0225343149580818,0.0120085892634851,0.0183497214250082,0.0135396970394958
0.08174311057585,0.0200134951956382,0.0205220892416794,0.0313299999099991,0.00467170729509856,0.0513684770579589,0.00836392738051718,0.0375913044909471,0.0113292308856618
-0.0178551168348769,0.0217025448726182,-0.00175289255576403,0.00100743941030029,-0.00429086710161655,-0.0173150055707228,0.00115719200429443,-0.000102581892954116,-0.0133256875574276
0.0377166471989295,0.0135031255493705,0.0136218581533403,0.0272117515061296,-0.00843118921201411,0.0313057769106568,0.0108315547765922,0.00909492258926163,0.000172696001510663
-0.06444802069969,-0.0416170596962796,-0.0529591519955525,-0.0333390778714079,4.11570003539178e-05,-0.0541407197882627,-0.0122887005292394,-0.0479992025602102,-0.0082913307847072
0.0351466996860347,0.0444777396195496,0.0298280550868813,0.0204663838482964,0.0168305543754469,0.0265122460547974,0.0169125063051322,0.0171822060689279,0.0363527558190425
-0.00554031947080327,-0.00423685371051017,-0.00417263908275929,0.00353435892050234,-0.00651101798538801,0.0336978311424926,-0.00097485680293308,-0.00806522909072107,0.00546455925534519
0.0631944419985579,0.036850331650713,0.0297098859952325,0.012255355399084,0.00372185957810652,0.0198772642674947,0.000723585216807445,0.000932725596181593,0.0174418339453318
-0.0019864192855193,0.0224546071084369,0.0218071834703673,-0.00537200175792821,-0.0159235939473098,0.00565052267922289,-0.00189494183912379,0.00130754463326004,-0.0109877354969175
-0.0342703424721012,-0.0284324920426809,-0.024301981545377,-0.00997915386681635,-0.00937956062430274,-0.0309150849586842,-0.0431010547576666,-0.0378622474149851,-0.00993635334391195
0.020957689198434,0.000474417360717337,0.00633727978672553,0.041838809470439,0.0127734006416277,-0.00229570847579319,0.00889288825939222,-0.00687032095517556,0.0223547309077552
-0.0273291937317587,-0.0105674365025685,-0.0130985632392972,-0.00777168196091962,0.00392665243561144,-0.0100379261367603,0.00351016026312504,0.0193839106029225,0.00244873485993413
-0.00638804553316383,-0.0180914559516449,0.00215183858999919,-0.00311872715367941,-0.014356483756533,-0.00744903152103319,-0.0118949616074727,-0.00765515989307694,-0.0155134755721772
0.0342347153070301,0.0447062137514822,0.0106407713890902,0.0250904001656623,0.0215915482448527,0.052696521934173,0.0200011687930542,0.0339610154396211,0.036532401429767
-0.0244039105139918,-0.0586017465173656,-0.0203531129353801,-0.0444452467737407,0.000768527840736918,-0.0340285330218691,-0.00376842382242834,-0.016511466953355,0.00460068252362747
-0.00342208029010346,-0.00839397981510608,-0.0024866459900174,-0.00125245399661495,-0.00838450130039397,-0.0162580083552664,-0.016137711397787,-0.0400293424275146,-0.0507236762696666
-0.0272075692205231,0.0216976400343605,0.013942161056911,0.013987592596299,0.0201574558584456,-0.027019930095769,-0.00627433937361411,0.00309857330857716,0.00110136522897369
0.0351984167770162,0.00185382750451301,-0.00160775284482699,0.0172217033048379,-0.0144724233742048,-0.00904832600822415,-0.00636893519573234,0.0117894175512,-0.0134187393552046
-0.000907675845775601,0.0098669116379816,-0.00372692988612173,-0.0156490253233902,-0.0222952700373591,-0.000903421802520708,-0.00542986569375297,0.000411203894308152,-0.00879111315976091
-0.0269879236526934,-0.0116576078716056,-0.00746106896998736,-0.0128692533740687,-0.00378528444147864,-0.0145477185416869,-0.0106118633154724,-0.0239935646168032,-0.0446712839366681
0.0106782139671627,-0.0366439407480152,-0.0357213327964704,-0.00911234821397489,-0.00176064444883062,0.0139650307922533,-0.0146198319694292,-0.0129167294699549,0.0022430095695026
-0.0353023246907087,-0.0254500687524266,-0.012294006370963,-0.00893878033250376,-0.00554010609342884,-0.0372028583916999,0.00206918044363254,-0.0177756865557646,-0.0151865789674182
-0.0224001074180287,-0.0106168462754822,-0.0193628151383924,-0.00948726833275014,0.00480036885983642,0.00419580410866036,-0.00820164086360993,-0.0193567976599626,0.000524628366332657
0.00324376107882223,0.0185382203541974,0.0122335517893551,0.0191944833879165,0.000729522767689464,-0.0278988799514253,0.0168189444162548,-0.000507720105563931,0.00248442478262133
-0.0101601741982004,0.00859382197866347,0.013157278298249,0.0253930179472767,0.000675523138397589,-0.0191676953853657,0.00213831850630346,0.02220711631497,-0.00386574996135044
-0.018165289104993,-0.0168885704708772,-0.0330870996634971,-0.015598324154203,0.0012618943367445,-0.0379762890896149,-0.0149744336303355,-0.0152507222788054,-0.0073442532503325
0.0174859393304368,-0.000263207227571931,-0.00326545286810685,0.0151874065812173,-0.00829244033293164,-0.00640696794299966,-0.0102197052030956,0.00719521679058282,-0.00727452177305613
0.0475075143865024,0.0156021278977064,0.00844362226684005,-0.00448207564120958,-0.0112883323330433,0.00365395793966974,-0.0027977871967894,0.00481074880666374,-0.0160365133734746
-0.00227709784594578,-0.017832678070057,-0.00702193656518309,0.00403169670504811,0.0100108556506939,0.00522387206175438,0.00492723068814228,-0.000169206633763633,-0.00796218467445932
-0.0962213385740073,0.0113796672338738,-0.0418851507017514,-0.0543336851698892,-0.00623851466300809,-0.0730726922494753,-0.0240969606031551,-0.00657575255099281,-0.00988761271315668
0.00344338298358006,0.0272382882172675,0.0210436187746286,-0.0179853097287625,0.0095347462304393,0.015595196360757,-0.0267906923547314,-0.0113576756821873,0.0168947642330917
-0.020195773347234,-0.0280974367717498,-0.0130100759166995,0.00734028723616945,-0.0111884694329285,-0.00749631443691415,-0.0232937649509035,0.00775456380698696,-0.0146414582937841
-0.0385999929763517,-0.0250360818357929,-0.0310559299389666,0.0192842001344741,0.00718960837151497,-0.00763732639166002,0.0229290048495736,0.000904919346070896,0.0182125477010003
0.0782917567725793,0.0233203737076522,0.0382452414780754,0.043319539751647,0.00543698061635157,0.025545185928386,0.00383912049873622,0.0027444406547779,0.0259355787174761
-0.00828985239085034,-0.0237692412433336,-0.0149992124823364,-0.0149264047428396,0.00260588227389444,-0.00919089825183565,0.0247534772280203,-0.00192746488076917,0.00147480721629686
-0.0713349409972629,-0.0265266188754419,-0.0177491738799014,-0.0355779301694578,0.00536541595633469,-0.0498278193737947,-0.0182415707230572,-0.0283070960549526,0.000938075858104688
-0.0295928754428184,-0.0145673499608448,-0.0154171670259858,-0.0229488435214682,-0.00164600988656439,0.0147836205918279,-0.0134128582442837,-0.0228149072148431,-0.00611859990356316
-0.0682259929707897,-0.0159365372142595,-0.013543816072721,-0.0406120290350187,0.00165851280097434,-0.067135415965835,-0.0118900828891381,-0.0159087057118929,-0.00647520447175761
-0.0185064965031847,0.0120646289074066,-0.00440475054622633,-0.0157919008386496,0.000814494993163992,-0.00247436390599251,0.0157212965484571,-0.00579019208358479,0.0127409040742229
-0.040775186165545,-0.020059263319953,-0.0283014501350178,-0.0217573685887075,-0.0107419934786846,-0.096918517164277,-0.0322375643145697,-0.00960740528074916,-0.013940574856325
-0.00151407609205874,-0.0246049346252715,-0.0404976610086041,0.00625010634573499,0.0013258380561441,0.00124129396076498,-0.00223834977655537,0.00395499077264063,0.00276780424496313
-0.0927385818587343,-0.0577263544740885,-0.0277250402624748,-0.0305505894031086,-0.0406482522667129,-0.0603539478126625,-0.0136080371586745,-0.0537802432328067,-0.0576630131011655
0.0613498376182177,0.020794004740324,0.00452389760019301,0.0625661128134442,0.0108022307698802,0.0886580679709975,0.0108607571022533,0.024918206607001,0.0212910189742645
-0.0102692786110296,-0.0110194229109922,-0.0127458304000911,0.0169420702479725,0.020794346438582,-0.00731029766406822,0.00279618108801636,0.0109807986478437,0.0201608281855637
-0.0865853865495561,-0.0262453271361807,-0.0566803148635816,-0.0611216656587298,-0.00837504040357711,-0.0580109161178278,-0.0108522299346299,-0.0331196502699658,-0.0130767663019459
-0.0412364131076514,0.0115476556130478,-0.0217484807487466,0.0233032853320764,0.00500569084462905,-0.00549629474058308,-0.0119253637032948,0.00242445351195922,0.000741137318759394
-0.0613108876432786,0.0260542062992517,-0.0105060415454925,-0.0408361908140049,0.0083541560373938,-0.0637645573462131,0.015628691313574,-0.00842392113827248,0.0116969764688747
0.017945224573404,0.0167514875068027,0.00806604436886023,0.00621298532400057,0.0056179630284534,-0.0100037099930383,0.013043277785431,-0.00263212347072548,-0.0062254620953913
-0.0597609471851473,0.0121781514322136,-0.0398511572825056,-0.00890223959542607,-0.00329148050139656,-0.0723062929063652,-0.00391136941686001,0.0134522410647361,0.00368738685657771
0.0309453528567955,0.00706029419149584,0.00187703582703443,0.02269293922294,0.0035579272737683,0.0451508750574223,0.0043622763527061,-0.00353553535609039,0.0121320661371346
0.0445847917196098,0.0300653288125754,0.021820570946,0.00590598135851659,0.0180516191118317,0.0523636743552252,0.0186047940254485,0.0159160618207977,0.0179863573704466
0.0146970286624867,0.00553664047239371,0.00521383155740963,0.0159416724470039,0.00967029536623948,-0.012374681490723,-0.00686580691689089,-0.00365100927656564,0.0002590897411092
0.0367358935405343,0.0431229273388244,0.0105190925123699,-0.00183402683787639,-0.0019789435268063,0.0329948458849638,-0.00676334123897996,0.0134560991936934,0.010954134619065
0.04230795871463,0.0240435235610445,0.0172806863204716,-0.00397193683371983,0.00596073550997812,0.00617985126683717,0.00218698358858407,0.0164647323289052,-9.06437573698244e-05
0.0202504920607336,0.0244398395735781,-0.00435301466032904,0.00722841279865902,0.0067082366877898,0.0370794628297316,0.0035371318179184,0.0355971356586451,0.00101767518807065
-0.0418382674625206,-0.0347248458501083,-0.0104530094577932,-0.0756444818024382,0.00651053720116627,-0.0580269506112287,-0.00387635100724166,-0.0106583866138978,-0.00235771772118427
0.00191415788252713,0.0215788442736909,0.000413484562264465,0.00202288621703226,0.0123160032779169,0.0120154255888816,0.023854137282319,0.00873586715065513,0.0294316020647391
-0.0416501843414406,-0.00745677646809868,-0.00106480271215355,-0.00849881473527017,-0.00171062563458934,-0.00727732615031597,0.00276490704245623,-0.00824876857650477,-0.0261068362167795
-0.00244125289431767,-0.0127543860740701,-0.00536796488456893,0.0226991469422704,-0.00249962762017936,-0.00766357420245764,0.00589034936295997,0.00201504331745195,0.00208774526078471
-0.0565799238424283,0.00253771591456978,-0.0365079705539031,-0.0312975842447575,0.00143903825961544,-0.0172864616000653,0.00999614639456519,-0.0142906719380588,-0.006034391851536
0.0459904860319208,0.00531321780514279,-0.000605329262431918,0.0355252253589351,0.00134490263291153,0.0282713795186408,0.0114072082372456,0.00800476005405738,0.000898795347381372
0.0189615971569707,-0.0105342232500649,0.0319902054167758,0.00493512761609726,0.00624147583745753,0.00697012248350994,0.00497055292914755,0.0102905392747259,0.0114406642941319
-0.0254694794567959,-0.00305279007989807,0.00990130590829781,-0.00288001998830793,0.00811713396358303,-0.010849694992278,-0.00112829269961454,-0.0147792706757427,0.0074385270329813
-0.00869889966859357,-0.0278098265785166,-0.00888370498670171,0.0212222732032714,-0.0126605723832058,-0.00935101154911516,-0.012116250753468,0.002565676331931,-0.0143214143931515
-0.155933559994711,-0.0590772920099452,-0.0478187343750098,-0.0796828477604198,-0.012263900739647,-0.130289034900281,-0.00553695855531057,-0.0246118490296588,-0.0263086357376887
0.0596067363529605,0.0107764000571601,0.0116744327648873,-0.00434668444961041,-0.0148480560439707,0.0107147294692773,-0.00553108250854441,-0.00935828947504427,-0.00471226518360064
-0.0468214413139142,-0.00975942911193914,-0.0243927695151572,-0.0257539428987913,0.000571670021001372,-0.0756767117258312,-0.0048228743069748,0.0187504033266182,-0.00488537578154697
0.00841592161394978,-0.0266917889925311,-0.0291685262914932,0.00248380931935852,-0.00116063628069791,0.00916761091131814,-0.00156490960860774,-0.0182011005051723,-0.0201469822604689
-0.0242277851302956,0.0157398887986975,-0.0109527083526328,-0.00704373678730479,0.00367823913913656,-0.0400627810186474,0.00470818975307266,0.00102015719762287,0.00714596052173209
0.139371056836184,0.00280362946484772,0.0051205125876467,0.00940291491789422,0.0149197324984929,0.0492825917994686,-0.00332097111605026,0.00795312314734164,0.0113891775127655
0.0030828093906782,-0.0145627414549011,-0.0215883666920412,-0.00977138270571839,-0.00276070077423336,-0.00391374911700535,0.00269469223693404,0.0182722662152411,-0.00341778423846103
-0.0175374148909274,-0.00171422413466431,-2.10177143297094e-05,-0.0368521850237436,-0.0106120649435083,-0.0550275607123433,-0.0285052028602653,-0.000353388635735525,-0.0081124965394456
-0.0676994297009378,-0.0228608357394093,-0.0275344363438014,-0.0154620078598509,-0.0163063309036969,-0.0795861421204131,-0.0257488513949745,-0.0203403322301507,-0.0331344964527386
-0.0535521164935747,0.0114090457174325,-0.0241411295630203,-0.0283262500375938,-0.00127954057184396,-0.0395211408384699,0.013544202943792,0.00517440286846519,0.000562743326392058
0.12751863344673,0.0243994787256705,0.0440576443176298,0.0102982692864886,-0.00211854176829787,0.000471530461896158,-0.0204766458299421,-0.00123907340301276,-0.00174572258604471
0.0752900493978566,0.0728847118291364,0.0453015485654494,0.0616590478282395,0.00614278625138063,0.0416126837869264,0.0101710243861114,0.0243719990790592,0.0322040841028016
0.0786980257448909,0.0269168295503229,0.0306098314959808,0.045507078170537,0.0163952816834478,0.0577910619151887,0.0171795831437278,0.0219784600121775,0.00967837495530932
-0.0775798023944165,-0.0132562846969768,-0.0294286514351746,-0.039761581949352,-0.00166048447151593,-0.0864810741838614,-0.019016354823259,-0.00738974235316186,-0.00724721385788368
0.0265310021043727,-0.0155341727207331,-0.0175524127703892,0.0222531966155251,0.00253158706786944,0.0203437920222579,0.00831573551235586,1.23819917178821e-05,0.0139427403586418
0.0108821685993221,-0.00450866059422264,-0.0069386759048015,0.00601103131595103,0.00539183079436847,0.0330233900279956,-0.000109586818056255,0.0131219764890208,0.0070633008595653
0.00856259161078858,-0.000751354193890544,0.00962476664363011,0.0154128281488804,-0.0143617471428803,-0.00661702607781277,-0.00889575980537689,-0.0164055396363374,-0.0104073101063018
0.027219498181666,0.00643391003729912,-0.00380189710811164,-0.0130902966528456,-0.0130384199689917,0.0105736845098672,-0.00269118890091663,-0.000987497602282276,-0.0234783774292293
-0.00864022245343629,-0.0436894079820873,-0.0273844753726784,0.00271234798836734,0.00566008783751462,0.00797491412203423,-0.00771829782941759,-0.0122863981081548,-0.000204983416426241
-0.00667802397691448,-0.0227019712447442,-0.0271471647656369,-0.0101338375700796,0.00595954573522093,0.0262800562014536,-0.00271463855199018,0.00271328714291063,0.0114927732412178
-0.00846537838375807,0.013098313799634,0.0206979689939626,0.0170191661518057,-0.00416923524549839,0.0281089035540771,0.00852763639791677,-0.0213050128697042,0.01179172837655
0.00675686395284773,0.0199182505809358,0.0100415763195246,-0.0114949769353274,-0.00929733530651238,0.00908242945389649,-0.0135592764973371,0.021708099007935,-0.00415875606533419
-0.012009747631347,0.00564192512315872,-0.0198846853767884,0.00262414751466914,0.00143042128973372,-0.0300263197272397,-0.00586598056589442,0.0165078627936626,-0.00477668611414506
0.0763693658323283,0.0376676926018727,0.0317154598059384,0.0365778953332724,-0.00228344184239261,0.0690445723924081,0.0103754139509909,0.00729884743091731,0.00524436828930477
-0.00361471594651162,-0.00543782405388312,0.00978220301676638,-0.012660198702575,-4.22613443588392e-05,-0.0464474026715426,-0.015488318735398,-0.0209153793990888,-0.0115411261360327
-0.0541244345979191,-0.0159214262361434,-0.0124741122419492,-0.0206352681868142,-0.00512262888585051,-0.0419707944530032,0.00646665492081118,-0.00808027565195555,-0.000477683813708239
0.0239168305431768,-0.00302106781290949,-0.011036506289045,0.00611549438550508,0.0214675346822279,0.0321013136842424,0.00789025119532781,-0.000930811199341433,0.0316534966449863
0.0695692204012372,0.00747985776259026,0.0151799830917786,0.0200015058157374,0.00348915161244481,0.0426668954061993,0.00622546598476968,0.0334336817380691,0.0189065077092674
-0.0120931401898274,0.00318255361101545,-0.0152820017238414,0.00185874699596184,-0.00589365572646404,-0.0405549845212283,0.0040069904598248,0.00559985049931264,-0.0112014312670319
-0.0236716041782327,0.0270798226352852,-0.0164013583255154,-0.0102058217770805,0.00660036530455365,-0.0101603671644447,-0.000271146932178829,-0.00386302007158182,-0.00235803626111615
0.0376404264856422,0.0276098276684117,0.0201285238639311,0.0233394947813631,0.00454413414255299,0.0586318267456614,-0.00422509232251672,0.0183379075600398,-0.000395520673684152
0.0962419675110101,0.0202282431840359,0.0239163621010223,0.00841292829985988,0.00296524848819329,0.131376608770852,-0.00177613113465769,0.00535495300678831,0.00839838344865635
-0.00661856684709638,-0.0120681105744735,-0.0153482160903351,-0.00941605397246308,-0.00430143443700506,-0.00731159528953797,-0.00802929707774505,-0.0155123988164202,-0.01477564554838
0.0666796129657738,0.0451837729379732,0.0278952475450944,0.0042794657332604,0.000777761194370894,0.064323790994573,0.0149685810422489,0.0374019693117569,0.0181166122813113
-0.0534854445042312,-0.013150857469374,-0.0169664068852355,-0.0090701012515829,-0.000824942117268148,-0.0544677406982009,-0.00352706952348249,-0.014263021518981,-0.0118675040032566
0.0268070975257937,0.00170930693047427,0.0210598528781066,0.0348698714170301,-0.00487678875859845,0.0107425684969263,0.00260075757578595,-0.00573252941217949,0.00220664360004841
0.0280232667979478,0.00257776289782285,0.0059143979907104,-0.00281062637766036,0.00388863711824126,0.0206794518835229,0.00241156916714916,0.0032385959260931,-0.0124005206822891
0.0172959929454545,0.0179287587268538,0.0152620960100912,-0.00853607337264437,-0.00311295484084289,-0.0109757449340808,0.00707366481431501,-0.0117558633197086,-0.00407190397023047
0.0203938154679905,0.00182941167157078,0.0110241628569193,-0.00673390734147791,0.00968218282148003,-0.0731123879634506,0.0089087471506232,0.00374753821357786,0.00722211708986202
-0.0209631512296601,-0.00851961682318345,-0.00379352911512619,0.0209170398049662,-0.0162973587840699,-0.025283051310097,-0.0180729512512406,0.00217890406478305,-0.0297697746994229
0.0317849520936207,0.0214527672617944,0.0215626799527075,0.00990306133310444,0.0143661124789627,0.0121849569556081,0.0044449197475325,0.00695313635042506,0.0140518688291776
0.0380224552799588,0.0103462830950777,0.0203933355247862,0.037140199402226,0.00975775839600121,0.0416788093980654,0.00585255163909519,0.0137339380907268,0.0315641001220004
0.0387128889735315,0.0377183958012935,-0.00719681962226375,0.038586032788669,0.0265361143677776,-0.0269006275061801,0.0299559928097163,0.0647765730306697,0.067726624857825
-0.0879588448924463,-0.00197223614870554,-0.0359079577572064,-0.0177173548367724,0.000290524154125082,-0.0537571994887876,0.00779976656452857,-0.0086574580633187,-0.0246101814713713
0.0352410457460738,-0.0136410216368166,-0.00215701777055722,0.0230762119088252,0.0071363169925797,0.0295265734215399,0.00740366524603808,-0.00805285331675194,0.0128799746162922
-0.0399323347905454,-0.00532753573086174,0.0102716818231901,-0.0116665272235454,-0.00988959739524973,-0.0470691738573311,-0.00341114490825292,0.0122289563251695,-0.00787671180674583
-0.0073831301788621,-0.0354337434536192,-0.0100283989560083,-0.0177530298934721,-0.00787230833780437,-0.021514247491659,-0.00810099773333407,-0.00268503428463167,-0.0122278091000781
0.0488902755415416,-0.0142309435659174,-0.00517152681495874,0.00596075358728002,0.00247286741627716,0.0227541623008091,-0.00914435715847541,0.0164789008542177,0.00314279289940854
-0.0187778579403842,-0.00633202352094124,-0.0124427356437252,-0.0124778129699713,-0.0167718231746315,-0.0402860965574156,-0.00127590463071502,-0.00724342335257216,-0.0206413876420847
-0.0829748170388057,-0.0423622462420075,-0.0342276289728514,-0.0479249273044141,-0.00692271006791754,-0.0445466427884342,-0.0158230171324222,-0.0231617100305096,-0.0154430219689241
0.000589546906395776,0.00768606605350146,0.00625201527652017,0.0124530605818803,-0.00265646140042609,-0.0199514857586295,0.00494646213959365,0.00371704541612612,0.00150669269438042
-0.0013924007600973,0.0116197833697663,0.00204575345904384,-0.02053179930565,0.00222203870184933,-0.00655335879518641,-0.00920336085767925,-0.00584069368782925,-0.003522508085488
-0.071288867088097,-0.0170194953848931,-0.01801388846839,-0.0415198636291236,-0.0223056600142654,-0.0745796569034579,-0.00324431263726669,-0.0307021691395236,-0.02013122431513
-0.0025757410884259,-0.0155053325864304,-0.0291893323125496,0.0158234262320779,0.00267173279730993,-0.0284313064710877,0.020326829052837,-0.00526681453123387,-0.0141373555538745
0.0114021472985807,0.00468549526969434,-0.0234904331346195,-0.018942685615565,-0.00156494284390527,-0.00920798140513514,-8.62434259309371e-05,0.0139523935045069,0.0134689629598125
0.0192501987689646,-0.0139435552934053,-0.0103442242966761,-0.00564459165074504,0.0116084439931779,-0.00275662666574761,0.0186515286543782,-0.0127614054203759,0.0237885911334562
0.00349766003367996,0.024058716745796,0.0131665130128161,-0.000171664640924808,0.012243374543122,-0.00104099746500922,-0.00643613706953316,-0.00707183061704993,0.0196570698837185
0.0150657394620132,0.00682651826552337,0.0118587343582195,-0.0108004819863676,0.00769838455518379,0.020719580845477,0.0018894796057674,0.00914015787183644,0.00997755530083846
0.0429660311594811,-0.0163739834766042,0.00524378606226869,0.0280475682286124,0.0139215915243818,0.00832117823616807,0.00678772304703183,0.0194926008390369,0.0100644659903868
-0.0942914132401942,-0.0679846603558932,-0.0422885260732139,-0.0608768285448654,0.0091153047913282,-0.0822902077879943,-0.00684704936593169,-0.0225617832957034,-0.00645645443989096
-0.0832396883259804,-0.0192150479476312,-0.0395705898864302,-0.0386508293450916,-0.0283413264436296,-0.0535161278578036,-0.0200813906813565,-0.0212701702075504,-0.0266318080545478
-0.0548036826356804,-0.00935273194365014,-0.0182628274730187,-0.0309967511787841,-0.0200130565905936,-0.0301726924494058,-0.0197717522939847,-0.0521522935733593,-0.0202576181347841
-0.00679767898109701,-0.0299017343089557,-0.0341892350535661,0.00438889396739837,-0.0136143509273903,0.00186292343131305,-0.0146744466515983,-0.0120255000065535,-0.0152166122778312
0.114007400297176,-0.0156892834828256,0.0124418624689073,0.0332413886076746,0.00589891516896055,0.0779110006092446,0.035816562399001,0.0247944508390733,0.0150682052888664
-0.110675693047939,0.000854045718965321,-0.0373361503297524,-0.0364477056979841,-0.0123141911339541,-0.0761560422987443,-0.0260620272464387,-0.0323707582981355,-0.0141061839859875
-0.019920689992153,-0.0121518562269752,-0.0333523501822593,-0.0295053723487035,-0.011460569706786,-0.0167003890674594,-0.0136782725741367,0.00224625201311878,-0.00143063748907934
0.0182392692150167,-0.0353300417440216,-0.0387147646918386,0.00492144406198454,0.00780077454410474,0.0138730877367494,-0.014309845169257,-0.0193742429710438,-0.00209196537200842
-0.0367020752631161,0.00309411332861785,-0.00687215283165886,-0.00159693766263896,-0.00301385699082861,-0.0176207960893662,0.00143482347415143,0.000310896888150254,0.00515596649392101
0.0351518661331143,0.0226790032104357,0.029293293522066,0.00256754467775923,0.00253359208621302,0.0129490057320662,-0.00515651072984489,-0.0173483958110632,-0.00355365979664962
-0.00750689140582468,0.024495077098435,0.0294946259943765,0.0196453730520436,0.00345817560678969,-0.0159982516132899,0.0132662680974993,0.00347830711863363,0.00878619448016872
0.0633175231014421,0.0376686893106905,0.0241038108155697,0.0906266702869861,0.0150176911283004,0.07969178506303,0.0298012642061969,0.0626320643479693,0.0300409612919908
-0.0889582848688224,-0.0655022570241241,-0.0630961899925954,-0.0503259640085495,-0.0166983120685516,-0.0585746659641087,-0.0149293353473854,-0.0175059490504246,-0.0273488156261666
0.0324977855318541,0.033361647455729,0.0176588645121924,0.0279340395334812,-0.000901925019747375,-0.00491757703167286,-0.00228311084925313,0.00791953078478754,-0.00590072247457972
-0.0628704785662378,-0.0219345457038056,-0.0458087855602411,-0.0426651122569537,-0.00311143571136026,-0.0406639552526537,-0.0233273768121584,-0.00836275365286749,-0.00204633104208302
-0.0393311570887818,-0.00286454180230971,0.000435525626854537,-0.0193900195682141,-0.00221259849947607,-0.0486356006164154,-0.00729115009761413,0.0118629888640213,0.00596762869457346
0.0321063783299363,0.0217753604092244,-0.000858712941434975,0.0353626116750486,0.0104576472662395,0.00935698851684254,0.0314606071130779,0.0224327772304293,0.0408191152615783
-0.0333403267852393,-0.0160805092565436,-0.0316249504061717,-0.017761369545978,-0.00896824644562454,-0.0240376986495459,-0.0143239976948509,-0.0107569419813916,-0.00274632990332406
0.00203038854049801,0.013524982573058,-0.00372552101861056,0.0353216511242368,0.00243301084424511,0.0380167168922385,0.013163031321214,0.0265189046664224,0.0241330437580987
-0.076761822465848,-0.0416944203575265,-0.0646204510485273,-0.0579237736032596,0.00278490353139855,-0.0777315946131423,-0.00127462572312903,-0.0091878702461697,-0.00380932123271351
0.0441406878433592,0.0543616065223436,0.0560640096585222,0.0529204999146454,0.0144825240771649,0.0452549847559527,0.000854314472132604,0.00628348554278347,0.0364376422482483
-0.0370338997743978,0.00347568235777524,-0.0268841223651681,0.0109315904569593,0.000218608280860637,-0.025196270110953,-0.00559784399800616,-0.00480910097377387,0.00127410656869812
0.140695823141428,0.0641865056363279,0.0635296824330994,0.0606564956834171,-0.00393419369558062,0.102019832560518,0.0250146789215197,0.0179870090441619,0.0209034107728655
0.0417084432565548,0.00692645686513107,0.00598846288088691,0.0241128270260527,0.00800406779289508,0.0214121318196783,-0.0154013585744598,0.0158626626526118,0.00628302946814647
-0.0466260680731817,-0.0439699984180983,-0.050305972297732,-0.0055468022938236,0.00703178667447582,-0.00388747150048178,0.00828270412551601,-0.0175613471576259,0.00492073730673903
-0.0238975371529607,-0.0261576750222945,-0.042937382027372,0.00783348369314635,-0.00746662107743261,-0.0332807510540713,-0.0128247274339035,-0.00375051075647275,0.00244904537285325
0.0119263620245803,0.0333938871805657,0.00740514580342001,-0.021377701216082,-0.00611154030530898,0.0174398365325148,-0.00335419545070348,0.00473109075312147,-0.00260159674194516
-0.0150749626339631,-0.0247588295056658,-0.0458221296750392,-0.00449280237852136,-0.0062020698448738,-0.0324661802148965,0.00511267288038886,0.0212095830935536,-0.00791382981909592
-0.0432063719965918,0.0238746800310111,0.00101312954936948,-0.000105122627339887,-0.00138019997532329,-0.0262814849467336,-0.000901712670559694,-0.00135070614586662,0.00228101765455664
-0.0131850536189561,0.00471315803982848,-0.00318789713881683,0.00684759894483164,0.0108312400631456,-0.0188048857451648,0.0124857663485184,0.00883109359443015,0.0134138544599862
0.0294679211198582,-0.0279678545496061,-0.0259781137037794,-0.000989406715213254,-0.00473352054170888,0.0291589970975144,-0.00991939386541732,0.0115785397342113,-0.00544775709180341
0.0115913694544793,0.0256121139529774,-0.00795587119786482,0.00889110333412071,0.00277995238086895,0.00888339828063686,0.0151405534252231,0.0241492826578059,0.0174855192951376
0.0284974319280915,0.0105272157115486,0.0121949196595446,0.0144583996882667,8.73346125443488e-05,0.00885339371032129,0.00156653340631368,-0.0135739356789802,0.00453191272533552
0.0104265818459183,0.0132931764507587,0.00840568467575161,0.0301703819105835,0.0180738951006798,0.0332598018174746,0.00404628777017625,0.0539302923121849,0.0302083005507467
0.0123721691866749,0.00589245334140395,0.0050230775155814,0.0760746922887527,0.0170154055703363,-0.0189958661835882,0.0284401220315232,0.0350900981449783,0.0186768001107879
0.0146748068143262,0.0174521475161833,-0.00711790364282936,-0.0222862348932238,-0.0118287431428993,0.00831234296134741,-0.0389487987049223,-0.0112620227228728,0.00455717436205413
-0.0144838096612798,0.0041440974845572,0.00499838006213118,0.013118079298813,-0.015253127583445,-0.0168195557723209,0.0117449304622152,0.00990752293375585,-0.0128632108005842
-0.0155886276599754,-0.0178457638354564,0.00322177651962531,-0.00435275680132893,-0.0167342140506364,-0.0329790474880564,-0.0166856836930764,-0.00606915287583345,-0.0216521303306033
0.00314084321906673,-0.00887121936524338,-0.00212643794093134,-0.00672696043343099,-0.00364261155879351,0.00565608450925037,-0.000753779364504675,-0.00334288426219417,-0.0132809345047739
-0.0719607147924652,-0.0158434962374437,-0.0320796467009666,-0.0158144954459902,-0.00543295810935109,-0.0549155067325286,-0.00187643201332746,-0.0190526925553321,-0.0188919016844537
0.0196773117389115,-0.0139692871527984,0.00479553996221043,0.0143141481853126,0.00433832620656407,0.0157699443313202,0.0152778788163566,-0.00481256341713666,0.0137100440760727
-0.00105905915310311,-0.0222169473737066,0.00988040068856894,0.00128504717999723,-0.00459420056266796,0.00760966403009451,-0.00186414204717852,-0.00135748446041634,-0.0181829733582895
-0.0961107822941657,0.0213764253396848,-0.0600184397541184,-0.0497435487099738,-0.00322139069812753,-0.0396102552496564,-0.0170861280138077,-0.0254991188778984,-0.00339227476929789
0.0184826542337445,-0.00637234163248743,-0.0163105445260673,-0.022610555298634,-0.0139390403872152,-0.0208163768925913,-0.00912686040292404,0.0176244750953745,0.00704121461017229
-0.0629763239175212,-0.0418749428814418,-0.020171378764965,-0.0594634819925353,-0.0061323717578497,-0.112505229701744,-0.00742524731111032,-0.0181383713608687,-0.0196784211015587
-0.0137469989947079,-0.00352431127495796,-0.0107031502266955,0.0153929137075429,0.00450289922735478,0.0221026519815886,0.00897882534829806,-0.00222921419457995,-0.000431819972897695
0.0201791258971752,0.0231376921363533,0.0196825783787053,-0.01169492944317,-0.00388829310119252,-0.00363614588390556,-0.00278726593348623,-0.00407022370303105,0.00619199746439227
0.00732638488048145,-0.00878347424217046,-0.0117274874485719,-0.0111218032911361,-0.0147041705645152,-0.0162572943362904,-0.0340628604130985,0.00316187205941732,-0.018252740475941
0.0912686246716111,0.0424393188877795,0.0510256703495202,0.0220536919919412,0.00529829009240652,0.0745804358596174,0.0211316778890018,0.0212137886080881,0.0177696376268427
0.0278964112474932,0.0142484412026236,0.00468608223988411,0.0074475514969364,-0.00797457854056312,0.00459333585778456,0.00134005703913051,0.0244698140483003,0.00567351653293398
0.0645099345831569,0.0399379110764278,0.0517664312157518,-0.0133773335239813,0.00858870483495276,0.0367333692346666,0.0160511307011962,0.00261567719386409,0.00850893954811119
-0.0286698877608007,-0.00300176125940066,0.000963242700915638,-0.0166761645277405,0.00658091406583222,0.00976575881843966,0.0166123373005812,3.24714024372308e-05,-0.00734243523796451
0.0169185692328886,0.0104253079077678,-0.0202429342733231,-0.0138082960805555,0.000926050397571596,0.00269006414432354,-0.0194953440295063,0.0161495252099853,-0.000383300426504572
-0.0483523261440182,0.00712258603835326,0.00182867210832289,0.0116323214122447,0.0100457178613025,-0.0252212844024805,0.00338346980380268,0.0180650365726838,-0.0129883089880662
0.00993502741076373,0.00269217792256271,-0.00460662004184743,-0.00816642106361582,0.00133475937225972,0.0101906126916952,0.000623926485031692,0.00726283218573993,-0.0065450387625875
-0.084101144303881,-0.00278141845574907,-0.0344253497555158,-0.0314450391909257,0.0030388433286218,-0.0731159079084665,0.00125313159043586,-0.0161493538553235,-0.0193438223278974
-0.00556219713699573,-0.00139498008799805,-0.00675151975306989,-0.00946681638036013,-0.018461216271954,-0.0189394313597179,-0.00348496334272848,0.00263804165615877,-0.00380420156447548
-0.0240801867574529,-0.0354433481014944,-0.0132187270665292,-0.0387248591362408,-0.000982823857920523,-0.0296258342720432,-0.00834092173679111,-0.043637142580412,-0.023456328955246
-0.0579932377058655,0.00285846677930885,-0.0332246435924071,-0.018956831896701,-0.00622531109882658,-0.0702073550780571,-0.0104331291988253,-0.011507700763092,-0.00470719094246556
0.0411709216590669,-0.0103144629091208,-0.020598768438382,0.00331088052401125,-0.0157972529784944,0.025052369503983,-0.0195460183107282,-0.0175891590045277,-0.0109471241989781
-0.00818033537414503,-0.00158065594571181,-0.0317371886592386,0.0159942390819748,-0.00779604394368605,-0.018695381376743,0.000949004541573747,-0.00185163388985117,-0.00499595407363969
0.0275460915703123,-0.0229066299636858,-0.00148184564796019,0.0322064184506169,0.00384651303426813,0.0434380563503621,0.010249303359563,0.00366719429946713,0.00382584459960168
-0.0430336783129864,-0.00470491406628969,-0.0124727189669906,-0.0264485994766976,-0.00695393323879099,-0.0398165823085799,-0.0227081787965123,-0.00549861142661352,-0.00954748623580065
-0.0313529062141607,-0.0173452370384012,-0.0328018591357388,-0.00521083409089634,-0.0102924588555608,0.0172044848214199,-0.00370941665672056,-0.0110142666014577,-0.0156766356408419
0.060480317524627,-0.00688301169549614,0.0121652194769415,0.0219218418266907,0.0085496008116444,0.0618224347339981,-0.00187935945519573,-0.000422875484065575,0.00955060356953789
-0.0649285528751827,-0.0294845216531843,-0.034344683288898,-0.035191184468545,0.00586616466912773,-0.052116514738246,0.0217098931293614,0.0089568127877093,0.0103636243971556
-0.0605351497381891,-0.000536233837681945,0.0026936910421491,-0.0318833564219311,0.0140641394695205,-0.0678822351243644,-0.0284678238666067,-0.0177220110176427,-0.00673502092443059
0.00496757722341303,-0.0091982032009846,-0.0131402694538309,0.00659735200013956,0.00879963883200443,-0.0322606832090363,0.0115716262857546,0.0318129043999899,0.00701675466444576
-0.0102013258163336,-0.0168655055159887,-0.0180379125177731,-0.0232950977061956,-0.00710527312391516,0.00427425960224745,-0.00788220004066626,-0.00430661280732789,-0.0123439657585476
-0.096064955114768,-0.038386627955068,-0.0237500517413099,0.0201133875595288,-0.0155736518433688,-0.0723838245510623,-0.030520688793019,0.00515437946631245,-0.021487369647552
0.00562472875832152,0.0204245233226217,-0.0172754867142069,-0.0201858064419461,0.00766873503562973,-0.00540843889208068,-0.000604778472310268,0.00884117589892989,0.00498916446431942
-0.102928397541151,-0.0620366619633933,-0.052907791076942,-0.0593001626853467,-0.0143792475791166,-0.0955213929341841,-0.0225697912197724,-0.0219537829801873,-0.0161106118503039
0.0172220097205011,-0.00632587832959428,0.00951776182705781,0.0164078080692465,0.000772193129389371,0.0340227487512314,0.00469595059706713,0.00564333139454057,0.000774724358158274
0.00232164663570869,-0.00617076645679287,-0.04047731271577,-0.0225493470043929,0.00100722004439995,-0.038640789548359,-0.00856664598504175,0.00388209274360705,-0.00361207344082402
-0.0437332838504618,0.00846643980162164,-0.0287240245033505,-0.0404626686041504,-0.00307811043471277,-0.0838344505322703,0.00585729907006696,-0.00975931824376781,-0.0116136934309778
-0.0241452999388973,-0.0107822058922935,0.00728905675698061,0.02556761829452,0.00285164459464553,0.0093454336243736,-0.00537566779552055,0.00621223784425509,0.00655300441971066
-0.02308605362514,0.00908568013426971,0.00905501856240053,0.0235249673423245,0.00340629894702108,0.0145861458472094,0.0163325409073319,0.0108926299713837,0.00444314568248393
0.0506591429370684,0.0154880108943083,0.0122103509348831,0.0297519368016824,0.0137172722864561,0.0351386730711241,0.0271107735755659,0.0236265491616895,0.0209508605615236
-0.0249406607343226,-0.0148484236856599,-0.00024188515632172,-0.0183836690595592,0.00185206839856958,-0.00689450164090209,0.00672138136594404,-0.00345446435923184,-0.016699287707804
0.0229334078443163,0.0168382602594922,0.0208141767245682,0.0102927187139686,-8.08067287861992e-05,0.0180738932849838,0.00772526086014673,0.00154838265023747,0.0113605531803181
0.00479286848290855,0.00294486250933133,0.0115450095047981,-0.00747062585865157,3.20559480210996e-05,0.0214215407640066,-0.00680769864047476,-0.00696348156720109,-0.000832757393901001
0.0210710372607499,0.0126731056025816,-0.00389259389847502,-0.000252686157664994,0.00313153970676911,0.00154983486603374,-0.0144013790741721,0.00337638578844441,-0.000698648983228373
0.0367056007870472,-0.0113266928758111,0.00379330104351974,0.00253103247036643,0.00186174687953316,0.0417096945398094,0.0036984380752268,-0.0222537972512837,-0.00456302047231461
-0.0232086445392479,0.00552143922944894,-0.010862357460349,-0.0183783093027828,0.00209287971453918,-0.0284437471699779,0.00294114769983159,0.00675133547663911,0.00355613677964115
0.0195983774790651,0.0139129222185389,-0.00333495498006852,0.00219705969045846,0.00867092492565474,0.0138503049094208,-0.00247874142239331,0.00842046609221213,0.013325427750244
-0.0288411074776853,-0.00215783913762104,-0.029115404473837,0.000385888584492796,-0.00396119086078558,-0.0338635447315696,-0.00211449627640341,0.0200823553782794,-0.00777945609756257
-0.0233221205967496,-0.0126669165987812,-0.00716388321191572,-0.00564804016236333,-0.00546345773028761,-0.0297942492416824,0.00325997495455586,-0.00180368465085273,-0.0062309018208633
-0.0206545926331133,0.014468457715779,0.00225494189047952,0.0123485971642843,0.00805375773114557,-0.0181997143478194,-0.00272577744847012,-0.00234402591696785,0.00882029784346051
0.0295439757832512,0.0242318460745989,0.0142849519090799,0.058106819670357,0.016329936322638,0.0560600543445011,0.0132877139376375,0.0386359343434775,0.00938463267338292
0.0496124003757385,0.0380350685243668,0.0329834675732017,0.0316344983680565,0.00122522767999904,0.0301580219459656,0.00170868038000125,-0.00276328122587145,0.0277327748723054
0.0180779257047509,0.0150982319634969,0.0186777617837468,0.0214874893731463,0.00582433574202211,0.0141655453488082,-0.002680623621826,0.0270321226302549,0.0159518693088586
-0.0277143458290137,-0.00194187664924159,0.0176751038570866,-0.0158660890859195,0.00409247336430578,-0.0675067970566326,-0.00216445466851274,-0.0106428393697647,-0.00619028067124739
0.00823497882285965,0.00719095284879308,-0.00554332233952711,0.0238523049727697,0.00380770070803955,-0.00892901898698214,0.0139209907610317,-0.0212769343321617,0.000534231598008196
-0.106531218018521,-0.0369330134033901,-0.0296312171480054,-0.0741342341483711,0.00115343814156247,-0.102951228381676,-0.00732865070861678,-0.0217073095735376,-0.0190328877943601
0.0185533767747126,-0.0130392544473918,-0.00117617701144241,-0.00705846015892605,-0.0112126370242351,-0.0173650929634498,0.00374816265892896,0.0150328129200513,0.00858140797668437
-0.0132619554421381,-0.0181102077102556,0.00253240100607118,0.0227861101334373,-0.00780429362105831,-0.0255957410270225,-0.00640810226542765,-0.00866152335245981,-0.00923178885293821
-0.00670299994340344,-0.0289990261852069,0.00225191393478012,0.00403397636515335,0.0104257283965478,-0.00279507918085905,-0.00365703697805364,-0.000334643093917544,-0.00460232690018678
0.0181960873173725,-0.00318391078695293,0.0156510984279365,0.00851329179171327,-0.0135881836347827,0.00935983483204157,0.00381682875448516,-0.011580298448353,0.00181261019905455
-0.0358949826746336,-0.0179537483982513,-0.00916988397692687,0.00129725056722549,0.0194571165375959,0.0355186176003349,0.00705089383483663,0.00976354736347757,-0.00466696681955137
0.0654442536096778,0.00915126006444503,0.022046610124651,0.0142397781844844,0.00417096069472014,0.0445260043734653,-0.00991876808514853,0.0189999424418703,0.0119131262917545
-0.0470515944004424,-0.0359227468342834,-0.00451724092765576,-0.0132739902513956,-0.000151064130986381,-0.0490370077433204,-0.0201355680571549,-0.0130772662181999,-0.00206352201814793
0.0532162809170876,0.0296657647396506,0.0261059939747928,0.0346746758895313,0.00620201039518149,0.0383681434233951,0.0130412070456171,0.0223597011057531,-0.00278273883965517
-0.032568400855858,-0.0116621896454192,-0.0071244512005099,-0.0262726172472534,0.00696530345338417,-0.0774731700204564,0.00983489639173086,0.00663476190430251,0.00342428027283669
0.00683917717070973,0.00846859701881417,-0.00532585259558059,0.0429825179128556,0.0160556763701156,0.0264337051015028,0.0159763987987582,0.0129400159643868,0.0286664028429938
-0.0649776022833294,-0.0194744248176635,-0.00171993969951118,-0.0141887500308722,-0.0053184322490718,-0.0502143787135726,-0.0167252423800263,-0.0246175237432391,-0.0216664351112244
0.046179775251241,0.0200107513533481,0.0122811106747137,0.0191587565985484,0.00302240999558255,-0.00483908840349659,0.00733930153421778,0.0228963157129456,0.00892952602063337
-0.0260521208371291,-0.0123101602573003,-0.0145371719510801,-0.0194549319802667,0.00431934184938467,-0.0340402675410404,0.0137655442067822,0.00808798531524433,0.0143715438380825
0.0194246305726822,0.0339230165042086,0.0193846196720833,-0.0160666620359129,-0.00369617520510157,-0.0221622306033076,0.0194087155813535,0.0214427266901001,0.000752286145253252
-0.0162602552444705,-0.0175339682012683,-0.00853751213046372,0.010552113689565,-0.00493086131244496,-0.00840807749092136,-0.0122412984512761,-0.0110854850086372,-0.00667347662237414
0.0963216402984405,0.0275615004904288,0.0321277880636448,0.0186939885695794,0.00569825409035281,0.0813055634637158,-0.00277156928324927,-0.0104870496895891,0.0140946301560386
-0.0647786887296708,-0.0397169247736296,-0.0253611173851622,-0.0549842852877589,-0.00382402680028549,-0.0462665105210265,-0.00896600910923449,-0.0228089402807617,-0.0336425675167029
0.0247666587356239,-0.000623899521085748,-0.00249008887597066,0.0109784451152285,-0.00847865144980632,-0.00405840278616255,0.0120501719507424,0.00686296562920675,-0.00535742740566708
0.108580808004392,0.0563975396806392,0.0385372369966399,0.0358813940371692,0.0265062903601737,0.0570338296524543,0.0255061084286358,0.0356931824514038,0.0373823597996187
0.0756845924481289,0.0123503044298259,0.0237064152686547,0.0295890863741831,0.0150065832328887,0.065864627087835,0.0202624051829449,0.00590360127216764,0.0260827668209727
0.0331965883882832,-0.00762735248853622,-0.00743025335458831,-0.00830582001780697,0.00147924738808342,0.00216320209110631,-0.00311324720044623,0.00208306973467137,0.000579938818958358
-0.154633932860378,-0.0665521774722343,-0.0465509511729223,-0.0894454102206525,-0.00817497529739146,-0.142039071790748,0.00387647106775127,-0.0586260470312629,-0.0248667587261074
0.106660332720574,0.0299787963728623,0.0369403341173215,0.029085099025692,0.0176155092349075,0.0496396338297361,0.0306156654237189,0.0323393648503141,0.034197889444152
-0.0091349542366732,-0.00220005299451313,-0.00546883348125135,0.00520608784009597,0.000270240873094474,0.000180864490959607,0.00363550095283864,-0.0137044446775154,-0.00298820088813955
0.0561089315696193,0.045701092123594,0.0185380881554757,-0.00590896931691353,-0.00672630678691596,0.0281748145149807,0.00293201541942914,-0.00299728763250684,-0.00944010388803009
-0.0119036015227703,-0.0104389088583443,-0.00122305785612498,-0.0251631625082644,0.00654935731760771,-0.0392067552637811,0.00383867825388998,-4.36247405936009e-05,0.0107764564029152
-0.0289915109293194,-0.00230650710330787,-0.0292628294746869,0.00268293228602596,-0.0135681958119295,-0.0167332297165485,-0.00640498728112233,0.00128008524044818,-0.00932843084470525
-0.00156320367178128,-0.0081790346264959,0.00481076516895216,0.0090498135075554,-0.00482805184664402,6.31521006100874e-05,0.00171442348901457,-0.00039125496329099,-0.00668482876190458
0.0118261257705009,-0.00373001142509404,0.00629188235660721,-0.0154936071150624,0.00460159555288583,0.00204194678666279,-0.00668573710654184,0.00626326543013553,0.0082463160154556
0.0800622805033069,0.0308007406666945,0.0521656707288852,0.0261507389891908,8.05353347267814e-05,0.036233032804042,0.00616673804377997,0.0314307416787192,0.0107512110309365
-0.0748457995058099,-0.0311064122918108,-0.00486407876481215,-0.00343202278805653,0.00300519227952635,-0.0392065952483617,-0.0034961496537944,0.00525579744950169,-0.00668067924633175
0.00597466891483473,0.00626514130700819,-0.00273677143151398,-0.031936004175927,-0.00541478511849092,-0.00593021398239025,-0.0085987667568184,-0.00730760830851935,-0.0141189208708684
-0.0480027947236825,-0.0344022884191902,-0.0408526120482297,-0.0192410633185384,0.0011488612986492,-0.0162225681389078,0.0268041893763484,-0.0208823748661939,0.0164686105387454
-0.018464479475413,-0.0161797847153748,-0.00810016734032848,-0.0100894060343707,-0.00487350104002347,-0.0514477801419468,-0.014238198902922,-0.0147236191336034,-0.00550162961519911
-0.0195289245664485,-0.027540183395225,-0.00192802244641426,-0.00311308450514235,-0.0195195171225861,-0.0334135792788901,-0.0336335195523516,-0.0334536352073792,-0.0265203074704589
-0.0552141667873367,-0.034077446874787,-0.0272983184778929,0.0358729012578192,-0.0034624609575144,-0.0373415210422375,-0.0163976598422992,0.00489371741414768,-0.0165767869187722
0.0644149728953139,0.0309536242030167,0.0106678894044993,0.0119561285758326,-0.0195069915833233,0.0396293097024261,0.00456160536413485,0.0152911691050955,-0.00945731086439285
0.0742630099285357,0.0435084543724267,0.0238530542306185,0.0309388990555081,0.0186138368164122,0.0244720895860762,0.0404929958247783,0.0256075649097738,0.046435125955434
0.00565994189061932,0.0225897817688505,0.0049580475145969,-0.0143019558902314,0.00696187145287539,-0.0240819434188707,0.00290762830937012,0.0109569546073162,0.00590639298591016
0.0147523349463425,0.00458884095820961,0.0197440935929163,0.0151248822664898,-0.00739762879956022,-0.00995271663963124,-0.00658449180626202,-0.00674984058124061,0.00830212126388361
-0.0743144280316798,-0.0259564332449538,-0.0172766899766644,-0.0464084480272273,0.00137291855180516,-0.0719433441937495,-0.00719770921193217,-0.0162611944119532,-0.00938567593452684
-0.00805962317868782,-0.0213923564535511,-0.00294411067868026,-0.0160490665903184,0.0125666381621527,0.0187062753153051,-0.00114856921148688,-0.0199390763082727,-0.000285851191169878
-0.033450121614196,0.0143579570531702,-0.0323993962455006,-0.00729872866098649,0.00212584909261137,-0.0497465299230328,8.80168465123984e-05,0.000801158448451259,-0.0143892905900125
-0.0433115207781347,-0.032359354738397,0.0175021071757583,-0.013760509251728,-0.0151583514486801,-0.0183289410582426,-0.0350983593361022,-0.0349174793836076,-0.00862071957554429
-0.00912172443165054,0.00702395667511389,0.0277782998400634,0.0148020789029214,0.00294468190300948,-0.00313924331760704,-0.0010794610244728,-0.000967579103652602,0.000174091816463096
-0.059124604464938,0.0197536189174659,-0.0337888022489091,-0.0282344131642507,0.000612281509034534,-0.0388648319684394,0.00019027663851071,-0.00949498444915949,-0.013513729610435
0.0887581787941747,0.0479889958584832,0.0275821371353489,0.0237122728651163,0.0168242066834465,0.0675225837590158,0.00363530470604936,0.0295775124475288,0.0304612608781522
0.027791947334141,0.019503313440834,0.0173214378818795,-0.0194220040521143,0.0100183809365577,-0.0317344126023589,0.00364638897254372,0.0168363771519775,0.0164095905301674
0.0554679745224956,0.0394647381567735,0.0503512985475858,-0.00103974775948266,-0.0207110093740923,-0.00127411873659034,-0.0136233728025378,-0.00195526904445611,0.0027780559247868
0.0191925108277574,0.0121105747504178,0.0390902881530006,0.0246182122902783,0.00917374744933764,0.011619941295851,-0.0056793497918411,0.00200388119957259,-0.00712186682082548
-0.0292645950125633,0.00831586055575166,-0.024295543036788,0.00758778972670355,0.00531444059173896,-0.0669004588929631,-0.00318118949920128,0.000721035118845511,5.66789688110877e-07
0.0230846175472355,-0.00888531426829174,0.00356284933299909,0.0316955131245357,0.0149277987548607,0.0276333999127875,0.0272944205926404,0.0406196665003874,0.0269219165287256
-0.0313342098998543,-0.0160536136120126,-0.0184162937547325,-0.0137886837930039,0.00492323399796448,-0.0282453444512787,-0.00480359412569988,-0.0312899094849019,8.07514447727415e-05
-0.0959586909982891,-0.0599822743165203,-0.0241553089551203,-0.0336551474926642,0.000133379681697336,-0.011945496353928,-0.0114775060366389,-0.00518467152532945,-0.0241294303020615
-0.0131733710907367,0.0138828186682742,0.00783091063039372,-0.0120791700657362,0.000837760078565824,-0.0233426181838242,0.00103431203408876,0.0116047280071692,0.00513366088002816
0.00720615636414847,-0.0115934819662625,-0.00434855410652494,-0.0315542343062219,-0.0244246551446149,-0.029675898153538,-0.0164439526489424,-0.0316648128662344,-0.05031763610978
-0.0484614817895963,-0.0010846076215978,-0.0133595636954894,-0.0279924007067954,0.00690901195119253,-0.0320620007328254,-0.00892326785673346,-0.00677758137144045,-0.00865660794645394
0.024619228868906,0.0266981667999515,-0.000431450211684718,-0.0163577874159213,0.0138150160476822,0.00590113587045657,0.00681636892123785,0.00948591821599509,0.0109446981339487
0.00179006929905105,0.0181671314541908,-0.0120911239802334,0.0488613180960247,0.0173031923264517,-0.00306929231650629,0.0254041917376954,0.00582569500014673,0.0358439046916687
-0.0671713758376352,-0.0201700138460266,-0.0159503177142287,0.00180921664227807,-0.0189841461579536,-0.0282175444597212,-0.0211202336288857,-0.0113811044525198,-0.0101318080163052
0.00361793855813988,-0.00324448593929006,0.00197800692921808,0.0158098206889372,-0.0136934189259867,0.0122864120048582,0.000882965330417786,0.0207719041553107,0.00407010846106961
0.0496125329983758,-0.00951553305259108,0.00428296808940777,-0.00244514855811083,0.000681311848477501,0.019159718575657,-0.0061309427117885,0.0165847235318751,-0.000836207737433751
-0.0649527171113944,-0.0739535917223496,-0.0375457257550096,0.0133587366022041,0.0038144527846579,-0.0512689936410389,-0.000371486091901076,-0.0110248629648565,0.00461422463801044
-0.0295917142391484,-0.00280957510240278,-0.0215582359562051,-0.00382943393673233,-0.000186768845259101,-0.00421486304925295,-0.00242160660718521,-0.0096778346661348,0.00259107125366846
0.0374799236570918,0.0055293760934171,-0.00747873317691295,-0.00553107888816946,0.00423698388198642,0.02458376502583,0.0200545538843661,0.0112083711725324,0.00197376110474987
-0.0935379028720028,-0.0542285896859557,-0.0268753635075911,-0.0508827126702917,-0.0197642188332705,-0.0572695485728101,-0.051771890410197,-0.0109840329894132,-0.022988574938841
0.0330593116737475,0.0111052425069209,0.0179877467330353,0.0266908864001715,-0.0046515243316528,0.000188397541235516,0.00249558991872417,0.0140477021578674,-0.00444724010940083
0.0372540821461822,0.0361788123546477,0.0105355432436225,0.019148608695394,0.00262141255760689,0.0278387486395039,-0.000509223393121182,0.0350417604968301,0.0168139103649697
0.0508363791294408,-0.0144590728569752,0.00354401363746466,0.0171340079779314,0.00220861325320938,0.0323832645463484,0.00319781923123524,0.000109577276851433,0.0123926350821213
0.00558309215774212,0.0132476488708825,0.0124077628833303,0.034538754022267,-0.000852489409025809,0.025986405699462,-0.00671206878714703,0.00866817702195439,0.00521128525434401
-0.00524527413459933,0.00976552447823973,-0.00580169860047228,-0.0104822622364236,-0.00188805864783139,0.00627721923645008,-0.00531252258469693,-0.0183494740353613,-0.0225162333677959
0.0467800985891365,0.033364426453387,0.0210097367248397,0.0373271734389805,0.00776240896064328,0.061244017630289,-0.00661748407749848,0.00346776661372056,0.0124236683236234
0.0408002459894374,-0.0110877331388245,-0.00182894880088394,0.000495611337368115,0.00114227604693328,0.0542765313651086,-0.0134148491145731,-0.0268250412873555,-0.011824772799961
-0.0171173685762635,-0.0190316998742387,-0.0222192754550469,-0.0320819808671396,-0.00633176766229442,-0.0374640397610849,-0.00490148031980037,-0.0120147268582449,-0.0112448402454799
0.0236475831978154,0.00892263000823281,0.0500002288663035,0.0502515085198979,-3.03823109711771e-05,0.0268415164502789,-0.00797002797282326,-0.000314047560748483,0.00826447207337832
-0.0318267321333453,-0.046236059379712,-0.0221175443855392,-0.0269817155382808,-0.00967986121267308,-0.055034148264055,-0.0238122798065294,-0.0205734132335536,-0.00976076166912333
0.0376600991953742,-0.0120798820932065,-0.00841989662320019,0.0200445726161382,0.00905220056625912,0.0322188710755565,0.00140040459796973,0.0136921197860326,0.00645566080921148
-0.0332063434359443,0.00316363842586519,-0.0128787571782294,0.00282248225311277,-0.00631673488835858,-0.0461602097211874,-0.0155399696748993,0.00492288009859687,0.00576362171213986
-0.0208702589944102,0.0140694915970852,-0.0108458212254343,0.0224694333970713,-0.0107188994187626,0.0150052885586737,0.00261615515988644,0.0218009204804538,-0.0114590258349054
-0.0639426921342148,-0.0268115882726506,-0.0237630561234426,-0.039233883944983,-0.00629040734072385,-0.0517591983933838,-0.00214771015374795,-0.0223856870816073,-0.00573007570367142
0.0532671532401886,0.0175265619777108,0.012837149515333,-0.021336513036641,0.0104818445823449,0.0600664656498842,0.0138103640566619,-0.00138609029861417,-0.00013052664012639
-0.0561637365648542,-0.00809124359632294,-0.0140345073069788,0.00559559712271763,0.00971469545809678,-0.0374647065688773,0.0061342954925808,-0.00692291430492414,0.0070798479829781
0.0143960449838793,0.0123818881943774,-0.00325796969167883,0.0243676867076251,0.00139386206787095,-0.0435960661779934,0.0183882645787377,0.0249646545185649,0.0129457945663586
0.0758428838083759,0.0507829257904861,0.0244289108897449,0.0138001277463879,0.00109126345797484,0.0602427056039251,0.00370861419024633,0.00487779288427987,0.0203480799175683
0.0202732724938968,0.00812733549377181,-0.0170013583777919,0.0335248215046965,-0.0078330791271209,0.03973525037655,0.0068526292860507,0.00456520982053196,0.0107947864893322
0.00858870233281898,0.00816371152506402,0.00368679245011848,-0.000769991012286933,-0.00662554305496897,-0.0226973479468588,-0.0171639338795789,0.0140685009563786,0.00396156688325087
-0.0596324821616568,-0.0485310865724789,-0.0407814498848527,-0.0541131557583606,0.00297011464117015,-0.0670081558116084,0.0104056433365632,-0.034052370299127,-0.0187334678699356
-0.00189808657333026,-0.019715768037807,0.00629267543235492,-0.00131675770361373,-0.00939506011627611,0.00184085629484404,0.00354567054915797,0.0110070713949554,-0.0186243699259799
0.0198813506305731,0.00304196308050784,-0.00765807881477248,0.0410505487208099,0.0118930192708526,0.0324442101228175,0.0235198927060174,0.0199193024107337,0.0156099003558813
-0.0592820537153319,-0.0225915082837871,-0.0304457148911835,-0.036489034178106,-0.0126393102318322,-0.0591188377670448,0.0168427169913651,-0.042779633830723,-0.0405227828898116
0.032775752795684,-0.021293929611956,-0.0175263608287407,0.016936629751153,0.00106153762750943,0.0272736938866891,0.0147870812288669,-0.00839306733686276,-0.00434871016498595
0.041335473456094,0.00486176514003867,0.0254663747701193,0.0460015693680437,-0.00186165841161957,0.0780960458590326,0.0334606714495322,0.00871292941263309,0.0328200898868664
0.0490129874137198,-0.00914785087183698,0.00221300186883979,0.0256730502770504,0.0237310549905783,-0.0224951988060958,0.0176776210640575,0.0173380292728778,-0.00259835906558561
0.0587990336467698,0.0243909934747907,0.0140892381944417,0.0142749792144041,-0.000885084241389458,0.0137781733745196,0.0153364326018201,0.0157145321677713,0.00154527620202057
0.0142519169472094,-0.00556061247471362,0.0143420454791211,0.0149918581150742,0.00107781756380704,0.0436965143486103,0.00999400329284245,0.000621125212047776,0.0094723370053935
-0.0108348125650034,0.0108162860867784,0.00202222349268206,0.00831349493228275,9.53804864934298e-06,-0.00512092423802681,0.00540465742811731,0.00187048785780168,0.0057172599863039
-0.0328627198060069,-0.0345649087709031,-0.0500522601451881,-0.0124648958118323,-0.00821684629757963,-0.0412265166205005,-0.0204456684038429,-0.00534752916813055,-0.00786820721322838
-0.0250450649121786,0.000372948711064697,-0.000182235651590682,-0.026910211181926,-0.0103956959951587,-0.0133456405782322,-0.0129374636437456,-0.0068417252774294,-0.00556733037566485
-0.0434903121868081,-0.0242510282742401,-0.0203255627918394,-0.0265238732771579,0.0087527287535208,-0.00428974403068458,0.00142602693734677,0.00151483218065277,0.00393324876551151
-0.016502567818441,0.0153730672359092,0.0112887824431118,-0.0122007226555946,-0.00851021071640318,-0.0101079436989661,-0.0088191386507441,0.00715563361630393,0.00365420152015904
0.0388899028033063,0.00678390184793149,-0.0105466093377444,-0.00909227372551481,0.0121366637713041,-0.0207171020464112,0.00897283652922171,0.033158869265228,0.0227464184163001
0.0983402480833516,0.0328674552802784,0.0182796987620794,-0.0250747972435631,-0.00862690328206651,0.00242998610420336,-0.0203067055699384,-0.00202102146802136,-0.0103036327368967
-0.00297927842191689,-0.00911331094146081,-0.00541481489651902,0.0047248351024102,-0.00568235693433421,-0.0164724751925584,-0.0225560690251341,-0.0143256257187924,0.00699136709304488
0.0596934399145749,0.0352447805026781,0.0448661690239713,0.00603510691989843,-0.00350562287335225,0.0300489729837368,-0.0175465295008226,-0.0159766930784954,-0.0134178085020444
-0.0222791434674183,0.0189640831048912,-0.0105215222688243,-0.0114384134550073,0.00237312701865004,-0.0200989485387211,-0.00418787790993868,0.0123824445382459,0.000695254479635035
-0.0371995753950012,-0.0240458781442682,-0.0199997705162186,-0.00587606294934545,0.00630321669318672,-0.0278508978546846,0.00347387069618976,-0.0113143295072844,0.00574262446083437
0.0503099075346737,-0.00884727865021892,-0.00557780169232906,0.000516360529771675,0.0092695244544177,0.0410055359196633,0.0155159978147811,0.00718231300966861,0.00619469670458638
0.123649418000502,0.0225180641209299,0.0268580332125204,0.0315356114739653,0.0106123608787922,0.0623580659142339,0.0176724588355392,0.0228688067576569,0.0183292324387159
0.0116073371666429,-0.0263851912651068,0.000196388382923332,0.0122397263845434,-0.00955171445412982,-0.0202883175104134,-0.00226744002081922,-0.02772033930674,-0.00939055357207911
0.00719240495976071,-0.0405300038622549,-0.0159101592825463,0.00189878023519518,-0.00104531035795078,-0.00209434957664861,-0.00526281852091017,-0.00776069848184154,-0.00840633433481752
0.0178858495694083,-0.0113300376005208,-0.0232935368987345,0.0241906496400085,-0.00106119814730217,0.0215152104089321,-0.00293999581279396,0.00773490941415422,0.0158133648263
0.0142823970529553,0.0113071114794309,0.0163816527516927,0.0229742747456467,0.00506668777792128,-0.0257371470746467,-0.0042738665823634,0.0131111574877824,0.00532631074951525
0.0163009720699741,0.0102332000344662,0.00455628897510348,0.00559676001441931,-0.00410044075254397,0.0165047037057887,-0.0184486187795315,0.0202044517825425,0.0156290894379512
-0.0293264867154486,-0.0365374819641809,-0.0172752733085728,-0.0268734139933382,-0.00297902385429948,-0.0402254075581474,-0.00318364664437322,-0.00646295047635006,-0.00751168600418757
-0.0178097692040143,-0.00385274152208587,-0.0235972518682527,-0.021645250453355,-0.00845039026711211,-0.0487108930977206,-0.0008697962751961,0.00439488340879981,-0.0109526641656024
0.0118499705779035,0.0130690478059318,-0.00402442774913249,-0.00871081769273334,0.0144991261329251,0.00754755862728525,0.0142090678099192,0.0111742310747163,0.0193094431003123
0.0743230116773519,0.00422260927804749,0.0167746947091379,0.0169488895047483,0.00864698961114369,-0.00885566349430765,0.000962924918533354,0.00324864840387824,-0.00152978567472935
-0.0660251673289259,-0.0352990422925744,-0.0358498672919477,-0.0179525585103609,-0.00611771884633813,-0.0584431915838879,-0.0221841897178556,-0.00989459901227838,-0.0171362684381008
0.0740563256668292,0.0421211361894924,0.038502746318788,0.106161523655923,0.00933037303266747,0.0311717484787728,0.00362836111176737,0.0307878715321598,0.0362233894917084
-0.0443068257728439,-0.0107773535558009,-0.0174808079018762,-0.0210031328702465,0.00395020141918117,-0.0391025632738981,0.000840792944368588,0.00617637840809564,0.00644305614112673
-0.0155880280928968,0.00724758549938097,-0.0109707185503501,-0.0212033197070443,0.00258808271789403,-0.0266044533552043,-0.00785891914846263,0.000670802485745324,0.0103375397657191
0.0548318671378685,0.00755147000094369,0.00696125665081888,0.0172194186782257,-0.00721226414975622,0.0231995143378984,-0.000518167166397368,0.01980298281916,-0.00037079000432942
-0.0343684779937577,-0.0118324527495948,-0.0147011204289979,-0.0281781158176198,4.86463298298234e-05,-0.0360138239030496,-0.0140931645919698,0.0162292666363293,0.0153990370063872
0.0276206189007021,-0.030800000167632,-0.0135989479680169,0.00517922860324359,-0.0025841146171619,-0.0548069335339113,0.00377056342368129,-0.0103251597467501,0.0026378308029673
-0.0539905475713102,-0.024229317081098,-0.017032074339721,-0.0358275076849172,-0.0074187441156391,-0.0330877656010558,6.13032678116205e-06,-0.0292649661927032,-0.0136671456456718
0.0251909141881428,0.0136859157568851,0.0244895315724979,0.0329191547275618,0.0036997317965034,0.0410014400107388,-0.0179294761333122,0.00939722107161247,0.00911504328313193
0.00542177432950842,0.00771878618294342,0.00760632567255646,0.00739321492798704,0.00823860403959499,-0.00511645695023063,-0.00298162763874483,0.0044151431089204,-0.00357597168469027
-0.0153992070321444,-0.00975514997878767,-0.00879671857376943,0.028449504516906,-0.00394870152271805,0.0266544097621469,-0.00791442617434105,0.00187642321863169,-0.00807636659803359
-3.6041556883068e-08,-0.00471384105499233,0.00327733524257484,0.012976485803054,0.00584490650682431,0.010670302537368,-0.0022530903592932,0.0102216656337138,0.0172390464058493
-0.0451707880335011,-0.0109462342293411,-0.0170357865319912,-0.03348335370591,0.000648570917320844,-0.0422758113800038,0.00738409262743068,-0.00960332971654606,-0.00884348588175297
0.0170384808406704,0.00248284541566517,0.00238424702022269,0.0033033986304017,-0.0090951163476921,0.00325324237489697,-0.010001317814997,0.0026271144938708,-0.0213628059758098
0.0192115254866741,0.00881062276705476,-0.0147172714111275,0.00405116476938879,0.0103462839952411,-0.0110319491295641,0.0205650320039524,0.0115544278385623,0.00634975943921423
-0.0767002572200702,-0.0136707424650974,-0.0125304495615697,-0.0379037166328058,0.00271692325533406,-0.0448731701175385,-0.00697341975045571,-0.000849403473380191,0.000350226357484633
-0.0249502712779864,0.00453295454312369,-0.00193242862440347,0.00528331719210317,0.00118022740270874,-0.0149600290840284,2.09491421409261e-05,-0.00208928079797477,0.000937275060868559
-0.00832493600049432,0.00683870836850322,0.0170154837934818,-0.0113320114761293,0.00497070316118689,0.0176548367601776,0.00283617240167466,-0.0263533842485432,0.00251720134926229
-0.058663553224649,-0.0414636733133451,-0.0199127576882027,-0.0162213659536743,-0.00823262804171431,-0.0215095530098884,-0.0120492394220666,-0.0241915559948021,-0.0291796942950561
0.0674415640804908,0.0329608294077014,0.0284047005142676,0.0406564746496807,0.0040524726331898,0.0820251089931997,-0.00187966322133207,0.019499479648088,0.00479787264915565
-0.0260339250248207,0.00714686495263715,-0.0190036937220955,0.0046975738333392,0.00979098573663901,0.00439201252161984,-0.00558490808167436,-0.00421609260754997,0.00160075699184051
0.12408075372778,0.0476734363714118,0.0440929830747401,0.0142545075454336,0.00749441432400276,0.041331150737484,-0.000494056797366749,0.00615868013281101,0.00494489548916006
0.0146927771945326,0.0410867650219878,0.0169754695846209,0.0278398518297992,-0.0138824836911513,-0.0204525789609843,0.00010420207233296,0.00845785891415668,-0.00893437245352576
-0.00591034130200029,0.0189703607299046,-0.00151223943155026,0.0207000870512017,-0.00387781885056418,-0.0228742585030453,0.012989029630433,0.00713425799014973,-0.0137838212733891
0.0349501967802992,-0.00950334554925974,0.014730543002718,-0.00559531767162355,0.0127502207665408,0.0174847388637443,0.0190509527043714,0.0128231242073266,0.0221811593837436
-0.0697335672833236,-0.022237643692464,-0.0394342692264201,-0.0332998814644145,-0.0103278357732924,-0.0784589898846886,-0.00893882760188438,-0.0196107056746264,0.00134888503968712
0.0132919613813882,0.00563410578728227,0.00469120605109582,0.0313643818401382,0.00229662577313644,-0.0108438638439838,0.0107130526555677,0.0231321823209299,0.000889135782318175
0.013537046666738,0.0057689322670301,0.0110119045266183,0.0487112655298026,-0.00109195827015959,-0.0033314621506012,0.0110043556216159,0.0235346355468668,0.00666185697726797
-0.0515555996942205,-0.0169223364629032,0.00435583272152869,-0.018385244184961,-0.0285170799441779,-0.0510352256104148,-0.00958008408464448,-0.0458498514385498,-0.0264447081987256
-0.0470451374180286,-0.0163577440737883,-0.0136363354659801,-0.0196865173871834,-0.0155888403335259,-0.00124211008672833,-0.00792161607332737,-0.0109294967202507,-0.0222764378813358
0.10215564092852,0.0180559665304683,0.0262717368036061,0.086355404561554,0.0114111461047425,0.0974985988768021,0.0057158306544857,0.0348267582895377,0.0169521599978252
-0.0335558272740002,-0.0262975479400333,-0.0302265845149293,-0.0440423964006144,-0.0125301840490864,-0.0166314239628804,-0.0236452252538496,-0.0222225939983302,-0.027271161000191
-0.0313989258349447,-0.00788273040351891,0.00376952075323327,-0.0121507375542227,-0.00379179482309411,-0.0259053236945782,-0.00644390472959844,-0.00136047481823756,0.00388163519059399
-0.0712170980933899,-0.00919284799089172,-0.0119985815508343,0.0204254704393237,-0.00176437939524663,-0.0667389750723718,0.000164854559896782,-0.00809600410330404,-0.00474135578435244
0.0564410214019227,0.0302173946413981,0.016029020390004,0.0683213512449037,0.0180891296427573,-0.0153291877617048,0.0248459031860085,0.0296846632128398,0.0326240989037884
-0.0116665191863381,-0.0188682981882091,-0.0250428503467909,-0.00138030539467988,-0.000320137458223593,-0.00310643039154345,-0.00356564777238641,0.00555247332737054,0.0107090679180463
0.0609047230007766,0.0219364154656967,0.0100426581418908,0.0103766762078145,0.0145189329910703,0.0317949175933876,0.0304105562145478,0.0264730353677825,0.0210025544013969
0.0420764554104674,0.027428239298923,0.03851240828313,0.0512072919409225,0.0102660951913368,0.0862894292970042,-0.000123134893893008,0.00170252222152709,0.0183857755805088
-0.115802665018715,-0.0871663978492915,-0.0211901954893129,-0.0508909170534177,-0.0152385522599576,-0.0702321543982328,-0.0148925255768776,-0.0455575698454971,-0.0423584500641539
0.00463856463822827,0.0261462369493603,0.0211570140881517,0.0475924095863454,0.0128907636551918,0.0166520888282529,0.013249667327443,0.0251513480038143,0.0267325611111303
-0.0337526699328498,-0.04417601852071,-0.00633770889040209,-0.00469128801887829,-0.00904849756332948,-0.03569437667716,-0.00263004087597058,-0.012145837340533,-0.0102049519621088
-0.0114933207074537,-0.000442886554896184,-0.0176861042641635,0.0248800310017403,0.0106600724007177,-0.020445782700177,0.00841896766049897,-0.00408157041646773,-0.00873545387169279
-0.0334698807129191,0.00518212660364836,-0.00648704378161073,-0.00875433113704318,0.00392714313799085,-0.0238619374702073,-0.0172293753796156,0.00329050193322734,0.00430899081402884
-0.0255070175197659,-0.00524554897167185,-0.00986647688610083,0.0107372130794975,0.00694686786194077,0.00189921054010964,-0.00354303256474055,0.00491036859633834,0.0119286909630667
0.00271952793037334,0.00180442358627402,0.0154994824442157,-0.0089501518320827,-0.00699101719177012,0.0056466293930238,-0.00735818531676916,-0.00023291736721873,-0.00524646771181022
-0.0664858279802959,-0.0136043865874188,-0.0407098028247356,-0.0366373816615911,-0.0129099170672564,-0.0161705313449643,-0.00522637317283189,-0.032098744060736,-0.00942247272518501
-0.0348686643565085,-0.0171552903105501,-0.00933444739785225,-0.0188288122971012,0.0100976369618061,-0.0320802368112813,-0.00894244700415729,-0.020729567952016,0.000855546697471318
0.0491054953924964,0.0324867424695901,0.0362082326562251,0.0274262114926789,-0.00103406846747385,0.0159504525135104,-0.00412916072758741,-0.00480043200134357,-0.0031978914440606
-0.0207474316231843,0.00709804887578618,-0.0190624627278122,-0.0253095858944029,-0.00237676509519022,0.00622925792320093,-0.0101813889321463,-0.0239974882562655,-0.0216261948234848
0.0260716868992316,0.0127786087941857,0.0115215033457029,-0.0113360295075561,0.0122408176070006,0.0131853698988637,0.00431663691446844,0.00494045487546712,0.0189101503237939
-0.00179411285667243,0.011517545422036,0.00997461309467108,-0.00624628206446454,-0.0252662447530182,0.0159737008958854,-0.00891482379328967,0.0005425012207982,-0.00573991148148158
-0.0150068927284687,-0.0104761211111125,-0.0060713239252132,-0.00228291286269215,-0.0196577345776368,-0.0474329075598374,-0.0125014601375479,0.00264424180023124,-0.0365179643808527
-0.0402815140884051,-0.0226294903765058,-0.00638506200137708,-0.0180209327170245,-0.0197444219193791,-0.0870307086491722,-0.00908032859034348,-0.00697212801912213,-0.0263284304397315
0.0574195646048443,0.0399068666748477,0.0402111564545274,0.0223527877543535,0.0239534250307549,0.0477029075109562,0.00824841093017641,0.0248040093185854,0.0305334186713298
0.0448718400843972,0.0239254245640291,0.0135644919786985,-0.00627269220761038,-0.0175411816990023,-0.00787223034546428,-0.0127465772309932,-0.0274393975601425,-0.0147049511312188
-0.145282584908912,-0.041189233160133,-0.0569814361028397,-0.0754203809394416,0.000348494897037973,-0.104091748056409,-0.000813259687655682,-0.0129167317625263,-0.0080158187880086
-0.013599503670628,0.00654789437261503,-0.0177009201718604,-0.0042444473321959,0.00275010462212547,-0.0241796800044279,0.0105006729357795,0.0167288704413346,0.00429956142043613
-0.0620579918127373,-0.00673890698136158,-0.0226045335023412,-0.0319268040554189,-0.00961012307947879,-0.0846556350034095,-0.0145674965166907,-0.00893960241994076,-0.00304671514276603
0.0116974340135379,-0.0417557420703776,-0.0336320477775806,0.0179110177007293,7.45189711201722e-05,-0.0132276589406374,0.0207332415939061,0.00394788664719208,0.00373424568129647
-0.0206013618417012,-0.0171919960399493,-0.0310499475390582,0.00534113033357727,-0.00531151960911959,0.00167263294016129,-0.0158138273389933,-0.0115163756346289,-0.0137827879270102
-0.0348908170209849,-0.0366797384049246,-0.0377269519242593,-0.00781386123116115,-0.00966223658275988,-0.00190606650126738,-0.0142438959764358,-0.00724755350923091,-0.00766996707600198
0.00975681792985296,0.0333226578121318,0.0426618972676852,0.0199529707802052,0.00210140773116464,0.0160081570005819,-0.0120345739326426,-0.0015862085130491,0.0203625535257109
-0.0698251873958448,-0.0395102772240618,-0.054134891180432,-0.0523245541133779,-0.00309079754930298,-0.0571737586089176,-2.34807056520435e-05,-0.0269282389048413,-0.000338798650347976
-0.0214756494066134,-0.0173193672312491,-0.0096160048287128,-0.0197458130858631,-0.000137155806472628,-0.034385938148488,0.0122859856620222,0.00514401438584799,0.00419204473313149
0.0663118566715326,-0.0223679057218818,0.0160855992046627,0.0163804714428444,0.00730318545143861,0.0869903983678761,0.00522765657983485,0.0116638336041414,-9.73658967841722e-05
0.0244935058890174,-0.0148644492746712,-0.0155393280977421,-0.0278218882190917,0.0135733012511243,-0.00391114371569181,0.00384634331448265,0.0246887252549334,0.0133526747960311
0.0345283576624585,0.0220173585971277,0.0183779529101574,0.0400820986180813,0.00319713017948316,0.00763238968232812,0.00111355985650303,0.00729022211569061,0.00115817848167988
-0.084028325725057,-0.0355817004132844,-0.0393969731720241,-0.0365104507862138,-0.0116894042893904,-0.0719988909752311,-0.0137146700795382,-0.0191300245817099,-0.0171125739162121
-0.00140967387966855,0.00590681392296785,-0.00753350478739651,0.0208695430975507,0.0123360459579583,-0.00636815893703517,0.0044864474501844,-0.001296800639549,0.0103582970337107
-0.098740217317517,-0.0640540051914158,-0.0108447853205989,-0.0489098116369989,-0.0183671978644408,-0.0747081574114103,-0.0240664665940567,-0.0463060028550402,-0.0715088517293325
-0.0171519086067003,-0.00915104755919624,-0.000346614715616547,0.0047710292778441,0.00404727508741779,-0.0183736752996521,-0.00270967211836542,-0.000799908048936537,0.0066725078768614
-0.0140025709094853,0.00604310182589758,-0.0094819255223819,-0.0176873044907672,-0.0151495653065252,-0.0128740168837365,-0.0146685995056484,-0.0241741427331068,-0.026498302612094
0.00961584287104836,-0.0229853669119634,-0.0134871635835213,-0.0175088185405942,0.00482587367725208,0.0226132684795563,0.00202719358415066,0.00582654069572223,0.00805236342817506
-0.0428815264602265,-0.0121401293096954,1.2210805759365e-05,-0.0336780221710914,-0.00452616864135637,-0.0454186079428891,-0.0164665566625633,-0.0289376105048486,-0.0170825326717862
0.0203950154617471,0.0178569171174692,0.00586152114296831,0.0275113514898718,0.00299757197108494,0.00530045800238921,-0.0132171613412252,0.0234204949504664,0.0211461816907576
-0.00348332600025255,-0.0237854475429511,-0.027829340197043,-0.00308862109292716,-0.00534773004945671,-0.0110464929248937,0.00789114956718184,-0.00935000995033434,-0.0148409862093288
0.0219815824804752,-0.0234169308940596,-0.0136543321482626,-0.0198960181985059,0.00410408768790765,0.00498804503505889,0.00913111544025114,-0.00752679750541166,0.00590284365031517
-0.00618007206325666,0.0226734802999068,0.0138500229759229,0.0199257635577872,-0.00743336666230305,0.0205012620420769,-0.0147777133845615,-0.00614796664545464,-0.0142699311162102
0.00984495660881975,-0.0155097973148278,-0.0187050294520828,0.0353760454771333,0.00593704193631578,-0.0159233086380416,0.0052138897025193,0.00397398004460162,0.00305673367082976
0.0231035404834566,0.015441692235322,0.0177548693865498,0.017266412121104,0.00616295203825884,0.0619032334496589,0.00167028725904646,-0.00300323071942158,0.00920692239999895
0.00191088351579171,0.00643618183365856,0.0143840000805644,0.0221598415012508,-0.00681759907508609,-0.0131042561239731,-0.0140541740958145,0.00577546517996971,-0.0249648209384237
-0.0206202806332997,0.00478413576891677,-0.0164598201572522,-0.0258405805917764,0.00938255297999848,-0.015963558546242,0.00763986259575845,0.0099384893645234,0.00630434098647994
-0.00116629779000167,0.0176316062920645,0.0101972768554688,0.0326249567411052,0.00655821747395643,0.0174820107289112,0.00625996399866853,0.0235238085114115,0.000228824400894967
-0.0317364135548285,-0.0520973092520606,-0.0113879355687345,-0.0313873905344115,0.000379080717703655,-0.0440516259555014,0.000245725067253043,-0.00794033391780346,-0.00566444505392627
-0.0894238256631948,-0.0312441306187599,0.00330019610372062,-0.0594701920698721,-0.0258926535262196,-0.0904594016423339,0.00755496601236851,-0.0449739398179536,-0.0601373624967821
-0.0205580375245314,-0.00963014993155298,0.00444771041750306,-0.0131055196241453,-0.00477611578958498,-0.0236872182502936,-0.00180339119716418,-0.0228230699845207,-0.0159791958957919
-0.00607108340834463,-0.0190506562368219,-0.0200408043810646,-0.00831553229635486,0.0105380947952662,-0.00441092625592668,0.00441453457323711,0.0117783090112183,0.000728208714277091
-0.0218575867634291,0.0038575497226616,-0.0259935728039807,0.00311890499832216,0.0029835506103281,0.0235354849236941,-0.00100704940623439,-0.00956837440023718,0.00367492725228751
-0.0114303106073942,0.0179805048020629,0.00296105585677193,0.00969403489905603,0.0028289988725751,-0.0100363516001281,0.00877756908898186,0.00724324040907528,0.00801943599751789
-0.0296233737896364,0.00150544868851305,0.00526168620599452,0.0163846562608674,-0.0129825669144109,-0.03251716266315,-0.0128823845038098,0.0189206347206126,0.0103932075307325
0.0898720922703131,0.0307724324152459,0.0336039394678438,0.0155527242566711,0.00261416698322446,0.0660611612478399,-0.00357530834007888,-0.00291006340535698,0.0182566344684919
0.00942708633534464,-0.0207726717628221,0.000558186787608243,-0.00374137679892365,-0.0069260914469513,0.0179268850300695,-0.0194358049518894,0.00732407143411127,-0.00352227351383742
0.0758732353674787,0.0361638708298187,0.0307686700432292,0.0153720988036653,0.0191919831062145,0.0652378543523971,0.0132467213348828,0.0119061706002196,0.0322485124803421
0.0882643465706664,0.00268731447821953,0.0223575117076653,0.012107299046249,-0.00452647829903471,0.0934810867286216,-0.00072874838099691,0.00395037174635695,-0.00291777771580838
0.122215459213671,0.028499455769931,0.0351352577653137,0.0258596456313818,0.0185840265684073,0.100447695145998,0.007510712452907,0.0245805947004036,0.0217069551763537
0.0446839966556178,0.0278904707461838,0.0176707986579245,0.0243107778918638,0.0110519990153035,0.0051245748043923,0.00290762307059228,-0.00382774230677242,0.0045591447443849
-0.0360709103653475,-0.0124132582197476,-0.0292595950065507,0.00233225323671484,-0.00920476057034878,-0.0646670744165311,-0.000336315720886172,-0.0314209101151964,-0.00841352520735695
-0.0038895133939669,-0.00611236366739564,-0.0126870350098358,0.0145537088977269,0.00932635952469246,0.0479507122437686,-0.00203414528658391,-0.0056421603727447,0.00122310295364325
0.00695857097423012,0.00462001082631968,0.0123769330606282,-0.00381008892057294,0.000838763462766233,0.00318698501498818,-0.0104263786160316,-0.00946222533212684,0.00758485580121734
-0.0202946656424084,0.0116105390173327,-0.0110325387632117,-0.024131594848034,0.000560712306733528,-0.0370447749573912,-0.00660064257816711,-0.0237499585012831,-0.00674083386685681
0.028745693929434,-0.0043390948681852,-0.0129277374031894,0.0282871411963408,3.34648804578361e-05,0.0164096069975242,0.00387349241521361,0.0180329640181484,0.00957865970802413
-0.0649079438813897,-0.0272375823015888,-0.0490541603434706,-0.0357666820670976,-0.00647551378063342,-0.0482365380736676,-0.0148599701090431,-0.0226666851959334,-0.0184609339247205
-0.021933146700248,0.00742043878572936,-0.0101270577721603,-0.0410338886940569,-0.000882420319631825,-0.0181426457624399,-0.00496171255159857,-0.00403344000707273,-0.0205768697799503
-0.0840537035984315,-0.0258559044839002,-0.00758603311027043,-0.0204614973261111,-0.000488687394099453,-0.0534937934690405,-0.010925015521346,0.00376889709632535,-0.0146146500976366
-0.0174898936587719,-0.0179172991293321,-0.0150240795424374,-0.0184608156980287,-0.00628529215276922,-0.038119232255345,-0.0019659031403923,0.00773201857793509,0.00929081650328512
0.0774876871740204,0.0717118941394644,0.0621386511115253,0.0377094641966755,0.0177729434636894,0.0436641360080627,0.0171301573001267,0.0248849995128764,0.0149435661469628
0.129457288735117,0.0701277113407135,0.053711748669317,0.0489103740975951,0.0050545922909348,-0.0279693007661636,0.0314924766305521,0.0317514137843372,0.0378672407056629
0.00923324610497648,0.0183830157359125,0.0170668308378543,-0.0142883914633231,0.00690620699180688,0.00619394052820743,-0.00040476581925535,-0.011748811832543,0.0014378137949369
0.0432523702192866,0.0118311041137923,3.36328926663913e-05,0.0293547302250267,-0.00279406723417617,0.0143533696661283,0.000519550749109235,0.0339378910898255,-0.000557397062730659
-0.029376363879986,-0.000894307361550981,-0.0131736632028813,0.00557200666566282,0.00651568847013446,-0.00405541309537498,-0.00598901208745326,-0.0211768170203082,0.00798584594456412
-0.00887013323642746,-0.0437888747788263,-0.0361007465879765,-0.0173477546257825,-0.0169909151519554,-0.00160691827203404,-0.0219713207091957,-0.0035458250850039,-0.0183117962333892
-0.0125886901262091,-0.00115787047135517,-0.0264945849291033,0.0083490851154206,0.000555445683637792,-0.0161899206312086,0.00415980591116437,-0.00393605903960563,0.00279933036391793
0.0188561004635094,0.0182784867046054,0.00157169117945066,0.0349373572544288,0.00822743983802934,0.0282859054037447,0.0083418205519717,0.0155632441848637,0.0171716728345071
-0.0564133220407151,-0.0115054659306093,-0.0556050955458145,-0.0152601694591024,-0.0197845941062896,-0.0525808215847716,-0.00428950566123643,-0.0093910022237893,-0.0106286719821936
0.0221959176946993,0.0176484571530503,0.00770101153970081,0.0103998982750062,0.00273939857215096,0.0222504522317297,-0.00539608438302641,0.00952183818698663,0.00439451117931466
-0.0368353103762081,-0.00453823438467528,0.00369534092786581,-0.0216582990379991,0.00249911525637173,-0.0274657673315738,0.00126594657557343,0.00258090940668983,0.000783352412213337
-0.0335710500432411,-0.0155823714987497,0.00454921524312544,0.00198467907010029,-0.0087569116970478,-0.0428514838801775,-0.0130050572171056,-0.0137997357665437,-0.0137865924052005
-0.0037631228220157,-0.0144108618427885,-0.023049648375941,-0.00397266583378411,0.000771221313909996,-0.000775627606843728,0.0206891716069391,0.0149471519056495,0.00824750581502245
0.0155610414770832,-0.00990232725794509,0.0230975595486088,-0.0126695791606437,-0.014001398278068,0.025064817475472,-0.0106179602485927,-0.0119565699060345,-0.0218043157409333
-0.0136537655390469,0.0128831828781037,-0.0181300493743586,-0.00201137865352685,-0.00105072148307677,-0.00883295493342777,-0.00196079895608099,0.00610255777073363,-0.0029520124623641
-0.00418484688519226,-0.0302337035265206,-0.0300244550977426,-0.0184536481727515,0.00813507547560683,0.00738306083256271,0.00237646411476916,0.00899191760737198,0.011560752690085
0.0646935101421459,0.0184455169660444,0.00996976860422992,0.0184462897634388,-0.000472586731270486,0.0556133586735799,-0.00172362668291548,0.0138685742382937,0.0160994174374123
-0.0426485177122304,-0.0220130354344592,-0.0356746716102063,0.0024518888888173,-0.0110481351948455,0.0415816461936419,-0.00198192366419359,-0.00838006496926277,-0.00677736866224258
0.00794607821749735,-0.0363732687895495,0.0035569269715525,0.00992223265518334,0.00445741789459409,0.00056679018210322,0.000428519035346616,0.00532430217776481,0.0040156024910437
-0.0198506587662309,-0.0223352114763768,-0.00920179530688457,0.00751417239285349,0.00972095737790906,-0.0146795910418851,0.0143125098764817,0.0169357400394853,0.0177133297789515
-0.0750581805713228,-0.0323513741300158,-0.0497520030977473,-0.0421335579938617,-0.00757836145632784,-0.0633011144982467,0.00259221209610055,-0.0294190944387158,-0.0107795773578757
0.032040727859143,0.0278225332947673,0.0159437499728223,0.0332242489704511,0.0241164349709649,0.0391964867623843,0.0319001669629418,0.0285128886760912,0.0349523918979489
-0.0411027275681337,-0.0239673711213114,-0.025989991792391,-0.0187509141129008,-0.00226487151260478,-0.00548020867557649,-0.00318702176187762,0.00606599464803183,0.0016529150630936
-0.000728361443401231,0.0298712665510863,0.0288666193230747,0.0181601985875441,0.0114619704497893,-0.0140414525232088,0.0295537792509916,0.0473859734118837,0.036924385419346
0.0376972448373661,-0.0206497612815006,-4.81691865427307e-05,0.000383143384732641,0.00382212408721884,-0.0221794594401407,-0.00470617800969932,0.0154529260477504,-0.00338881414585868
0.00193043085083579,0.00714539893059023,-0.0124312921365158,0.00224973670460439,0.00314633705070338,0.00427305285790329,-0.0115568699339586,0.0144379367844165,0.0124916486021558
-0.0741991918364274,0.0085586303137872,-0.0575600791900105,-0.0382880932263481,-0.00880848890181966,-0.0580265486114851,-0.00114619992472212,-0.000316830872293551,-0.0100491261282861
-0.00111407590084816,-0.014267888887674,-0.0184792703368333,-0.0292170540792454,-0.00529520893850965,-0.00525810125063286,-0.00486844104552987,-0.00100575079435081,6.29810681332894e-05
-0.0615018891294391,-0.0234482111402133,-0.034617959447307,0.0105094476092216,-0.00177098545465081,-0.0410048056183,-0.00459349231484916,0.00312538257473427,-0.0067184650728766
0.0102968691102972,0.010908608668808,-0.000199488851600163,0.032339593604025,0.00425651261737122,0.00192532632992834,0.00423986043096019,0.0113397312279149,0.0199144061270887
0.0198326503636718,0.0143952661731396,-0.000590080498357462,0.0113762195719615,-0.00151915497183646,0.00632908356127749,0.0063505131000125,-0.00551063050398417,0.00228303983361611
-0.0392406372232316,-0.0318277798390813,-0.0117992621231251,-0.0170656159929484,-0.0245568901286273,-0.0167415461615964,-0.0280163541040376,-0.0217261043236607,-0.0344079333097046
0.0621100965540684,0.0429474333663233,0.0450600323654311,0.0329178846532043,0.0225180853688178,0.0294700205992216,0.0308328002913441,0.0369892435318461,0.0251283417911006
-0.0518739394064899,0.000950716879383904,-0.0333640430258064,-0.0161296524931021,0.00201888540486375,-0.0552948692380552,-0.00849546910917735,0.00658902250982151,-0.00314629392676063
0.00367475175350889,0.0175927102313849,0.00805630707564353,0.0106983039018453,0.0116391256251795,0.0302375351937176,0.021436741959644,0.0142374411489121,0.010658252582016
-0.107340483844811,-0.00628683211885807,-0.033806897939472,-0.0285727503247683,-0.00745320485060033,-0.0662262645848724,-0.0154579613783611,-0.0322172788630872,-0.0182134284282035
-0.0287258674831542,0.028413763730924,-0.0149941801081679,-0.0162337855432973,-0.00348955053126539,-0.0319823674371985,-0.0218813745166706,-0.0308491786103248,-0.0357476372706788
-0.0720166020723216,-0.0209326572346074,-0.0386778659750814,-0.0270425748310232,-0.0101345729978498,-0.0655316523903782,-0.015889348166499,-0.0223357872162767,-0.00758295186751137
0.0636256963946886,0.0478470971728205,0.033678890201668,0.00989354217757859,-0.00331951687224449,0.0736395118115944,0.0106928075108796,0.00989752906708573,0.0245112323709917
0.0497845659329856,0.00799230489482315,0.01142243556504,0.0126230881954784,0.00545470362554732,0.0532130414410766,0.00260454530027417,0.0201663109871472,0.0131074770885187
-0.00117840650330973,-0.00766447668069525,-0.00125266467030902,0.0304696710340615,-0.0044280292032686,-0.0148272974385893,0.0051343266452654,0.00576749532778504,0.000876223765294798
-0.00840282599223254,-0.0284388613967451,-0.0387714768741003,0.000963885378909199,-0.0141951055557744,0.0171981966029294,-0.0142642789300256,0.00344681958103433,-0.0227612806522269
-0.0587576688435028,0.0153023583957822,-0.054495477764351,0.0180634289382751,-0.000317984896806834,-0.0341483597659504,0.0080392978156294,0.00339598478934984,0.0170998111888496
-0.0639288647016605,-0.0179128555085115,-0.022634116630231,-0.0179720472201446,0.00406573614437448,-0.0292135237825127,-0.0106089675893274,-0.0104113624991112,-0.0144318103188615
0.00670618195934282,-0.00277619779883424,0.00531303804677383,0.00972613845601884,-0.0093401391813231,-0.000802266606821611,0.0102315522662354,-0.00914099271636446,-0.0162143150952653
0.0297116900573398,0.034404070999275,0.0366290529268005,0.0473669655032803,0.00678792789225112,0.0201037550097942,0.0258638192184496,0.0170478303036803,0.00989299530299643
0.0263161238642797,-0.0124784806090002,0.0112715941132706,-0.00359911633066528,-0.00900657644099017,0.00922611482123585,0.00339556457243137,-0.0255154045472851,-0.0169249539932189
0.0259036799494807,0.00963711891240157,0.0188435866620816,0.0269022904106472,-0.00438951628007145,0.00695178135824609,0.00771435008255349,-0.0117530141641194,-0.00631457457182553
0.00419341741357177,0.0199728256088212,0.0230757063976327,0.0289924500371776,0.0048782020417383,-0.00309925838683287,0.0253283943218729,0.00630894315635419,0.016863539742069
-0.0496242932644847,-0.0338079521210703,-0.0248495039061098,-0.0189787881669293,0.00442085002307834,-0.00801020751864124,-0.00555052666325824,-0.019237323299646,-0.00334186593988136
-0.0369523409017953,0.0230590166667143,-0.0305329715566854,0.00291599727383901,-0.00469993777006826,-0.0207018344533701,0.00157439176669975,0.0164399272203298,0.00846153162077309
0.0860202829068577,-0.0106637843355166,-0.0104139201825377,0.0375717085336211,0.00482770802965745,0.0532595483061905,0.0148919034581006,0.0275871192473275,0.000934061288833529
0.012486635857078,-0.0191749681676804,-0.0153748206852927,-0.0155448892338074,-0.00460136086627127,0.00458929524169913,0.00608917863331643,-0.00237915548862968,-0.00419285129277373
-0.0199101829556177,-0.0149810136846682,-2.78843605156652e-05,0.0179387990091702,0.00423559024182599,-0.0190665208828499,0.00797856701132484,0.0189401067510991,-0.00352811309466971
0.0910732762354209,-0.00295295724534896,0.0394769923139722,0.0202957840362543,0.000557032856352763,0.0571110446689829,0.00711659765724425,0.00156510779862435,0.0150003516750871
-0.0135849076624384,0.0230264373808964,0.00438952461687257,-0.0127177182407848,0.00415356369064417,-0.042627125240535,0.0086620382047503,0.000643569951325383,0.00291286468126795
-0.0305256048722909,0.0281848855240067,-0.0164708399251355,0.0129366909511183,0.00256025857691373,-0.0231992474337065,0.0151307040672276,0.00217610035984697,0.00207395061853206
0.103770039770117,0.0256296898262587,0.0258922085857207,0.0312467843746697,0.0165728037781282,0.114105484135752,0.0196728811597894,0.0242624593859258,0.0397693066584238
-0.0563029052410435,0.0131776300585894,-0.0349179286610072,-0.0317035187935034,0.00102381968971242,-0.0406072921569662,-0.0102677521131285,0.012455174652385,0.00300777383011012
-0.011941849827685,-0.00699423810937308,-0.0154526272581895,0.0227951573605285,0.0186757666444822,0.0198197321342057,0.010040478646759,0.0127105776454745,0.015187590716583
-0.00194712151762936,-0.01984299443069,0.0127213096024167,0.000356684537786031,-0.0104012492108422,-0.0194282455629605,0.00592958352530049,-0.0285920937616369,-0.0163019560519558
0.0813904235483156,0.0202481765889897,0.0148762141188027,0.0283437969309997,0.0120848885587727,0.0533531937806177,0.025607728304599,0.0223978640322653,0.0383450579496381
0.0308187657944063,0.0166083793522196,-0.000716413034938914,0.0214358318887877,0.0053889280753679,0.0086578240144368,0.00752817048156226,0.00280687205804737,0.0153300954068833
0.00282132201495648,0.031862841835558,0.027796643337157,0.00581458034549663,0.00629611568164185,0.00614528502421624,0.000288566587803823,0.00257212804457381,0.0132564198926327
0.0138815922934435,0.00775701462446572,0.00713566857616342,0.0143419116788731,0.0065655506706127,-0.00172722105009143,-0.00148745540340417,-0.0117715291043705,0.0133349894299194
0.0105088784963468,-0.0249857869640539,-0.00503366203488108,0.0276441034942795,-0.000955527122995851,0.0276782891106509,0.00340956718836822,0.00118686747749765,0.0301708594759878
-0.00755481165115419,-0.0172204968773583,-0.0182414860096717,-0.0359422076560605,-0.0035550544483309,-0.0212295655895123,-0.00223374125646445,-0.014500725694794,-0.00321744032646708
0.00738615334258367,-0.009845070069984,-0.0066867737306829,0.0101953772768331,0.00547499974051015,0.00282553060751502,-0.00160520711787052,0.000485309858594352,0.011528765187616
0.00476533523440627,-0.00376448628506252,0.0168539205040904,-0.00726361353023878,0.00618343186209698,0.0270805967835985,-0.00728538592300649,-0.00314399349070032,1.16049416336105e-05
0.0201010133853662,0.000315534101476663,-0.0117401738829532,0.00871055628610878,0.00359654164689471,-0.0151224911764347,0.00933827240036714,0.0113563082253382,0.000571981246825547
0.0331323052731605,0.0116514790827182,0.0101701562293833,0.0270423474032848,-0.00503436516682733,0.0439369180625582,-0.00123640299053219,0.0119486091588018,-0.00805614748326168
0.0311253648053524,-0.0194159952390365,-0.00336770773068245,0.0117483923911002,-0.0162439722818857,0.0448993052235994,-0.0123477792786489,0.0012599368570318,-0.0258832130170977
0.0309965938169304,-0.00103665414728332,0.0131973377060314,-0.00514207588263943,0.0116491831573986,0.000230445591012421,0.0133869213226028,-0.0106184464607995,0.0130104664048526
-0.0433267943225131,-0.0197983454491621,-0.0541794769215527,0.00654027248136748,0.00499544058925564,-0.0121154619080521,0.0214009092297044,0.0234194985183845,0.02599842785637
-0.0589324667882744,-0.034977662461539,-0.0473668315221772,-0.0316486041955799,-0.00969786850456463,-0.0141546554166515,-0.0081083255488125,-0.0355628820381372,-0.0127088721716301
0.000481611717953143,-0.00159050401553137,0.0156176867781231,-0.00474715490112165,-0.00148549404416417,0.00650742297384732,-0.0111348759944514,0.00160800841159163,-0.000948171558229691
-0.0958520682805815,0.0113756871496756,0.00274830944472135,-0.0566882030269366,-0.00573564667581679,-0.0802306629209049,-0.0169633294452327,-0.0303994908828533,-0.00927916510081862
-0.0220926923269149,0.0137475359733059,-0.00447628349112609,0.0318140392974009,-0.0107859179758437,0.000561531396301028,-0.00208069567735013,-0.00495032648855715,-0.0052940694406025
-0.0454045991823465,-0.00152170913338632,-0.0366617512284355,-0.0113914570310072,0.00749596669592353,-0.0366686723851097,0.00416095089183253,-0.0073921055082497,0.00438493176102653
0.0345201220488333,0.0428489866494735,0.0374585358896491,0.0105908027166013,-0.0214948543538259,0.0280977260214548,0.00351659987683618,0.000312379837131679,0.0238455034800848
-0.0482699071411174,0.00208830386977937,-0.0101574495954542,-0.0207906136893657,0.0106225548323174,-0.0425102122096779,-0.00286554186087089,0.00754449896350596,0.00626805580084165
0.050752966433194,0.0190398620226862,0.0228631609172576,0.0246549279908522,0.023108082346062,0.052468768402396,0.0257819164592837,0.0302862721579723,0.0353306480475533
0.0844543078066727,0.0119819202655885,0.0155797602185356,0.0207516452428177,0.0100765984021241,0.08105952159297,0.0101529917608741,0.00810860769923634,0.0188997268876379
-0.0246567158259819,0.00527560784018809,0.00161245983833219,-0.0205826671210967,0.00316295314080603,-0.0520770100937892,-0.00796227527290258,0.00356967939232343,-0.0111687267830404
0.00647215874309473,0.00667003917837016,0.00947658226939674,-0.0069573927893576,-0.0039469915744066,0.00307098162085622,-0.00304635709568457,-0.0141383648842347,-0.00436574605754141
0.0185183066885068,-0.00211598061916958,0.00841506557013626,-0.000604200983410329,0.0140375381278082,0.0204097025930048,5.68827167430231e-06,0.00287221481555795,0.0226204848706253
0.0407234336382669,-0.00148781792396693,0.0100891373512012,-0.0187575011027826,0.0206424168166715,0.00519967588846978,0.0200220465655836,0.00499409890543937,0.0179329644491935
-0.0556302381206876,-0.0289607020467076,0.0155917757438574,-0.0247394687956939,-0.0037764851136167,-0.0176620729247471,-0.0201573904491048,-0.0370598586253008,-0.0213334108803694
-0.0146292759191983,0.0158128754813108,0.0158041695830268,-0.0123130278330984,0.0151786298460018,-0.0281980098967834,0.014056504264522,-0.00122540411137585,0.00869199670770419
0.0466976905723297,-0.0016666522672403,0.000687182564341051,0.0218455165373646,0.000242565866658849,0.00830822171485722,0.00505270041433614,-0.00974699554916438,-0.0108818660098743
0.0434984413314172,-0.0336149617036925,-0.011154197501501,0.0335510624589828,-0.000561468288627991,0.0227190994001419,-0.0075001137747461,-0.00845843609682856,-0.0017844553583742
-0.0635077525840014,-0.0275905032604018,-0.0278447727650086,-0.0146237429321307,0.00835848772005424,-0.0694633205791344,0.00112061612789942,-0.0212392830555701,-0.00576019795912381
-0.058489137533123,-0.00730837715861637,-0.0129731051036012,-0.0333277777413575,0.00479160949437107,-0.0365762574193308,-0.0106614320715974,-0.0162872061053236,-0.0175249665745328
0.00914214402611316,0.0215361472095994,0.00939193392507741,0.0333330420494733,0.0135107768006664,0.0246151901338906,0.0187555984003565,0.00728049877652814,0.010707614852717
0.0201790123766647,-0.00100514956713112,0.00647435953216656,0.0122147570125055,-0.0126499355855151,0.00706786504588435,-0.00707630079675431,-0.0160595481261464,-0.00882814441264222
0.00355739526310898,0.0375751124608501,0.0221400223318888,0.0352238981258061,0.0201439195654279,0.0173823187796224,0.0237390997407618,0.0383681794721282,0.0140138880449011
-0.0247957941685699,0.0128379058502285,-0.0204520571870825,-0.00229317639637772,-0.000218271835064502,0.000753562876422401,-0.0129513542513561,-0.000155598685851935,-0.00827943012605488
-0.0120136284773242,-0.00424767435940841,-0.00734812941707942,0.0224195937954079,-0.00537069141680999,0.00123746176314766,0.00268426791277051,-0.0114922955153706,-0.0132957203662539
0.0181230454605457,-0.00308693339977749,0.00542335128836115,0.0330572694892162,0.0139766296910319,0.0295270989323653,0.0242738590627379,0.00541573911423974,0.0243887813365762
0.0440962298596541,0.028672181030525,0.0195103370045551,-0.013205430112022,-0.0113552714574807,0.0341946892062201,-0.0120154950362498,0.0253175891626461,-0.0148628792662856
-0.0364352347693523,-0.00883093589778706,-0.00257020483292644,-0.00596518586422803,-0.00819004038487651,-0.0325017566554559,0.0104356963448759,-0.0225001851113369,-0.0240767261174901
-0.0605349889665293,-0.0443142872294165,-0.0439062805253133,-0.0490493272100484,-0.0164547773541903,-0.0218045636409088,-0.0325737720935797,-0.0159333847816964,-0.0062161913048137
0.078201875480037,0.0715347605382561,0.0670993657834155,0.0184254549036747,0.0186330311209389,0.0607657095708104,0.00449501264479471,0.00243985569959464,0.0350503993841658
0.0208990029125341,0.0287002346492458,0.010333211450463,0.00179674567809053,0.00359427087526313,-0.0257571180279587,-0.0168382235221221,0.00978187684463765,0.0122833462404425
0.0192412466512326,0.0220666434643477,-0.0138326906072073,0.0300361479309694,0.00694699519961497,-0.00815284418140498,0.021043434478526,0.0124268783358137,0.0217619035443742
0.0195980545543585,0.00555876913817731,-0.00892198016793795,0.0171080930890976,-0.00221391905691631,0.0251201273968663,-0.00326972950744121,-0.00860903540457326,-0.0210192610000618
-0.042708592358423,-0.00325831704848876,-0.0310008010397911,-0.0245424523660583,-0.000193400855430307,0.0203851943960763,-0.00837828121814791,-0.0309038922464043,-0.00744209597944796
0.00686951323824555,0.0176006391806536,0.0166231434877102,-0.00431138808667691,0.0206301770920795,0.00593546990539431,-0.00875046709961393,0.0319271721108495,0.0269091947357296
-0.0183943571044481,-0.0432242761003657,-0.027321520385597,0.00271537083599941,0.00482085900585727,-0.0322987919426801,-0.00474015867944086,-0.0124817554635806,-0.0111028948101355
0.0285394462513291,-0.0146506725612051,-0.0158137911920016,0.0134027887162165,0.000933023558814953,-0.0297815594106476,0.0064132605473771,0.0191509651014804,-0.00232483841168383
-0.0137966888680915,0.000239729624466261,-0.0374842750467994,-0.0118343858889895,-0.00792204905751786,-0.00240750896812698,-0.00115247307437719,0.00734235717505626,0.00608623223305345
-0.0175384071724959,0.0137965330101443,-0.019552739571534,0.0421764050293081,0.00174824343905129,-0.0223328271198966,0.0136405251355493,0.00806724019751903,0.00876931124440045
0.00551783354344927,-0.00840734384605872,-0.00661747351938085,0.0336806826082682,0.00186691890763712,-0.00816202901047597,0.00197114661636427,0.0097261730588697,0.00195844982473097
-0.0608099757025902,-0.0319651807189614,-0.00968610506917557,-0.00855302391173506,0.0103868075192239,-0.0273343038939585,-0.00620061280050992,-0.010188022825269,0.0203510294255212
-0.0299375866666983,0.0177398023795018,0.0106878416830471,-5.02464669630428e-05,-0.00440781891621239,0.00692502510372213,-0.00199439244698058,-0.000136069537776529,-0.0109402122232879
-0.00536822117240774,0.0193030409731313,-0.00545074238540489,0.00357029855720192,-0.00794342553081854,-0.0367848541928058,-0.000807643283294305,0.000172210814710897,0.00808855417882598
-0.0312583663196653,-0.00230578040451114,0.0347649120411391,0.0362709863312089,0.000842231337160348,0.00188649383514079,0.0281754813962098,0.0113254101873938,-0.000865030306071543
0.0375413253545928,0.0218244182483102,-0.0042835177917691,0.0123089244926511,0.0129360507393403,-0.00324038445154009,0.0277095771336075,0.0231741806017459,0.0255632413903232
0.0369656210520157,0.0110515119141858,0.0237770963074155,0.0527622612682961,0.017084083268623,0.0554059518046634,-0.00221418526501604,0.0246545146222023,0.0294521402967912
0.0817042289465966,0.0271399610841681,0.0266940435465259,0.0152120880150759,0.0060172676860562,0.0827779149226916,0.00665902820219463,-0.00585693227533817,0.0133844701904177
-0.0895723003439637,-0.0412239262262354,-0.0308989256337232,-0.0530299197089557,-0.00809288418854418,-0.0932456259465124,-0.0330406137138483,-0.0197074577507445,-0.0195259426089965
-0.000874591874792376,-0.0016731630935681,-0.0076253940433699,-0.0222474901969737,-0.0153772731062249,-0.0226911577116035,0.00870817954287977,0.00438765636285447,-0.0113722471130981
0.0105847962259206,-0.010864796227447,0.00136513100769611,-0.0358367755073658,0.00221417656643396,-0.00571899297060566,-0.0186823403483803,-0.0245330919503959,-0.00729044023899578
-0.0064985636308866,-0.00946335579389717,-0.0409914654476528,-0.00335816822057515,-0.00511798296096811,-0.00824369456713593,-0.0415087146801955,0.00169807019625681,0.00212528509521327
-0.0126873249277113,0.00723036471873329,0.00951673843126024,0.0157262213838762,0.00670488646272609,-0.0289246828323372,-0.00402078555129071,0.0200520645591379,0.0143177135212869
-0.00773554796109853,0.0175929159527327,0.0213001562456889,-0.00605348708860264,0.0021417094219478,0.00818045159129613,0.0114687841565814,-0.00275930506638366,0.0131037905549222
-0.0331258585544058,0.0059913932180296,-0.0150958991120974,-0.000460739933521656,-0.00225024935981809,-0.0220582235424289,-0.0265694658827375,-0.00331572098546504,0.00612009752004629
0.0683458779601522,-0.00483963537972436,0.0133382746893717,0.0126465050135057,0.0102828299595515,-0.0131800943192244,0.0152183979546982,0.00821939253164946,0.0176616341838189
0.0839041925974788,0.0525153323700429,0.0442597116054973,0.0692860589127409,0.00720694510881278,0.0752499209963793,0.011768962047299,0.021729296784657,0.00683979775575295
0.00530381182845391,0.00174905861672425,-0.0116991871326937,0.0136730861200846,0.00506317060969618,0.0161706736239481,-0.0145928577621676,0.00517578735169457,0.000766301472226902
0.0600587436243727,0.0241639982920985,0.0230466230273769,0.0366653441594044,-0.00123243189348356,0.0302687409278645,-0.000926568316799508,0.032243907844985,0.00568129409649036
-0.0340211457760028,-0.017417395328285,-0.00290920597707999,-0.00993647325493241,0.00497512767673073,0.077763479524377,-0.0113815822230803,-0.0159057818462051,-0.0238425420386258
-0.00610474147828815,0.019635461877908,-0.00262907863632178,0.0129435255106517,-0.00186893520472817,-0.0163531071650644,0.0154495079416821,0.000126167984677786,0.0256922126320559
0.00715135436956845,-0.00745577029501665,-0.0199807188400324,0.026364144609617,0.00845397793180344,0.00994795628964877,0.0398115842045619,-0.00497573465752355,0.0243789511719099
-0.0324149694633388,-0.00162230149392525,-0.0280081904916713,-0.0379694296721855,-0.0015864686166181,-0.0186939824123003,0.00445439266755634,-0.0131196233229521,-0.0100672593987444
-0.0476065602246616,-0.00271743575577585,-0.013809136453319,-0.0218788874586404,-0.0105074400977494,-0.0489421892194387,-0.0104148877441823,-0.00999542205365542,-0.011582799442606
-0.00402903794823394,-0.0122201343098792,-0.0229640230937841,0.00414486752983357,-0.00322269988417808,-0.0618935114374508,-0.013190913297496,-0.0183595152017848,-0.0149185456742526
-0.015239732947957,0.000388356349609598,-0.0103650857931452,0.0217365605784895,-0.0025245858293297,0.0255719791330716,0.00454895303932731,0.0252467336717573,-0.00560758781503137
0.0496325317594112,0.0121442490131172,0.0195944639548899,0.0168919779795765,-0.00191426309361966,0.0100839314660971,0.0125190945651242,0.0381273163970385,0.0120599516975703
0.0464529472798884,0.0350548735829003,0.0261259937104408,0.0515794096663367,0.0250051888512562,0.0599383760906716,0.0119695893055032,0.0159901362632376,0.0426581463727116
0.0700844079189987,0.043042786611373,0.0344331616556717,0.00744257933657804,0.0107164434806155,0.0408672132442913,0.014183561264062,0.0186562550252772,0.0190727300184459
-0.00310553906297199,-0.00507363895752839,-0.00389897904207895,0.0106756843549058,-0.0102999158616403,-0.0018654099362661,0.00686602549625076,0.00831719025898927,-0.00635552998444051
-0.0110451358999307,-0.020817590993282,0.0057353356042045,-0.0248284393484644,0.00394726943470461,-0.0153694354425284,-0.00630089773028382,-0.0230404097258284,-0.00314335540582841
0.00989964742030705,0.047246081237975,0.036594205788332,0.0190775611059662,-0.0119842178322094,0.00388456684312083,0.00969740073425728,0.0335373717044885,-0.0170430344876458
-0.118121609261698,-0.0227728200470691,-0.0409015797111834,-0.0657186160196404,0.000669228481801932,-0.0838259063957335,-0.0127552146944527,-0.00413953373497642,-0.0101989653984022
-0.0289663678174049,-0.0110717414857595,-0.00142981313250915,-0.000875236581097403,-0.0118766612578359,-0.0170439277789359,0.0105972756861779,-0.0082495369092208,-0.00409954397540972
0.00906878760926162,0.00898546699868846,-0.0132532709571941,0.0169012974796739,2.31984778278064e-05,0.00778277924447282,-0.00545966552026838,0.0263039359689056,-0.000454660768261863
0.051610539675088,0.0225810814388956,0.000411627120432817,-0.0150793765351648,0.00553942342645944,0.040759402939794,-0.00660680003947167,0.0042306150198483,0.000803244124587055
-0.0624995360415655,-0.0255050574111639,-0.026538435252633,-0.0337476469137889,0.0085782840721345,-0.0353887131770032,0.00269278087637386,-0.0189880537134808,-0.00429207133809727
-0.0484492277773082,-0.0146448927014053,-0.0311691035401913,-0.0330807613643042,-0.00205329054151996,-0.04490238463815,-0.0151441620210171,0.00843627589216525,-0.00249884675517118
-0.00143410121687818,0.00364163802929622,0.00238046632916781,-0.0183214302597743,-0.0010028574411245,-0.022782194264225,7.73352056597924e-05,0.0180625327138814,-0.00509836285315733
0.0229769610791198,-0.00161220139650885,-0.00420643497460896,-0.00493108558370138,0.00597608060254432,0.0365769428921134,-0.00646915745244342,-0.0194082292669973,0.0165899812623003
0.039418500313545,0.00931844664363708,0.0388326098740416,0.0278924345189745,0.011592888427151,0.0593820778758955,-0.0110263456695754,0.00224552448149741,0.0254954912309757
-0.043136334461917,-0.0195757521415667,-0.0359533530594209,-0.0113646061780399,0.0039272297624867,0.000820049037893603,0.00483029684534909,-0.0129538885594503,-0.0168679579053407
-0.0679791584885106,-0.0229321846167142,-0.0120597481260087,-0.0148249066659426,-0.00819794112578365,-0.0480795004508054,-0.00763861442375617,-0.0133472136168418,-0.0411040744528315
-0.0153427792728984,-0.00302691236629717,0.00116847478213742,0.0078137584583992,-0.00176787276675775,-0.000107857314840504,0.00894124076759503,0.0131811717353105,0.0229717298115499
-0.0385391588857565,-0.00381692147147319,-0.0250022391924681,-0.0210509554058276,-0.00456480687670092,-0.0424352325640241,-0.0129172448533505,-0.00899602049587121,-0.0156417887371985
-0.0290046021619454,-0.0606245170593045,-0.0147929342856739,0.0314659039977613,-0.00383928712721776,-0.0122976053701429,-0.00720799288360874,0.00135044617694929,0.0083442595618067
0.0341235304223948,0.000423663423028516,0.00444171006228302,-0.0101781182073121,-0.00453287836967431,-0.00303127660704201,-0.0177563672555718,-0.00654541409027326,0.00295403395257446
0.0233936490135397,0.00748562310671702,0.00106536679368835,0.0507280864096203,0.00246390108595334,0.0214913022394852,0.0353539821511573,0.0104887632036662,0.054671703130108
-0.0192025526443053,-0.0306286447407614,-0.0361657322606027,0.00900427623892002,0.00303688362267072,0.00706654407435411,0.018615309645184,-0.00720147612475369,-0.00211691079811942
-0.107979632486261,-0.0514599211963631,-0.0150434457395071,0.00139980060562028,-0.00574936075628021,-0.0779578229048514,-0.00799634805380951,-0.00102335888013584,-0.0115364378318688
0.0275665566075685,0.0266894556284415,0.0288401638877894,0.0358550169349309,0.0243983158891411,0.00296443444959209,0.0180759408959467,0.0167269582756096,0.031407471939372
0.0450161134193151,0.00656956548603289,0.00361823644824382,0.0221407980945406,-0.00778675883684927,0.0235453321418511,-0.00910900691901743,0.0136365377808106,-0.00732142412285576
-0.0578833454666419,-0.0169934747171852,-0.0223520186987715,-0.0302470606120676,-0.0178715129028311,-0.0309864954243037,-0.00432151854772632,-0.00809376630148755,-0.0140168477308343
-0.0387104869524427,-0.0108956118070873,-0.00621942926703921,-0.023473889798019,-0.0186532772066372,-0.000205385525249543,-0.010743346187104,-0.0094184670749952,-0.00800368691326077
0.00288831047007892,0.0220792147634706,0.000602977817857768,-0.00329545628627827,-0.00457865430897995,0.0110348676557789,-0.00242375477115121,0.0110633439966815,0.00520648419214954
0.0714906467219183,0.0331299588104854,-0.00107904516682158,0.024583959868019,0.00286753107139987,0.039215290017766,0.00508983756268325,0.0127239994184911,0.0238396505689119
0.0273528088870953,0.0415699696012348,0.0357971819931563,0.0398416674762748,-0.00215492058657399,0.0323678190903934,0.00997869377916372,0.0218892841669858,-0.00257527119874121
-0.00302215601754229,-0.0247477569460174,-0.0103254783478655,-0.0397459083383742,-0.0110496329980894,-0.0364922952165514,-0.000298391651591167,-0.0150817190831654,-0.0105760481276282
0.0436149594952918,0.0440445238920829,0.0405487518838953,0.0544682362098763,0.0146264141181303,0.0105534611125632,0.0258846161720223,0.0270277657995078,0.0295450347398885
0.018022899323439,0.00707030980159618,-0.00588943266448326,-0.0275911163656028,-0.00643944208124126,0.00578876045784419,-0.00656810169521525,-0.00609700578262462,-0.0140774605120787
0.00232508707040991,-0.011592270572618,-0.025826837050007,0.0152056257256463,0.00787985882101781,0.00352325301783719,0.000503378140249183,0.00364392776913932,-0.00304215712866757
0.0506326683702814,0.0204754798985257,0.0273296467566152,0.0374791828678899,0.00980426972070727,0.0422918042674881,0.00248733050522031,0.00876479729879765,0.012567924731212
-0.0189675027239344,-0.0140299187325154,-0.0122431772655769,0.0388763350613215,0.00277083899057554,0.0149560893899559,0.0128269191859581,0.0106437459646888,-0.000185679331591394
0.0112117325885255,-0.00996843034970946,-0.0147230536741113,-0.016875328788336,-0.0013814690083252,-0.0249228394991933,0.0082437356701889,0.0161605160640281,0.0076472680873181
0.0129240390724219,0.0339803247858808,0.0231354908345711,0.060783047709244,0.0234599383670476,0.0542889160832011,0.0140855193716885,0.0368915255752818,0.0256271622127078
0.032078364917041,0.00926799141014719,-0.0174852259539724,-0.00558386010155618,0.000175829300199658,-0.0113252466487965,-0.00730852612948591,0.00355699224717008,0.00590495392092471
0.0126271080155094,0.0412597194288176,0.00845578551040302,0.0320811718669984,-0.00521010514625806,0.0110807704095461,-0.00294869018832313,0.0222237481196435,-0.00876532280516588
-0.0128807414703508,-0.00745903485018851,-0.0102002228334613,0.00261418852286156,0.00107403880358095,-0.0210771256412918,0.0115120900298782,0.0118601070922345,-0.0132836479099997
-0.0290927747303568,-0.0158636070740327,-0.0108261310593385,-0.0165331458216793,-0.00231010172020439,-0.064672557274247,-0.00787509055263452,-0.0217136761872312,0.000810363896681501
0.0761919684644703,0.00164174585731913,0.0102531033923082,0.0580560765709497,0.0143991784487182,0.0560822285735514,0.00731347932645048,0.0386878543602783,0.0100325242212036
0.0796494605365067,0.0334136780481551,0.0435052726829544,0.024835422016231,-0.00288421515095437,0.0372413929755314,-0.00319315265006042,-0.00287810124653191,0.00437159224431182
0.0185038987288082,0.0266291163961456,-0.00168034575618026,0.0154330360318957,0.002483116128411,-0.03369417446805,-0.0189502795385073,-0.00771813078467636,-0.0153075205092721
-0.0176684290950238,0.0152576399370368,0.00213927815233582,-0.0133871150210732,0.000422386965253105,-0.0333430403173043,-0.00413829059203566,-0.00527227649829098,-0.00153687763284977
-0.0968701840133968,-0.06346342321359,-0.0564137775250307,-0.0851900055983069,-0.0124608863761541,-0.0926445635335501,-0.0262830189456845,-0.0286304804092908,-0.0367322605814965
-0.0912412308108377,0.0185715353204282,-0.0231321519565608,-0.0494636625744036,-0.0132773726607656,-0.0499379451564268,-0.0129275435882264,-0.0289338419207968,-0.0113794443776495
-0.0259574454683327,-0.0260940847339383,-0.024358770927257,-0.0150950257189769,-0.00424971407665951,-0.0333115180132443,-0.00726978629448766,-0.0148714078475891,-0.0284315132200565
-0.0661658626475884,-0.0293306095317843,-0.0345486169678323,-0.0381171498936041,0.0111709541433694,-0.0294695404730713,-0.00407933782651853,-0.0442088387177383,-0.0018938837263596
0.0263089314073155,0.00108260392684057,-0.00828357302214662,0.00892182101640281,0.0120904940575454,0.00973011109739559,0.0079148824971875,0.00847066219473772,0.0218758688033122
0.0159114333586296,0.0250981238869866,0.00744150213686984,0.00442737615745277,0.00159463883175479,-0.00527492977722886,-0.0015375106450149,-0.00208667437980382,0.00958547116932381
0.0139439448614663,0.018353469546108,-0.00775217922407756,-0.0251335070582889,-0.00513418714124994,-0.0116830160603116,-0.00934788132275073,0.00273790658773526,0.0116754866279182
-0.0121035292775196,0.0141468264355931,-0.00194074248396268,0.014894010876128,0.0087241138915555,0.0165450887600931,0.00152512914012377,0.0241949411670069,0.00322942019327334
0.0499981487982157,0.00874094382348759,0.00442219412597846,0.0213746985831784,0.000476368908573082,0.0285398324590108,-0.000984999627178806,0.0163271192587385,0.011106445592688
0.0665310269601092,0.0160187181460909,0.0125535307055623,0.035243476101803,-0.00154721061602655,0.0362756490472747,0.00624468016274729,0.00958889162000276,0.0177839609384868
-0.116301207696832,0.0170103265222438,-0.0436472442601847,-0.0345197831677307,0.00648089170886303,-0.0665503707669389,-0.0115218588304689,0.00640465721249892,0.014269159001197
0.0264705890203131,0.0402461327767868,0.0315244760629239,-0.00405318000562227,-0.0136136166246722,-0.000214753534152333,-0.0074601934941185,0.0135746479109651,-0.00784182911585819
-0.018029761227166,-0.00828767944460773,-0.0398802429969887,-0.0413684199478486,0.00529820560711931,0.000204691367642467,0.00766088962875212,-0.0276126699232612,0.0125867820058693
-0.0707499253637043,-0.0192460460439984,-0.00223339379905528,-0.0336160049565132,-0.00368757252648317,-0.0147826660963,0.00902175468539092,-0.0280913812617978,-0.0420001509411802
0.0320502624327096,0.00441433552156527,-0.000854934817732863,-0.00833521932807249,0.00807346594845417,-0.0209739297412673,0.00850334995495628,0.00621001296307853,0.0191397291050869
-0.0662573141573743,-0.0275392948804553,-0.025279248761379,-0.0506093878049498,-0.0123086021597123,-0.0367456646164761,-0.011813747532276,-0.0384171459185242,-0.0198043838440523
-0.0297371047535485,-0.0647188547131412,-0.0410436346977665,0.00128614155490064,-0.0151370233683355,-0.045576977901614,-0.0124432643865616,-0.0261423300819395,-0.0413905053078222
0.0364092859762758,0.00196454417072971,0.00350223399438133,0.022238701388095,-0.00345532073858851,0.0260477982071829,-0.000644857707901608,-0.0156373596827545,-0.00886849594250853
0.0311290206904278,-0.0202115683874674,-0.0149463684018484,0.0258647136173476,0.00739896890243471,0.022257472729356,-0.00927123188693721,0.0141368715349496,0.016722829065156
-0.0252750549068503,-0.00730225538664449,-0.0205013502448598,-0.0202389229100228,0.0112602938470627,-0.00459875114443563,-0.0245568194654762,-0.00396036452419337,0.0186121710222692
0.0119236443574863,0.017411273169921,0.0051966537914345,0.0298216068974032,0.0153314810582477,-0.0291522940548068,0.0106647618299963,0.0193346375285972,0.0148010807676529
-0.0540607137021336,0.00844313454033786,-0.0149833548219171,0.000696891518302778,-0.00512440631740174,-0.00856199343677217,-0.00751328996627343,-0.0258144241353715,-0.0181499486813369
-0.026946971175836,0.00405621278684573,-0.0289062292667196,-0.0083154851838379,-0.017607356832826,-0.0132124018015324,-0.00864286691659803,-0.00528995163422519,0.0016284937678933
-0.0390262945268145,-0.0161287659742355,-0.00264667455732224,-0.0168878842205491,-0.00380227923628214,-0.027349314611435,-0.00939295562352631,-0.0248364620841423,-0.0103247278523209
0.0221587622818153,0.0289651532164785,0.0135014838075257,0.0131064359789008,-0.00800681502374284,0.0403557732765852,0.0065881486929158,-0.0045285268250678,-0.00813764021529887
0.020373143538149,0.0230862184115712,-0.0126256279081795,0.00264908723411633,0.0117369452071225,0.0110595297790973,0.0134366057741553,0.00252156056436606,0.00160480599830472
0.0162613166816567,-0.0132772587387539,-0.012760112416867,0.00494054880746851,0.00691642697274995,0.00407473253261413,0.0109946889825879,0.00424553325504103,0.0146665270690637
0.0346701998656205,0.037050267416882,0.0324806595180994,0.016616008278776,-0.00888307102046241,-0.00689063451546401,-0.00232648724320336,-0.000215220350709479,-0.00475280842568344
-0.0693608825785042,-0.0287552863297503,-0.04986406828598,-0.0447019218085775,-0.0265359108664852,-0.084963904836268,-0.000153219185162177,-0.0144379613992622,-0.0249519956155794
0.0426953980957803,-0.00926021567644737,0.0128561415654198,0.00420901735970182,-0.0129592205011326,0.0542586441289298,-0.0110575341104673,-0.0100223687786395,-0.0110793341426285
-0.0453271033352116,0.00996008508495069,-0.0122407357113745,0.000431101084298161,0.000788717860374376,-0.0245942503598935,-0.000652302264742397,-0.0136061687986418,0.00321818071703836
0.0139430354238963,-0.00222444506948886,0.0139587919976843,0.00758124391266022,0.00422904176060312,-0.0614673250615744,0.0133380262382007,-0.00172776310250614,-0.0160526187448388
0.0528454939424447,0.00464180975860661,0.0165007509080013,0.00184471194294241,-0.0161559145946488,0.018893431119998,-0.0193144005440053,0.00761755427476409,0.00628608586200244
-0.0962886698064239,-0.0189415900996295,-0.0435034386876956,-0.0547142878254345,-0.0101202802208209,-0.0580231673356833,-0.0255562518353204,-0.0188493057242715,-0.0343351405304141
-0.0068437540893252,-0.00995692333650032,0.00998551288499431,-0.0259098590584747,-0.0101978116472758,-0.0164993595880661,-0.00886392143076178,-0.0368399419015304,-0.00327640626132345
-0.0475963858826319,-0.0329266076944768,-0.019304558753384,-0.0298964831350289,-0.00753545380517839,-0.0488654302648031,-0.0120463909680003,-0.00895414950857298,-0.014229008193755
-0.00305801257750894,0.00173965326947268,-0.00344451204554497,-0.000447974011095113,-0.00700798765286762,0.0273423379124957,-0.0011793764009062,0.00298353057528137,-0.00876227849234032
0.012604319591579,-0.0157511269810131,-0.0150918577866389,0.0272016616732784,0.0137983277751783,0.00819268494182153,0.00959393017229323,0.0165264184470258,0.0196789084150242
0.0252505326836549,0.0141639405690451,-0.0180803098884746,-0.00697654473355359,-0.00692852456930683,0.0114895350661223,0.0104850805751746,-0.0131058083696635,0.0140121807755966
0.0179290139809738,-0.00610203649122256,-0.0225421937167515,0.0102073460302157,0.00370950196107188,0.00144870072541768,0.00262896054621383,0.0147628735667863,0.0091359489237065
0.0102841458031973,-0.0172194633900681,-0.00468426687234693,-0.0204922062836992,-0.00610803853389066,-0.00111225668853633,-0.0301748131312239,-0.0341543115143814,-0.0184769392569361
-0.0832866957412725,-0.0269751484485734,-0.0522688918929385,-0.0282366517085581,-0.00229817400303999,-0.0548492231817657,-0.0166870480901374,-0.0185310232462417,-0.0117366353065494
0.0431506251432328,0.0019428375187979,0.00686862893231221,0.0201381307945492,-0.00674094696538714,0.0489422704784234,0.00756958745541811,0.0161971858292205,-0.0079483940226582
-0.0220528993651927,-0.0234807556481028,-0.0174016159909303,-0.00137250972113323,-0.00357341046508096,-0.0128651534604355,0.0132832649488746,0.00520487211556731,0.0077465117026823
-0.0405997991548419,-0.0141415065774545,-0.0325251020275582,0.0532430097951399,0.0016607516662706,-0.00916995937571176,0.0104476591895854,0.0153004175520733,0.0103599564092048
-0.0454130602099548,0.00596727602716798,-0.0166447181155278,0.00563164020783406,-0.0135996673562854,-0.0461117096409539,-0.0116445709646288,-0.00558218635174224,-0.00920159968158599
0.0120661133409203,0.00285843604163688,-0.00238220913192694,0.0122026935823936,0.0101980889693834,0.00489690382422671,0.0213925816136526,0.000921256782679044,0.000387204158311693
-0.0172346774867643,-0.0166223910106854,-0.0313988295494727,-0.00440049822253494,-0.00546191440568602,-0.0408661927407567,-0.0110252773655851,0.00835581236453088,-0.0214728153316269
-0.109531012760253,-0.00393285744899923,-0.0174482593425983,-0.0349409060230031,-0.00199589272624949,-0.0662372892205697,-0.00706895903220173,-0.030026768967437,-0.00220517882813908
-0.0204200698004102,0.0329068306082312,-0.00163980504345942,0.00454115276236451,0.0151563402820811,0.00318253505842362,0.00195702226882047,0.00595679362274348,0.0330725636973889
-0.00105522147270524,0.00494248712398523,0.00845124048578562,0.00104315250361327,0.00260528764114452,-0.0121048694933909,-0.000516806149930022,0.0202588491424645,-0.00582041192967311
0.0101815335522949,-0.0162697663661655,-0.0137139830963276,-0.00316381319066598,-0.0138992300385701,0.00787567379866512,-0.00128606971007181,-0.00429090231701174,-0.0249664792891569
-0.0748931735811375,0.0192464927403135,-0.0603813913394851,-0.0151705839833932,-0.00597374897588535,-0.0579854781511543,-0.0230778843780098,-0.0335610748825869,-0.0254614697466537
-0.0250689791627382,-0.0213130601694236,-0.00718702073858046,0.00944062506144531,-0.00416952131765129,0.0290560597150061,0.0080376794848828,-0.00293002422876078,-0.0131044840541691
-0.0457670120770278,-0.0152938820529096,-0.0358058060982007,0.000406768346344584,0.00968607383976984,0.000763334835998733,0.00533336127652637,-0.00202582347878054,0.00379770703690917
-0.00701363591238476,0.0149086962513961,-0.0039854714281028,0.00814056219019278,0.00628602880407081,-0.0377407854274147,-0.000230525052132482,-0.00903321902593024,0.00135047830313398
-0.0121198596462517,-0.023129250783545,0.0111918527576655,-0.0078502282496062,-0.0073110038354675,-0.00988983786952424,0.00204877304971387,-0.0152214169727998,-0.0115073677355064
-0.0135145555124739,0.00596957049524158,-0.017397824681932,-0.0156630617176649,0.00153622844664698,-0.0593159788784343,0.00947231188222005,0.0175247161673933,0.00968220938291861
-0.0598469070246933,0.00565463666213422,-0.0228247808216507,-0.0251291944413428,-0.00877433213431731,-0.0590129983183826,-0.00477370064979817,0.00132097575529852,-0.00415647717718186
0.0141869463965343,0.0320382457171226,-0.0193451582254858,-0.0114151223075069,0.00100782236528589,-0.0166343494903746,-0.0104856113451144,-0.0128603026835938,-0.00228081256721933
-0.0583544594363185,-0.0202855992584456,-0.0256022191053588,-0.0289775117934111,-0.00539904176601891,-0.0505571605632282,-0.00313181034477138,0.00876251421940474,-0.00632741493410359
-0.00406659792800568,0.0143527628235351,0.015462870312339,0.0270863064129452,0.0107578355774586,0.00860853749471209,0.0058072728160833,0.0210639604798639,0.00621768074792183
0.011776839657349,-0.0267802120498265,0.00675647576470798,0.00751363134840751,-1.52574800986941e-05,0.0211646675177021,0.0213997771005657,0.00769784649222084,0.00344934877508878
-0.0566602977621231,-0.0301703470747178,-0.0364689390059054,0.0148159274767102,-0.00488996558373686,-0.0694049840718889,-0.00572206958915307,-0.00823538109342837,-0.00150558737925289
-0.000436651280876307,0.00629054221799841,-0.018709929766472,-0.0253563755297541,-0.00314712767448219,0.0112850673150823,-0.000939332874104229,-0.00326565021895952,0.00124725091454001
-0.0650383429683302,-0.0401874643434376,-0.0447048972896275,-0.0254030117371558,-0.00622754153512048,-0.0469748009280861,-0.0311967520417326,-0.0418084081503595,-0.0124977623625262
-0.00658451165581191,-0.0398612911811012,-0.00705170210873005,-0.000770696667137798,0.00405221421145563,-0.0174540717734051,0.0086455891044009,0.011330008251656,-0.000952230099084235
-0.0105078068637038,-0.0399259451803685,-0.0440260880429348,0.020998477145608,-0.0044027251402932,0.00267862145002029,-0.00612767324729933,0.0185437624276073,-0.0226613883578658
-0.0425629689313051,-0.0508298956054595,-0.0364341135959533,-0.0376322471811541,-0.000137673696478425,-0.000697751777533747,-0.00312968768351345,-0.00499552385208421,0.00193674091889721
-0.00490162078436255,0.0216945234092154,0.0312497349740254,0.0126571549166528,0.00127703448018484,-0.00681545337587777,0.0139981294994488,-0.012007817049643,-0.00863433671168168
0.0231978214416931,0.0321552073503887,0.0155232684289751,0.0222491286656687,0.00745114023871406,0.0151905020742695,0.0276351952261662,0.0310832664129997,0.0286951805575644
0.000743105476650072,0.00279381158811848,0.00829435128379018,0.0401409175078463,0.0109582706375698,0.0131757921703107,0.0252482476011152,0.00754453681056195,0.0318695580618385
-0.0610621666823854,-0.0130662634285163,-0.00488405419327572,0.00801528260025063,-0.00656763639159839,0.00771795355894953,-0.000311424091063227,0.00854001396884202,-0.015090619896292
-0.0238843308944327,-0.000779262354614405,-0.00634610170261367,-0.0284886416920499,-0.00556146743988071,-0.0150281930855607,-0.000560337092577438,-0.0261648378113569,-0.00100524734926727
0.0150019910302387,0.0131178551495936,-0.00892766177950916,0.0090928195611936,0.0103400055120983,0.0270908297169219,0.0131297476901117,0.0179032583566421,0.00897107814906556
0.0020572920439156,0.00872380286271874,0.00222693664761413,0.00270708992681687,-0.000871304533775752,-0.0125646798947978,0.00708063294819416,0.00982208024922572,-0.00246965701916777
-0.0334224521235127,-0.0144118463993938,-0.011397977938863,-0.0170162518213922,-0.00746522157411497,-0.0336257478909532,0.000646639391604072,0.00279977621511107,-0.0077199754837337
-0.0279012371788154,-0.01685373855037,-0.0411080131358303,-0.016322439852898,-0.0104064206937999,0.0125265269772502,-0.00253455052896698,-0.0155384279115279,-0.00377291909287251
0.042272629681154,0.0317422254824988,0.0331739976027259,0.0381302002592142,-0.000435471654821953,0.0266768840615321,0.00452221521899529,0.0290097621236674,0.00145973567900072
0.0719001193522264,0.0104978176779288,-0.00377984193294239,0.00653097231337276,0.0152430073792685,0.0598138310415368,0.0188460042610346,0.0342735802678843,0.0294725795660586
0.0212098042116176,0.00849859378386966,-0.000914614015795192,0.0316100012990626,0.00598947104504066,0.00893327506725586,0.00521722720145114,0.000628921022202523,0.00135319300963529
-0.0309827624404498,-0.0246367070470493,0.0236172764161086,-0.0378451288930958,-0.0040306670913559,-0.028106138497805,-0.00603282733233743,-0.0272886746241873,-0.0290125258948339
0.0107966917678458,-0.00813668482931893,-0.0122539419629807,0.0256653733135043,-0.00558110525917386,-0.0224249897390247,0.00418680879114798,0.00622947743338493,-0.00101092795009938
-0.00227331094773603,-0.0377968694242701,-0.0345621379270666,-0.0136680425768938,-0.00589961035987961,-0.0711131011505671,-0.00512897967202069,-0.0079013813721661,-0.00670183382550926
0.021061826941447,0.0144706987976462,0.0297177880051346,-0.00625387374236195,0.00295734503514689,0.0115558490284985,0.0106947648019171,0.0185600317258449,0.00383522269324323
0.00882568813907405,-0.0168570192484356,-0.0123010747814441,0.000467159203621208,-0.0144114215351648,-0.0154799257843133,-0.00515387325116228,-0.00523217832436836,-0.015428672410999
0.0227747050973853,0.0386215212653345,0.0105786196555318,0.00495757561474481,0.00423407007829416,-0.0245244505343795,0.00813563818049566,0.0069056017252329,-0.00322157449769817
-0.0219305094365972,-0.0132739407457452,0.00652991989673369,0.00617778688435937,0.00699391908411542,0.001564470054053,0.0351736467538916,-0.0032710703299674,-0.00166351374339135
0.00343313249668901,-0.0249684501691485,-0.0227112909902394,0.0132065774567801,0.0041138625402727,0.062111594200632,-0.00438933626565889,-0.017311439893529,-0.0234971691831162
0.0326048069864097,0.0358984707873756,0.0352905526969833,0.0334586414178533,0.0053173737205093,0.0143106885581824,0.011370322550041,0.0224727846280851,0.021165708873493
-0.0488168268235778,-0.0162936341818036,0.0038449575752557,-0.0123864831302001,-0.00479268413756613,-0.0160946156710067,-0.00637060341344552,-0.023229101730155,-0.025873558615868
0.0574906065925888,0.012623131017181,0.0189344961395286,0.0166456798890917,-0.00207291680322932,0.0133413400398723,-0.00821682759269399,0.0100769943810908,0.0010098826311973
0.0512766025505525,-0.00131366515307144,0.00334302420187413,0.0426528209700659,0.00173941613996761,0.0201660660996666,-0.0156280438974404,0.0299629429441872,-0.00650958016173334
-0.00160884149828318,0.0149790417473088,0.0117107975637424,0.0262841268201337,0.0112163864340431,0.011691293711217,0.00815965318791794,0.0328507446759248,0.00830361643215688
-0.0195728445527694,-0.000192813669359418,-0.00742365617863225,-0.0111720801251579,0.00143410598380039,-0.000307259537742332,-0.00770933448573193,-0.0121226343787368,-0.0102930634663992
0.0244663446157265,0.0116398888311021,0.0110835774720883,0.0183428045879565,-0.00809021908474241,0.0398736271257842,0.0109941335534604,0.0193545708357194,0.0103031761159011
-0.0329337579086849,-0.01050706418145,-0.0285812992506649,-0.0401339381419908,0.0230294304246298,-0.0569954199572973,0.00630307810852209,0.00261809559343703,-0.000882065426758797
-0.0290703840440626,-0.0152236252551273,-0.0225141725217144,0.0206663245092917,-0.0154487463157778,-0.0325200495882755,-0.00547915624343136,-0.0157286019046191,-0.0217703170028226
-0.0166106594903662,0.00933742969527927,0.0175905615504527,-0.00175287335196945,0.0014116982611718,-0.0271778038848208,3.97508858318463e-05,-0.000578311013054104,-0.00437096252400909
-0.0403645888771175,-0.017918937617871,0.0195449641368644,0.0292942040409479,0.00730818945032808,-0.0326177303501868,0.0005195677688661,0.0342355616982898,0.0151443505180036
0.0162657089744286,-0.017665901674978,-0.0148751077717938,0.00364962745070484,-0.0042787510880046,-0.0176417942601724,0.00527140183223105,-0.00657366975427439,-0.00735668867105422
-0.0157376666211917,0.00493340171935417,-0.00324746447726054,0.0114774607940988,-0.00126969546563077,-0.0269931016909859,0.00478372147916643,0.00541559289890046,0.00610984689433939
0.0584314590389601,0.0451005322838709,0.0333800166071586,0.0222049537288525,0.0167696125264255,0.0310783355679879,0.0144143564222194,0.00288578804374662,0.0340618796631131
0.042094067809747,0.0189194211516866,0.0220806239131134,0.0220838221738862,0.00797559644564686,0.00284820110793812,0.010327386945855,0.0225353750081778,0.0124951387999991
-0.0118516347188262,0.0151401431709036,-0.0195576280056361,-0.00994192609270402,-0.0125028816256819,0.00613510887068801,-0.00398204990001494,0.00268170600327584,-7.50469397432861e-06
0.0687690204901142,0.0588302939036924,0.0473360035383207,0.0549295154352318,0.0069095436472989,0.0703880839299193,0.0159723357300875,0.0224703259853907,0.0230110232400903
0.0508522750005787,-0.0151633156911039,0.00923900372977693,-0.0102670147883072,-0.00425489326911912,-0.0123270413127372,-0.00648159077254891,-0.0206970381691311,-0.0139089193037927
-0.127277307631128,-0.0636384979354023,-0.0496304021041314,-0.0402517689040861,-0.0286677141977278,-0.104419788287797,-0.0151270185386858,-0.0362120353496957,-0.0374888863741808
-0.0140427812009479,-0.00446042226000712,-0.0297646038084483,-0.0103891097668644,-0.00232351884986482,-0.0283320939798736,-0.016426737801211,-0.0025786092673374,0.000718913012556426
0.0077284728140043,-0.0172505968624907,-0.0414131315905806,-0.0139092918445169,0.000884441998109884,0.0106933233254853,-0.0223784755070295,-0.0110024214127427,0.00498036102238341
0.0214629792558651,0.00180535759758671,0.0231173379993079,0.0338971451216493,-0.00599276723756902,0.0542583267174804,0.0028863661960961,0.0211243067665376,0.000642674045804825
-0.00702606836278245,-0.0058414202266962,0.00364365915927498,-0.00166696445062421,-0.0117365383128918,-0.00340430270487161,-0.0239177523991365,0.0108130841441695,-0.0140340056095927
0.0233637189322127,-0.00754083961665607,0.00703288001967528,0.0149385143278077,-0.0140250030497904,-0.0396337622914154,0.00456960656182636,-0.00187202252887196,-0.0256450980511736
0.0049895608731738,-0.0129308012427315,-0.0092624431180013,0.0256521610771474,-0.00307929630111091,-0.0071780268874919,0.00441669981638177,0.0248227483657244,-0.00181680303273332
0.0379610861697448,0.0409026914982097,0.0423060978801729,0.0347936409413269,0.0284338323048615,0.030883529556863,0.0229708218996298,0.0229143176944156,0.0369337269806082
0.00744387623903031,-0.0143631879996622,-0.0336583601842385,0.0036951567435323,-0.0033090755783777,0.00155368716409224,-0.0179446425159043,0.000329165796771363,-0.00500491933394818
0.0502809686646392,-0.0413791482589975,-0.0177376920527733,0.0133376387649917,0.00397064164639102,-0.00416563081499768,0.0048812466030726,-0.00126812913447453,0.0157442031214491
-0.0123121920032839,-0.0124738261410179,-0.0388719081565961,-0.0199004329895775,0.00697929221030163,-0.021977531827141,0.0115750410667837,-0.012274852478389,-0.0141296464645762
0.0173953477069999,-0.00865147845618801,0.00358631888399834,-0.0119656129804706,-0.005779883721397,0.0364789019753795,0.00181018829674016,0.00842803280346326,0.0136049595562379
0.0798286463864321,0.021846819858204,-0.0201658933321506,0.0560083352928947,0.0101051918664616,0.0462729103703453,-0.000648300983711849,0.0144178925229409,0.0161184234005094
0.026290272031577,0.00654885237834525,-0.0110505456354631,0.010980360686016,0.0131696827277294,0.0338047913538044,0.0069319355392811,0.00759729066601467,0.0129974567583686
-0.0455936102858879,-0.000787301150076533,-0.0106995251060469,-0.025131472650661,-0.00953547940997343,-0.0565553314184966,0.00743911562250224,-0.0107552746877979,-0.0156788648360074
0.0133923287400176,-0.00532880475767227,0.0198850732598466,0.00193930452257092,-0.0192060805709489,-0.00700694262903094,-0.00996159951712681,0.00963331053739957,-0.0103416914726867
0.0100410167565688,0.0100088611552215,0.0160027282708956,0.00799878493548404,0.00526392817663211,0.00977306445782409,0.00534911009788483,-0.0171024748317923,-0.000148432807791429
0.00099355835458278,0.0195678465878561,0.0170504011481342,0.0712634939973564,0.0092772188387907,0.0307651323974672,0.0181462981681518,0.0211860398744892,0.0242907396518544
-0.0443002672657708,-0.0219796297522502,-0.0444426892002729,-0.0263662792022093,-0.0015068222796817,-0.0241363686637389,0.00250114305774952,-0.00796697279737744,0.00677483302394434
0.0723433989440253,0.0216375181615019,0.0257865740556819,0.00205693833569105,0.00820714534755049,-0.00320012306137521,0.0298716562942058,0.00752039171716457,-0.0136539432999216
0.0442986500286584,-0.00474788317424002,0.0146653818184301,0.00275951241853534,0.00666685819317555,0.00444084325731576,0.0157237068753107,0.0109325159610827,0.00453640659607939
0.0129147657177882,0.00904723491715906,0.0132285286528847,-0.0245708594688655,-0.00502961794529806,0.0366590683892063,-0.0382490884700196,-0.00152481689324794,-0.0236687131484379
-0.0453268280253393,-0.035158058977163,-0.0280581290155162,-0.033332598748138,-0.0123600675418413,-0.026358162790524,-0.0065536910990758,-0.018276591345716,-0.0136368913851075
-0.0225119873426271,-0.0242321379622764,0.0100149344685052,0.0119365907342535,0.00681315701707789,-0.0216875664080392,0.0173255797907457,0.0116605791693241,0.0165871273592313
-0.0198409393951375,0.00164603716224668,-0.0377033406591127,-0.00474491269219017,-0.00184516986658479,-0.0419969455113272,0.00636943299554424,-0.0131102426530898,-0.0248178232577693
0.0914503223486146,0.0633508308075127,0.0424552544089582,0.0322377513838528,0.00863991420964142,0.0441365386696488,0.0143721025456295,0.0262052047790682,0.0216544946424172
0.046778204186316,0.00448699074379475,0.0148766774622109,0.0100428288294959,-0.00717856424727474,0.0112637540030455,-0.0112741823736042,0.0146290273285995,0.00780823134705217
-0.0208068917600865,-0.00180854634945363,-0.0276759674864182,-0.018700376474698,-0.00893916727524289,-0.0135492839687467,-0.00278154348848264,-0.00981427537038397,-0.0128859168178001
-0.035723360179592,-0.0422446832521559,-0.0298065402016053,0.00978289463799807,-0.0205736606151144,-0.0263272877660872,-0.0178283308697473,-0.0164202389626993,-0.0193719057417764
0.0379676529623263,0.00243431209764219,0.00123414931673987,-0.0164030462933565,0.0050832625743741,0.010145130490164,-0.0105881357815087,-0.00193529020578695,0.00998500025995818
-0.0126596910331858,-0.031260600724462,-0.011240623968503,-0.00857065643724274,-0.00425292150768172,0.00177439849611245,0.003785794125145,-2.64360381150203e-05,-0.0201296343717067
-0.0351927702638104,0.0213963034692216,-0.00425189948122115,-0.0288334484704929,-0.0253981263931689,-0.0344144319364158,-0.0211648651566943,-0.0364573422986128,-0.030344412884251
-0.0416670400433438,0.0164726018807881,0.00294208371291339,0.013931809763534,0.0016733825016864,0.0354589761477447,0.0285251075260757,-0.0113685776959618,0.00443613280129259
-0.0387548696827433,-0.00124558419504767,0.00969550379233058,-0.0128133687943623,-0.0200694665833147,-0.0280822864851238,-0.029890844684079,-0.029269558787605,-0.0225270150521192
0.0233797464831072,0.0400035374422842,0.0302197847992719,0.0752569741059382,0.00353519429549091,0.0177767607511799,0.0220146364701443,0.0320550422150219,0.017891593231237
0.05924336124969,0.00481738820972811,0.00757753624926018,0.0224508997113886,-0.0017424676304545,0.00742622077786798,0.0035955875150855,0.000677305934143142,0.0112596280841069
0.00235357183820865,0.00446946405674208,0.00217214503936564,0.016958693908148,0.000249638793312321,-0.0197632202795757,0.00784564429047237,0.00285835904567493,-0.00827832907268195
-0.0354564723857907,-0.0138450824993265,0.00913781401559873,-0.0281836047556742,-0.00462295598011553,-0.0278117397526652,-0.0264599636554868,-0.0242787581799102,-0.008946847369971
-0.0408513931398729,0.00216379071679703,-0.0118439323518648,-0.0158475251966166,0.00297162510181506,-0.00111309667434398,0.000156964822599202,0.00387540095132631,0.00366793011107939
0.0364400491195011,-0.0577528997525561,0.0133036787425108,0.0313599742708381,0.00695056806624954,0.00873805565356056,0.0072976873836568,-0.00352995613274277,0.011217182549429
-0.0550116253761244,-0.0173974372645087,-0.0285337371363323,-0.0110844359201155,-0.0163009170849578,-0.0504543722371973,-0.00245653400360978,-0.0191896525543703,-0.0319675672959787
0.0480657869263598,-0.00116183552823476,0.00423447905252107,0.0395067516496749,-0.0164655208147402,0.0431744936895006,0.00294044975315877,0.0122434648830828,-0.0258912483442848
0.0664478850947344,-0.0133922644680418,0.00284132977105063,0.00922153401014437,0.00251456138565358,-0.00792072190013235,0.00832792555028927,0.0124371793262564,0.00287725915069591
-0.00898876106393189,-0.00861463835635428,-0.00299258630162932,0.00535202460679592,-0.010519062208067,-0.00531695714331207,-0.00544569922294935,-0.00573086432748113,0.00255544063064277
-0.0170956653745799,-0.0285114784910079,-0.0055124164225385,0.0225825364370335,-0.0013270857893954,0.00780620370420873,0.00223686773757942,-0.00135257764050818,-0.0126147579040626
0.0400123449050859,0.0366859142299783,0.0351966099416745,-0.00424819016843498,-0.0154198927177359,0.0489736327781208,-0.022019551523351,-0.00289648025998936,-0.0104352830183644
0.0308052025457988,0.017350206766851,0.0321873241968247,0.0328525375167184,0.00196876744816545,-0.0226960475823682,0.00846295709534384,-0.0130255080440302,0.00362174245501675
0.0719347491489055,0.0465360995132233,0.0530863448307436,0.019020098072664,0.00654588647578995,0.0590709319023144,0.00737522612366349,-0.00483041873198,0.00698422245473062
0.0459441706582001,0.000554669817611691,0.00491409143846802,0.0165126101138485,0.0196241871330057,0.0464531236351001,0.00502581304815048,0.0108577256276662,0.0122975473820758
0.0085365817944983,0.0500536580647412,-0.000839275364875133,0.0804423717491781,0.0263837807021398,0.00584778741949303,0.0556689119940637,0.0430172374194242,0.0404284063919057
-0.00524930273505978,0.00530402077386273,-0.0129868051082329,0.00379803420057774,0.00806072481179849,0.0180136880961242,0.0129387139675196,-0.00832138195354647,0.00325150427551669
0.0367932473632234,-0.0456123019859122,0.00346053646535229,0.00970321310265029,-0.0224180306799513,0.0271964166669573,-0.0125089375033826,-0.0241441389892761,-0.0189169713983661
-0.0228986816564284,-0.0288854863139982,-0.00485131278567119,-0.00557259434450171,-0.0224742840305642,-0.00486518036030898,-0.0129410505335082,-0.0118157640319672,-0.0250892031798538
0.00978343133450682,0.00518373401507526,0.0327767252191949,0.013455623519053,-0.00527687370650678,0.0139644854971646,-0.015431499608008,0.000596105667214619,-0.00999431182189354
-0.0207752161760367,-0.00330445409296423,-0.0328146484383407,0.00369754789140987,-0.00275370219746507,-0.00971074470467696,0.00323587041408875,-0.00742278769802506,-0.0044847394443039
-0.000477112755469903,-0.0149887705300067,-0.011449218449034,0.00298378719551635,0.00843722250739748,0.000266842092805875,0.00578846093216925,0.00098435084926279,-0.0190080005182147
-0.00961190799035167,0.00923375247053508,0.00131572123753218,-0.0187915039332701,-0.00294028808649992,0.0117026076533324,0.00866803157295361,-0.00278292409006816,-0.00149064137000904
0.00929160691687455,0.00902331295420211,0.00374913001603794,0.012646217516445,0.00360843977177728,0.00907478961485993,0.0232743701486132,0.0109570283867498,0.00599331543270709
0.000950313831134462,-0.0231044495590129,0.00803764584072718,-0.0172393647203755,-0.0121430352376817,0.00567165761627996,-0.029054678455838,0.0024164859411444,-0.0134423700270068
-0.0216236457700502,0.00195595702136854,-0.00333673213888609,-0.00496795167077877,0.00971490163418026,0.0220790550257606,0.00213829134781281,-0.00663414150563272,0.0039926616478631
-0.0408195201216007,-0.00116971510293169,0.00895524496625573,-0.0272012485068217,-0.0121081652206857,-0.0065959611816825,-0.0140417252832868,-0.0363122359924215,-0.0218150916796693
0.0910044427089185,-0.0104253585206684,0.00618063808437836,-0.0144891389446257,-0.00452130054514324,0.0445857927800597,-0.0180540251872793,-0.00448213395984227,-0.0124642460685972
-0.00895609499476996,-0.0233233305561357,-0.048559457234803,-0.017917013825695,-0.0019105780051963,-0.0300148543237029,-0.0344723980243322,-0.0105686416294698,0.0160452814964918
0.0200109668543054,-0.0160869486384633,-0.00405991716814122,0.0283999486754752,-0.00793173634728181,0.0284312583962057,0.0060488632801253,0.00382858568750517,-0.000166108476900305
-0.00953574419264221,0.00994724319676705,0.00425043229562292,-0.0361483264552529,-0.00257178234511059,7.06286061373509e-05,-0.00784785243230803,-0.00845949017895973,-0.00126717784143296
-0.117059269613634,-0.0580056172793308,-0.0107250808380205,-0.0687199152289111,-0.00882084829514093,-0.150367838764987,-0.00771308159836473,-0.0112862129344166,-0.0171917569552992
-0.0092852379388683,0.0167935950551433,0.00351745694507498,0.0125126676627024,-0.0200711833115047,0.00226429805293476,-0.0028101290610169,-0.00338506936726952,-0.0267704736428583
0.0187066514327621,0.0192109525255853,0.00722079382450354,0.00588956669498937,-0.00112117277801371,-0.000760750218684669,0.00213104848649525,-0.0129791708531571,0.00832974905147688
0.0169020520905768,-0.0101357921824328,-0.0153032632976759,0.0240596833125094,0.00290494181289598,0.0349505657623057,0.00666066989711041,0.016967457990163,0.0123342733029008
0.0694570693258538,0.0142924765389441,0.0130241577724039,0.0310489537709665,0.00549163518441065,0.0564294415869704,0.0327577443100261,0.0210024316271403,0.0414460655042689
-0.0253226949596084,-0.0196434593203524,-0.0192590281237353,-0.0406091385428842,-0.00107584301843155,-0.0239698503015287,0.00651680901104616,-0.0067005793758576,-0.0015150921349053
0.0188179205661575,-0.00200736757581582,-0.00641920906205808,-0.00515422525614957,-0.0053621319207848,0.0490504580240544,-0.00832180326883772,0.0198984959382474,-0.0139299323257174
-0.00245604607743772,-0.00530984679876695,0.0111458793198547,-0.0024502953855538,0.0057452072986358,-0.022233718072417,4.85420700141998e-05,-0.000303314393816676,-0.00596099559296608
-0.0470668704943487,-0.0446873567885545,-0.0214464889369622,-0.00545561771402615,-0.0159970749867118,-0.0413409152846967,-0.0204355200155044,-0.00992798608552186,0.00698392531219527
-0.0184568691667714,0.0123184975933673,-0.0204643521484039,0.0112919147476703,0.00423137152378499,0.0400815960977519,0.0202339461331792,0.00838344038853664,0.0169122711708096
-0.0504626510936211,0.00782302171683141,-0.0137221414361878,-0.0327852720410114,-0.00406193845577345,-0.0357786983078334,-0.0226531839068462,-0.0215432783963378,-0.00927598927513672
-0.064252303979472,-0.0355154938130373,-0.0644531159812735,-0.0353539113014952,-0.00634422971191034,-0.022448429642538,-0.00693034376335737,-0.0153562177275414,-0.0125889635038398
-0.0440671134914236,-0.00810190917686894,-0.00555666713587416,-0.00606037321013193,-0.00714570619170889,-0.00602455325310761,-0.00319293469051847,-0.000589402866139154,-0.00495427354203522
0.0133633693583467,-0.0219111147947508,-0.0213447701078573,-0.0105688441488819,0.00174966558576833,0.0125738921742219,-0.00380054149630304,-0.0120337145750007,0.00492509343853588
-0.066463453301764,-0.0346060794223335,-0.0446331323899995,-0.0364759967990235,-0.0217282158914198,-0.0728394624049169,-0.0298238727561872,-0.0043874401472126,-0.0265245738046804
-0.018493877912447,-0.00669134869074557,-0.0109570685080491,0.0183048915357255,0.00125147549974061,-0.00925882230985688,0.0135138006663802,-0.00119251890534717,0.00128180979489804
0.117672794220409,0.0394339571680123,0.0310381592559928,0.0154693334149049,0.0118511364759002,-0.0703232514459216,-0.000444796150159267,0.023769475628949,0.0332877965937072
0.0410071937846161,-0.00477892591428213,-0.00760085395761976,-0.00140301385469009,0.00603841683887678,0.031224278021357,0.00676833793968119,0.016588428972676,0.0113647660777598
-0.0150649464398446,-0.0381160936150437,-0.0226003213966997,0.0105599805615725,-0.00523468368315563,0.01806369868645,0.00570635243036632,-0.0118840761117889,0.000917237104452293
-0.00342527959967449,0.0156538314914936,-0.00365423744935589,0.00288352300382741,-0.0045398906862845,-0.00762808471615242,-0.01031031440638,0.00125737762935838,-0.00205358179752342
-0.0506107888178568,-0.00589631671611712,-0.0334620839179505,-0.0332693958651193,0.00178949285147249,-0.062656033223237,-0.0157612507173631,-0.00205077944045491,0.000521943304231218
-0.0358336795973964,-0.00323273149705829,0.01848232205645,0.00424715109327637,-0.00270773495049761,-0.0217930209467141,-0.0021990632927139,0.000930072646272482,0.0011121849734833
0.0185928073541116,0.0084300676387401,-0.00206095457980372,0.00444496610542697,0.00278454542633358,0.000777237732685861,0.0114073454965958,0.0281485465987189,0.00744062180633685
-0.0537819080829091,-0.0205486651221859,-0.0111088423700989,-0.0440837760332473,0.00470257863711555,-0.0260665024026752,-0.0131614343972432,-0.0216006890792179,0.00625375154382366
-0.0319245333984844,-0.00705689834436365,0.00552429662054434,-0.0087289769538072,-0.0115670130472362,-0.0227512961322763,0.00162731761204628,-0.00993560101744393,-0.0221622215026984
-0.029895226191444,-0.00127935292774271,-0.0449135969997348,-0.0162782417933025,0.0115531989946454,-0.0452403714367257,-0.00104126288975096,-0.00603424129891506,8.46335935692052e-05
0.024712111591977,0.00909595983933946,-0.00109341837130425,0.036919793683518,0.00697748198031307,0.000923445481382157,0.00784030851628239,0.00795560330486285,0.0183044920246404
0.0312807896714975,-0.00911507169327548,-0.00636043796970057,0.0127058059176225,0.0234194857986208,0.0245744023010576,0.0379878140217739,0.0215765458989899,0.0229456693419367
-0.00190511965774539,0.0015587120391084,0.0115103394569416,0.00252031228300539,-0.00583467488226333,-0.00880540794541407,-0.000766003851047096,0.00287446663085676,0.00282654633381039
-0.0450300170578694,-0.0278793926475984,-0.00324290191612766,-0.0202069233871809,-0.00679690260185062,-0.0517051193288261,-0.0250061056250293,0.00647137952978942,-0.0109437666247073
-0.0108857101010519,0.0265035031382694,0.0018706261357395,-0.010151210073797,-0.0160181590555657,-0.0232623311065478,-0.00712116538564903,0.011630491836849,0.00850942767247728
-0.0286012350195853,0.00698893343466403,-0.0153645543136516,-0.00581974912478593,0.0068317828208413,-0.00264275315934859,-0.000520193227887125,0.00849746173930248,-0.00912056445086944
0.0944698257943321,0.0403970727681064,0.041650994667476,0.00720605748563062,0.00603505988760014,0.0604371479525966,0.0190531145340985,0.0181513460152641,0.0116737140940115
0.0481418401634168,0.0364397845463959,0.0215779354405888,0.0269499300556946,0.00854278684499652,0.0658994747547004,0.0204117992678445,0.0199393945090513,0.0349019362581445
-0.0149580249353939,0.0351856902123195,0.0161155332421325,0.0123247360659814,0.0062745372146025,-0.0320215652555289,-0.00428835997720294,-0.00699246138140043,-0.00822797296136633
-0.0287800023796965,-0.0304419139954514,-0.0173851019797937,-0.00198341027312411,-0.0118347722362506,-0.0320263454542918,-0.00748664394613337,-0.0153743209148741,-0.0120690332239236
0.0208576158640231,-0.00503118688209849,-0.0203864542880126,-0.0116613348180938,-0.00538246912123575,-0.00564810369950651,0.001304931953379,-0.0221514399544648,-0.0125810648418298
0.0153049166255315,0.0319415241443698,0.0412834603164711,0.0296071651879841,0.000648552895743691,0.00561503304684662,-0.00362190895168631,-0.00018822648448387,-0.0139271508654796
0.0445218079596225,0.0215375652721267,0.0214277171492654,0.00317199228988437,-0.00241608273588713,0.0126159016490067,0.0183167872008913,0.0130176718736447,0.0195377141418926
0.0285436940425364,0.044759550105895,0.026792861330495,0.0449680399687933,0.0188491301174595,0.0608855183715489,0.0227732235274954,0.0185695504239793,0.0296098091009692
0.0355220179658727,0.0330829870029279,0.0420718702819459,0.0496252033383849,0.00531226276833404,0.0409181991660438,0.00547130198926056,0.0197207770313261,0.0321725955323845
0.0730619445446654,0.026164056579667,0.0485673050199614,0.0194896400015665,0.00920525825461328,0.0788413799089164,0.00914411376035701,-0.0078805315140261,0.021649894121462
-0.0205851401786218,-0.037229466387923,-0.0289306479596141,0.00412246440140258,-0.00608310918279901,-0.00905209762186486,-0.000427232350011123,-0.0224522161894405,-0.0139203548256276
0.0213898594848976,0.00367692988806962,-0.0204016499234941,0.0202197895718642,-0.0145544656689291,0.0341154972643448,-0.0114165591645407,-0.000594926231545404,0.0128679125483921
-0.0143932943873487,0.00402077823891953,-0.0242861663278378,-0.0110171632976802,-0.000955641406128025,-0.011380703700479,-0.000531167298769913,0.00611184153479531,0.0214710784829981
-0.0105125762368679,0.0168342203251348,0.0174946995900721,0.0179933477897052,0.0167798797605844,-0.00473385852234679,0.0143205968492849,0.0150583510274494,0.0130443623884541
-0.0391503602224095,-0.0372267609582441,-0.0160188593239384,-0.0246028821360255,-0.0135992503751309,-0.0333719743600729,-0.0175263190461763,-0.00357956653806671,-0.00803014445772586
-0.000374577383953651,0.0288222827761297,0.014747305420088,-0.0236664614063335,-0.016773058499818,-0.00441207425266441,-0.000789265434589346,-0.019222717513473,-0.0119070529951082
0.0307831641206259,0.00932441978308144,0.00131469109309754,0.00302189721833224,-0.0071234272222243,0.0112085771335444,-0.000761081244879439,0.0196557643758037,-0.000197560436132692
-0.0148229840764176,-0.00887998742119281,-0.00958730356977532,-0.00273126218296628,-0.0208592897134962,-0.0374778217656798,-0.0203355361902295,-0.0394953731182755,-0.0385394287599863
-0.0704616418606674,-0.013385965975989,-0.0297168863459496,-0.0155039422964842,-0.0127792665549378,-0.0441527169688543,-0.0166371377653643,0.00203251835746556,-0.0143942674663851
0.0323809206790791,0.0126406726729389,0.00258145369554382,0.0349581554086825,0.0290686374415134,0.0152735167586653,0.0209077472312993,0.029570093282894,0.0355746893303736
-0.0853808121008612,-0.0348918226155491,-0.070661008824879,-0.0599463705724108,-0.0186217548051295,-0.091796206834425,-0.0164139330538663,-0.0190407293701501,-0.0120902285006882
0.092910844205088,0.0173855424089603,-0.00430760335049983,0.00443177708982256,-0.00716605997433664,0.0626993699807672,-0.0117191963594251,-0.00541354074348587,0.000869534865887172
0.089566744102276,-0.00146598163959953,0.00659495275541985,-9.78406237238838e-05,0.00135039386645084,-0.0173118882124638,0.0118321525624944,-0.000398901457750024,0.0196240464775175
-0.0634855984684585,-0.0594411540017799,-0.0714883890816071,-0.0279659156385625,-0.0299143286271679,-0.0435227019725802,-0.00794097217270382,-0.0388617438114755,-0.0491326058147168
-0.0705747641399136,-0.0035491142369943,0.00461570405272204,-0.0105891029117843,-0.0218196569788043,-0.110044711433217,-0.033184050928314,-0.00712188319677716,-0.0356390755240739
-0.076635364460433,0.0077548346286298,-0.0214410169639084,-0.0487730193522102,-0.000786178925385949,-0.0929745757481936,0.0113696128255073,-0.0262446555456354,-0.0160614288992435
-0.038728694203897,0.00140813405874306,0.00185398762220836,0.0281298431850457,0.00785778900883165,-0.0284622251921889,0.0108570914915503,0.036375995014394,0.00468563438760582
-0.0153255594660466,-0.0265483217092309,-0.00875097894049357,-0.0140547233087045,-0.013662968398446,-0.0361347750034111,-0.0277983280080097,-0.0327902631661408,-0.0123233285351852
0.00755510576298056,0.0280177129113678,0.0205785589045804,0.0116757961142064,0.00779665393609054,0.00313270548170082,-0.000924995843977443,0.00208485740184142,0.00383042897911427
0.0720405063911951,0.0273891480238384,0.0331785384875331,0.013534012840746,-0.00500861555887563,0.021226205764637,0.0047788516282346,0.0119081089143679,0.00660755494094869
0.0022012249880671,0.0093976970025944,0.0105051733209729,-0.00384448962809113,0.00396778020322566,-0.0207712510203128,0.00948426481810579,0.00025877676527329,-0.00315177787995742
0.00202917004166576,0.0226277597544777,-0.0182019863292009,-0.00181105002502156,0.0170375361457948,0.0232913822313264,0.00925088767361694,0.0128001924003063,0.0195949265916107
0.0783423189125851,0.0420790805547019,0.0326689638624642,0.0339161382636327,0.00356261219331756,0.0296047263432326,0.00110831683726123,-0.00690028831105214,-0.000750296290849455
-0.0726385237667421,0.0133054242863727,-0.0320507634761527,-0.041483519413888,-0.00662735729276968,-0.0581256665367456,-0.000489061316259992,-0.00220933894822076,-0.021076450137558
-0.0361215907979857,0.0153670856067975,0.0081780028117923,-0.000822056595388874,-0.00263123125878257,-0.012989576515986,-0.000914863420068839,0.0150153518401711,-0.00326330256409073
-0.00467616229561276,0.0228481312327519,0.0152000903442483,0.0120548543955841,0.00805101882324273,0.0254654234024016,0.00310156043002466,-0.0311485387981292,0.00773747228199062
-0.00779904462202517,0.0189683720785259,0.00411053241464462,0.00575357263972892,0.0119738530197145,-0.0417598156869453,0.0253876059192667,0.00190212473289202,0.019284199009116
-0.0652865524391446,-0.0289533291921234,-0.038934393400049,-0.0217351420655654,-0.0011172147560613,0.0572843671248125,0.00562412338945647,-0.0332924418631214,-0.0123860622001852
0.0503617598857204,0.025739655934594,0.0143510852475314,-0.0137988201376906,0.008312115604312,0.0355493647166363,-0.0255004441927712,0.0194033641663739,-0.00242426252584103
-0.0522260242329633,-0.00980485908855637,-0.0152522660394301,6.22997878101334e-05,-0.000936359148997555,-0.00677700794717224,0.0060756388979188,0.0174410086716238,-0.00401984275212685
-0.0464679977146496,-0.0322647441358051,-0.0207556102894449,-0.0438945671306853,-0.0032353220526791,-0.0630436547759292,-0.0347219847861439,-0.0211889668575615,-0.0176757550321421
-0.012424824535537,0.00522161236717864,-0.00913504543653102,0.0035682379318932,0.0015411432409119,-0.0186643607639518,-0.00999943176246642,-0.024148819721912,-0.0115487126757423
0.0769640488826024,0.000382678274367703,0.00474051217154172,0.0342042286871513,0.00949091314353059,0.00701910371198081,0.000384906383869908,0.0191596286472396,0.0281196236773291
0.0115841325218081,0.0169959656821441,-0.00074698520941088,-0.00181778577560431,-0.015783740301438,-0.0290422002745252,-0.00402925334075789,0.00253460266561725,-0.00644586428912597
0.09364117861625,0.0283241553111491,0.0176167185403229,-0.00278689696791356,0.0202030606392277,0.0500454464559978,0.0239575329236472,0.0196630054981189,0.0270233729331524
-0.028649776523431,-0.014957579713658,-0.00803014061220579,-0.00913315787029701,-0.0146221926481048,-0.0443295257606196,-0.018557569359975,-0.00628482761459458,-0.00834332728125533
-0.0205348892192205,-0.00411993225488075,-0.00601139227625541,0.00789464294536952,-0.0120062447652141,0.00172256816252045,-0.0308616387754683,-0.00131216923666747,-0.0137227421639108
0.0581575758103825,0.0391851508693139,0.0295945875482508,0.0451811238674753,0.00902447629274658,0.0454843198976565,0.0148376884369432,0.0248079520055827,0.0124583895577977
0.00378114238362702,-0.00660451870259085,0.000326189693485025,0.00691412096845529,-0.0140655735392732,0.00243061447279338,-0.00267171189859202,-0.0164749505562095,-0.0132688148482488
-0.0453896734932847,-0.0411280023970742,-0.0392824609962762,-0.0390634437982407,0.0137547259330587,-0.0367102657749825,-0.00657520952532317,-0.0365317023274181,-0.00356613276225981
0.00966055678142438,-0.0221187575961207,-0.0195696463950084,-0.00738632945169936,-0.00931983974920667,0.000908304905242243,-0.00737898320923597,0.00157818495453086,-0.0117854446621472
0.00470473487467275,0.0120357066756142,-0.0180361475642642,0.000595158277528542,0.00734470382806275,-0.0192506259368859,-4.96000012675682e-06,0.00358595931053737,0.0100747528775274
0.00076267884791718,0.0193864821164267,0.0367793177112686,-0.0180027688395559,-0.0100051234433141,0.00177381150991612,-0.0281206492521876,-0.0147439843769453,-0.0172967808235058
-0.00348488520217022,-0.00342944439580192,-0.00138189471817394,-0.0006382526750108,0.000534262233359419,0.000335976963627119,0.00209726498350769,0.00506563071750904,-0.00475808757375793
-0.0473319583991996,-0.00594643149364603,0.0126932464031245,-0.0462079170548316,-0.0278682166577695,-0.0774667112674347,-0.0479127498859436,-0.0340377839611118,-0.0387725058438061
0.0438295401836334,0.0104401409563094,-0.00292187875433799,0.0229716227167784,0.00332762536273471,0.0262532291205707,0.0122005095779989,0.0293393085826708,0.010821723090365
-0.0357061730287395,-0.0307252566478322,-0.0302206489405995,0.0227150809008123,-0.0166371273828254,-0.0653193591389074,-0.00375707391243183,0.0102756290517213,-0.0111433762644281
0.0124077758579662,-0.0202977806810116,-0.00915626628671287,0.00887068802046318,-0.00257289251551554,0.00982421554100708,-0.00324151456383332,-0.0274697695196793,-0.00350946618027157
0.0193434875952399,0.0191277722662934,0.00495592379995878,0.0472295096228034,0.00633596741518549,0.0238419798364601,0.010040669672295,0.0242869366622348,0.0218807418243573
-0.0169478696743442,-0.0395382188871517,-0.022562928561379,-0.0115846966632791,-0.0239215634024185,-0.000739043252147681,0.00123782222738296,-0.0168462639927118,-0.0288838670467057
0.00273537308024978,-0.0242421894255704,-0.0373511034138031,-0.0216926239629703,-0.0173379041589779,0.00882483104812747,-0.0219062451138181,-0.00377671975143674,-0.00439099248749111
0.0320003837789573,0.0189067397958427,0.020189782009341,0.00526889975129997,0.0205352301255652,-0.000844269136603087,0.0287742254314949,0.0448766060115722,0.0295361906672706
-0.0172803716277901,0.0067758952492529,0.019326275012158,0.00279956247518138,-0.00978744095620367,-0.0372157417095773,-0.0028575705844025,-0.00163090690791395,-0.0108035237559276
0.00148533101586377,-0.00219601924125976,0.0094645989156972,0.00511404283272642,0.00615412564419742,-0.00138375071290866,0.0172403487442327,0.00606256112393736,0.0363059033196539
0.016972970474343,0.00775043354693982,0.0273222693000242,0.0155217513178428,0.00740982646362722,-0.00815290599535471,0.0017701906334679,-0.00313166211419206,0.0192397697658401
-0.0738352043224167,-0.0282027768823643,-0.0362414733734389,-0.0237065916230259,-0.00761333373300899,0.0376322131955242,-0.00123045347297867,-0.0111046779494258,-0.028692359382419
0.0227388813453213,0.0258748993131039,0.00957601206002,0.0393652883556998,0.00427461735053663,0.0183821482580858,0.016786964031141,0.0183903188168159,0.0177720559880571
-0.0188861622687569,-0.0162645991812874,-0.0086298876233739,-0.0165885995595752,0.00143951092145162,-0.0227677909753998,-0.0169610962987868,-0.00222354375344316,-0.0184146829693025
-0.0594949329510906,-0.0194174471182496,0.0119892616005595,0.019291498323025,-0.00453043576429782,-0.0397847248859321,-0.0158635913027877,0.0132664418850627,0.00420175615681964
0.0125824050943413,-0.0113270084553359,-0.00740717302482762,-0.0216935780780818,-0.0115373781807566,0.00237684800220561,-0.00172407744292598,-0.0219169091589291,-0.0123185370367593
0.0411242918071528,0.00853726263982747,0.00889486792192845,0.0212722687995114,-0.00489355591665624,-0.008518238933209,-0.00843179309403492,0.0151188659576795,-0.00531311565935792
0.087030266220651,0.0456755570325642,0.0293697719397126,0.0251452223293654,0.0105032681291574,0.0606020718803457,0.00191053918312936,0.021342860946604,0.0187626206986272
0.0270604193527052,0.0312829536732494,0.00805789547671386,0.058954178040105,0.00501983562103473,0.0416264359631648,0.0168006007513238,0.00540662558279654,0.00712885740268711
0.0458795540642303,0.0149017927087784,0.00228579288956251,0.0061911311562097,0.000604454071513401,-0.047734133977612,0.0110743482051035,0.0385803606304037,0.0075910559394709
-0.0445390391203428,-0.0364122302774541,-0.0138875663850475,-0.00877093281000301,0.00101408963219513,-0.0592070643929997,0.00555769107014518,-0.00517374786875149,-0.00603613470913686
-0.0130050787306501,0.0146258105472031,0.0307184216983076,0.0228943627774279,0.015920292148307,-0.0147194403614973,0.00972326997796332,0.00944396503507985,0.00762138987441351
-0.00457678077003618,-0.0101242730205198,-0.0122645197383826,0.0454734270324285,0.00482089076157644,-0.0150954213241408,0.00994572773567056,0.0388475502778006,0.0100400002192595
0.00447003742014263,-0.00168034764232454,-0.00855908353214039,0.00556686886044701,0.00761996184879513,-0.0427300433525442,0.0136872312702472,0.0184412311576045,0.0138297852697374
-0.0537837852663694,-0.0545957569014872,-0.00596840942259996,0.0263564893787721,-0.0188534860185103,-0.02516617153197,-0.0129365061030379,-0.00798069528041571,-0.0151771980793027
0.00633097246701298,-0.0136889683922437,-0.00604254030163217,0.00752250264334648,-0.0047474915343794,0.0356282671371819,0.00775866506165719,-0.00851536876334441,0.0112505017528125
-0.0454460727033149,-0.0368621065731848,-0.0493101391221456,-0.0284541245420405,0.00225040932845413,-0.0547066563838182,0.00114503647254393,-0.00492884112209004,-0.00534185474423148
-0.00772159672076661,0.0205241042763128,0.0237282238575651,0.010014603453489,-0.000315073254966171,-0.00901357693997375,0.00486584194606472,0.0245668278463235,0.00996293104472767
0.0580823435780991,0.0375512064709178,0.0343724403800046,0.0449924333434061,0.0218030899748889,0.058961077564596,-0.0190507895261841,0.0125499773883009,0.0345332704985159
0.0351194978749995,0.0282837139086397,0.00315948993352356,0.0212205157814508,-0.000382014827877805,0.0350900533793553,-0.000742805666411835,0.014017543631189,0.0133640436205029
0.0249454814945952,0.0153629162003622,0.0184438287540969,0.0158530272006518,-0.00962244476147664,0.00970679921953312,-0.0374127686177533,0.000183137543030439,-0.0151268876311922
0.0549391896506345,0.0490260828564374,0.0290577298845876,0.0695598805855242,0.0139847090474131,0.00897794551255396,0.0104366796834931,0.0221358051768548,0.0277276021470507
0.013085084684116,0.0224269781705922,0.0296746025751565,0.0356275505250665,0.0154482614320016,0.0151688853916668,0.0152653098934094,0.0203281208559029,0.023329323831563
-0.0441330074752078,-0.0071147985325422,-0.0292231726287369,-0.00567209474744894,-0.000608629277738025,-0.0517411850250851,0.012613349814995,-0.0026444619055792,-0.0146761751239015
0.0506824172797963,-0.000535536884692756,-0.0141263190987912,0.0116087949118319,0.00429677465636783,0.0345085777897133,0.0150801507456953,0.0190218780052027,-0.00365625445214361
-0.0700777186603793,-0.00511271229931783,-0.0350257637581387,-0.0273688812507346,0.00602920479104863,-0.0833083324013176,-0.00428197343162638,-0.0145911526682399,0.00611206711696594
0.00255921696357873,0.00857180874679326,-0.00463907667378572,0.0255334586408462,0.00468314813131915,0.00412073566625034,-0.0110339416661204,-0.00176809569023617,0.0197160661954851
-0.00720251030343178,0.0141040337353078,0.0254524608373293,0.0198891966298141,-0.0068227722322681,-0.0057617099871801,0.0231168184483115,0.00462123972218289,0.000252858024014134
-0.0132774198534594,-0.0131899442670794,-0.0182655904913747,-0.0330601625622585,-0.010227533844079,-0.0284895840002381,-0.0070181873714463,-0.00989783236862166,-0.0100637031378476
0.0377102096908959,0.0176308680475643,0.00903969391437388,0.0182974476507293,0.000560619973175501,0.00523141971395439,0.0182782051766026,0.00329944966206328,0.00856415388138681
0.0823799293199464,0.0603556828833926,0.0459408693130119,0.0405827282031607,0.00877780208552447,0.0790709113566673,0.0129454196351133,0.0389409571519931,0.0172250055600213
0.0036304143113095,0.00805166344270651,-0.0182264874965119,0.0160655517028755,0.0213096807419316,0.0335153125173246,0.0292016911758172,0.0168433983834097,0.0328453041684358
0.020588183523212,0.0422918880377505,0.00881495994285196,0.00162123495338077,0.00142601040335349,0.0246786646748715,-0.0141452994151965,0.0125148901101635,-0.000104579549062797
-0.0758555980005839,-0.0350819111325437,-0.0229709078488944,-0.00467626400796876,0.00458770500831033,-0.0192881263715985,0.0010556450697468,0.00415889229691036,0.00117716562124845
0.018201276122221,0.0177138503577833,-0.00757420854406544,0.0440934171516254,-0.00217194770578464,0.0226215315239724,0.00860892001711569,0.00924958035975553,0.0120723423804799
0.0441990773337158,0.0457621943741582,0.0213655092244846,0.00917948269047548,0.0043706442251556,0.0758219639639574,-0.0100933312497249,-0.00747433195304974,-0.000525187388049367
0.039115411813038,0.0225375416171697,0.00156257804478138,0.0443296186654715,0.00286527879140159,-0.0151227289369393,-0.00374668805507939,0.00828301140654039,0.00556369054916856
0.00709738114958981,0.0136536050835695,-0.000778414700775289,0.0141802851336874,0.00442136521303636,-0.0147546959684064,0.0102714083026888,0.0305029430623173,0.00131501719686964
-0.0657896135971792,-0.0273334653730987,-0.0260582570674632,-0.0379484036017179,-0.00628039026713186,-0.014399254531626,-0.00361995797341167,-0.0160368682761773,-0.00636347560856295
0.0237302473415709,0.00463760585376325,0.0160024970024145,-0.00529914571556887,0.00217152478940043,-0.00966214065441956,0.00130884462869102,0.00385169194349338,-0.000898291726240413
-0.0277404745040689,0.0141681540431121,0.0278562927243237,-0.0504466043400908,-0.0153375432652989,-0.0419973604555463,0.0108804195362682,-0.0155187391605812,-0.028978093663716
1.98615836538136e-05,-0.00812510821529357,-0.0207425301963529,-0.0238512629232903,-0.0077808435643916,0.00281652241637327,-0.0205611711089615,0.00390280672418173,-0.0126849587130309
-0.0147537868433934,-0.0296852097170341,-0.0100933597010687,-0.00800147331540016,0.00274343248958109,0.0015805864368602,-0.012741936481833,-0.0137459756334522,-0.0217420487646504
0.0261487863988646,0.0318495908990507,0.0222365241180424,0.0315151380291823,0.0163535526892464,0.013104846665637,0.0103998714491178,0.00678996208477486,0.0079283355407961
-0.0301821187720939,-0.00529533648407147,0.00428835503566413,-0.0094854695408683,0.00258858508291097,-0.0212359121019936,-0.00590536591417249,-0.00691108351132904,-0.00573060260053658
-0.0286402648558475,0.0109805166875574,0.000173964568309513,-0.000172558211212768,0.0153481868922387,-0.0267723958638175,-0.00423130660527561,-0.013828378734418,0.0167404653176538
-0.0357983576555701,-0.0318199696372131,-0.00962367699445871,-0.00829945189364454,-0.0041313852043805,-0.0703123820196641,-0.0187830709302223,-0.0111694596979977,-0.0187970271049227
-0.0161691065244197,-0.0130069052501581,-0.0286057275891414,-0.0165830405814404,-0.000766679177889918,0.0106404460950826,-0.000662767551614548,0.00142601574089505,-0.00475939384770304
-0.108950816178496,-0.062372305637206,-0.0651191717329808,-0.0601966405803564,-0.0119853080788158,-0.0791047167735221,-0.0174596567543896,-0.0330623430257921,-0.0486648146965219
0.0127995046459253,-0.0158277782595386,-0.0150033163105176,0.00932185881889259,-0.00290914911875647,0.0141525939008936,-0.000372770118382268,0.0124834624693935,0.01021361752584
-0.112206309218073,-0.0451341700688652,-0.0433594648416142,-0.0449969260921637,-0.0178930211848767,-0.089155150076036,-0.0196503712741124,-0.0358313319406076,-0.0351129211222151
-0.0217763045968165,-0.00185262235646326,-0.0111309969578081,0.00723232895142979,-0.000376097928836861,0.0208819485024446,0.00858181830289482,-0.0306117269911365,-0.0173460029713978
0.0718760746007588,0.0303491730212742,0.0151872347559628,0.0307715639595526,0.0216462767854049,0.0751558684830306,0.0248542091257986,0.0496361895811681,0.0216190337529964
0.0787853191955258,-0.0288699042585128,0.0336786172922941,0.0383630646317572,-0.00394643529008529,0.0457185501611093,0.0173282407460402,0.019603893033882,0.00669045119364397
-0.0176761742729117,-0.0172347140013631,-0.00202379700304765,-0.000308891202838998,-0.00346804604695821,0.0157742427195438,0.00443670597739382,-0.0202303716373958,0.00259751514545354
0.00239823992888439,-0.00918069967655421,-0.00618737695481773,-0.0167653994667278,-0.0156815678338396,-0.0199838985849744,-0.0174445279711526,-0.00784381857570438,-0.0120621002038878
-0.0703973911506783,0.0168826401570811,-0.0343812211051879,-0.00143254290680124,0.0180833797142175,-0.0457728165517206,0.0218552664903033,0.0149983215468382,0.0170100048748576
0.00555993584878049,-0.0172446764595329,0.000361996100782657,-0.0115730735231061,-0.013396590772107,-0.0183842631738997,-0.0186415709791013,0.0103630881032919,-0.00229996143998673
0.0265642239778113,0.0150627499905441,0.0162106203415352,0.018263115841213,-0.00195695508029788,0.0192646478838376,0.00234007200108782,-0.0105177129892831,0.0116793556195182
0.062935416349817,0.00572150747594972,0.0170441792334702,0.000761524986486274,-0.00953656180229089,0.0375497245850874,0.00263766356936824,-0.0161872489228162,-0.0104330706132584
-0.016265263496748,0.0106644788251283,-2.73320786313394e-05,1.99184529557443e-05,0.00311512893100599,-0.0113863009063635,-0.00298088375370358,0.00930606494208097,0.00873658062384611
-0.0230148801165852,-0.0312376925838923,-0.0350014909218098,-0.0119862410754316,-0.00317881338582509,-0.00854024237895228,-0.0271066757661086,-0.0035864736737651,-0.010321209140844
0.025833810321817,0.0190775597023056,0.0177127396467645,0.0108042749351374,0.00539288038375723,0.0311654584329244,-0.0226097538727816,-0.00234961632736928,0.00371146353844675
0.00125810133597019,0.00673536139378171,0.000217803336606998,-0.00948760593786004,0.0127533749303061,0.00715179814063991,0.00212492292335063,-0.00914527314005102,0.0264967241829286
-0.0152970254244892,-0.050164936263382,-0.0347581447045945,-0.0121812880365146,-0.0101465399835522,-0.0348841293617325,0.0131345384673672,-0.022828732395534,-0.025750796118212
0.0645299739448181,0.019859254891175,0.015054724870377,0.0150747285898937,0.00236456979244057,0.0618807545440129,6.35608710322586e-05,0.0187418526228946,0.0138985606857176
-0.0271626005240767,-0.0303495550716979,-0.0231780112614508,-0.00348811516869277,-0.0149472287425461,-0.0132523537700653,-0.0182056588271728,-0.0229880469868919,-0.0331558301972134
0.0575759487097153,0.0477607791859737,0.0484374519020732,0.00366246516993969,0.00954776182119632,0.0482184843770317,-0.0100099310499316,0.010783953975599,0.0139584582826924
-0.0504387674617977,0.0111132582478008,0.000218836152171577,-0.0176654399756254,0.00838697148417386,-0.0548824117463534,0.00200407391897046,-0.0135409696542788,-0.00805167676982601
0.0545690653036607,-0.007103708189239,-0.00443845352210257,0.00764951854892808,0.00485203364340048,0.0190699685615108,-0.00742335803289096,0.0202651859922842,0.0240080875741767
0.0315146474852045,0.0103209592589886,0.0149784155823786,-0.00989001044240855,0.00292917152355373,-0.0265067154765221,-0.0105889721660982,0.00538813734972343,0.00261256424147251
0.0094894697084472,0.0120604016160105,0.0358380474917019,0.0261704227572591,-0.00311499887196356,-0.00601919969549041,-0.0302594885547342,-0.00329598411061024,-0.00714721265887511
-0.0232456155610197,0.0229323172517002,-0.0145989139691852,0.0435820097608884,0.0204729284998741,-0.0222414690214967,0.0239436708798655,0.0154090934207426,0.0143429304472994
-0.0076751864400386,0.0429521803980717,-0.0120346387282535,-0.003101123859757,-0.00434206410270845,-0.0170942489574335,0.00333015549391243,0.0125377796868678,-0.0123049801810644
0.0353010391930391,0.0249969883619468,0.00297953823920956,0.0607337511171396,0.0132668982141687,0.0160268334960571,0.0395441159016979,0.0308560474533322,0.0165019812309029
-0.0233713566336263,0.00335891324231772,0.000464675059959544,0.00936582410441179,-0.0120257525758227,-0.028390735363758,-0.0152848710309466,-0.00481402582469342,-0.0114221777016634
0.0454926005244022,0.0743599876427953,0.0503601707121327,0.0529931001646864,0.0221853210793459,0.0273314905347663,0.00945455830528921,0.0221291384554274,0.0347881051803604
0.0263780263617688,0.0476657888911034,0.0487058002238286,0.0147071557837619,-0.00278446680366342,0.0176115929353805,0.00473645773476959,0.0101184226637894,0.00133574582741803
0.0327886139144886,-0.0277220496985621,0.0151797991310324,0.00947323955831778,-0.00325607936888342,0.0113597946078246,0.0185390653312405,0.00264323328125909,-0.00217921071045438
-0.0211587749623712,0.00738888297711789,-0.0121385977188999,0.00499974490061853,-0.00860138111272278,0.000648777927355218,-0.00196477271806147,-0.0127404303800505,-0.00745498349092985
-0.0514925764368947,0.00391874531717417,0.00502795519812631,0.011988543571089,-0.0128962547033606,-0.0752591466505792,0.00227788704957771,-0.0122418023777128,-0.012084696178923
-0.0762344168730245,0.00160548025606759,-0.0445848997228398,-0.0316779642872097,-0.0102612352102136,-0.0805706684753233,-0.00324213836925271,-0.00064896093897388,-0.0110711685477639
0.0149025032593525,-0.00975940061121648,0.0249887786415414,0.0518337050824161,-0.00524326581975899,0.015025183433734,0.00342124873783384,-0.000361646971178389,0.00661834150422884
0.0316783764818982,-0.00247471298214943,0.000178755643768047,0.0175032386844733,-0.0127614467558703,0.0254801487171391,-0.00650628350984969,-0.0228797039005839,-0.00989885743820687
0.0656995246059048,0.0473535252713903,0.0387128994531331,0.0166574380877753,0.00797714419363512,0.0388214383792503,0.00984574514501071,0.0122737010617126,0.0106033160489256
0.00981446870351746,-0.00550919786206133,0.00528434963589816,-0.00447878716392293,-0.0137830440876267,-0.0253682743999685,-0.00607591911390784,0.00381533384928812,-0.0102101533280441
0.00987073218146728,-0.000384378126873221,0.000670233772698687,0.000418556683508947,-0.00477553299347699,-0.0327918350719601,0.00831097925842625,-0.0251319312814848,-0.00819445737325055
-0.0380937170270231,-0.0451946180284291,-0.0330877260764192,-0.00859319159094199,0.00828493884930078,-0.0440280507628174,0.0088759834186345,-0.0109190159528825,-0.00161831027992094
0.00067518971449182,0.00206935996810675,0.0158892042084691,0.0115444634706567,0.0031277813376395,0.00187988297524871,-0.00564906912826294,-0.00367719946979219,0.00749999386221869
0.0254255866909112,-0.0339312580074531,-0.0218772328612717,-0.0111985791816881,-0.00247482827110158,0.0174340898559606,0.0046893685445724,-0.027285722748615,-0.00327039083772189
-0.000149519185288642,0.00978836461048667,-0.0178799169982353,-0.000759604771596637,-0.00537586732819408,0.0100059057813085,-0.00656910065344729,-0.00345078896918141,0.000417319431340693
-0.0322000081543059,-0.0424980748457093,0.0011724452926675,-0.00614324526190599,-0.0262727854331745,-0.0267323893012283,-0.0154764720340645,0.0104305244175002,-0.0215070006968794
0.0221950672107363,0.00439564000221463,0.0159024204379345,-0.000301513108192843,0.000876911928529334,-0.0124002292985881,-0.00403789764954122,0.0142542133983282,0.00600787117326226
-0.00427229394104723,0.028570290838982,0.0134164818709788,0.031883936869048,-0.00273891872374074,0.0219493893898693,-0.00847211315832818,0.00710525814622005,0.000409086990488227
0.0147196085642197,0.0170373923799081,-0.0251699871039423,0.00662516053998982,0.00211108825332974,0.0111428936649147,-0.00467077833965101,0.0132004391750052,0.00977142471451414
0.00632528747671527,0.0111130604919845,0.00664845087062792,0.013574830809097,0.00576318193436588,-0.0069565945477209,0.00682380800827867,0.00109873442136219,0.0096751977770494
0.0396775183655968,0.0311543413154894,0.00809989710606044,0.0458744277434894,0.0115146739445074,0.0584990859327082,0.0174678754153046,0.00463512961658883,0.0161117805143438
0.0503490778634833,0.0421089127439144,0.0271736596378982,0.0560486969067591,0.012423843206384,0.046158119247792,0.000804320962783084,-0.0156719067454738,0.0199261724122982
0.0725547545065157,0.0587689931045546,0.0458851769322378,0.051617757554732,0.00682934607749145,0.0730853725989863,0.0156787794410981,0.0169622101962933,0.0362895063005639
-0.032354453207551,-0.0286456980739365,-0.013256731253401,0.0324820392314871,-0.0124577992715004,0.0285468319315335,0.0216266557208517,0.0055436309364589,-0.0172837474795072
-0.012062790670849,-0.0116951597888042,-0.024164058224999,0.00365495283114293,0.0043628582629283,-0.0304730438438201,-0.0136222452577044,0.00379117230412562,-0.0135209325778247
0.102436151059494,-0.0302817901094583,0.016689850105188,0.00293360302084608,0.00470385718057418,-0.0278152853090645,0.0211889719535701,0.0145990421013559,0.0216194776429534
-0.0198586056884992,-0.00361776494760111,-0.0511179174656281,-0.0376155754993013,-0.0015274920598706,-0.00978911471147613,-0.00992250462407279,-0.0102659503512472,-0.0144782781707415
-0.0147687823578043,0.0363103088015478,0.00575181273661022,0.00781983017092326,0.000565566126640556,0.0227204114641743,0.00432155680345364,-0.000549367194750434,0.00427316891448915
0.00242391715883698,0.0107951704765629,0.0195164144988754,-0.00235801348248851,-0.00393095311712161,0.00932271745762984,0.000369284290415074,0.0124781658509527,0.00924147639424817
0.0938031195360439,0.0416337873051492,0.0309091480709461,0.020321209026942,0.0123168876208125,0.0745706488355529,0.0206992886420047,0.01969251832275,0.0287769049472255
-0.0384694241845268,-0.0184614865089512,-0.0109661517824386,0.0225385886903125,-0.00425726239655456,-0.0422910118879256,0.00902672491734048,0.0133465181989821,-0.00502087944986
-0.0800830862441527,-0.0261349884288592,-0.0392415744350781,-0.0389486158492792,-0.000846541869860326,-0.0740323732936795,-0.00246286928028625,-0.020274964624651,-0.00264771882653937
-0.00272998039704325,0.0101857359618706,0.0161219730835625,0.0390689030167376,0.00743312322495623,-0.0232899963344868,0.0122223914655575,0.0185592839239301,0.0138248740341077
0.0829983395301455,0.0202061129746925,0.0206379016440636,0.0318794418177342,0.00484602872834855,0.0538787763246827,0.00851701924903442,0.0380217064211872,0.0115693346980031
-0.0180844241807195,0.0219102437740132,-0.00174376522227841,0.00102246648654851,-0.00443247982088354,-0.0178400303918801,0.00119023890771399,-0.00010480010652799,-0.0135883173566926
0.0383156507890906,0.0136376137882124,0.0137046221952019,0.0276886120424202,-0.00871874985865063,0.0329294467477946,0.0110257507274951,0.00919826594265648,0.000185309096806322
-0.0653718068421373,-0.0419747264653465,-0.0531952748430119,-0.0339293851713726,5.22497764902112e-05,-0.0562931806848767,-0.0124796262868975,-0.0485511397046005,-0.00845130600134572
0.0357073975706474,0.0448887928112258,0.029988438013111,0.0208243617948329,0.0174334797876298,0.0279240757359628,0.0172079946687429,0.0173783687646003,0.0371031094257166
-0.00558607170536444,-0.00426076152193622,-0.00417510102136812,0.00359392126164808,-0.00673089186678062,0.0354272128560748,-0.000977324138803417,-0.00815883617146438,0.00558507769747328
0.0641731984438732,0.0371932815330027,0.0298697029556716,0.0124686194655027,0.00386269851846941,0.0209958746873345,0.000749409389135518,0.000942389810179127,0.0178065786490878
-0.00197919975573004,0.0226690209944417,0.0219291507763816,-0.00546940806199868,-0.0164752647073561,0.00614041175613959,-0.00191273533452273,0.00132151071902727,-0.0112026925737658
-0.0347443228303753,-0.0286724369469009,-0.0244008521054175,-0.0101577581428698,-0.00970055172352469,-0.0320411370863126,-0.0438052320494566,-0.038297840732472,-0.010129871893264
0.0213068963599737,0.000492575366758825,0.00638515465327797,0.0425734621122882,0.0132333098433124,-0.00215698660690939,0.00905479120351134,-0.00695021384035465,0.0228196535309422
-0.0276997145452439,-0.0106478685801995,-0.0131437755084016,-0.0079113810222695,0.00407471040200564,-0.0102413555225966,0.00358240133391187,0.0196053426943381,0.00250775821767266
-0.00644643333509266,-0.0182390682071901,0.0021796674656501,-0.0031764210011473,-0.0148529132869829,-0.00753805007784116,-0.0120793287262112,-0.00774406052902833,-0.0158207161282217
0.0347818198381165,0.0451193069342743,0.0107092576438933,0.0255298733045677,0.0223623004997137,0.0552655113902739,0.0203481060251476,0.0343497518287845,0.0372864181548934
-0.024730829255052,-0.0591110655103776,-0.0204330705587655,-0.04523129286636,0.00080526071533713,-0.0352921775303853,-0.00381742452435785,-0.0167020131663916,0.00470358582456896
-0.00343625964392293,-0.00845500561555498,-0.00248103293709999,-0.00127725602893581,-0.00867041618040837,-0.0167363213763503,-0.0163927513973666,-0.0404898079204634,-0.0517488811297866
-0.0275762771904808,0.0219052951416227,0.0140264591757764,0.0142313861837934,0.0208776558118499,-0.0279738439314976,-0.00636508193634127,0.00313309538252771,0.00113291463654261
0.0357598855177064,0.00188430193524001,-0.0015979303709277,0.0175224959287208,-0.0149729398202251,-0.00920802206848416,-0.00646125347222888,0.0119236861529512,-0.0136832665554474
-0.000884377377269573,0.00996893298872539,-0.00372725711967067,-0.0159275572885663,-0.0230715448002866,-0.000703170711255067,-0.00550654158022068,0.00041488250121363,-0.00896127934089229
-0.0273533577509459,-0.0117477738297808,-0.00747928070234584,-0.0130987937193621,-0.00390907517989642,-0.0149504488510367,-0.010774857443302,-0.0242699843355385,-0.0455730756505045
0.0108742029989835,-0.0369572037222762,-0.0358748958490156,-0.00927567562061947,-0.00181306585831277,0.0148223623136774,-0.0148495881513733,-0.0130660181742485,0.00229783802314944
-0.0357916870000923,-0.0256633843093129,-0.0123353652494918,-0.00909904872142032,-0.00572575496176412,-0.0386067856274319,0.00211741863889987,-0.0179807424656958,-0.0154871538388403
-0.0226971589765937,-0.0106977195212093,-0.0194380297729994,-0.00965720345552406,0.00497922566212412,0.00462140491495765,-0.00832448712211904,-0.0195800002928482,0.000544417645529167
0.00332893774508859,0.0187176657555098,0.0123096665974961,0.0195300449402238,0.00076488069864607,-0.0288916371533725,0.0171128742886627,-0.000514588170045157,0.00254417588658104
-0.0102747865141353,0.00868447621500882,0.0132378172548423,0.0258378245220167,0.000708977561906289,-0.0197745959910134,0.00218770835705513,0.0224609508933226,-0.00393548402647522
-0.0183992196455074,-0.017025442448416,-0.0332280461695579,-0.0158759625452105,0.00131601856776721,-0.039414396491201,-0.015210096528953,-0.0154267986773777,-0.00748491679451806
0.0177833991984952,-0.000251635295823651,-0.00326356987729243,0.0154523460870642,-0.00857511002886747,-0.00644993466087267,-0.0103761670240684,0.00727675684708602,-0.00741376343635027
0.0482524532822172,0.0157553576286668,0.00850158537026103,-0.00456379759317177,-0.0116766083601728,0.00405561297813876,-0.00283061968471291,0.00486492185538173,-0.0163544190908523
-0.00227421095224697,-0.0179779797595221,-0.00703804509174377,0.00410002429173843,0.0103733840919109,0.00569490619936475,0.00502307636778895,-0.000172189512584731,-0.00811544833724975
-0.0976187139056049,0.0114951956190905,-0.0420682350954983,-0.0552940083701161,-0.00644878269875821,-0.0760618124103448,-0.0244845804385664,-0.00665226461669144,-0.0100801374018563
0.00353153506388359,0.0274954144527221,0.0211619290203179,-0.0183050171427208,0.00988049163371036,0.0165245696690552,-0.0272231825672579,-0.0114890708196831,0.0172483537455268
-0.0204599687593514,-0.0283343900472446,-0.0130548643795717,0.00746692651626592,-0.0115732252548894,-0.00758742256414031,-0.0236680056917584,0.0078425235991527,-0.0149309177163497
-0.039138507850024,-0.0252457010020861,-0.031187148244844,0.0196213428843849,0.00745268677430162,-0.00773466624981387,0.0233247120113049,0.000914264422269814,0.0185930078779507
0.0794955424418007,0.0235425178174505,0.0384459381571173,0.044080289273531,0.00563827822491594,0.0269142783926285,0.00391684116852883,0.00277489827864613,0.026473517706795
-0.0083765870960272,-0.0239675490916582,-0.0150535278293822,-0.0151922010039914,0.00270738259030531,-0.00935689499675424,0.0251795752271499,-0.00195062763512591,0.00151397140626491
-0.0723613783961,-0.0267495466920103,-0.0178166600489858,-0.0362076957425323,0.00556419088344485,-0.0517896805801245,-0.01853165540044,-0.0286330230219486,0.000966295664103707
-0.0299971369940596,-0.0146834963132179,-0.0154734841483727,-0.0233560298960319,-0.00169439038417505,0.0156771279919589,-0.0136225094673047,-0.023077799250878,-0.00623427139048351
-0.0692060907276419,-0.0160649087135642,-0.0135911608611533,-0.0413305172308728,0.00172661798354317,-0.0698621505133021,-0.0120743687414584,-0.0160923339156717,-0.0065981474125624
-0.0187455128246579,0.0121862731522915,-0.00440832417272327,-0.0160729508891441,0.000852848227350954,-0.00234353734337392,0.0159969425387602,-0.00585768811737513,0.0130097930379786
-0.0413461228335918,-0.0202244456588823,-0.0284194759781432,-0.022143556015131,-0.0111110108536347,-0.100961454108879,-0.032760784867559,-0.00971871222078321,-0.0142157427020337
-0.00149981616973394,-0.024810704180794,-0.0406741000800402,0.00635753191738302,0.00138221632756895,0.00153632631775579,-0.00226186353108846,0.003999342118179,0.00283333368402004
-0.09408404583706,-0.0582278573000092,-0.0278403054152651,-0.0310917514603784,-0.0420714766258318,-0.0627809894376289,-0.0138209395411655,-0.0543985305174213,-0.0588297166190687
0.0623010997774077,0.0209935915032346,0.0045630873506242,0.0636660703022683,0.0111926554847053,0.0928163033818082,0.0110554394859141,0.0252031569015758,0.021734251655817
-0.0103855171553178,-0.0111038906676295,-0.0127893532704074,0.017237934526409,0.0215369970269016,-0.0073931851657559,0.00285652917249497,0.0111057865714845,0.0205810153681697
-0.0878391356245569,-0.0264657433657951,-0.0569342600608219,-0.0622016224713331,-0.00866062178338436,-0.060334412315716,-0.0110192279284128,-0.0335008118677294,-0.0133343203966587
-0.0418142244777482,0.0116646839264978,-0.0218351214263612,0.023711261768299,0.00519178532488596,-0.0054990161447112,-0.0121102372397581,0.00245123858048691,0.000765341389586622
-0.0621879140388742,0.0263007601492339,-0.0105388370432595,-0.0415586297111642,0.00865828518783393,-0.0663423237870352,0.015902794747975,-0.00852164499815647,0.0119445789093549
0.0182495302020048,0.0169149795960077,0.00812219907915089,0.0063197566624886,0.00582564033580263,-0.0102056272673558,0.0132743151350451,-0.00266337373023947,-0.00634331258832888
-0.0606148713335146,0.0123008092926887,-0.0400244999521045,-0.00906186397831127,-0.00339786446332202,-0.0752615436375255,-0.00396275121064299,0.0136055942188266,0.00377166732450435
0.0314434286241314,0.00713725592341911,0.00190354854665132,0.0230901587175427,0.00369298753812263,0.0473864002969885,0.00444871140188853,-0.00357715425140355,0.0123885404057981
0.0452861667085459,0.0303476970202828,0.0219426023707542,0.00600734195761533,0.0186975875198751,0.0549179543027906,0.0189284713830649,0.0160976927300383,0.0183622053446817
0.0149529191248232,0.00559999786309728,0.00525632571690524,0.0162199053838447,0.0100208189280449,-0.0126813789337677,-0.00696640174931888,-0.00369395348876372,0.000273464474222838
0.037320278753991,0.0435218837342768,0.0105869959914175,-0.00186907870223116,-0.00203906006172257,0.0346931606228491,-0.00686222926685826,0.0136094966282884,0.0111865899169227
0.0429753969425101,0.0242721245036751,0.0173809741627407,-0.00404466793067681,0.00618049567752612,0.00669313292303055,0.00223718406964182,0.0166526604374239,-8.34003715042373e-05
0.0205891582734074,0.0246719791275071,-0.00435634050002186,0.00735308036668091,0.00695434655584394,0.0389582887433423,0.00360982216277799,0.0360046501211873,0.00104751808841199
-0.0424250496211588,-0.0350209736830331,-0.0104855509606531,-0.0769803935282893,0.00674967808720757,-0.0603511554203024,-0.00392714948784038,-0.0107817558732921,-0.00239670179635198
0.00197951648314117,0.0217854386818957,0.000432987665939201,0.00205580986352918,0.0127597890487579,0.0127865983511809,0.0242652546797259,0.00883508955419873,0.0300408277811947
-0.0422341630744763,-0.00750943420304485,-0.00105237980190646,-0.00865132902503973,-0.00176128386186649,-0.00735875654432541,0.00282473418485611,-0.00834448217600622,-0.0266300839142875
-0.00244081277235863,-0.0128543449036317,-0.00537615178478186,0.023096475843771,-0.00257809846720368,-0.0077620740281804,0.00600223802762936,0.00203712950469628,0.00213940775033171
-0.0573864340483327,0.00257429662205111,-0.0366653011742117,-0.0318519115860878,0.00149940688121931,-0.0178102249796301,0.0101764266728608,-0.0144557296501456,-0.00614834626856542
0.0467128132434795,0.00537458030805566,-0.000590705723825782,0.036148605307007,0.00140195293791038,0.029760950455378,0.0116109930374658,0.00809559139773381,0.000926214192182029
0.0192810520711963,-0.0106143587744736,0.0321609438691744,0.00501937756785609,0.00647113220820716,0.00751832853736227,0.00506712024163322,0.0104076049558517,0.0116830403232734
-0.025812280767426,-0.00306612566913562,0.00996625052493103,-0.002933506781772,0.00841290799587265,-0.0110889988193431,-0.00113331586775848,-0.0149499361315897,0.00759929626532539
-0.00879173132497196,-0.0280442118510866,-0.00890873037317856,0.0215935731937121,-0.0130972203934407,-0.00952408416918484,-0.0123043039584052,0.0025940822425248,-0.0146043478632419
-0.158220960807338,-0.0595908570354155,-0.0480302374129896,-0.0810899329830783,-0.0126865659237442,-0.135806712676776,-0.00561541832285019,-0.0248953649201415,-0.0268359982896913
0.0605320171551489,0.010886542013416,0.0117478696964675,-0.00442602022244884,-0.0153618136843094,0.0114284206637855,-0.00560944439683744,-0.00946673726400558,-0.00479926037477391
-0.0474824989156463,-0.00983264668399561,-0.0244920749002808,-0.0262105672722025,0.000601463582666309,-0.0787809111275805,-0.00488943933796684,0.0189645645304901,-0.00497590083700732
0.0085781906167381,-0.0269161915737418,-0.0292907049586405,0.00252485642700117,-0.00119190717430018,0.0098129304093711,-0.00157720564842865,-0.0184110389746278,-0.0205487037436024
-0.024552078678797,0.0158943485639368,-0.010987643141894,-0.00717060630224176,0.00381754044245363,-0.0415930966043408,0.00480038679571066,0.00103082488129727,0.00730076408766463
0.141485244632921,0.00284258445109566,0.00516255979994347,0.00956590663019905,0.0154553007135598,0.0517007096926315,-0.00336251845085639,0.00804336184408901,0.0116305036850354
0.00316558703208408,-0.014678846659022,-0.021674240510256,-0.00994632515413535,-0.00284837454912417,-0.00384653319897721,0.00275334978818922,0.0184809397454944,-0.00347838392229536
-0.0177619868104409,-0.00171560798733881,-3.59564065250837e-06,-0.037504408485664,-0.0109765022882314,-0.0572192137045814,-0.0289662522390511,-0.00035848540759937,-0.00826882518202601
-0.0686716789015583,-0.0230510326513142,-0.0276487886073071,-0.0157372437674179,-0.016871493286864,-0.0828631106915816,-0.0261639873194465,-0.0205748230826395,-0.033801043793266
-0.0543134964794336,0.0115248364161327,-0.0242392297293977,-0.028828209602475,-0.00131500288688286,-0.0410275197595835,0.0137835843687763,0.00523274964633683,0.000583309800271695
0.129456157931039,0.0246312579071999,0.0442861792505047,0.0104770410202074,-0.00218357919426245,0.000732544717290115,-0.0208039608896256,-0.00125433535305672,-0.00177222758831325
0.0764490938736248,0.073549404110924,0.0455360411243098,0.0627430189038706,0.00636896377672721,0.0436918460003349,0.010354217664718,0.0246506804424634,0.0328698429573135
0.0799078669539817,0.0271710855578916,0.0307739587067548,0.0463063815927591,0.0169828635678702,0.0605851940013546,0.0174795202942155,0.0222296702571942,0.00988481648780886
-0.0786993210023716,-0.0133607248598218,-0.0295520759605286,-0.0404650815845937,-0.00170937520374527,-0.0900627499797585,-0.0193193453346167,-0.00747559673983242,-0.00738589869082968
0.0269632808780885,-0.015658951603293,-0.017618956560588,0.0226426659410271,0.00263046845004193,0.0214830196687948,0.00846802463305048,1.14832412477505e-05,0.0142361357306105
0.0110811976255574,-0.00453499530458612,-0.00695438565800425,0.00611424335023119,0.00559153685455476,0.034722966215091,-9.76410667640873e-05,0.0132715391316531,0.0072164189285212
0.00872704676628373,-0.000744140810158722,0.00968838678732896,0.0156817405589647,-0.0148583622096986,-0.00666927587936254,-0.00903016823174538,-0.0165948701007337,-0.0106104318427264
0.0276620391603007,0.00650527893427474,-0.00380258339395144,-0.0133237327379655,-0.0134883872501762,0.0112811425148751,-0.00272224574591175,-0.000999872167407003,-0.0239480287385655
-0.0087321795113589,-0.0440655782554957,-0.0274981094045518,0.00275742293707202,0.00586925006038717,0.00856752485874463,-0.00783309288379046,-0.0124284523754999,-0.000200071508147162
-0.00674073397952094,-0.0228907496934078,-0.0272596622085473,-0.0103151680428608,0.00617926396275672,0.0276816247335357,-0.00274608600554767,0.00274338721179907,0.0117362118136902
-0.0085547293474253,0.0132291875707631,0.0208146237648686,0.0173163891939408,-0.00430656039562724,0.029591294202482,0.00868345522146343,-0.0215505755515281,0.012041262884616
0.0068944042894142,0.0201100179435066,0.0101071927552696,-0.0117002965783014,-0.00961542793204345,0.00972398453407696,-0.0137713666574301,0.021956206266559,-0.00423446476051984
-0.0121519282983727,0.00570622257543681,-0.0199623994864948,0.00266766798906453,0.00149048615987552,-0.0311130947184704,-0.00594992096144589,0.0166962859190038,-0.00486499489989179
0.0775444977874419,0.0380179405054515,0.0318848823760306,0.0372198278850055,-0.00235429205861733,0.072336030038045,0.0105620118139066,0.00738157687665112,0.00536039686058391
-0.0036317665826026,-0.0054724550435098,0.00984657719521453,-0.0128860545992204,-3.4109096565703e-05,-0.0482598733715859,-0.0157325415874869,-0.0211564701809771,-0.0117673672929835
-0.0548943451271742,-0.016049662813123,-0.0125163337298138,-0.0210016793447661,-0.00529356152401205,-0.0435854307358373,0.00658814329699573,-0.00817405542503997,-0.000478332485802951
0.0243101444409277,-0.00303412016157934,-0.0110718424249247,0.00622054751146063,0.0222339154118915,0.033760140619408,0.00803545288359696,-0.000942535163476312,0.0323080285785163
0.0706429945008838,0.00756056567772628,0.0152702097061317,0.0203512905981303,0.00362178750860847,0.0447926463160343,0.0063429367973977,0.0338163658146775,0.0193011182887864
-0.0122365638436355,0.00322489192072871,-0.0153376714778172,0.00188877779855893,-0.00609176735368327,-0.0421070520200505,0.00408750739485649,0.00566308022327713,-0.0114207457724615
-0.0239876077115978,0.0273355339692948,-0.0164623891898732,-0.0103884209233253,0.00684267266536656,-0.0103692075775973,-0.000261892340926338,-0.00390839757335094,-0.0023970268315692
0.0382382939871536,0.0278702712911483,0.020242451301837,0.0237481093848916,0.00471395857370857,0.0614631146900411,-0.00428169990208116,0.018547334468911,-0.000394493973287952
0.0977133055265844,0.0204227783967391,0.0240484312275265,0.00855847216069926,0.00307941660018746,0.137422701508146,-0.00179194556101548,0.00541537199408966,0.00857872492511837
-0.00668039062642546,-0.0121619418135267,-0.0154042029751763,-0.00958473398980641,-0.00444341965885921,-0.00739454013709244,-0.00814927254904207,-0.0156914785280545,-0.0150678411569641
0.0677103167493854,0.0456011301330171,0.0280463733725917,0.00435216008322129,0.000814819548194611,0.0674066234956765,0.0152316888024167,0.0378301982049263,0.0184951162579144
-0.0542458307275407,-0.0132543562976098,-0.0170301440254086,-0.00923268408379461,-0.000844379664073656,-0.056634653605796,-0.0035720499073511,-0.0144277618817727,-0.0121004002673543
0.0272434915702936,0.00173849097141135,0.0211782408763375,0.0354817011905568,-0.00503905543887556,0.0114574899795326,0.00265785042644782,-0.00579936364015491,0.00226073052233689
0.028477788147306,0.00261470117528099,0.0059602474830581,-0.00286289015518747,0.00403535503025551,0.0218335133215805,0.00246551064416872,0.00327472506715023,-0.0126442855850609
0.0175906216154995,0.0181027623904309,0.0153527159007409,-0.00868924432095746,-0.00321304570540893,-0.0112206192769378,0.00720526435424785,-0.0118918285349952,-0.00414584168136084
0.0207346179516228,0.00185966809913975,0.0110944853486958,-0.00685531631982587,0.0100331254205989,-0.0761032623940834,0.00907091426151755,0.00378950858531527,0.00737847354945479
-0.0212387845995805,-0.00858176440655867,-0.00379417532282288,0.021282960261079,-0.0168622048966115,-0.0261602073896066,-0.0183602271785372,0.0022028709140359,-0.0303677126578913
0.0322955422959726,0.0216582359583836,0.0216834762196223,0.0100748677911893,0.0148821653780115,0.0129636218051078,0.00453273141496572,0.0070318980021289,0.0143474894184087
0.0386260170154701,0.0104525846394059,0.0205085312667716,0.0377920421867792,0.0101113650628344,0.0437608938957356,0.0059638106946274,0.0138905243369601,0.0322168091885447
0.0393267417946134,0.0380690964216656,-0.00721376574371737,0.0392633574188461,0.0274811644569956,-0.027849269011356,0.0304687508246258,0.0655189856319638,0.0691167168813322
-0.0892330657049444,-0.00197592372921123,-0.0360624146419879,-0.0180323397251231,0.000310407217170586,-0.055892711501061,0.0079434610204964,-0.00875786227239965,-0.0251029111751888
0.0358031498821284,-0.0137488970241774,-0.00214982597743595,0.0234801863279614,0.00739751685401259,0.0310716150499576,0.00754076171186598,-0.0081463183583046,0.0131516993402247
-0.0404907085496495,-0.00536118198231588,0.0103384003393649,-0.011874870325517,-0.0102285674844191,-0.0489091224455819,-0.00345419429761948,0.0123682695998332,-0.00802823260903647
-0.00745634996441807,-0.0357362008644312,-0.0100589068051014,-0.018068643530817,-0.00814016822129676,-0.022224849101669,-0.0082221675460698,-0.00271689181195796,-0.0124680522748145
0.0496558248354777,-0.0143440862257009,-0.00517877288347172,0.00606307951024728,0.00256967890842245,0.0239999112634934,-0.00928290655284371,0.0166669915776865,0.00321596865865085
-0.0190209189714316,-0.00637463860466741,-0.0124848068547198,-0.012700454440165,-0.0173533943371974,-0.0418262811102621,-0.00128338661941943,-0.00732759840730986,-0.0210531904484913
-0.0841747496790945,-0.0427265666042848,-0.0343740379950685,-0.0487723004371574,-0.00715709625162806,-0.0462751133469926,-0.0160728151659617,-0.0234285823906338,-0.0157488259193479
0.000635161851638135,0.00776861515336121,0.00629948177236199,0.0126698090698059,-0.0027404606977879,-0.0205930243545009,0.00504262816386209,0.00375866581603296,0.0015465070548851
-0.00137632723674942,0.0117374556947798,0.00207307424451501,-0.0208963868938313,0.00231000838651698,-0.00660279495320546,-0.00934289309610132,-0.00590876933845901,-0.00358524317276967
-0.0723146177438823,-0.0171575363598112,-0.01808264247663,-0.0422543518020124,-0.0230823010278262,-0.0776353742422624,-0.00328458304654002,-0.0310555848311297,-0.0205326244810874
-0.00257730554638041,-0.015629853962299,-0.0293116106292414,0.0160995751585324,0.00277555436968892,-0.0294475931589943,0.0206791909151518,-0.00532830365797141,-0.0144165359162338
0.0116089267363887,0.00474125298757209,-0.0235854168183921,-0.0192792661386798,-0.00161046569746347,-0.00937473310458898,-7.39088360667035e-05,0.0141114870064676,0.0137526976296637
0.0195739553618488,-0.0140541319317412,-0.0103762447776778,-0.00574680216921014,0.0120272880304182,-0.00263827412047652,0.0189759844861032,-0.0129089114400192,0.024282751319585
0.00358662112688696,0.0242874533447552,0.0132470961986783,-0.000177418484310578,0.0126846001234686,-0.000846826244860706,-0.00652957474977825,-0.0071540362682307,0.0200669850294874
0.0153271256503318,0.00690139266787431,0.0119330539943676,-0.0109935616207473,0.0079793975117374,0.0218754156997939,0.00193472446498403,0.00924402039946167,0.0101900973611486
0.0436432781204873,-0.0165062608294133,0.00528642368757916,0.0285391594751577,0.0144219748909006,0.00892909139736503,0.00691455956075634,0.0197152803896584,0.01027878022954
-0.095660022555678,-0.0685777571521514,-0.0424735424159826,-0.0619524702672259,0.00944626472451773,-0.085686676934001,-0.00694733174765452,-0.0228217701787598,-0.00657901505246946
-0.0844435689385463,-0.0193726924885399,-0.0397425887905323,-0.0393347527091989,-0.0293307269918766,-0.0556409862092486,-0.0204021218458309,-0.0215153329932914,-0.0271657603499479
-0.0555837175255298,-0.00942231821354056,-0.0183327737639327,-0.0315457765386983,-0.0207088824624713,-0.0312659360795639,-0.0200873257098441,-0.0527518965597135,-0.0206615955723551
-0.00686217247123954,-0.0301547977274904,-0.0343354601897553,0.00446351691673685,-0.0140846199936641,0.0021854274137002,-0.0149051125682937,-0.0121645598950997,-0.0155177995526018
0.115743536497862,-0.0158154473124427,0.0125189749721038,0.0338245174617605,0.00611649614600109,0.0815942916638763,0.0364269418520612,0.025077980764372,0.0153845497957273
-0.112288514120585,0.000875593336214089,-0.0374974474815379,-0.0370928004825384,-0.0127386290735568,-0.07928142472119,-0.0264823798442303,-0.0327433247155227,-0.0143847287350132
-0.0201807852185863,-0.0122464352110167,-0.0334945670942907,-0.0300281131550369,-0.0118549171667759,-0.0171982521867669,-0.0138923448910789,0.0022709918280138,-0.00145071765286682
0.0185479576519835,-0.0356315732269637,-0.0388826646579177,0.00500545285026164,0.00808539678666748,0.014726356025495,-0.0145344377989594,-0.0195976458271941,-0.00212553054309002
-0.0372123012022037,0.00313566197611047,-0.00688754397545909,-0.00162781098898296,-0.00311045461853271,-0.0181593346883863,0.00147249497641764,0.000313424251827915,0.00527019248151008
0.0357126410249031,0.0228954206757983,0.0294511152307421,0.00261006756504289,0.00263254414604387,0.0137614361328562,-0.00522863325263425,-0.0175485476211215,-0.00361703009237038
-0.00758195588318645,0.0247277098550693,0.0296534119762841,0.0199888812328646,0.00358971958698569,-0.016465085223812,0.0135010198701957,0.00351718747216948,0.00897444373539476
0.064298114101145,0.038018946113645,0.0242367777196437,0.0922211763181009,0.0155567124222841,0.0834537741938371,0.0303114448557892,0.063349864001549,0.0306626123330642
-0.0902474025822324,-0.0660731890321847,-0.0633808637482879,-0.0512156538059968,-0.0172772919367001,-0.060923075917422,-0.0151642470290482,-0.0177079091299825,-0.0278973882824841
0.0330190006935303,0.0336734477076261,0.0177609636226728,0.0284236299127686,-0.000924076243112376,-0.00489472320672538,-0.00230737020371867,0.00800938393538637,-0.006011951265532
-0.0637707510516353,-0.0221164719925664,-0.0460106620346736,-0.0434197846703013,-0.0032114730260349,-0.0422208384869819,-0.0237021774368582,-0.00845977548149731,-0.00207896569248374
-0.039880570145027,-0.00287619656750553,0.000455134295261751,-0.0197344840528079,-0.00228095146094841,-0.0505447741870314,-0.00739883001151367,0.0119981018581923,0.00609840512707599
0.0326217594701194,0.0219837094632057,-0.000845302973079897,0.0359831256657924,0.0108359252816482,0.010010677165465,0.0319984279840662,0.0226892017634686,0.0416605415286006
-0.0338004450288681,-0.0162101662479289,-0.0317588940111449,-0.0180771301641159,-0.00927473856378291,-0.0248598189506732,-0.014548826067834,-0.0108814423801125,-0.00279323809336127
0.00209747958791791,0.0136596659680594,-0.00372584150444905,0.0359414432126907,0.00252841737708408,0.0399369628055859,0.0133960634449211,0.0268222264872871,0.0246342276102118
-0.0778691488799428,-0.0420527778615153,-0.0649124251871,-0.0589473697089907,0.00289271441514963,-0.0809266053029469,-0.00128208640864851,-0.00929436210014056,-0.00387790467068811
0.0448354433537919,0.0548609104078816,0.0563500485626803,0.0538504599327101,0.015002680529277,0.0474951109077562,0.000882316244729522,0.00635456148052944,0.0371897267574695
-0.0375490716401859,0.00352063794426354,-0.0269953599777957,0.011121524052375,0.000235956282051519,-0.0260695910753221,-0.00567731795442074,-0.00486533683203607,0.00130917831108205
0.142829756908755,0.0647735337063836,0.0638514778564579,0.0617227974485842,-0.00406323354177862,0.106768563449469,0.0254451278432991,0.0181924086217876,0.0213387398115231
0.0423669455577307,0.00700222359543884,0.00603466710384598,0.0245350710927405,0.00829585619971221,0.0225985725281777,-0.0156441329025029,0.016043680689102,0.00642023717602993
-0.0472842135882684,-0.0443486740166909,-0.0505293878549482,-0.00564728934033121,0.00728930180248272,-0.00381909429768249,0.00843444303151934,-0.0177639430521502,0.00503016678205814
-0.0242169082733914,-0.0263773086270572,-0.0431255060378732,0.00796881523066112,-0.00772018033086948,-0.034511348889174,-0.0130245819682826,-0.00379459696671551,0.00250807506219988
0.012140955012991,0.0337059752932884,0.00745813516840848,-0.0217571972592048,-0.00631733244671051,0.0184507298880285,-0.0033962962141962,0.00478434955069995,-0.00264555370644468
-0.0152628310913984,-0.0249659731519273,-0.0460240700605366,-0.00457471338204841,-0.00641105318693869,-0.0336607797809132,0.00521160753171741,0.021451968787031,-0.00806610748750426
-0.043813546092878,0.0241017734099698,0.00103550462696302,-0.000109703712278126,-0.00141921057257704,-0.0272027647303923,-0.000902961620523032,-0.00136724932684484,0.00233662112361931
-0.0133447525134416,0.00476916275199323,-0.00318564269816699,0.00696555492358905,0.0112226873665794,-0.0193957527311114,0.0127075170464807,0.00893140893058836,0.0136964654232142
0.0299439754004521,-0.0282036508162976,-0.0260850120268245,-0.00100957271527804,-0.00489073696291062,0.0306877944525238,-0.0100708533015143,0.011710388049803,-0.00554974955438001
0.0118009692954865,0.0258547204656782,-0.00797645276424841,0.00904507470985806,0.00288758873468284,0.00951615759084014,0.0154065257860227,0.0244254078610623,0.0178511547783027
0.0289590208264038,0.0106351327601225,0.0122708494407585,0.0147104909356082,0.000100055167054007,0.00948482703075906,0.00160639884430586,-0.013730767268127,0.00463341375479335
0.0106188202385161,0.0134257901040957,0.008463466078709,0.0306993863273041,0.0187206487457931,0.034969825733366,0.00412745929345121,0.0545482200175336,0.0308333637738605
0.0125934070414873,0.00595898770048274,0.00506465806678407,0.077412729448454,0.0176248470573671,-0.0195951731539805,0.0289276296875447,0.0354917932383038,0.0190667267676705
0.0149303660545004,0.017621895631759,-0.00713447179958789,-0.0226817432342518,-0.0122360688563874,0.00891986566589512,-0.0395838104998671,-0.0113923200325514,0.00465919049659705
-0.0146628668369314,0.00419502119053824,0.00503984232594099,0.0133465482964742,-0.0157811641494436,-0.0173226852170373,0.0119543408127842,0.0100201926610437,-0.0131164103269084
-0.0157841524221167,-0.0179911823646046,0.00325472981705027,-0.00443219959530169,-0.0173144594772931,-0.0341963121596928,-0.0169498514476836,-0.00613985059747397,-0.0220845429931478
0.00322448586908891,-0.00893650632398712,-0.00211909968702907,-0.00684824697717475,-0.00376137302389281,0.00614621937971173,-0.000752564140659058,-0.00338229206303172,-0.0135426517533102
-0.0729964795050387,-0.015971036996023,-0.0322157680543203,-0.0160959437113146,-0.00561482997054031,-0.0571022077314918,-0.00189391718446088,-0.0192724049141515,-0.0192680310654558
0.0200074345566235,-0.0140800935447792,0.004836030732071,0.0145636970964736,0.00450089582978614,0.0167070402638079,0.015546138651432,-0.00486883901454197,0.0139986945837332
-0.00103801709036659,-0.0224013951597277,0.00994524518054987,0.00130496690736122,-0.0047465059016785,0.00818613329639988,-0.00188142250029741,-0.00137410543744312,-0.0185446471206853
-0.0975065097569719,0.0215812123974313,-0.0602883727571929,-0.050622973827641,-0.00332530396785946,-0.0411205723973785,-0.0173569661013737,-0.025792818138847,-0.00345235429454431
0.0187949703848244,-0.00641531670703037,-0.0163711404416319,-0.0230117795697137,-0.0144207548803029,-0.021496137558629,-0.0092651183480716,0.0178257137996037,0.00719388232274393
-0.0638781740541507,-0.0422349122280576,-0.0202504659803443,-0.0605142144279771,-0.00633889821586751,-0.117236989085238,-0.00753516092646739,-0.0183475898756039,-0.0200705882459009
-0.0139150738244956,-0.00354185696465961,-0.0107368897680279,0.015661475138929,0.00467127011208378,0.0233196087967325,0.0091421597748152,-0.00225584018512855,-0.000431533444400037
0.0205167283794679,0.0233582051259046,0.0197943699798573,-0.0119037731152505,-0.00401571493399993,-0.00355666186664814,-0.00281992316526114,-0.00411797932160997,0.00632734895652208
0.00747241406783112,-0.00884797774560563,-0.0117661330090464,-0.0113205459984263,-0.0152128561870386,-0.0167355758027863,-0.034616485524463,0.0031971206255744,-0.0186158368459642
0.0926658337777653,0.0428321715061649,0.0512875783438888,0.022439645181997,0.00549469880731097,0.0781165395116323,0.021497446383502,0.0214562225690825,0.0181410665112455
0.0283490417833859,0.0143895841874462,0.00472604876668339,0.00757608123782832,-0.00824604348755692,0.00503650475538464,0.00137614998567203,0.0247496180533348,0.00579829578197068
0.0655082987719549,0.0403084292201432,0.0520318870524832,-0.0136158284418182,0.00890110191961587,0.0385969002595274,0.0163322708476306,0.00264465697417936,0.00869153535233716
-0.029060391951553,-0.00301464122445183,0.000985378847590492,-0.0169727991338466,0.00682253576309034,0.0104375122228864,0.0169028256502059,3.18032220830597e-05,-0.00748306171141606
0.0172075723088201,0.0105323150458298,-0.0203223642007373,-0.0140543864249742,0.0009683360021457,0.00304912189530511,-0.019806313221854,0.0163338356244373,-0.000382024545442312
-0.0490362019641131,0.00720010395934314,0.0018549531919856,0.011834604921692,0.0104094752086882,-0.0260957108215923,0.00345360054987608,0.0182713316875928,-0.0132440593670222
0.0101199390625002,0.00273013778453031,-0.00461116051362598,-0.0083130771374202,0.00139145212346699,0.0108811416320636,0.000648090609036474,0.00734514827742504,-0.00666940568073475
-0.0853178651316135,-0.0027923310323782,-0.0345727057529319,-0.0320019653269788,0.003155605686701,-0.07610693789577,0.00128777659114477,-0.0163357440251506,-0.0197291667342001
-0.0056082754636016,-0.00139351348660364,-0.00676633312991984,-0.00963639105116331,-0.0191023391830294,-0.0195362443100964,-0.00352924235007428,0.00266727811780415,-0.00387268060829809
-0.0244022803155727,-0.03574589126992,-0.0132645148551246,-0.0394100872258631,-0.00100782679606596,-0.0306949106390563,-0.00846608804268464,-0.0441390155049294,-0.0239255306784688
-0.0588208137056932,0.00289791139487883,-0.0333662488592097,-0.0192936617385516,-0.00643511370392305,-0.0730698476044002,-0.0105931460935979,-0.011640817767933,-0.004794082665782
0.0418214120674178,-0.0103926362457782,-0.0206799026182513,0.00336650420801084,-0.0163444701713909,0.0263996829682877,-0.0198578316012706,-0.0177920741010861,-0.0111612531788067
-0.00826543770100544,-0.00158084719983466,-0.0318716698245056,0.0162733984705699,-0.00806121547831164,-0.0192814090442032,0.000978583597848745,-0.00187392631701844,-0.00508873390938972
0.0279935005044663,-0.023097235761314,-0.00147142014694758,0.0327713066484732,0.00399174605631867,0.045597887118991,0.0104338005568158,0.00370824254830846,0.00391294833223983
-0.0436382783670554,-0.00473300107717006,-0.0125149337818246,-0.0269174667073051,-0.00718942005113701,-0.0413360176528168,-0.0230726652358984,-0.00556276093188549,-0.0097330754721377
-0.0317834014608937,-0.0174861864829723,-0.0329414394945393,-0.00530539992271781,-0.01064562996426,0.0182049772961036,-0.00375743445685361,-0.0111417203654274,-0.0159872031618804
0.0614186192710045,-0.0069305464214223,0.0122410070104061,0.0223054712458418,0.00886061946462962,0.0647947249821536,-0.00189689338969266,-0.000428769770147284,0.009754439740743
-0.0658595014689753,-0.0297338598792694,-0.0344916529377358,-0.0358141339075209,0.0060825911786067,-0.0541795200902083,0.0220852931455873,0.0090585710277624,0.0105840387167705
-0.0614006135677688,-0.000527099695517629,0.00272411509685407,-0.0324480076057798,0.0145695477052618,-0.0706419737958861,-0.0289282506111823,-0.0179264508828714,-0.00686326173161887
0.0050784477971709,-0.00926640972053076,-0.0131856814730591,0.00671089754400711,0.00911947142020099,-0.033446201261012,0.011778149851569,0.0321769864964802,0.00716892361905626
-0.0103165515073507,-0.017002171552038,-0.018106781588166,-0.0237083865789895,-0.00734609472470837,0.00470332758639301,-0.00799972526816213,-0.0043570815101257,-0.0125865774609495
-0.0974599995120908,-0.0387154509684027,-0.023846278857252,0.0204651441827645,-0.0161129870113022,-0.0753425016324849,-0.0310153107848982,0.00521249643166143,-0.0219164227072882
0.0057453943388142,0.0206208110739408,-0.0173407041789499,-0.0205442961375055,0.0079487028353547,-0.00540727768916829,-0.000601081291521704,0.00894160695167881,0.00509998922440257
-0.104425743251367,-0.0625766504984428,-0.053143667933487,-0.060348016727322,-0.0148764795429609,-0.0995025868706119,-0.0229319724917071,-0.0222067917241031,-0.0164300284952053
0.0175155356522153,-0.00636843854437031,0.00958086947578216,0.0166942563344074,0.000809055206807087,0.0357664895247598,0.00478794376805191,0.00570706015728698,0.000799613295725546
0.00239307895732885,-0.00621194171459451,-0.0406536543299313,-0.0229494925202582,0.00105236690986246,-0.0401082631697645,-0.00869557225409313,0.00392560742413606,-0.00367663483771879
-0.044348311698711,0.00855595667284258,-0.028844074248269,-0.0411785244223894,-0.00317697302072475,-0.08729916428411,0.00596863720512069,-0.00987236871874116,-0.0118414142934225
-0.0244683640251478,-0.0108645555946609,0.00734149011846568,0.0260155020835061,0.00296180812623211,0.00999861162848439,-0.00545144088974434,0.00628249605815932,0.00669571713393824
-0.0233933293821758,0.0091807260549569,0.00911590992212759,0.0239368507755882,0.00353601425525143,0.0154709262604995,0.0166183685962678,0.0110166059657928,0.00454283668056213
0.0514510576385731,0.0156402217017207,0.0122863546235277,0.0302735664034575,0.0142104533222138,0.0369317298059112,0.0275761378364622,0.0238966748498531,0.0213871571395255
-0.0252755798706399,-0.0149670796783878,-0.00022552091777456,-0.018710397290069,0.00192699648948868,-0.00695901389956978,0.00684711280443338,-0.00349515278677728,-0.0170307079267829
0.0233120635826523,0.0170025271219422,0.0209313880674103,0.0104713926225622,-7.40132204381674e-05,0.0191128074638482,0.0078677142500541,0.00156511288126899,0.0116012956794331
0.00490113497952596,0.00298507853180066,0.0116178265692311,-0.00760501900771995,4.28279086050183e-05,0.0226083972812895,-0.00690732554420132,-0.00704444367503771,-0.000840646301803766
0.0214219339032918,0.012800182790977,-0.00389371457269801,-0.000259867951049114,0.00325156964739491,0.00185850254852081,-0.0146274964142804,0.00341409637083819,-0.000703803312803497
0.0372895344794945,-0.0114139041727918,0.00382899163311235,0.00257291185443535,0.00193701614058325,0.0437931439422733,0.00377381535154949,-0.0225102493179651,-0.00464697244381992
-0.0235177475442859,0.00558466089187424,-0.010896859517891,-0.0187049430711671,0.00217629649583448,-0.0294605836487741,0.00300391054091595,0.00682778102004491,0.00363774095296337
0.0199273237620423,0.0140510694342521,-0.00333340486663514,0.00223305302783625,0.00898622029975189,0.0147025663583568,-0.00250625945975738,0.00851606857580709,0.0136062356217581
-0.0292341637408151,-0.00216318392301583,-0.0292373287163195,0.000389961243489945,-0.00409118236731374,-0.0351198979247274,-0.00213594696238649,0.0203118036576806,-0.0079289937777415
-0.0236329149905898,-0.0127660944342277,-0.00718067158584617,-0.00575031145853734,-0.00564640471470217,-0.0308707683590416,0.00332804860624551,-0.00182542675517826,-0.00634886323417724
-0.020925626860567,0.0146115651756536,0.00228326457496114,0.0125635045544005,0.00834729772716408,-0.0187638370387862,-0.00275741044629549,-0.00237196962422374,0.00900924249368593
0.0300211636774799,0.0244621285041065,0.0143708918100133,0.0591281851024965,0.0169152147582661,0.0587776881406194,0.0135228229407575,0.0390783256958863,0.00958508456456139
0.0503887131195619,0.0383885966400718,0.0331589632120508,0.0321893068572896,0.00127805939744119,0.0317309691325042,0.00175091360695809,-0.00279603680872397,0.0283073601363126
0.0183842092766512,0.0152469625276569,0.018784740858961,0.0218634636210506,0.0060392877659291,0.0150317381952581,-0.00271150447748705,0.0273413347545778,0.0162862324356247
-0.0280906074301044,-0.00194529315700628,0.0177772807452121,-0.016148446654612,0.00424637658143461,-0.0702499440212856,-0.00218673752788973,-0.0107660301903819,-0.00630741378665797
0.00839455082843623,0.00726908120075272,-0.00555234910674124,0.0242699575126567,0.00395156558084507,-0.00908344252084177,0.0141666484648036,-0.0215221747510906,0.000554216694820347
-0.108082264662183,-0.037248857438552,-0.0297556118531434,-0.0754435287702491,0.00120373925050068,-0.107260768488678,-0.00743695528254669,-0.0219574894937141,-0.0194118919955075
0.0188667470628191,-0.0131417567988212,-0.00116428752361968,-0.00718558916343232,-0.0115982447629712,-0.0178923312930639,0.00382436821402191,0.0152043066080307,0.00876548147043943
-0.0134228005773854,-0.018257987395788,0.00256205256907367,0.0231849717029707,-0.00806975595994547,-0.0264867157801563,-0.00650107296070594,-0.00876197421966338,-0.00941094076579244
-0.00676608221898952,-0.0292440295378728,0.00228022211699792,0.00410234412932707,0.0108028812596733,-0.00267842596475548,-0.003704182272625,-0.000339524719512984,-0.00468708036136196
0.0185041321174371,-0.0031984171217591,0.0157435814289639,0.00866060449191523,-0.0140575302940508,0.0100136492676619,0.00389417810335076,-0.0117142486710989,0.00185866246346199
-0.036393178698367,-0.0181001310958455,-0.00919628000538974,0.00131738537112067,0.0201526292638696,0.0373284651957107,0.00718211407106343,0.00987456465484297,-0.00475303834065813
0.0664565440554669,0.00924689153271175,0.0221697241543458,0.0144880163741626,0.00432763062006474,0.0467339147489298,-0.0100702170974174,0.0192169676552218,0.0121651362009253
-0.0477160824910539,-0.0362295704398315,-0.00452135332200457,-0.0135106638132291,-0.000146747222757875,-0.050963920669524,-0.0204572016720243,-0.0132283974343111,-0.00209650720637355
0.0540463103948738,0.0299445653349019,0.0262485502491402,0.0352830654725459,0.0064302755940973,0.0403039199035442,0.0132722099022361,0.0226152869297443,-0.00283038943717991
-0.0330170133519149,-0.0117523965131616,-0.00714105071651482,-0.0267383829088659,0.0072204750225895,-0.0806567601712746,0.0100124906756127,0.00670986950990281,0.00350319578596184
0.00697794440621882,0.00855813315131371,-0.00533383780079358,0.0437373276504266,0.0166312870382212,0.0278420638281054,0.0162562941112766,0.0130874902103084,0.0292600255320359
-0.0659092819707247,-0.0196343852728775,-0.00171065453973544,-0.014441545621497,-0.00549626703017588,-0.0521933231083273,-0.0169900690767128,-0.024901104763525,-0.022099139459748
0.0469049238655958,0.0202033446332879,0.012357453264094,0.0194936884901079,0.00313859307242882,-0.00481276593638639,0.00747532587249615,0.0231580603682702,0.00912069792121966
-0.0264036065621465,-0.0124061527003305,-0.0145892743748401,-0.0198005405026718,0.00448124226680369,-0.0353044306322979,0.0140086125860951,0.00817977185160365,0.0146736828577898
0.0197509871148953,0.0342398290866569,0.0194949842128034,-0.0163525545685895,-0.00381682480908296,-0.0229014684832337,0.0197457841251425,0.0216877882184659,0.00077671754961725
-0.0164657907824587,-0.0176766027814488,-0.00856087944112009,0.0107353592609696,-0.00509503407078822,-0.00853947909562346,-0.0124314346169071,-0.011213756160266,-0.00680046249175689
0.0977941658566864,0.0278215126113017,0.0322991854622232,0.0190207292357348,0.00590876168813792,0.0851388701844969,-0.00280396505075063,-0.0106084524814221,0.0143911226831079
-0.0657074035611778,-0.0400576256904645,-0.0254650606308312,-0.0559560748795644,-0.00394918322157008,-0.0480709870675883,-0.00910158770139782,-0.0230717638331213,-0.0343194748347548
0.0251726395335132,-0.000615548124932111,-0.00248449231260769,0.0111692044926327,-0.00876788515835673,-0.0039975795370788,0.0122646668093339,0.00694069237381759,-0.00545757797331098
0.110236059500057,0.0569150219285168,0.0387393321756805,0.0365110512197827,0.027450289141793,0.0597944974290187,0.0259447432535948,0.0361017992618672,0.0381537078593417
0.0768495176859882,0.0124744994034206,0.0238374788638197,0.0301078458461824,0.015545212969339,0.0690155536448942,0.0206136939156373,0.00597031720346289,0.0266237070940731
0.0337282193799794,-0.00768153325614844,-0.00744831749687997,-0.00845493290486808,0.00154103339674191,0.00249897626618411,-0.00315133440956481,0.00210593667447861,0.000600855922757991
-0.156901962407996,-0.0671324839699513,-0.0467563822176904,-0.0910245540718069,-0.00845350430619756,-0.148076018081916,0.00395481389827543,-0.0592999505586504,-0.0253647202464579
0.108286959055466,0.0302603919530221,0.0371347809985878,0.0295949760580333,0.0182461046041039,0.0520735304550393,0.0311394118226594,0.0327094892368832,0.0349043035927549
-0.00923428539461888,-0.00220577469738344,-0.00547750348727709,0.00529511328442738,0.000289408942777689,0.000429033366513396,0.0037098298647819,-0.0138627741440937,-0.00304004102204102
0.0569820767233462,0.0461230683384535,0.0186443982698445,-0.00601583931477569,-0.00695376968035427,0.0296601179616251,0.00299462614111062,-0.00303272895288881,-0.009623503511952
-0.0120442000557019,-0.0105181933432472,-0.00121139290209494,-0.0256093747727492,0.00678986662750198,-0.0406992405663533,0.00391639155706451,-4.51662913401587e-05,0.0110052886990778
-0.0293868089932264,-0.00231317930956496,-0.029385459802881,0.00272748880266715,-0.0140368378928483,-0.0172325441602418,-0.00649790608908095,0.0012937361693662,-0.00950955336547959
-0.00154967600822586,-0.00823814123254209,0.0048513288592867,0.00920658204386208,-0.00498860053225875,0.000306118921169059,0.00175675238083005,-0.000396786334439874,-0.00681204611054038
0.0120392247126656,-0.00374939376245146,0.00633953979411733,-0.0157693999383506,0.0047734455205862,0.00237236233500422,-0.00678333245682291,0.00633410929767381,0.00842355671468012
0.0812924562681841,0.0310896751917187,0.0524330387061227,0.0266088998900911,9.30162121102099e-05,0.0380744524978842,0.00628323060574964,0.0317904376185327,0.0109795285536651
-0.0759245671221226,-0.0313702319931761,-0.00486985232408985,-0.00349523826136645,0.00312076842534033,-0.0406990734793843,-0.00354061499520845,0.00531507840898027,-0.00680781198300848
0.00610055044021644,0.00633500330818111,-0.00273235634365899,-0.0325015832411986,-0.0055960163748481,-0.00595211154760463,-0.00872822807214601,-0.0073925200266138,-0.0143977253352183
-0.0486814606912026,-0.0346955362136272,-0.0410307511424296,-0.01958290254894,0.0011990010721359,-0.016699314953121,0.027264446763248,-0.0211230868485703,0.0168135104346907
-0.0187028695226584,-0.0163103281136908,-0.00812144000689076,-0.0102699534310767,-0.00503565182697174,-0.0534812321551606,-0.0144615980971653,-0.0148936458657613,-0.00560472058184563
-0.0197831804319744,-0.0277721610880234,-0.00191973389002037,-0.00317067890470685,-0.0201979455407126,-0.0346500471819467,-0.0341799929915715,-0.0338386300159235,-0.0270519861792938
-0.05600032004535,-0.0343677942364308,-0.027411539865018,0.0365024087608815,-0.00357487204547636,-0.0387515761862693,-0.0166570298887474,0.00494884270988356,-0.0169057092481622
0.0654119216565848,0.0312439237887295,0.0107365055398728,0.012164118969788,-0.0201849784714321,0.041620820811034,0.00465136070232066,0.0154656279977978,-0.0096410613523986
0.0754067461260994,0.0439108530469539,0.0239848201467956,0.0314814480724779,0.019279623612138,0.0257937587827182,0.0411812721698531,0.0259004271051021,0.0473910671962315
0.0057811323315889,0.0228054025972081,0.00499931660740205,-0.0145567466583495,0.00721692204275891,-0.0249060190258292,0.00296983280692611,0.0110816688682166,0.00603592077307458
0.0150090497625671,0.00464373567275707,0.0198561798185454,0.0153887198231422,-0.00764875604899076,-0.0101523803684384,-0.00668040068022561,-0.00682835068948426,0.00848049987699552
-0.0753852754242826,-0.0261742700098098,-0.0173419132043813,-0.0472290942278113,0.00143095642858872,-0.0748825551591916,-0.007303832650219,-0.0164488681978342,-0.00956796572871233
-0.00814292626031381,-0.0215694416636117,-0.00294068863324704,-0.0163346490150444,0.0130192589078834,0.0197731363066478,-0.00115393013216826,-0.0201689618676681,-0.000282588241842065
-0.0339118763770018,0.0145000778789426,-0.0325370490255688,-0.0074300922370106,0.00221042805700933,-0.0517047987106537,0.000103254147136956,0.000809312640431095,-0.0146736081103348
-0.0439202621431081,-0.0326343616644961,0.0176034555037066,-0.0140057573852763,-0.0156830471199212,-0.018898774655703,-0.0356692330941259,-0.035319275019522,-0.00878741129448325
-0.00922085839606868,0.00710059395800669,0.0279288655515488,0.0150602272663691,0.00305812503506233,-0.00303779972184411,-0.0010836707873185,-0.000979725060253018,0.000186733373547984
-0.0599690437671184,0.0199439163231185,-0.0339331095293738,-0.028734754165713,0.000643506641081627,-0.0403422066800102,0.000207217314175488,-0.00960500111320993,-0.0137801937383618
0.0901179690814255,0.0484314002209572,0.0277317633339827,0.0241274574328406,0.0174269083370747,0.0707467802731025,0.0037096303490452,0.029915938511152,0.0310914821657424
0.0282430208094769,0.0196913759284927,0.0174219209020021,-0.0197670322418271,0.0103811746469604,-0.0328966732161841,0.00372089924981778,0.0170285707011877,0.0167532869606809
0.0563315660523477,0.0398310314521692,0.0506099766671646,-0.00106080098675539,-0.0214314383467523,-0.00109024982762271,-0.0138365306359002,-0.00197875091266517,0.00284379440383849
0.0195154075675596,0.0122326292347936,0.0392950321468082,0.0250493634339532,0.00950676750842535,0.0123736364499238,-0.00576018141711202,0.00202583927699579,-0.00725799572689669
-0.0296639634625114,0.0084040329407447,-0.024394382759868,0.00771879107252244,0.00551141861788072,-0.0696168099998181,-0.00322040844557076,0.000728269719620984,9.67003194887799e-06
0.0234655271037241,-0.00895072707706828,0.00359743618401907,0.0322513969580097,0.015463651308529,0.0290947766638034,0.0277628439223945,0.041084825536719,0.0274799677391114
-0.0317644264733821,-0.0161830304585927,-0.0184869750658133,-0.0140344284839826,0.00510642184304972,-0.0292534129333438,-0.00486983800036144,-0.0316500707879887,9.14897166256426e-05
-0.0973521515025807,-0.0605039197134963,-0.0242534770330874,-0.0342510253081328,0.000147723342387933,-0.0122332268498405,-0.0116549194604221,-0.00524521788064072,-0.0246123571029739
-0.0133328958542395,0.0140206970965559,0.00788593917773993,-0.0122947857215864,0.000876933415851997,-0.0241340208451367,0.00106531208536731,0.0117368768907178,0.00524743203821443
0.00735039351562111,-0.0116830753594996,-0.00435185858258684,-0.0321130849330891,-0.0252759915415623,-0.0307471869899778,-0.01670409380992,-0.0320292770091264,-0.0513345614845507
-0.0491469846016813,-0.00108036977836204,-0.0134060260150722,-0.0284884764006934,0.00716219922355951,-0.0332387384247669,-0.00905813449377469,-0.00685640986618646,-0.0088240314581329
0.0250230121880393,0.0269504704198937,-0.000415993886830869,-0.0166488108385469,0.0143116425881576,0.00640210027767073,0.00694368259872511,0.00959374910305908,0.0111769610142871
0.00185357832852923,0.0183432634910849,-0.0121315111622629,0.0497197377516719,0.0179227784059705,-0.00296475738130503,0.0258411289027614,0.00589151678584334,0.0365838824146981
-0.0681357542643586,-0.0203361850500294,-0.0160091883389451,0.00183837450554613,-0.0196437025461804,-0.0292243843788074,-0.0214582691425374,-0.0115127684866183,-0.0103293120435888
0.00370869243260746,-0.00325953313520627,0.00200500324559349,0.0160857298268011,-0.0141664751692504,0.0130695604498752,0.000911444349798901,0.0210092665215759,0.00416219293025102
0.0503888477189725,-0.00958657293481428,0.00432100391829184,-0.00249097103371198,0.000714970326215747,0.0202466185515992,-0.00621929666908403,0.0167740288030179,-0.000844167000615504
-0.0658840258791253,-0.0745999836853561,-0.0377080266592958,0.0135914470237463,0.00395855567072945,-0.0532945445555894,-0.000363902883084318,-0.0111524383453719,0.00471740407355316
-0.0299959584823607,-0.00282073908302473,-0.0216439654645543,-0.00389965351551852,-0.00018371054177353,-0.0041609542370495,-0.00244817293111185,-0.00978994993806979,0.00265299696492523
0.0380753988241064,0.00559266862221071,-0.00749702951123205,-0.00563128882017736,0.00439598114976548,0.0259103694869539,0.0204023803695108,0.0113359709907748,0.00202309936570282
-0.0948952809284252,-0.0546988618030299,-0.0269865591700464,-0.0517822147902257,-0.0204512730796649,-0.0595602815693981,-0.0526205006676693,-0.0111111397562742,-0.0234482387815572
0.0335888965219411,0.0112183206191012,0.0180914210107913,0.0271585670376264,-0.00480585035529832,0.000436899324325187,0.00255093095707959,0.0142078895359783,-0.00452883122620955
0.0378461910894221,0.0365157664010563,0.010603525512741,0.0194833617369532,0.00272346032241885,0.0293092003516715,-0.000503934519902227,0.0354429008094657,0.0171658512020208
0.0516309355803834,-0.0145742524288725,0.00357851027572962,0.0174332550303791,0.00229610968571192,0.0340545517151916,0.00326485753456713,0.000109794055775227,0.0126544225610916
0.00570313713436883,0.0133798560193006,0.0124847120680257,0.0351447480733544,-0.000872898008331455,0.0273749969565428,-0.00681010275290574,0.0087666225325845,0.00532663923593887
-0.00528662864519323,0.00986664056717821,-0.00581196284969431,-0.0106697334607206,-0.0019449714562351,0.00679480386815144,-0.00538724384834367,-0.0185611154169897,-0.0229662657860776
0.0475141951718447,0.0336762515182924,0.0211278846939063,0.0379823115157748,0.00804567880181328,0.0641907459339923,-0.00671394251459188,0.00350652599180948,0.0126860885953412
0.0414452113849296,-0.0111728108212189,-0.0018201857355187,0.000501617786438457,0.00119218368779515,0.0569153460615912,-0.0136245335001763,-0.0271339584204445,-0.0120567977404642
-0.0173356796012001,-0.0191877073438621,-0.0223081709836928,-0.0326501326738799,-0.00654532290169776,-0.0388795093658327,-0.00496935471704127,-0.0121536631012502,-0.0114650398948845
0.0240368838970557,0.00901622009317287,0.0502572255527177,0.0511344293512,-2.18113227380811e-05,0.0282678975537743,-0.00808901617911604,-0.000318692807361115,0.00844208298922283
-0.0322642898730088,-0.046634968096998,-0.0222059526775958,-0.0274599785826163,-0.0100114380217243,-0.0572260923794806,-0.024195157620136,-0.0208105792025371,-0.00995069976303656
0.038258259923507,-0.0121738184373472,-0.00844270061943458,0.0203951164220601,0.00938093605154061,0.0338828932158559,0.00143750277367763,0.0138482260753623,0.00659638860894884
-0.0336644646244967,0.00320580784639464,-0.0129229166956421,0.00286949824451189,-0.00652976021676948,-0.0479599885243332,-0.0157850528937015,0.00497834010019491,0.00589023827823243
-0.0211445077825081,0.0142090367834945,-0.0108802440833892,0.0228627137511034,-0.0110871027193266,0.0159085921149332,0.00267350449317872,0.0220500930693646,-0.0116835929007008
-0.0648589462289697,-0.0270370605131049,-0.0238593455233145,-0.0399280832561283,-0.00650250461307836,-0.0538064128904411,-0.00216971409422677,-0.0226436528737979,-0.00583782486975105
0.0540979409825773,0.0176969745222927,0.0129161552288659,-0.0217152831656717,0.0108609755623392,0.062961154485668,0.0140541790149781,-0.00140303959046923,-0.000124096498309278
-0.0569640433960874,-0.00814956633716699,-0.0140842022400088,0.00569148740742546,0.0100667841400085,-0.0388802056418128,0.0062502476482884,-0.00700341081431698,0.00723330346108561
0.0146474492097812,0.0125063651718845,-0.00325605086051221,0.0247944225056027,0.00145263821155263,-0.0452825279744358,0.0187083351340343,0.0252501379049514,0.0132188614119975
0.0770101684182481,0.0512502764879852,0.0245634348466653,0.0140406173913879,0.00113937288569538,0.0631451829990142,0.00378416097346896,0.00493273541105604,0.0207720853135555
0.0206122782545811,0.00821382458338121,-0.0170652629166379,0.034112945673868,-0.00809955616603286,0.0417314433135648,0.00698054696437899,0.00461656477003857,0.0110239925506958
0.00875354667510674,0.00825052540759435,0.00372197292137615,-0.000786289957460159,-0.0068494539885743,-0.0234602342281262,-0.0174360680050807,0.0142289270463886,0.00405143810238433
-0.0604844915069636,-0.0489504870410385,-0.0409592481509266,-0.0550695922753273,0.00308445428690549,-0.0697292663604551,0.0105927447403121,-0.0344442369080174,-0.019106366658066
-0.00188955042254137,-0.019877883389161,0.00634033666826729,-0.00134269304572682,-0.00971659757847864,0.00216238506589491,0.00361850312647652,0.0111323608560795,-0.0189950441193096
0.0202145146986083,0.00308304609085398,-0.00767723411732355,0.041771308794593,0.0123218946947458,0.0341181906550317,0.023925442481415,0.0201468792991738,0.0159372904607255
-0.0601288398376688,-0.0227793004349775,-0.0305740105982904,-0.037134857349458,-0.0130752087431533,-0.061491296264756,0.0171370428513874,-0.0432716649587529,-0.0413399833315718
0.0333011111284198,-0.021470135992187,-0.0175927798442835,0.0172323981444748,0.00110859920841273,0.0287191741757932,0.0150471656868563,-0.00849043708160279,-0.00442829217700199
0.0419884165498218,0.00491909672961236,0.0256058676157492,0.0468095878666193,-0.00191764060166693,0.0817875146047559,0.0340318080510045,0.00881188855524835,0.0334984095946339
0.0497803657585682,-0.00921560780742693,0.00224112368338854,0.0261227922341546,0.0245772256710607,-0.0232491515252778,0.0179858541962404,0.0175359803820934,-0.0026422500112608
0.0597122754396481,0.0246226968935356,0.0141742407329423,0.0145238377986717,-0.000906641820919248,0.0146272471198476,0.0156056677865879,0.0158938500815678,0.0015858773112703
0.0145011729089516,-0.00559633981290945,0.0144282588272568,0.0152533512101017,0.00112545301864985,0.045867767132515,0.0101742478727867,0.000627213127182849,0.00967457725842305
-0.0109594805332429,0.0109267841758945,0.00204943158238965,0.0084572863465773,1.95162447254785e-05,-0.0051070569211891,0.00550845576223859,0.00189091495361918,0.0058429311995281
-0.0333157191990667,-0.0348596085637346,-0.0502744605589433,-0.0126873096257603,-0.00849685127504987,-0.042808261087914,-0.0207724674623357,-0.00540994467262247,-0.00801955460001881
-0.0253815402186803,0.000390200727696867,-0.000165585724301782,-0.0273872140098444,-0.0107525062522503,-0.0136952475447004,-0.013139196062308,-0.00692128996439372,-0.00567176103364599
-0.0441017184821043,-0.0244536378842324,-0.0204053884649952,-0.0269940671581117,0.00907090774362888,-0.00423914442817704,0.0014635519128018,0.00153117734634958,0.00402254255545421
-0.0167117150854869,0.0155242517387681,0.0113603723190345,-0.0124184805944762,-0.00880055690109102,-0.0103144673657708,-0.00895227077330046,0.00723671936893475,0.0037378053123924
0.0395063940594563,0.00685839573843829,-0.0105795991332104,-0.00925524733273776,0.0125741277564029,-0.0213924754664854,0.00913607119800675,0.0335383992650636,0.0232193278627348
0.0998428614916562,0.0331748430079263,0.0183847713315429,-0.0255194521294075,-0.00892136292402746,0.00277755024551791,-0.0206311898787318,-0.00204525798972115,-0.0105046404083942
-0.00298685770398627,-0.00918075947823766,-0.00542322618285258,0.00480537878938094,-0.0058730201988549,-0.0169602661307829,-0.0229180217219526,-0.0144910846022919,0.00714301837466085
0.0606200130548692,0.035573394801108,0.0450985763512116,0.00613874327058244,-0.00361955543524544,0.0316171009775213,-0.0178250366476165,-0.0161611015866455,-0.0136823167214428
-0.0225743920282757,0.0191473309332909,-0.0105543919108509,-0.0116427362045031,0.00246642262388591,-0.0207470039463694,-0.00424386559677419,0.0125235194273035,0.000718522962478998
-0.0377172166970356,-0.0242466560176038,-0.0200780358212588,-0.00598235299450609,0.00653504945255719,-0.0288415345873654,0.00354550727970618,-0.01144522715221,0.00586881287608934
0.0510966167958244,-0.00891235184801937,-0.005586993596923,0.000522732669469033,0.00960592068932177,0.0430578664921026,0.0157882240764509,0.00726370496694166,0.00633010323639416
0.125529270868235,0.0227330445994878,0.0270041913465067,0.032088677147883,0.0109960926078216,0.0653540272716774,0.0179806059787811,0.023130235687294,0.0187120719112923
0.0118171750103631,-0.0266068563082216,0.000214851713768567,0.0124527150000427,-0.00987877404125731,-0.0209447416870769,-0.00229143834113349,-0.0280395319511933,-0.00957294282521631
0.00733643714313781,-0.0408779645686479,-0.0159688375701784,0.00192951659683631,-0.00107251596896195,-0.00194672906876908,-0.00533671184759363,-0.00785081040492274,-0.00856865456631496
0.0181892701988375,-0.011417278761752,-0.0233875775564394,0.0246142652781744,-0.00108896380892402,0.0227062064619325,-0.00297519711647852,0.0078226436289898,0.0161449037352979
0.0145321073282389,0.0114219920315943,0.0164776347112859,0.0233764525905166,0.0052549324232505,-0.0266343709748258,-0.0043312866108406,0.0132605959586107,0.00544401019344647
0.0165807697069028,0.0103384918870754,0.00459563386263402,0.00569267079431497,-0.00423534087065998,0.0174742708051823,-0.0187421523245937,0.0204353013863768,0.0159568708236083
-0.0297267776765898,-0.0368497943933128,-0.0173404897512187,-0.027349768295439,-0.00307439360070723,-0.0417629100865203,-0.00322290652021924,-0.00653816789046362,-0.00765576363685373
-0.0180384006321635,-0.00387321968725277,-0.0236927471557635,-0.0220294618726926,-0.00873862775823565,-0.0506233940634161,-0.00087051358324844,0.00444428348859655,-0.011166906109805
0.0120634249328409,0.0131996602679725,-0.00402617983592266,-0.00886706839271761,0.0150198678138102,0.00812128327409959,0.0144595241079885,0.0113014390603449,0.0197122698564474
0.0754676422158744,0.00427423399713605,0.0168725591263103,0.0172448739680207,0.0089614412563109,-0.00900684523428363,0.000992735851112812,0.00328489291919901,-0.00155188754974541
-0.0669724612333346,-0.0356002969887967,-0.0360040459549401,-0.0182716887060179,-0.00632372878365827,-0.0607857912996019,-0.0225399478985538,-0.0100092021312251,-0.0174765990455384
0.0751969811841725,0.0425111478303359,0.0387046763062079,0.108029821078943,0.00966891420307225,0.0327894952072943,0.00370257109302601,0.0311401891249272,0.0369711052149472
-0.0449304024058011,-0.0108596599328113,-0.0175470087436317,-0.0213760273970025,0.00409908949619285,-0.0405904440275373,0.000868569484423479,0.0062462250562019,0.00658352692154666
-0.015783543918342,0.00732621951079138,-0.01100573959868,-0.0215797423927978,0.00268895559319353,-0.0275400060579454,-0.00797605657846822,0.000677460556716079,0.0105574221987248
0.0556859773292689,0.00763281732470245,0.00701212002777023,0.0175201710370938,-0.00745685722485802,0.0244649447103486,-0.000513027272556,0.0200292246847816,-0.000369259025699616
-0.0348439210863397,-0.0119241798560485,-0.0147540080769534,-0.0286774646160321,6.00031076754647e-05,-0.037365204225221,-0.0143141479019206,0.0164144922588069,0.0157221274379839
0.0280691386832134,-0.0310610839881086,-0.0136465568082945,0.00526778067150452,-0.00266556366292789,-0.0569888363655066,0.00384714211569165,-0.0104447044958851,0.00270070997903274
-0.0547584624812026,-0.024431732837017,-0.0170961259913478,-0.0364616718946395,-0.00767061568798348,-0.0343098348442507,2.00036166727133e-05,-0.0296018868235663,-0.013936738049916
0.0256032186188533,0.0138220360859609,0.0246243458695755,0.0334966044252077,0.00383979072415807,0.0430535895729768,-0.0182143621483081,0.00950403396411447,0.00930999802987147
0.00553941482386573,0.0078016274330471,0.0076602785798901,0.00752078702322305,0.00853865993821256,-0.00510239221087245,-0.00301752241746799,0.00446477571327804,-0.00363979693774874
-0.0155919084328131,-0.00982832934348325,-0.00882132734255647,0.0289481796214842,-0.00407825277533441,0.028072522073558,-0.008032488203161,0.0018969184357522,-0.00823195852205721
3.679102350997e-05,-0.00474200777282898,0.00331055463611784,0.0132024593101323,0.00606058365800575,0.0113820303757473,-0.00227684965256857,0.0103379408385227,0.0175996561086177
-0.0458072422383914,-0.0110300485016687,-0.0170998559630035,-0.0340762037708824,0.000681075264796987,-0.0439039272534222,0.00752086306570312,-0.00971458988052859,-0.00901471998479768
0.0173292712288782,0.00251893619752847,0.00241318900607124,0.00335889045103465,-0.00940608067809836,0.00363718861993281,-0.0101541418853082,0.00265622554232657,-0.0217893190821199
0.0195347056446869,0.00890321276601139,-0.0147702364135184,0.00411983546768158,0.0107206364130382,-0.0112793073002915,0.0209213616912892,0.0116859994171878,0.00648832782486407
-0.077806665988896,-0.0137788832226563,-0.0125729408746077,-0.0385744726354615,0.00282233780852701,-0.0466160708742967,-0.00707580712530061,-0.000860193105041251,0.000366459439487389
-0.0252853336618423,0.00458735026117946,-0.00192416117120986,0.00537370375206791,0.00123147284328005,-0.0153809806028009,3.50692739213194e-05,-0.00211430074542272,0.000965478537968027
-0.00841219363558078,0.00691369161338075,0.0171145014596349,-0.0115344589619708,0.00515556431231005,0.0186752316049133,0.00289718663463822,-0.0266568880810804,0.00257762079377083
-0.0595011204436586,-0.0418199705319258,-0.0199906062490393,-0.0165099850393457,-0.00851318933166104,-0.0222199471570115,-0.0122361763971828,-0.0244702480995034,-0.029765600039607
0.0684836249345859,0.0332690508506973,0.0285582663448863,0.0413702894317455,0.00420496580934984,0.0858902145365562,-0.0018972022157616,0.0197222381481532,0.0049047968153135
-0.0263851395367394,0.00722459965427097,-0.0190771883600988,0.00477763705869071,0.0101457636798533,0.00482628435185633,-0.00566416656026945,-0.00426552239222066,0.00164248939900571
0.125967035761586,0.0481130231783721,0.0443216872610749,0.014503005330239,0.00776823725241552,0.0433978711815791,-0.000488515289166357,0.00622832365433273,0.00505481756924387
0.014948604287684,0.0414675410089985,0.0170742956044387,0.0283277822138566,-0.0143622045392159,-0.0211162623318317,0.000119708975595508,0.0085538905625197,-0.00910745980684909
-0.00596160880379599,0.0191536646097231,-0.00150195950025913,0.0210621838602532,-0.0040048714620576,-0.0236449629794893,0.0132191633506597,0.0072150984105172,-0.0140557927874991
0.0355079657403293,-0.00957427661216799,0.0148186170430621,-0.00569665976918966,0.0132093128688223,0.0184976165846741,0.0193820618740696,0.0129692568635741,0.0226425427439904
-0.0707361358094886,-0.0224222762709868,-0.0396056152285743,-0.0338894979539432,-0.0106822539317819,-0.0816861463001412,-0.00907395342272605,-0.019836822459709,0.00138548157522246
0.013526908967158,0.0056983334225724,0.00473119711816889,0.0319144297063773,0.00238722468040385,-0.0110829099755418,0.0109052746776055,0.0233966340636805,0.000916357660820121
0.0137756473095169,0.00583436373585074,0.0110821683076482,0.0495670406094124,-0.00112080823779845,-0.00323851326756398,0.0112014299731158,0.0238037063244049,0.00680678928267042
-0.0522872211016434,-0.017059509928944,0.00439421753243972,-0.0187120001760016,-0.029512675870091,-0.0530504456316097,-0.00972589152595268,-0.0463771200576018,-0.0269748453776219
-0.0477095292657145,-0.016489876428837,-0.0136841233720738,-0.0200362074473668,-0.0161287109015077,-0.00105682662185543,-0.00803979786666313,-0.0110559775636299,-0.0227215806768336
0.103715123714173,0.0182311060022311,0.0264150868961156,0.0878746323933586,0.0118230353164586,0.102047523218649,0.00582481230354067,0.0352254309795755,0.0173069198560541
-0.0340191576059018,-0.0265184304367697,-0.0303538307065079,-0.0448213425250673,-0.0129622358210068,-0.0171262393124019,-0.0240253203847435,-0.0224786879391435,-0.0278181502162443
-0.0318301070155478,-0.0079391913797191,0.00380509744814661,-0.0123676145391516,-0.00391581505493724,-0.0268099798117323,-0.00653747179831594,-0.00137713011618889,0.00396987653824262
-0.0722417790144959,-0.00926100669504223,-0.0120385255048717,0.0207827273144137,-0.0018169324630089,-0.06944818973664,0.000181371771623924,-0.00818996439491645,-0.00482894415626625
0.0573191164370258,0.0305011206086787,0.0161233134320418,0.0695227409586398,0.0187364203112667,-0.0157664534827239,0.0252735407547659,0.0300243190668599,0.0332984221978182
-0.0118035839482006,-0.0190228466830899,-0.0251452692661451,-0.00140736072231045,-0.000321780449013999,-0.00300353669655633,-0.00361127076685489,0.00561515929421935,0.0109365261088167
0.0618493506161148,0.022146202541924,0.0101082797589776,0.0105568298110377,0.01504037287123,0.0334402039886823,0.0309308860418271,0.0267758307376898,0.0214399050583598
0.0427404430241391,0.0276870615623513,0.0387143845461133,0.0521070578152377,0.0106376209233312,0.0903429876333933,-0.000111414817362859,0.00172102154271874,0.0187697680132117
-0.117491904881116,-0.087930763811749,-0.0212741622836485,-0.0517905637701124,-0.0157660750402659,-0.0730957428791054,-0.0151268241060676,-0.0460814838912495,-0.043213081235624
0.00474453119774204,0.0263936125191014,0.0212758674358263,0.0484284655788917,0.0133548099476928,0.0176281693075058,0.0134841425756442,0.0254389741080307,0.0272867512122942
-0.0342189342534385,-0.0445565336237378,-0.00635054033789308,-0.00477669719895427,-0.0093578185638757,-0.0370316396916115,-0.00266007915817171,-0.0122862783643169,-0.010403947453261
-0.011627803903,-0.000432918937073306,-0.0177532883640313,0.0253157965249485,0.0110454859790214,-0.0211091657243712,0.00857297635309042,-0.00412945626350727,-0.00890448511518588
-0.0339319299899956,0.00524231862444074,-0.00650059046215117,-0.00891134873235638,0.00407521840183035,-0.0246762903704845,-0.0175025995857403,0.00332722680973193,0.00440594628646785
-0.0258503783445417,-0.00527846318287726,-0.0098962092163926,0.0109237209037479,0.00720138956954372,0.00222331815602256,-0.0035882788502457,0.00496568500096548,0.0121810182484008
0.00279689077144582,0.00183445690117995,0.015591239286999,-0.00911062063606748,-0.00722781122754747,0.00613634641423032,-0.00746698185839592,-0.000236631466651816,-0.0053443557220758
-0.0674399881460506,-0.0137119348691476,-0.0408872579402914,-0.0372858193580387,-0.0133553545723343,-0.0166449785009763,-0.00529965941734713,-0.0324681885172486,-0.00960551283551963
-0.035351562850975,-0.0172945437660216,-0.00936163159575378,-0.0191633858792026,0.0104632244772095,-0.0332577804088945,-0.00907763311457487,-0.0209685261393999,0.000882083667524891
0.0498742525917293,0.0327907309032131,0.0363991731689776,0.0279068517426772,-0.00106087779757473,0.0168955256307955,-0.00418417034297475,-0.00485656836410506,-0.00325400733700549
-0.0210198496388279,0.0071753477102947,-0.0191362388374451,-0.0257583787730555,-0.00245090499153113,0.00674472300411919,-0.0103372125063723,-0.0242739530073822,-0.0220580786401849
0.0264971194658114,0.0129066279954547,0.0115942078283961,-0.0115385478085119,0.0126819530543775,0.014008245923864,0.00440231173249428,0.00499611658623411,0.0193048351791521
-0.00178402695183017,0.0116343048887608,0.0100399088129258,-0.00635909697371182,-0.0261472475033959,0.0169198014272201,-0.0090495497747846,0.000547686752929961,-0.00584786120697952
-0.0151937465870675,-0.0105557378553588,-0.00608287953335118,-0.0023258760427589,-0.0203410352135649,-0.0492889306048066,-0.0126959299020857,0.00267354942214895,-0.0372535033530167
-0.0408450924516112,-0.0228176216607573,-0.00639812024455988,-0.0183412679623056,-0.0204307783170377,-0.0906366744005031,-0.00921781143976107,-0.00705318936398715,-0.0268561966216253
0.0583122450692643,0.0402771076304941,0.0404212687989385,0.022744012307013,0.0248074343396357,0.0500512145327326,0.00839957860312861,0.0250876489484323,0.0311651113143436
0.0455774936004568,0.024152971028839,0.0136469812677298,-0.00638597257795218,-0.0181498730418446,-0.00797995129674318,-0.0129451299916994,-0.0277553657809432,-0.014995705223793
-0.147411230294281,-0.04154307996794,-0.0572368235073262,-0.076752343037591,0.000370421450795216,-0.108451691065373,-0.000813035247145918,-0.0130660204931322,-0.00817017609350047
-0.0137653800460015,0.00662028100857682,-0.0177681752318821,-0.0043219812442754,0.00285668883110399,-0.0250080748771117,0.0106893572788658,0.0169198301148934,0.00439632461995778
-0.0629461539814122,-0.00678515503061188,-0.0226952742078628,-0.0324922209747249,-0.00993924159284026,-0.0881566393000855,-0.014796380929759,-0.00904324485526601,-0.00309974842936953
0.0119086147731234,-0.0421146471013375,-0.0337756042892354,0.0182239590294264,8.67877694007499e-05,-0.0135720519532871,0.0210923732037919,0.00399215645728616,0.00381948163833742
-0.0208716026509969,-0.0173315772321376,-0.0311811371924882,0.00543253581146153,-0.00548911071703912,0.00198672742889172,-0.0160634722951165,-0.0116495922026759,-0.0140547383703567
-0.0353740457064138,-0.0369933210079394,-0.0378901208035018,-0.00795430367391507,-0.00999319211691081,-0.00175012521330838,-0.0144673900687094,-0.00733177596658848,-0.00781727218699325
0.00993907332504434,0.0336341099347861,0.0428837473299935,0.0203019001650852,0.00218512512828592,0.0169557802480131,-0.0122212666198705,-0.00160545460099004,0.020786854050206
-0.0708291215425273,-0.039849133034137,-0.0543766451802347,-0.0532494677236062,-0.00319010736092431,-0.0594602583666881,-1.01006564817594e-05,-0.0272383404572726,-0.00033661534228685
-0.0217589216890649,-0.0174600856904727,-0.00964453753384022,-0.0200965481930443,-0.000132348624521005,-0.0356653774354348,0.0125044085472808,0.00520201238913094,0.00428661558094688
0.0673370789563004,-0.022553701379045,0.016180163228504,0.0166664379182636,0.00757026748944241,0.0910749345787737,0.00532850655252129,0.0117966608542452,-9.02595807463883e-05
0.0248954152759307,-0.0149832483560671,-0.015596230305337,-0.0283149587445316,0.0140614072531895,-0.00384381265735535,0.00392418429709638,0.0249710417469196,0.0136340382567177
0.0350798390057355,0.0222278683953,0.0184834960636445,0.0407857904070651,0.00331947220919106,0.00820986326170844,0.00114587996486417,0.00737285256698602,0.00119088635715393
-0.0852439611737984,-0.0358854788965552,-0.0395681405463271,-0.0371566514109478,-0.0120918182553552,-0.0749405567154951,-0.0139293486817174,-0.0193506244953978,-0.0174524213732961
-0.00139385781645512,0.00597347650425965,-0.0075520634479923,0.0212346264559886,0.0127805382408853,-0.00640941057136666,0.00457495085824013,-0.00131272513643459,0.0105786027241012
-0.10017513716198,-0.0646120061037444,-0.0108792032171321,-0.0497745426968419,-0.0190050065909322,-0.0777695535636961,-0.0244535784807136,-0.0468385068135685,-0.07295788303004
-0.0173707344593635,-0.00921883303724636,-0.000330752074796859,0.00485238710623539,0.00419958504811474,-0.0189454858341475,-0.00274103684440206,-0.000810129611881549,0.00681765736267075
-0.0141744551020965,0.00611098128941946,-0.0095098160604286,-0.0180017597618847,-0.0156739512629174,-0.0132027814190185,-0.0148991680245076,-0.0244526349823806,-0.0270295326241732
0.00979599699799783,-0.0231766757330526,-0.013534237037289,-0.0178201281163148,0.00500562953404339,0.0238527909319777,0.00207473239046891,0.00589237218763321,0.00822564927819134
-0.0434838586531655,-0.0122346035868851,2.97920260068003e-05,-0.0342743031374555,-0.0046760758292942,-0.0471856131932806,-0.0167270743460416,-0.0292707740101312,-0.0174217675637408
0.0207358358315841,0.0180302793244243,0.00590711738392412,0.0279934922753296,0.00311287949813128,0.00577487669683195,-0.0134235527764683,0.0236882557139421,0.0215864610236386
-0.00349841823658316,-0.0239839000934657,-0.0279451048898915,-0.0031457843412267,-0.00552659758915508,-0.0112944938284967,0.00803636621992689,-0.00945836271356298,-0.0151345141665289
0.0223460510255172,-0.0236120930471736,-0.0137022062486935,-0.0202494005702531,0.00425840031435593,0.00544865728625193,0.00929698661299509,-0.0076142249010066,0.00603229906367285
-0.00623535996899687,0.0228898484525165,0.0139338798034055,0.0202742134335841,-0.00768575368497269,0.0216474487495987,-0.0150100994492444,-0.00621956892822214,-0.0145518148008871
0.0100285257328974,-0.0156343585551931,-0.0187770936503886,0.0359967962296465,0.00615596689639059,-0.0163868302991796,0.00531451035579541,0.00401854933374716,0.00312815461320276
0.0234847320910063,0.0155934894744585,0.0178574283082538,0.0175679927079464,0.0063898404152542,0.0648790944295031,0.00171188095914066,-0.00303874024978034,0.00940375063580966
0.00197619331115686,0.00650757101496289,0.0144704143684624,0.0225476655053537,-0.00704828005636587,-0.0134431956050371,-0.0142745079282271,0.00584071046814608,-0.0254647820261333
-0.0208908034318798,0.00484077422432213,-0.016521131022043,-0.0262987318965329,0.00972293351337072,-0.0164288589686078,0.00778089347864528,0.0100515144996245,0.0064419832533584
-0.00114685414576508,0.0178029567523144,0.0102636390122454,0.0331972213961701,0.00679903910772812,0.0184947678855793,0.00637800945607789,0.0237927550249354,0.000242581999385852
-0.0321726250736618,-0.052548551673677,-0.01142495486006,-0.0319433006514824,0.000402085433259432,-0.0457582202716301,0.000263589365660382,-0.00803250755209555,-0.00577085595828523
-0.0907198823776935,-0.0315091799742708,0.0033335249883765,-0.0605210427659354,-0.0267957374238359,-0.094216891370519,0.00769458274490043,-0.0454911554271511,-0.0613545199884393
-0.0208276325741264,-0.00970221320059393,0.00448653527269401,-0.0133392240039444,-0.004934833709457,-0.0244938497969567,-0.00181965970336274,-0.0230860557062679,-0.0162959328637117
-0.00612474681113207,-0.0192068329632926,-0.0201192662160387,-0.00846481635582416,0.0109192086166364,-0.00436568205057173,0.00450184010481306,0.0119124501180724,0.000752149160463281
-0.022146551916982,0.00390591491191426,-0.0261005451677224,0.00317114524218609,0.00309836387908081,0.0248157628194914,-0.00101005298490233,-0.00967923337518299,0.00375895365886415
-0.0115638546217599,0.0181549704940229,0.0029927604437767,0.0098621574061589,0.00293836413385521,-0.010239711402583,0.00893755112369272,0.0073253316420883,0.00819205043074675
-0.0300280899263067,0.00153281252775383,0.00530440956327479,0.016670696490903,-0.0134305653542019,-0.0337140152927464,-0.0130831994509949,0.019136749703657,0.0106142250742282
0.0912484857144024,0.0310611141826341,0.0337824068301911,0.0158241022420115,0.00271595933878671,0.0692207732245535,-0.00362109225380565,-0.00294450363613759,0.0186379936100808
0.0096044269992795,-0.0209442239558489,0.000578382936378187,-0.00381004442959966,-0.0071605968255574,0.0189593024839547,-0.0197457823822087,0.00740709038068822,-0.00358500381801453
0.0770409723748727,0.0365006914669103,0.0309335580044052,0.0156402933863036,0.0198781497783034,0.0683610819881336,0.0134811475107155,0.0120417791996655,0.032915177265196
0.0896167761660552,0.00272523091565075,0.0224821147871428,0.012317953718555,-0.00467639640252336,0.0978524654520751,-0.000727116207813668,0.00399467007842266,-0.00296818186460008
0.124073938569773,0.0287678426701328,0.0353210593108965,0.0263126762067028,0.0192487625415655,0.105126948682009,0.00764959203932163,0.0248616701567593,0.0221586691315132
0.0453868503187481,0.0281534201641304,0.0177729549264835,0.0247365107100571,0.0114512281556708,0.00559122070562332,0.00296982748088422,-0.00387271491869999,0.0046612010566079
-0.0365717286349768,-0.0125101711999331,-0.0293822098433986,0.00237062926984952,-0.00951958990125938,-0.0672847257277531,-0.000328146667614116,-0.0317825749382689,-0.00857599206652751
-0.00391065995421776,-0.00615301746059861,-0.0127302762821549,0.014807479906087,0.00966475921741632,0.0503099704818464,-0.00205425753966153,-0.00570795741748997,0.00125713469130517
0.00709911780401459,0.00467518384919679,0.0124537345872116,-0.00387996755639848,0.000877972169726673,0.00356800315339876,-0.010586283064123,-0.00957186601335138,0.00774860879480595
-0.0205603350687307,0.0117281288017247,-0.0110678558967968,-0.0245596264230182,0.000590119604807503,-0.0384417160235568,-0.00669682048085847,-0.0240235823047429,-0.00686919320461524
0.0292109832344956,-0.00436391556656075,-0.0129721315092865,0.0287829547560768,4.42865064454269e-05,0.0173749714950953,0.00395178562934127,0.0182388910300442,0.00978306796645238
-0.0658385852930146,-0.0274668581412826,-0.0492715804010809,-0.0363997742660212,-0.00669413612531978,-0.0501280759027309,-0.0150937263510815,-0.0229278760587202,-0.0188282755265686
-0.0222232380934134,0.00750061616297083,-0.0101580381434173,-0.0417598118840171,-0.00090388399490759,-0.0187042464256173,-0.00503059025696535,-0.00408077345194227,-0.0209873570152704
-0.0852697173106743,-0.0260728436513883,-0.00760484335301321,-0.0208248458889619,-0.00049627183416444,-0.0556176647984883,-0.0110932259286227,0.00381111260815874,-0.0149035628795268
-0.0177137572625252,-0.0180633563800841,-0.0150785139891998,-0.0187889035864011,-0.00649720911280498,-0.0395636567337235,-0.00198487866156149,0.00781971961407511,0.00948935540731949
0.0786794879863027,0.0723661146113921,0.0624537842500958,0.0383713398921764,0.0184090884492622,0.045833957898349,0.0174292711480564,0.0251695686831041,0.0152573691615004
0.13142370935768,0.0707677870216835,0.0539865215204663,0.0497696583324329,0.00524241056575247,-0.0289651700699885,0.032030828362591,0.0321147901409439,0.0386484758769437
0.00940769753216597,0.0185610753521482,0.0171660944284717,-0.0145429431674967,0.00715929538828987,0.00670784483009059,-0.000397736961819646,-0.0118846961165252,0.00147622365929771
0.0439338851350494,0.011950663271406,5.13167130792688e-05,0.0298693593267705,-0.00288291718945645,0.0152278630187965,0.000541976252098849,0.0343263620762805,-0.000559671152068848
-0.0297773982726444,-0.000888370372610775,-0.0132192351600368,0.00566748118435604,0.00675501094036394,-0.00399445772310651,-0.00607500185958656,-0.0214209083731681,0.00815777544960413
-0.00896551717163511,-0.0441659331675761,-0.0362561268265852,-0.0176562255578175,-0.0175802093899588,-0.00143775674841885,-0.0223235330606966,-0.00358756207755853,-0.0186760967977923
-0.0127395000748161,-0.00115428677465831,-0.0266039568689063,0.0084935037828696,0.000584667331246764,-0.0166652246565192,0.00424286834350723,-0.0039822748239686,0.00286550264588988
0.0191739829233343,0.0184556130060127,0.00159674146398852,0.035550376420666,0.00852710219430025,0.0297761182818522,0.00849454417976375,0.0157408257367406,0.017530908735982
-0.0572173490054139,-0.0115942734496239,-0.055853891026299,-0.0155318480999628,-0.0204723665887989,-0.0546643460149967,-0.00434718619500202,-0.00949982546339856,-0.0108363074652605
0.0225635809593079,0.0178199580706251,0.00775541794092962,0.0105804611516192,0.00284560538880047,0.0234739407724397,-0.0054721975630736,0.00963008133461875,0.00449321048076715
-0.0373475222177257,-0.0045648331523711,0.00373056234169061,-0.0220427404299066,0.00259685199485234,-0.0284393840194194,0.00130080503971111,0.00260949015027712,0.000808417282740446
-0.0340346072742966,-0.0157075807367206,0.0045885262513204,0.00201692934120764,-0.00905595418502922,-0.0445050404059862,-0.0132079155640851,-0.0139591589076829,-0.0140586204249164
-0.00378238549942111,-0.014525610950021,-0.0231425209400378,-0.00404540977887924,0.000808049134462855,-0.000569728916103164,0.021047569128535,0.0151176624453277,0.00842477077521683
0.0158298102648718,-0.00997682073351793,0.0232257070554451,-0.0128956003815835,-0.0144853109104991,0.0264126810520636,-0.0107810559350456,-0.0120948386702669,-0.0222398315863638
-0.0138204507010371,0.013012135796465,-0.0181993597302701,-0.00204955622491667,-0.00107811783830441,-0.00898313311564574,-0.00197968945517076,0.00617155716487338,-0.00300311468516558
-0.0042103954644325,-0.0304897310191449,-0.0301507331991565,-0.0187816097382887,0.00843148195301157,0.00794951584045347,0.00242982083536745,0.00909407875234118,0.0118055774181808
0.0656946105702146,0.01862413464088,0.0100350411200057,0.0187686649039407,-0.000479603616853839,0.0583112516808213,-0.00173856652532536,0.014026705730059,0.0164367891891602
-0.0432473768519471,-0.0221956625393338,-0.0358280111810034,0.00249237342023856,-0.0114279441815987,0.043659436764977,-0.00200116604450498,-0.00847728548327388,-0.00690647297385585
0.008101344087845,-0.0366841149983503,0.00359148545767661,0.0100943769949869,0.00462418554506415,0.000832014243294482,0.000449428193093769,0.00538436937947618,0.00410657553966907
-0.0201097101598599,-0.0225207152144076,-0.0092283441732921,0.00764387628244125,0.0100732667948732,-0.0150881491829211,0.0145646892431281,0.017129073996088,0.0180836105010597
-0.0761401137801306,-0.0326263097991632,-0.049972765443266,-0.0428788621191341,-0.00783585960057282,-0.0658584000434306,0.00264916260189237,-0.0297577840297565,-0.010990289922893
0.0325551304627643,0.0280848761153886,0.0160376346158583,0.0338070757499039,0.0249761904421684,0.041168870158689,0.0324453097271426,0.0288390958434081,0.0356741909582659
-0.0416785463220829,-0.0241674480241344,-0.0260969470050315,-0.0190841147916492,-0.00233506711764931,-0.00548221918941884,-0.00322633785816768,0.00613457440002483,0.00169571101527097
-0.000702390249221436,0.0301519020230744,0.0290223974939948,0.0184775315625746,0.0118756512389773,-0.0144218094557007,0.0300598374621622,0.0479287906827451,0.0376863950132068
0.0382959592305124,-0.0208202160361092,-3.08771536758918e-05,0.000387167661421599,0.00396649738962012,-0.0229194587127837,-0.00477079919202728,0.0156292414566815,-0.00344882310621055
0.00199603200408148,0.00722312054246231,-0.012473308539324,0.00228665843909556,0.00326688860332462,0.00470206751248494,-0.0117356053483223,0.0146026029620478,0.0127554550464145
-0.075268321604938,0.00864897033213731,-0.0578182379807179,-0.038965623609171,-0.00910934950586433,-0.0603507356550138,-0.00115152137941341,-0.000321508063519924,-0.01024494420539
-0.0010938538763921,-0.0143813614234374,-0.01855025327155,-0.0297347134690741,-0.00547222508909349,-0.00525029618740738,-0.00493576509669594,-0.00101833485494909,7.33569877176897e-05
-0.062381762449593,-0.0236436525871962,-0.0347662379405719,0.01069194121952,-0.00182377138851684,-0.0425767520277267,-0.00465623645443875,0.00316021234390262,-0.00684636829293944
0.0104871741023755,0.0110199310842736,-0.000182921557771908,0.0329068289248153,0.00441619828049188,0.00225058807901676,0.00432425635780966,0.0114688386913354,0.0203295685657791
0.0201650885421414,0.0145377201231596,-0.000575383926450528,0.0115739894579033,-0.00156306378550864,0.00684896022926509,0.00647006686363029,-0.00557491795456981,0.0023386845365358
-0.0397887010584135,-0.032098040459492,-0.0118382514453216,-0.0173691144204377,-0.0254128878589995,-0.0172412281333331,-0.0284692605680616,-0.021976499954879,-0.0351004470516919
0.0630726905613958,0.0433448228178868,0.0452933681928214,0.0334953119666398,0.0233214984093056,0.0310125629929288,0.0313601635773001,0.0374127354901067,0.0256498205704069
-0.0526103057463371,0.00097312765040308,-0.0335063159402099,-0.0164166551904221,0.00209969385863131,-0.0574983353762774,-0.00862320976156142,0.00666360515539999,-0.0032013577048392
0.00376635244275464,0.0177637133979716,0.00811241514958642,0.0108841259778846,0.0120590512016043,0.0318139963033563,0.0218075920068586,0.0143998061987217,0.0108846746072251
-0.108903592796475,-0.00632904369931678,-0.0339512918884696,-0.0290790542922086,-0.00770629117694431,-0.068912821072338,-0.0157016785579539,-0.0325880837668278,-0.0185757231939632
-0.0291172060655626,0.028681385507316,-0.0150484713528737,-0.0165226235159223,-0.00360291653699386,-0.0331555859007729,-0.0222320886048138,-0.0312042815585261,-0.0364674686536609
-0.0730531997986728,-0.0211056378998134,-0.0388455892163409,-0.0275219104796554,-0.0104821785700812,-0.0681875119323048,-0.0161402510979229,-0.0225931802979037,-0.00772848266843423
0.0645580627683012,0.0482727123013879,0.0338557199191066,0.0100524471044566,-0.00341788094346846,0.0768459662379834,0.0108745843786611,0.0100043401103211,0.0249824244572278
0.0505216873382228,0.00807458746923372,0.0114938591099175,0.0128265305597726,0.00563968534747272,0.0555912039035645,0.00265869043795844,0.0203825792127551,0.0133633653798526
-0.00116017608527772,-0.00771707080494372,-0.00124127017428275,0.0309643123966706,-0.00456219044937882,-0.0152081660222324,0.0052283914049181,0.00583028344213496,0.00090118503376041
-0.00848650427006532,-0.0286704182544045,-0.0389377708041064,0.000977086944051987,-0.0146446748767726,0.018115959592602,-0.014476321653857,0.00348487110730427,-0.0231825973226549
-0.0595516597455288,0.0154476140581467,-0.0547362402823801,0.018355640216435,-0.000319420533367281,-0.0353126960936284,0.00817920264410058,0.00343349445650664,0.017431075061387
-0.0647958012329892,-0.0180537351783069,-0.022723984309681,-0.0182678193478861,0.00420586395674625,-0.0301777528516135,-0.010763329973636,-0.0105210283530629,-0.0146958659355509
0.0068356335113208,-0.00278668142198579,0.00535552759387094,0.00988231189102117,-0.0096329271337167,-0.000614421158098867,0.0104060505859978,-0.00923711742219623,-0.0165120245420559
0.0301656606009915,0.0347138800165079,0.036819854562335,0.0481373165223638,0.00701596340880024,0.0211393381923536,0.0262849926860376,0.0172308579646767,0.0100881939258901
0.026722196064959,-0.0125725453863359,0.0113423032757204,-0.0036603683199735,-0.00928859265596864,0.0098206104448113,0.00346219189177801,-0.0257860676741266,-0.0172360803581863
0.0263039341572349,0.00973357087938679,0.0189501566463138,0.0273387235619958,-0.00452243382883299,0.00745405291684825,0.00784912727788375,-0.0118769809752946,-0.00642537614042622
0.00428742354903325,0.0201583154148283,0.0232023196255184,0.0294629878905338,0.00504456680520485,-0.003004555796275,0.0257411188539408,0.00637750268100167,0.0171903427911444
-0.0502894474626719,-0.0340857614750174,-0.0249498636202214,-0.0192909870783255,0.00457244552350799,-0.00811464357647535,-0.00562506750491923,-0.0194410669915027,-0.00339654253616001
-0.0374387427253007,0.0232710927324396,-0.0306602480723138,0.00296105104472581,-0.00484287975613633,-0.0213209151075628,0.00161228121504899,0.0166164751099982,0.00862970409697971
0.087268550524769,-0.0107422162548952,-0.0104459132293687,0.03818223237214,0.00499244219062137,0.0556395966188493,0.0151399415160652,0.0278824874839601,0.000960114534283666
0.0126976273195121,-0.0193267204161078,-0.0154303084685042,-0.0158010579270558,-0.00474111950961395,0.00499576815130963,0.00619831083366881,-0.00240320429915357,-0.00426359455931542
-0.0201561856586568,-0.0150966367495679,-1.0689326767135e-05,0.0182289767265726,0.00438120315044924,-0.0196192896846104,0.00811751351556991,0.0191433045987658,-0.00358630605185075
0.0923928221008256,-0.00296496357803617,0.0396812817396956,0.0206244201904979,0.000583854157186491,0.0596472708933625,0.0072419423967236,0.00158310174928861,0.0152919775872018
-0.0137416851263976,0.0232382327895471,0.00442764042082218,-0.0129277565701042,0.00429652771687271,-0.0441352749230907,0.0088117697959049,0.00065174102942304,0.00297627789009886
-0.0309213502370403,0.0284411188302157,-0.0165315184359364,0.0131452503066672,0.00265177002096786,-0.0239195980119062,0.015382510367875,0.00220060701325656,0.00212152506400565
0.105268688000149,0.0258639111781924,0.0260321607177806,0.0317541057348116,0.0171168221696746,0.118952830947343,0.0199963624266577,0.0245223893491966,0.0405285723849311
-0.0570622688961652,0.0133045820649767,-0.0350659722553442,-0.0322233445007854,0.00106571493193652,-0.0420335377473712,-0.0104167301614167,0.0125892481968064,0.00307297893112132
-0.0120754500825373,-0.00704105840549616,-0.0155084835319438,0.0231645752719874,0.0192876959896547,0.0208437982087603,0.0102119618495538,0.0128473735860098,0.015482751716499
-0.00193973470367117,-0.0200005014491215,0.01279888459159,0.000359978532481846,-0.0107283035761905,-0.019995682275537,0.00603619733551902,-0.0288955519887211,-0.0166013201668883
0.0825733817071085,0.0204360384298239,0.0149639946973663,0.0288037508458798,0.01248397876009,0.0557370394108021,0.0260248606907351,0.0226379188676713,0.0390774337487232
0.031288352906941,0.0167648858450395,-0.000702478860723245,0.0217830699678756,0.00557178570827137,0.00922927548501409,0.00766000978690272,0.00283810224432998,0.0156279469065385
0.00289597317623778,0.0321507592144305,0.0279456148382638,0.00590692969641874,0.00650826911260506,0.00661485321212951,0.000306165881369272,0.00260085604330451,0.0135151202357999
0.0141122612111301,0.00783727027049773,0.00718679006896944,0.0145733997301861,0.00678640496231577,-0.0015768824402125,-0.00149788150683084,-0.0118956932703253,0.0135951731721181
0.0106919714302309,-0.0251875970134399,-0.0050401742749981,0.0280926406561742,-0.000977550902718555,0.0290210191282842,0.00347641546718074,0.00120082968222237,0.0307489057662342
-0.00762652771725405,-0.0173554121638602,-0.018310550268777,-0.0365311951721945,-0.00366102473156305,-0.021870045704857,-0.00225594365399398,-0.0146539809614513,-0.00326976775739734
0.00752519666826717,-0.00991644910453134,-0.00670111507833368,0.0103592071845522,0.00566063688462302,0.00316048298292612,-0.00161749132810036,0.000491794007904622,0.0117548472743355
0.00486740892454843,-0.00378348360483188,0.0169510674648531,-0.00738465836187962,0.00639194639588043,0.0283990904186163,-0.00738730261908853,-0.00317619487602128,2.02421388378688e-05
0.0204194143476113,0.000331684470109529,-0.0117784480436762,0.00885015867704856,0.00372151776720868,-0.0155153298457762,0.0094986748795432,0.0114786687132506,0.000591198392660106
0.0336345275048869,0.0117652839295639,0.0102356490016421,0.0274810658355934,-0.00518810681264973,0.0459389343621892,-0.00124286751939988,0.0120772831113294,-0.00819983008513983
0.0315992768474412,-0.0195698238360107,-0.00336633004090119,0.0119375625249978,-0.0167597056305275,0.0469403462561965,-0.0125295798862053,0.00127467792418283,-0.0263634720156392
0.0314686893970163,-0.00103215232123749,0.0132771671558208,-0.00522850402359747,0.0120342031296212,0.000460167448090236,0.0136112109573935,-0.0107303196677885,0.0132645231268638
-0.043903115098808,-0.0199554678350817,-0.0544187428652212,0.00664446280066779,0.00516559133567559,-0.0123863657480747,0.021751658555703,0.0236704431782249,0.0264976983101116
-0.0597289234151408,-0.0352655483863541,-0.047573832898632,-0.0321675338727338,-0.010002208605534,-0.0145082484127238,-0.00822322812560318,-0.0359406434152543,-0.012940398580853
0.000523258590732833,-0.00159077337706466,0.0157089789579886,-0.0048271391981645,-0.00152463203906521,0.00699167583062711,-0.0112975371452776,0.00162645964923053,-0.000957655016683145
-0.097169318093073,0.0114871161630676,0.00277865248286121,-0.0576156986555584,-0.0059120347966663,-0.0832636334613929,-0.0172179628366149,-0.0307222145493885,-0.00944593837132037
-0.0223694818196861,0.013879397483473,-0.00448015599639208,0.0323306164387073,-0.0111253944448246,0.000804678759935181,-0.0021004830354636,-0.00500178197060654,-0.00538560379221835
-0.0460102297715409,-0.00152138585545896,-0.0368180535353778,-0.0115798550306744,0.00774686690073273,-0.0379352072155687,0.00423965590816701,-0.00746958844453393,0.00447613771187723
0.0350419210227359,0.0432315451227717,0.0376532659417147,0.0107610846993765,-0.0221801543717556,0.029457464176876,0.00358513711760992,0.000317020687690034,0.0243041265526023
-0.0489159561746971,0.0021197259168653,-0.010188228002155,-0.0211323757828023,0.0109744219088368,-0.0440136210769005,-0.00289771399010758,0.00762622854652723,0.00639481528138506
0.0515037482345643,0.019217314733211,0.0229887675335357,0.0250546913947531,0.0238631444069291,0.0548167506445273,0.02620179751194,0.030610411253183,0.0360061115510627
0.0856804855555695,0.012098571726576,0.0156708727788907,0.0210877195900153,0.0104108349144496,0.0845668569039414,0.0103262504060371,0.00819635024009871,0.0192649733098578
-0.0249696738014052,0.00533448719292001,0.00163742351297642,-0.0209210361934194,0.00327392739289831,-0.0539683519550112,-0.00807487319525574,0.00360904050807294,-0.0113711751264289
0.00659830913007163,0.00674093098043553,0.0095387902877401,-0.00707344108055065,-0.00406561867836494,0.00341588701791982,-0.00308138246590755,-0.0142877576681131,-0.00443975359081376
0.0188143817634387,-0.00212077674434068,0.00847224626430757,-0.00061658555888105,0.0144996852173152,0.0214576919289501,1.8823782049432e-05,0.00290414150452035,0.023055979495635
0.0413327374137791,-0.00148720268728559,0.0101542464194966,-0.0190660893189548,0.0213178551713368,0.00563089969118468,0.0203510376173317,0.00504864321892702,0.0182799583206868
-0.056380113037082,-0.0291967543457675,0.0156829452095264,-0.0251456635405715,-0.00388960605456241,-0.018157891458727,-0.0204624257094355,-0.0374535766018066,-0.0217277692574202
-0.0148007853913433,0.0159625290372509,0.0158963449421334,-0.0125164629127979,0.0156776261961388,-0.0291210599478981,0.0142913598314123,-0.00123715483475603,0.00886452038284306
0.0473912680716815,-0.00166757761447215,0.000707764142303598,0.0221994393560672,0.000259232088914766,0.00886549683631249,0.00514547712263694,-0.00984957977113977,-0.0110788983993474
0.0441468897628366,-0.033891108525002,-0.0111896964885234,0.0340959822476899,-0.000570766731325078,0.0238607346172459,-0.00760541884851719,-0.00854728528303533,-0.00180972792062078
-0.0643687488474941,-0.0278147518635418,-0.0279593180190619,-0.0148648814718323,0.00863724130554287,-0.0720596761307141,0.00115134505544109,-0.0214643660723645,-0.00586053285375937
-0.0592793404940304,-0.00735790363274144,-0.0130172184046151,-0.0338741061457046,0.00495517792578501,-0.037839044829305,-0.010816622338641,-0.0164595038556584,-0.0178474212241351
0.00930595760784056,0.0217351043847103,0.00945374105037046,0.0338744044442841,0.0139559131932031,0.0258337116993996,0.0190646050640868,0.00735941432407399,0.0109181935566552
0.0204985136038508,-0.00100037634215549,0.00652234907712437,0.012411536721403,-0.013049606751927,0.00757484379000935,-0.00717491815662466,-0.0162294192205117,-0.0089864023771471
0.00364242957903615,0.0379122386889404,0.0222622041767125,0.0357961132278475,0.0208032599545735,0.0183075479108536,0.0241267454101841,0.0387784653771251,0.0142868894462427
-0.0251107140030101,0.0129619312730484,-0.0205315906718929,-0.00233311963407992,-0.0002164874389652,0.00100449710332345,-0.0131426791938072,-0.000155946120265976,-0.00842732832175615
-0.0121482412520872,-0.00427083414462348,-0.00736560293347599,0.0227828837139083,-0.00553529404203019,0.00150801805651174,0.00273967106295435,-0.0116134832697009,-0.0135383265154576
0.0184135449239936,-0.00310009388163138,0.0054663632770047,0.0335941321602403,0.0144368098651495,0.0309447980606834,0.0246699431649993,0.00547477778251938,0.0248576615376704
0.0447531107816576,0.0289326121860094,0.0196200647065281,-0.0134234263349984,-0.0117131340513461,0.0358016587980342,-0.0121920522414984,0.025588765983947,-0.0151350734985403
-0.0369143422197027,-0.00889357858582004,-0.00256505018363247,-0.00606504452038943,-0.00844568821117443,-0.0335993233406347,0.0106134160317587,-0.0227387083576878,-0.0245228785015618
-0.0613540510007271,-0.0446826043155935,-0.0440968927939121,-0.0498521808830505,-0.0169773182284041,-0.0224683598875573,-0.0330747362480991,-0.0161019110735028,-0.00632513538961034
0.0793398555231711,0.0721644350910587,0.0674344742776746,0.0187235732845804,0.0192435804083824,0.0634501322047521,0.00457898911232349,0.00246717377859972,0.0357205717709115
0.0212286604293235,0.0289609074750544,0.0103994764493432,0.00182353685235073,0.00371917366557711,-0.0265811900822377,-0.0170908827582413,0.00988745512565229,0.0125236748766723
0.0195475196208054,0.0222701706453149,-0.0138808748898489,0.0305237155868354,0.00718016747473775,-0.00826306414607085,0.0213885428992509,0.0125606502636356,0.0221811880865477
0.0199093607073086,0.00562008780839454,-0.00894690741344541,0.0173847163499405,-0.00227658007167308,0.0263591241335434,-0.00330827966539067,-0.00869948986159222,-0.0214076882027123
-0.0432761926892845,-0.0032729539296033,-0.031130293187515,-0.0249454324346318,-0.000190813301095737,0.0214321899263275,-0.00849744366043624,-0.0312319924369,-0.00757418524073245
0.00700126876463317,0.0177656935815622,0.0167191974926356,-0.00438426206680291,0.0213052201894712,0.00639653010471861,-0.00887550258690654,0.0322688019159414,0.0274256605396466
-0.0186189773509608,-0.0435832031914228,-0.0274335875257055,0.00275715102682538,0.00498537199138099,-0.0333881284227624,-0.00480191201927551,-0.0126134900869403,-0.0113041002407079
0.0289768809559852,-0.0147634498739335,-0.0158713579317107,0.0136189532925263,0.000971986722715919,-0.0307688222852694,0.00652750671835848,0.0193564105342154,-0.00236031344839574
-0.0139564537480651,0.000255226968877423,-0.0376444728118886,-0.0120300110671556,-0.00816904264322236,-0.00228475598637796,-0.0011576132000385,0.00742193208474084,0.00620955887036427
-0.0177509532666944,0.0139288166095218,-0.0196280139041426,0.0428620627474732,0.0018135324883816,-0.0230180444141627,0.0138688166056617,0.00815454179317338,0.00894329462406116
0.00563052208249834,-0.00846633746373585,-0.0066314866624658,0.0342277173821226,0.00193604034239498,-0.00827262141932683,0.0020152968048538,0.00983115758110311,0.00200384360615104
-0.0616329167390657,-0.0322271153593283,-0.009714651196599,-0.00869510778569031,0.0107310616107006,-0.0282223307262627,-0.00628541191721803,-0.010295308053008,0.0207436765535802
-0.030325037362434,0.0179060556138196,0.0107557862043895,-5.35922812456726e-05,-0.00454132751177466,0.00742621169804978,-0.00201281795129675,-0.000136208806749029,-0.0111383461938504
-0.00540909288008945,0.0194827608614807,-0.00545922991062985,0.00362602842670293,-0.00819110942670884,-0.0380561001875492,-0.000807342039514439,0.000175357573139385,0.00824968481165075
-0.0316644481223245,-0.00231221157634426,0.0349468851386571,0.0368602865547729,0.000878262548979304,0.00218336833423471,0.0286331325935579,0.0114474413263922,-0.00087294405115785
0.0381057418549699,0.0220258587592097,-0.00428647736211791,0.0125072407128315,0.0133626275103435,-0.00315140451316704,0.0281598764220354,0.0234225103644983,0.0260542954894246
0.0375219165850585,0.0111601482919816,0.0239070313054155,0.0536206462116661,0.017644612402382,0.0578730366310627,-0.00223607907153339,0.0249186235876012,0.0300166171125165
0.0828916136892753,0.0273871927984399,0.0268377931546719,0.0154577745535587,0.00622041628217428,0.0863549309645976,0.00677715255493738,-0.00591805146586985,0.0136455881332588
-0.0908009668506636,-0.0415656211303399,-0.0310279353013394,-0.0538977238858646,-0.00834539455100516,-0.0968063523395309,-0.0335489445686706,-0.0199162127080808,-0.0198861758432016
-0.000852075804103531,-0.00167414452887631,-0.00764418068009587,-0.0226130238428425,-0.015865018149192,-0.0233909052866351,0.00885863923837386,0.00443573647323615,-0.0115785379362939
0.0107689600661697,-0.0109449597811493,0.00138892333740571,-0.0364240427089518,0.00229451198843819,-0.00573052043663283,-0.0189640995091691,-0.024793284393382,-0.00741966622799589
-0.00655538011115533,-0.00953144651780791,-0.0411682732039842,-0.00341548870944216,-0.00527442487517425,-0.00835759850867364,-0.0421506710714841,0.00171748142206818,0.00217382873963625
-0.0128314409610784,0.00730608349361513,0.00957913662847062,0.0159802969301231,0.00693024032342682,-0.0298771994208412,-0.00407118727633586,0.0202671150071941,0.0145964511714723
-0.00780981351946834,0.0177579038212265,0.0214183604996943,-0.00615478653756569,0.00221970466335856,0.00873254564305837,0.0116628058353281,-0.0027874059740292,0.0133596092442124
-0.0335582834699576,0.00605643876578993,-0.0151500659277085,-0.000470783684734723,-0.00231408358859355,-0.022732305680579,-0.0269756828629234,-0.00334975285154401,0.00624406353663388
0.0693448278908685,-0.00486789466433335,0.0134187716142027,0.0128503294651729,0.01062372630499,-0.0134941689300501,0.0154715880535318,0.0083083159521624,0.0180035053186031
0.0851226103424569,0.0529811624143596,0.0444866519045599,0.0704140592422013,0.00744851194311256,0.0785216774040775,0.0119677204942824,0.0219622252161993,0.00697735176928554
0.00541348134654284,0.00177755820624462,-0.0117372671808979,0.0138936610831875,0.00523550856082184,0.017046770627732,-0.0148100854174129,0.00523226832189103,0.000789187399170739
0.0609407940514112,0.0243855933175789,0.0231730985169392,0.0372610790380274,-0.00126339775550753,0.0317165135879197,-0.000928143694645266,0.0325889138052319,0.00579697546999613
-0.0344661997413097,-0.0175540068135174,-0.00290565683116392,-0.0101011305854761,0.00514462245851975,0.0811371605569257,-0.011548136366241,-0.0160740139123121,-0.0242842730089056
-0.00615600264687607,0.0198180454348847,-0.0026242028123116,0.0131521963842939,-0.00192045566024705,-0.0167958472278204,0.0157063449261771,0.000128823962555755,0.0261857017183252
0.00728708558731482,-0.00750656650005972,-0.0200580200748302,0.0267917969473148,0.00873581518150964,0.0105717225349543,0.0404528515971258,-0.00502746097077823,0.0248476457787235
-0.032837366475571,-0.00162284477758555,-0.0281235096891661,-0.038591494950365,-0.00162886738212857,-0.0192316448047888,0.00453772815710537,-0.0132581571187118,-0.0102489119514546
-0.0482432519916449,-0.00272741316822657,-0.0138572091839076,-0.0222384066899207,-0.0108379236840847,-0.0507064143105387,-0.0105661875736716,-0.0101006543078336,-0.0117930655103108
-0.00405101894558123,-0.012311973540683,-0.0230554532043668,0.00420997252233747,-0.00331793744561342,-0.0641829117507251,-0.0133860184506676,-0.0185539021459957,-0.0151917908926595
-0.0154198536143685,0.000405134051795641,-0.0103968475611783,0.0220887055853628,-0.00259727920229502,0.0268292984264697,0.00463378067929549,0.025517155228953,-0.00570504141816691
0.0503675085488243,0.0122622988691361,0.0197045900806006,0.0171650749349087,-0.00196724732208942,0.010713211495424,0.0127296900060822,0.0385350348900735,0.0122960626272947
0.0471430723953092,0.035370288995262,0.0262670530446855,0.0524184942649426,0.0258215141488448,0.0625892504090877,0.0121715136246359,0.0161618897331586,0.043471953619792
0.0711078818022761,0.0434270145912,0.0346135635892758,0.00756149241007653,0.0110713425020839,0.0427447532253808,0.0144204217739487,0.0188564272355936,0.0194412427533557
-0.00311449305279654,-0.00510391408619169,-0.00390011744376149,0.0108473513338045,-0.0106236978704061,-0.00172067487618519,0.00698741623948357,0.00840715612677204,-0.00646710479444628
-0.0111660869797065,-0.0209834937580713,0.00577982514500849,-0.0252360858074367,0.0040835716030979,-0.0157722876848184,-0.00638727933019492,-0.0232846913439718,-0.00319428410764151
0.0100741464533892,0.0476665188628043,0.0367848423884397,0.0193863197688026,-0.012362390983513,0.00426246306480204,0.00986347021202807,0.033896164977648,-0.0173563902216171
-0.119752996408321,-0.0229555663016027,-0.0410779617702685,-0.066793459027961,0.000699672914569578,-0.0870046638110193,-0.0129434445800997,-0.00418234680052637,-0.0103831045707246
-0.0293401183609716,-0.0111536877872832,-0.00141925760844317,-0.000892043588316991,-0.0122513610860242,-0.0175146805699111,0.0107775450741388,-0.00833615939350192,-0.00416852559247516
0.0092315664148681,0.00907630525391737,-0.0132987111186982,0.0171745464993602,3.27806717309956e-05,0.0083187477100146,-0.00553277258486126,0.0265856264755779,-0.000454826704261239
0.052373418527415,0.0227890402902758,0.000430903672723264,-0.0153279495540607,0.00572714100385952,0.0426325712204761,-0.0066980087382015,0.00427702119236128,0.000826827531707366
-0.0633463102581316,-0.0257113407607157,-0.0266467937155059,-0.0343008262365186,0.00886413553848072,-0.036603345749903,0.00274831836002077,-0.0191891403865435,-0.00436468788688323
-0.0490978063334611,-0.0147576202230317,-0.0312993927655581,-0.0336230592535541,-0.00211076438163155,-0.0465027959322642,-0.0153700891860625,0.00852751111964132,-0.0025376070830674
-0.00141947766509186,0.00368644140780965,0.00240906726886718,-0.0186229031982586,-0.00102640965822048,-0.023485633365183,9.16012953735518e-05,0.0182563763088057,-0.00518620224903969
0.0233359305713756,-0.00161265767200665,-0.00420902948210927,-0.00501407103962215,0.00617789914468803,0.0382805127064921,-0.00655819416897732,-0.0196137946827724,0.0169116195058039
0.0400093965127091,0.00941215338080877,0.0390338475160121,0.0283450236467999,0.0119760904743515,0.0620103943400923,-0.0111872942259318,0.00227077114173583,0.0259852662017504
-0.0437099685841441,-0.0197309569781913,-0.0361063004052581,-0.0115525660578968,0.00406288478999489,0.00107367927405413,0.00491956405413683,-0.0130906557522794,-0.017178008179695
-0.0689032290440083,-0.0231163037311127,-0.0120995357846523,-0.0150693275526522,-0.00845384409060919,-0.0498087435718711,-0.00774610501983013,-0.0134881733470987,-0.041871704510083
-0.0155243535255261,-0.00303955579176837,0.00119133575146709,0.00793872798480227,-0.00181612961422716,0.000108146382751137,0.0090953781390292,0.0133229838407147,0.0234138559686163
-0.0390479445909798,-0.00383637049868974,-0.0251033222581742,-0.0213969654411665,-0.00470338508251411,-0.0439356010117897,-0.0131080315539189,-0.00909059991123901,-0.0159286888414068
-0.0293788920446514,-0.0611333400306287,-0.0148456662652658,0.0319768006874401,-0.00395443613280576,-0.0125758951149836,-0.00730868832755298,0.00136615200264849,0.00851021793233444
0.034639735018022,0.000440745281051382,0.00448007301557217,-0.0103467184085284,-0.00467042550860815,-0.00293381736000502,-0.0180235146808874,-0.00661387195837782,0.00301822444047933
0.0237584963654691,0.00756354082705328,0.00108773944542204,0.0515532801428521,0.00255230085875315,0.0225831503664545,0.035924909160664,0.0106018763402965,0.0557123272718052
-0.0194385734128388,-0.0308790656763794,-0.0363196854305522,0.00914867119753605,0.00314378671338553,0.00757346925317471,0.0189221025705278,-0.0072769271009323,-0.00214846014516538
-0.109467955456134,-0.0518897949642016,-0.0150973641368803,0.00142011490929215,-0.00592619174575915,-0.0808986299395363,-0.0081094836402323,-0.00103295595940365,-0.0117458285887236
0.0279902675915896,0.0269328064245116,0.028994077483629,0.0364375298719526,0.0251950434457299,0.00330501936621371,0.0183742226522862,0.0169065656917933,0.0320088655699984
0.0456859703505407,0.00663959174878808,0.00365269944517074,0.0224995389612947,-0.00802938349714434,0.0247204710396134,-0.00923970011822239,0.0137832037320435,-0.00745123509001532
-0.0586650030379086,-0.0171264343016586,-0.022440550367445,-0.0307431215926589,-0.018439804400455,-0.032022618371127,-0.00437666580050449,-0.00817872839294392,-0.0142730688212881
-0.0392216894359093,-0.0109760408242649,-0.006231557279638,-0.0238594343523395,-0.0192468142091779,6.66341014039784e-06,-0.0108998290482808,-0.00951754944043185,-0.00814637905545927
0.00296390658010108,0.0222828502409811,0.000623160603641453,-0.00335175351749339,-0.0047176796897511,0.0117027080819737,-0.00244895555733208,0.0111825817150917,0.00531320111738986
0.0725339572111264,0.0334287918781007,-0.0010668284119206,0.0249825652997485,0.00296896526228777,0.0410258446260185,0.00518320029037499,0.0128609384246273,0.0242981631380071
0.0277735047151622,0.0419415098715797,0.0359840439027726,0.0404892297650279,-0.00221567636446352,0.0339007092250825,0.0101492020247502,0.0221239179388715,-0.00261547442613117
-0.00302993379418737,-0.0249475164652316,-0.0103570525357435,-0.0403969600512566,-0.011397625612996,-0.037751677964997,-0.000290054483020944,-0.0152411672848527,-0.0107673066514785
0.0442650515486165,0.0444373814243307,0.0407581171438437,0.0553544571932676,0.0151075777726515,0.0112017805366523,0.0263061178128441,0.0273171717659485,0.0301112654099915
0.0183119861111357,0.00714464976955506,-0.00589999781905271,-0.0280438408536484,-0.00663855785834411,0.0062438715991947,-0.0066586997390849,-0.00616068396894319,-0.0143348259766004
0.00239273827050141,-0.0116787010169684,-0.0259318253964726,0.0154512068202901,0.0081431560494368,0.00388649798883728,0.000524367132289976,0.00368408031450388,-0.00309117519906404
0.0513817532299493,0.0206652998633738,0.0274764065702381,0.0380881969842719,0.0101297119263188,0.0442271113162576,0.0025396260086202,0.00885953430747804,0.0128136262316863
-0.0192002078446314,-0.0141373485077126,-0.0122838336413568,0.0395081462208631,0.00286915070530281,0.0157829350868695,0.0130423720595636,0.0107585110963143,-0.000180766876951995
0.0114047400828843,-0.0100408720820529,-0.014775454700372,-0.017153205988423,-0.00141724772404075,-0.0257130816167041,0.00838686650152638,0.0163340856493436,0.00780006720409523
0.0131412006072488,0.0342864834047188,0.0232623872004848,0.0617723061648391,0.0242263629100139,0.0567107051881814,0.0143208327932119,0.0372860715048711,0.0261194231419534
0.0325657201151772,0.00936126349634732,-0.0175507085789301,-0.00567749674417437,0.000190340399346895,-0.0115641073145887,-0.0074108079750291,0.00359621812787695,0.0060248580094726
0.0128400809983263,0.0416285870222262,0.00851315905348583,0.0326021077551522,-0.00536952196104531,0.0117504721892384,-0.0029821743873977,0.0224619470156255,-0.00892239469279025
-0.0130275858651661,-0.00750985917802438,-0.0102312038134551,0.00265431774282664,0.00111755577102315,-0.0217114243272561,0.0117067950696966,0.0119878376819644,-0.0135260261302817
-0.0294683083879394,-0.0159868333159993,-0.0108600763295367,-0.0168054396931239,-0.00237586876050764,-0.0670746477044224,-0.00798631271139395,-0.0219438158637086,0.000834081725657842
0.0773015964714193,0.00166932099179471,0.0103189890008525,0.0590008396029061,0.0148730039845999,0.0585767363762596,0.00744193083316993,0.0391015477495129,0.0102303571610257
0.080807860421745,0.0337149552396754,0.0437286399727235,0.0252381305037856,-0.00296852202911952,0.0389719061949392,-0.0032304944351186,-0.00290746842852789,0.00446254634403983
0.0187997705629973,0.0268719473946819,-0.00167097675015563,0.0156823277334375,0.00257213641233735,-0.0348400936132412,-0.0192362667450129,-0.00779908889536956,-0.0155881096030978
-0.0178828092970809,0.0154025103683718,0.00216673682912755,-0.0136080757591057,0.000444860148004145,-0.0344747209969144,-0.00419054653140459,-0.00532716371559433,-0.00155747590820415
-0.098201795512212,-0.0639967021874487,-0.0566636250765433,-0.0865825592402199,-0.0128544525788049,-0.096180916887202,-0.0266847158303041,-0.0289343478080105,-0.0374173504496796
-0.0924934394896981,0.0187449535900822,-0.0232243783224417,-0.0502732768717873,-0.0136973056448264,-0.0517425480820549,-0.0131184928014973,-0.0292409429159204,-0.011585871085765
-0.0262887517223586,-0.0263054423102929,-0.0244568065387253,-0.015343854082366,-0.00437811699460915,-0.0344419204656001,-0.00737145683045213,-0.015028614296024,-0.0289598843264656
-0.0670643545922857,-0.0295698484308588,-0.0346949115085713,-0.0387416254920615,0.0115405306720039,-0.0304441510013066,-0.00413066349888313,-0.0446787592296419,-0.00192122230478363
0.0267149021501669,0.00110536228480937,-0.00830547678278768,0.0090648705702195,0.0124897652771647,0.0103450437351887,0.00805282406804786,0.00856226395330005,0.0222973050185204
0.0161707355050598,0.0253277660181741,0.00749407205196957,0.00449709078476027,0.00165496752941663,-0.00526845051140924,-0.00154872661367107,-0.00210760557050498,0.00977486371243379
0.0141754933334065,0.0185250092692938,-0.00777156631316012,-0.0255461312439398,-0.00529115233684791,-0.0119363842510512,-0.00948234392910776,0.00276840165605353,0.0119043388269479
-0.0122394102058441,0.0142821276679725,-0.0019326067122007,0.0151345074157698,0.00901467463844226,0.0174363682718094,0.0015622412306061,0.024454151438881,0.00329880999501981
0.0507382830339354,0.00882967561268083,0.00446046465214104,0.0217209391627719,0.000500585329546776,0.0299174979999652,-0.000987497043534366,0.016502464703782,0.0113245542523042
0.067504376342728,0.016170144951465,0.0126303110968698,0.0358160106536265,-0.00158834162341334,0.0379670014170373,0.00635626615709363,0.00969241282948813,0.0181281416120015
-0.117906915998295,0.0171702956237146,-0.0438366297376477,-0.0350855612779002,0.00669901210976975,-0.0690286064046557,-0.0116906265203256,0.00647423697411127,0.0145469799382317
0.0268788401286032,0.0406062687403408,0.0316911025133919,-0.00412184085793327,-0.0140444079308675,-3.08447087691687e-06,-0.00756486863103173,0.0137206541645997,-0.00798146537013625
-0.0182492384320227,-0.00834564220295167,-0.0400517880235951,-0.0420459458468375,0.00547813354048664,0.000433368892739919,0.00779482322504555,-0.027905688258396,0.0128328395331693
-0.0717130807535238,-0.0193984105989371,-0.00222664401870669,-0.0341670363046731,-0.00379782221436102,-0.0151617248820932,0.0091771625560198,-0.0283895022853229,-0.0427846989928716
0.0325372212131774,0.00446579536943779,-0.000841656680212123,-0.00847374932971703,0.00834301532942581,-0.021604043840607,0.00865057746608233,0.0062775179692552,0.0195095067880118
-0.0671570961301647,-0.0277631023445784,-0.0253816437394674,-0.0514376966637796,-0.01269725065006,-0.0380153214766037,-0.011987121188042,-0.0388253315158192,-0.0201698740706322
-0.0301217274227078,-0.0652629487102047,-0.0412206895267368,0.00130460130736692,-0.0156170100295121,-0.0472047439060082,-0.0126265717367537,-0.0264196757445593,-0.0421635432021
0.0369577337670718,0.00199490007918719,0.00353614760575386,0.0225990397226262,-0.0035580703223753,0.0273244119312001,-0.00064198772882592,-0.015802730578576,-0.00902751574706478
0.031602984302955,-0.0203722505181186,-0.0149998270426804,0.0262842168429162,0.00764673675870801,0.0233803890168163,-0.00940448497512468,0.0142888706526087,0.0170469754856058
-0.025596735261896,-0.00735172912423559,-0.0205811171807135,-0.020571683179201,0.0116327554216348,-0.00456485288171909,-0.0249312771458742,-0.00400126778611395,0.0189719883671784
0.0121266941812056,0.0175746962609563,0.00523859214477224,0.0303056739316299,0.0158354134306763,-0.0301140402626745,0.0108460961405659,0.019542040765725,0.0150889444293929
-0.0547884486823203,0.00852930082571108,-0.0150369886297754,0.00070573659988409,-0.00528105566097711,-0.00868880437550794,-0.00761880295864025,-0.0260882745771098,-0.0184842030421753
-0.0272922358211944,0.00410458755545462,-0.0290258015598504,-0.0084536931875355,-0.0181671179417744,-0.0135277864785361,-0.00876620448693895,-0.00534502725465097,0.00166765795305947
-0.0395419518371496,-0.0162542764504751,-0.00264188206728036,-0.0171659662850248,-0.00391623314650952,-0.028237950127297,-0.00952812949651158,-0.0250998882154387,-0.0105112414296453
0.0225061901446683,0.0292281082061909,0.0135827536878321,0.0133177650289345,-0.00825654595573788,0.0422125744022784,0.00670515457618239,-0.00457548625266296,-0.00828286140635488
0.020695383207299,0.0232985288090797,-0.0126680955633878,0.00268978588912966,0.0121247992781227,0.0117283702526908,0.0136616794231565,0.00254974955331485,0.00164352295652163
0.0165255543323456,-0.0133782046593554,-0.0128032169883119,0.00501863676669051,0.00714861210850366,0.00446033995988102,0.0111812295008934,0.00429209844427117,0.0149518503464122
0.0351941158586983,0.0373828723219599,0.0326518144363725,0.01688460229362,-0.00916109887643548,-0.00694967196528062,-0.00235015316039124,-0.000216203305431037,-0.00483412372684985
-0.0703044439318815,-0.028989569057355,-0.0500828965312487,-0.0454338397674641,-0.0273840016595327,-0.0881888080097847,-0.000142591213874343,-0.0145905476476273,-0.0254146731564817
0.0433325186843201,-0.00932655643225166,0.0129343551163672,0.00427516907170204,-0.0133688794014688,0.0566792057082535,-0.0112189748163814,-0.0101278882638267,-0.0112800947459488
-0.0459316407568887,0.0100593192719549,-0.0122813805239973,0.000435609318380776,0.000823020962154621,-0.0253711682104815,-0.000649549759809444,-0.0137498887885655,0.00328735831659123
0.0141745710671798,-0.00223017557104571,0.0140422276814303,0.00770241954734603,0.00437444319920387,-0.0637394435467178,0.0135615443148924,-0.00174486857975457,-0.0163472753518405
0.0536257932365154,0.00469522920296287,0.0165962252638502,0.0018722857728182,-0.0166688042974945,0.0198799357523502,-0.019606133532817,0.00770006257025485,0.00641318575151588
-0.0976120783825613,-0.0190913318925104,-0.0436921431045298,-0.0556095754882717,-0.0104382612580772,-0.0601556254627219,-0.0259464804290688,-0.0190489134523068,-0.0349749725838643
-0.00690543987563277,-0.0100292659406835,0.0100501311896643,-0.0263351508190243,-0.01051829640592,-0.016948030176482,-0.00899074721270537,-0.0372313157377937,-0.00332984697373249
-0.0482329341288896,-0.0331968246306548,-0.0193786577060602,-0.0303868238154894,-0.00776996307521866,-0.0506265427855897,-0.0122234357070503,-0.00904828261197034,-0.014489234890403
-0.00306629615192365,0.0017680718358159,-0.00344349809963029,-0.00045780946339422,-0.00722546346502711,0.0286714451322277,-0.00118494105757563,0.00301664380316415,-0.00891929290309957
0.0128169711176246,-0.0158733842534927,-0.0151460054626047,0.0276429796035558,0.0142527500477501,0.00874527505510335,0.00975836689799766,0.0167038882655119,0.0200588658456451
0.0256415735025451,0.0142993892326069,-0.018148610820342,-0.00709290552305604,-0.00714343428109953,0.0121758122244301,0.0106635795388153,-0.0132441949088281,0.0142851499435597
0.0182167764085852,-0.00614117083936112,-0.0226316260509213,0.0103713712296065,0.00383812590740333,0.00172782274412427,0.00268349095331678,0.0149215453764062,0.00931685445153274
0.0104640686255296,-0.0173543697735044,-0.00468912438320022,-0.0208290993252614,-0.00629645230037044,-0.000936981316234807,-0.0306379220240289,-0.0345170586315888,-0.0188173672255099
-0.0844266966093333,-0.0271940960244797,-0.0524991093399572,-0.0286999092631826,-0.00236355586172155,-0.0568529780923957,-0.01693732179752,-0.0187272383320419,-0.0119498058074413
0.0437941672296936,0.00197300643342543,0.00691848573012345,0.0204641945534788,-0.00694979923595494,0.0511472534731,0.00770208031524172,0.0163711462855475,-0.00809004223074175
-0.0223291275327474,-0.0236696004750838,-0.0174667026405929,-0.00139743063125384,-0.00367997351893318,-0.0131664572411713,0.0135059188995134,0.0052616631065947,0.00790118454670791
-0.0411376525467895,-0.0142498976357904,-0.032661813237598,0.0541092390127177,0.00172321534487324,-0.00932142329131602,0.0106255676486084,0.0154648191600752,0.0105639712944391
-0.0460188101516163,0.00603211381530231,-0.0167062201103401,0.00572100456239464,-0.0140300081989307,-0.0477611589804767,-0.011815275036069,-0.00564037696565215,-0.00936690851088392
0.0122711728525217,0.0028964924589074,-0.00237616413834303,0.0123992764547989,0.0105362487750828,0.00531585024063075,0.0217431995309485,0.000932387785174605,0.000402932698210525
-0.017442939126521,-0.0167521538624832,-0.0315302067531258,-0.00447482619430383,-0.00562946289374874,-0.0423029367319678,-0.0111862090642429,0.00844618991374606,-0.0218698056756604
-0.111041219722432,-0.00395330521671867,-0.0175135668943433,-0.0355135555076386,-0.00205151301942811,-0.0687028294231869,-0.00716746053997834,-0.0303455197099207,-0.00223839468252066
-0.020673265040299,0.0332037415186552,-0.00163024403734176,0.00461272385898503,0.0156546168356083,0.00353196393968232,0.00200094957693514,0.00602159950883647,0.0337053943911126
-0.00103525338899114,0.00499849677950386,0.00850859250371283,0.00105764745402325,0.00269825320820849,-0.0123753438117299,-0.000511915533854692,0.0204761037524189,-0.00592188366879931
0.0103600089115217,-0.016396491502473,-0.0137616051823131,-0.00321796242873731,-0.0143392446551798,0.00841540913196877,-0.00129331797334103,-0.00433532885323605,-0.0254294302829533
-0.0759147742236351,0.0194257254890218,-0.0606500294393222,-0.0154206452153438,-0.00615782613134262,-0.0601164079843612,-0.0234290046542783,-0.0339174985613669,-0.0259337661991433
-0.0253877525838268,-0.0214832311962719,-0.00720373124714652,0.00959213983348358,-0.00429533457183401,0.0304546582355665,0.00817755877630441,-0.00295994486912985,-0.0133434796467891
-0.0463777549144129,-0.0154122003494199,-0.0359580546642587,0.000410879548178368,0.0100076991472718,0.00101466531518624,0.00543056677688154,-0.00204610604647824,0.00387782613887272
-0.00707771807601588,0.0150505606771794,-0.00398701945618431,0.00827086410544612,0.00649785649962237,-0.039050794367753,-0.000221116957412836,-0.00912819494852941,0.00138439353450191
-0.0122559709330961,-0.0233150675414771,0.0112621842664761,-0.00798084475220621,-0.00753826494543406,-0.010070492808374,0.00209414817326753,-0.01538235424471,-0.01171620964666
-0.0136703405789311,0.00603442804926952,-0.0174628933760228,-0.0159211586068732,0.00159467089847071,-0.061500860424315,0.00963482948705904,0.0177128270586464,0.00987342835109499
-0.0606562628764846,0.00571678119142585,-0.0229155514833138,-0.0255417482589157,-0.00904884848679571,-0.0611855940234619,-0.00483598327758073,0.00133636744935656,-0.00422653369756589
0.0144219226829266,0.0323276741278993,-0.0194194494565384,-0.0116039064485926,0.00104920100611173,-0.0170884939100136,-0.0106380271838663,-0.0129960723241951,-0.00231545639253182
-0.0591427626087062,-0.020446919134436,-0.025706143665241,-0.029452857808698,-0.00556455990871268,-0.0523868726308702,-0.00316818415619711,0.00885722689224477,-0.00643845892975203
-0.00408910875180631,0.0144898381127349,0.0155534292841813,0.0275257421153159,0.0111140712733944,0.00917799040031579,0.00591195657915198,0.0212897969468656,0.00634348914351178
0.0119778186329453,-0.0269974803292705,0.00680580140711596,0.00763370376287676,-6.91714396540546e-06,0.022243270629244,0.0217505085617131,0.00778121063994001,0.00352289084572382
-0.0574247028473265,-0.0304168199654645,-0.0366243281575977,0.0150551499456853,-0.0050390441356227,-0.0719989740821256,-0.00579931735596656,-0.00832185268778673,-0.00152559489216315
-0.000407957557455549,0.00635816481068514,-0.0187812125668622,-0.0257726362141248,-0.00323992478349195,0.0119630533201956,-0.000941109675010998,-0.00329914836983608,0.00127921720470817
-0.0659209299589684,-0.0405202305570342,-0.0448992917929911,-0.02582003337487,-0.00641981441052916,-0.0486592485597405,-0.0316759869981845,-0.0422527419501845,-0.0127253030019817
-0.0066425405312282,-0.040191247547788,-0.00706777175067644,-0.000785797918218842,0.00419190536021622,-0.0179414558750522,0.00879506113088247,0.0114520884024225,-0.000961790183107609
-0.0106211783031478,-0.0402564585145223,-0.0442172677178021,0.0213385789978744,-0.00453606924261321,0.00300761666923313,-0.00621132138730485,0.0187427355548314,-0.023080819053935
-0.04312851507725,-0.0512543419633695,-0.0365893378151245,-0.038248810722417,-0.000133286545694558,-0.000505668259695911,-0.00316602799961946,-0.00504746110267254,0.00198172483447104
-0.00493591056015222,0.021894844929792,0.0314150602555921,0.0128611531405853,0.00132710678448091,-0.00687144223567238,0.0142320639201068,-0.0121344998602549,-0.00878893557157895
0.0235599064218511,0.0324456433372683,0.0156141134452215,0.0226096371399298,0.00770059286329943,0.0160268531893553,0.0280843207777285,0.0314159008435093,0.0292453659139935
0.000788441017836468,0.00283131129244636,0.00835096027725241,0.0407933625974262,0.011320978980403,0.0139304469378253,0.02565970742831,0.00762626679700323,0.0324796759147298
-0.0618886651609361,-0.0131653917117739,-0.00488985789332084,0.0081435403543651,-0.00677089194596744,0.00825129334741694,-0.000303292572699922,0.00863235496306492,-0.0153671138895184
-0.0241863934974042,-0.000772543204715029,-0.00635882963361011,-0.0289560109150786,-0.00573223079283558,-0.0154172079738247,-0.000556133389138986,-0.0264424233887653,-0.00101580840313583
0.0152484644529503,0.0132442922198589,-0.00895261593302778,0.00923865926287258,0.0106827482269424,0.0284097382966798,0.0133499791582907,0.0180954042115128,0.00914887090372459
0.00212116568901449,0.00881238698962333,0.00225481047347747,0.00274873499976168,-0.000890608514474751,-0.0128537994931825,0.00720541016922283,0.00992808706708361,-0.00250786624255692
-0.0338590608304232,-0.0145225663235009,-0.0114346314656926,-0.0172964284334415,-0.00769746283559308,-0.0347688923431652,0.000669889027636147,0.0028309307652588,-0.00785731113187202
-0.0282599628370649,-0.016985494365552,-0.041285372859936,-0.0165912956786617,-0.0107336420617829,0.0132548540859917,-0.002561499657856,-0.0157027442720588,-0.00383573400651634
0.0429037866378956,0.0320291038013686,0.0333484361578128,0.0387498368916238,-0.000440701289794307,0.0279790071735302,0.00460662093962169,0.0293202946204799,0.00149571369820147
0.0729492059209951,0.0106016842088507,-0.00378041610339902,0.00663501088375683,0.0157440826722847,0.0624596550668052,0.0191564375175371,0.0346402209484203,0.0300374422767922
0.0215438459360393,0.00858523782769161,-0.000901618517893024,0.0321232491945816,0.00619172200457696,0.00951589605901619,0.00531260012114323,0.000636935954175056,0.00138715949487506
-0.0313849565353217,-0.0248355099173069,0.0237464545099513,-0.0384651659811904,-0.00415199632773992,-0.0290254631700312,-0.00611497881608924,-0.0275782394228838,-0.0295518665661511
0.0109838446369532,-0.00819334683149359,-0.0122946493201757,0.0260816239445943,-0.00575250277598234,-0.0231139442211364,0.00426592184178456,0.00629718991558871,-0.00102159625415757
-0.00227052540859002,-0.0381090416512306,-0.0347084965028276,-0.0138935871517086,-0.00608129335793447,-0.0737763551904676,-0.00519686855675843,-0.00798429279077165,-0.00681994687921848
0.021393781277305,0.0146087900564924,0.0298758580131551,-0.00635844285887862,0.00306167958724638,0.0122448152134043,0.0108765725554977,0.0187591782710614,0.00391605009374326
0.00898503774874164,-0.0169888033254747,-0.0123420053588275,0.000472255790573554,-0.0148679763453887,-0.0158872584023378,-0.00522215495335467,-0.00528663812650504,-0.0157115488622394
0.0231308215377992,0.0389676618725497,0.0106460469032982,0.00503594139685696,0.00437963389629542,-0.0252985380068598,0.00827706324744649,0.00698052116348029,-0.0032739799821058
-0.0222050111542926,-0.013374858083209,0.00657817257458804,0.00627606260120009,0.00722860667165539,0.00184828651104656,0.0357417280941865,-0.00330462625498735,-0.0016865029184534
0.00351641394423833,-0.0251701108692158,-0.0228015241660832,0.0134195404945812,0.00425554449774723,0.0648505923634339,-0.00444555367324233,-0.0174946551748251,-0.0239323794867731
0.0330995882517641,0.0362211534407976,0.0354750152192808,0.0340020531915615,0.00549792064952336,0.0151113632959064,0.0115627905173892,0.0227136380584349,0.0215737372134803
-0.0494705907845185,-0.0164205649294727,0.0038804943194001,-0.0125911167647787,-0.00493862118092357,-0.0165268739215171,-0.00645808496000869,-0.0234753946574575,-0.0263536353385564
0.0583364305108937,0.0127453062436309,0.019041496669426,0.0169147580494598,-0.00213102443396561,0.0141027077620733,-0.00833344231768402,0.0101857183841843,0.00103736738954307
0.0520347708379803,-0.00131154966228696,0.00337618379850637,0.0433462522685284,0.00180442012943866,0.0212041759926203,-0.0158616066558237,0.0302836356029077,-0.00662406345117898
-0.00159668285792958,0.0151215121704491,0.0117835867859073,0.0267104735241225,0.0115874301070739,0.0123857521686601,0.00830145720857549,0.0332022190420832,0.00846880745720644
-0.0198140887119903,-0.000181042506553135,-0.00744148738842568,-0.0113568985972587,0.00148925059620455,-9.93415865286843e-05,-0.00781794103522425,-0.0122505410522594,-0.0104789792176318
0.0248463235654329,0.0117535938327231,0.0111533961910758,0.0186395743807674,-0.00834264338303954,0.0417108772583352,0.0111806653071662,0.019562186546308,0.0105061189847407
-0.0333634730250189,-0.0105841460215104,-0.0286993326810297,-0.040791321256865,0.0237819525799786,-0.0590862029990669,0.0064155856148891,0.00264731357027987,-0.000890300796260898
-0.029445601855418,-0.0153413383183784,-0.0226034721480039,0.0210010066957399,-0.0159387994422101,-0.0336183580506179,-0.00555257086911132,-0.0158949453711501,-0.0221729242017615
-0.0168101186429049,0.00943129996359071,0.0176911972300845,-0.00178400057672725,0.00146611926126846,-0.0280594846525545,5.34238998466158e-05,-0.000583164230203613,-0.00444506854457784
-0.0408991243592048,-0.0180598696825234,0.019654855832319,0.029769665551927,0.00755302576688623,-0.0337199997606837,0.000540812231149599,0.0346017971306145,0.0154386951395762
0.0165300085834283,-0.0178046539396213,-0.0149282289235516,0.00370665171334174,-0.00440809169779961,-0.0181367904957032,0.00536762962058018,-0.00664242880565382,-0.00748716543565195
-0.0159248112113032,0.00498933310786903,-0.00324551731757374,0.0116622101932052,-0.00130186467972553,-0.0278672927975058,0.00487225373470823,0.00547463000863896,0.00623361937830899
0.0592905547566058,0.0455024868917184,0.0335554308645794,0.0225647414098128,0.0173199864604271,0.0325589372348302,0.0146548588498094,0.00291785941270368,0.0347133887199287
0.0427227059471601,0.0190958363139142,0.0222025244480842,0.0224416333763358,0.00824198532798446,0.0031840727705769,0.0105033975244494,0.0227768956030172,0.0127394660963785
-0.0119839623864339,0.0152840014161873,-0.0196329254897814,-0.010106672396073,-0.0128978039804021,0.00660426441627796,-0.00403184038149998,0.00271160201732745,7.71711809588482e-07
0.0697739393299532,0.0593505247301692,0.0475775131011593,0.0558232630162682,0.00714150649990964,0.0734626931800861,0.0162374228693673,0.0227111532085327,0.0234538912601719
0.0516044576628217,-0.015280509212401,0.00930008658039017,-0.0104370654966359,-0.00438346343866628,-0.0126065246830188,-0.00657082368526373,-0.0209163412796146,-0.0141631026970719
-0.129037846370068,-0.0641732851055901,-0.0498481237105267,-0.0409110746391169,-0.0295846472891746,-0.108433626192629,-0.0153526751818004,-0.0365967161933049,-0.0381882613967232
-0.0142060174946098,-0.00448541478040732,-0.029888241348113,-0.0105611526736871,-0.00238971916936893,-0.0292605811313045,-0.0166729038459495,-0.00260478409911686,0.000740904241661797
0.00787234494717261,-0.0173857714479171,-0.041591936350251,-0.014138772833698,0.000921836318276654,0.0113473141526566,-0.0227185592019009,-0.0111183874923497,0.00508280872442838
0.0218005923037163,0.00183434217954566,0.0232441483937173,0.0344477118695315,-0.00617745854951374,0.0566788754257916,0.00294495843101519,0.0213507864777485,0.000663225877233339
-0.00709032590033925,-0.00587830947348959,0.00367824255770832,-0.00169668991762007,-0.0121067131525659,-0.00332196964035921,-0.0242821256839993,0.0109296542883211,-0.0142905506421444
0.0237281440861288,-0.00759236865872599,0.0070835147077094,0.0151797370210593,-0.0144690792526835,-0.0410205313129553,0.00465476011170455,-0.00189066569875653,-0.0261208614204669
0.00509479752228606,-0.0130287625752768,-0.0092889827899734,0.0260681961269114,-0.00316990293242604,-0.00724871807816139,0.00449944051762121,0.0250886505712261,-0.00184268632161101
0.0385314238762912,0.0412684834436393,0.0425237858994447,0.0353588356259432,0.0293608787427535,0.0323562318533977,0.0233463442442258,0.0231598775218572,0.0376394567402117
0.00758373381215714,-0.0144734887517776,-0.0338004384847143,0.00375292389821668,-0.00340710246902901,0.00183706637564201,-0.0182147609004427,0.000333985572528431,-0.00509099450885276
0.051025092397895,-0.0417221803367245,-0.0178043703526762,0.013552740303032,0.00410769857332492,-0.00411416955281192,0.00497131779243825,-0.0012803352731787,0.0160498730072618
-0.012451016357899,-0.0125678508220368,-0.0390386777273664,-0.0202276701887841,0.00721350745238787,-0.0226483419218047,0.011770739465811,-0.0124043816777792,-0.0143879972039775
0.0176755821617282,-0.00871257519257339,0.00362063071990975,-0.0121633793639272,-0.00595770038860794,0.0381784962373504,0.00185179858379323,0.00851918016606203,0.0138702403556136
0.0809895738929292,0.0220484533497088,-0.0202440715500434,0.056919685754256,0.0104403517471745,0.048369650996851,-0.000645485339082476,0.0145728871044995,0.0164311585945662
0.0266959795626022,0.00661870020624328,-0.0110855537290949,0.0111569990055479,0.0136038041736211,0.0353959506146098,0.00705436633445631,0.00767958296728764,0.0132512678572329
-0.0462019070927757,-0.000780651251075746,-0.0107328707727064,-0.0255440636413037,-0.00983457548193559,-0.0586282689003882,0.00756954965370106,-0.0108686063766509,-0.0159664649398715
0.0136160960359559,-0.00536127803418403,0.019996575706047,0.00196842179998986,-0.0198174692456416,-0.00707069636482631,-0.0101057465171027,0.00973730521779708,-0.0105285253244952
0.0102175099657527,0.0101085155279005,0.0160958440004097,0.00812677350061717,0.00544274918936404,0.0103897388514184,0.00544656411260126,-0.0172834627089961,-0.000142817135858919
0.00104242681993074,0.0197498476670702,0.0171484786377259,0.0724237597258056,0.00958564099684312,0.0322330336973589,0.0184456901531341,0.0214131776123394,0.024757768818245
-0.044890319990807,-0.0221555430004053,-0.0446358418907978,-0.0267990182757749,-0.00154664902702642,-0.0248947194431461,0.00255365652143934,-0.00805058336926597,0.00691116049824079
0.0733987384781947,0.021837348605443,0.0259260259044899,0.00208797501969097,0.00848101163569061,-0.00310951052640939,0.030356072911757,0.00760186433579807,-0.0139033127262327
0.0449583863185529,-0.00477535205154144,0.0147521638989761,0.00280201285842718,0.00689098400744177,0.00484129644920413,0.0159848706834643,0.0110503591549754,0.00463047240370632
0.0131317964413468,0.00913860527746245,0.0133085058224426,-0.0249743030502559,-0.00518320628915479,0.0383659683868246,-0.0388396083818962,-0.00153975912266312,-0.0241071622156258
-0.0459313615634559,-0.0354474989433601,-0.02817368472097,-0.0338790058158549,-0.0127503780031325,-0.0272066071684471,-0.00664406174560482,-0.0184700943864895,-0.0138859388699283
-0.022794691470934,-0.0244274556371718,0.0100796921132704,0.0121288316615633,0.00704200725744053,-0.0223466184249687,0.0176120209460314,0.0117861829474793,0.016908711720821
-0.0200859653385967,0.00167364926453961,-0.0378645759150382,-0.00482486040357397,-0.00189592286833528,-0.0434795414493521,0.00648298757343422,-0.0132486764582469,-0.0252779676140239
0.092775186880486,0.0639100041900195,0.0426736488308925,0.0327612421475745,0.00892775589724982,0.0461466495711215,0.0146119382125196,0.0264858428884907,0.0220717512960904
0.0474729174222365,0.00453907648636136,0.0149644602351607,0.0102041696357741,-0.00740154848727087,0.0119408757548266,-0.0114390417610505,0.0147862724420233,0.00796406946280833
-0.0210655435659323,-0.00181069405552569,-0.0277897132816801,-0.0190080326001374,-0.00921900664687225,-0.0138783291943829,-0.00281239013428245,-0.009917576742623,-0.0131207858438403
-0.0361924258250371,-0.0425951715559207,-0.0299303763512807,0.00993999415187444,-0.0212292125351242,-0.0271744801639001,-0.018096613871574,-0.016593954739227,-0.0197292307478368
0.0385380833009893,0.00246871486252494,0.00125732131949513,-0.0166732173577253,0.00525624935506462,0.0107768921356936,-0.010742169442588,-0.00195460775961543,0.0101819359436615
-0.0128034172588794,-0.0315164656995441,-0.0112765322697329,-0.00871302801746714,-0.00438142800316137,0.00206672753694443,0.0038585792162912,-2.5406699743436e-05,-0.0205012653537802
-0.0356543513319217,0.0215940559483393,-0.00425470930781462,-0.0293064438343577,-0.0262094747264041,-0.0355895574722446,-0.0214857982374234,-0.0368446379224028,-0.0309088996864784
-0.042219948088096,0.0166279387068402,0.00297334446253446,0.0141566062667767,0.00173625406769966,0.0371172124877897,0.0289882757784698,-0.0114884467151172,0.00452830543180268
-0.0392666982353592,-0.00124288221496361,0.00975874861910549,-0.0130249678339668,-0.0207087365717413,-0.0290006439598818,-0.0303494725915673,-0.0295802382619097,-0.0229439087696279
0.0237443977239515,0.0403615835473529,0.0303802322551641,0.0764824006227538,0.00365818932655081,0.0187179844771376,0.0223750703325075,0.0323980350153961,0.0182378060108878
0.0601139097761865,0.0048723201898331,0.00763075041949214,0.0228147004420404,-0.00178990407017399,0.0079477308221949,0.00366537117056039,0.000685836611427202,0.0114806288411855
0.0024216248485138,0.00452139881414761,0.00219975937314868,0.0172328794534779,0.000266533421500482,-0.0203442401937945,0.00798249329139845,0.00289013804296925,-0.00842620648040911
-0.0359217732737975,-0.0139509199868108,0.00919841763352877,-0.0286459967541481,-0.00476341199420037,-0.0287191265760923,-0.0268644527047093,-0.024536239623859,-0.00910734645562816
-0.0413927955526022,0.00219586305185363,-0.0118826979108478,-0.0161086319382309,0.00307642079992945,-0.000937855363408996,0.000172487457354692,0.00391802081973992,0.00374559901449608
0.0369889308596007,-0.0582369849282946,0.013384011821554,0.0318691425270879,0.00718385571991001,0.00931276051156757,0.00742588969556433,-0.00356627157790334,0.011437381931481
-0.0557527740525572,-0.017533876819275,-0.0286515453133712,-0.0112678243198632,-0.0168184893514153,-0.0522799162453122,-0.0024822520418333,-0.0193928881133734,-0.0325626993809135
0.0487786629887962,-0.00115841208801905,0.00427186056344074,0.0401488491862058,-0.0169884086273915,0.0451455937334187,0.00299989541960345,0.0123752817669763,-0.0263716590504343
0.0674200616662941,-0.0134942011154424,0.00287211335179842,0.00936947391884573,0.00260459713088005,-0.00802152932231129,0.00847238488703052,0.0125710610545784,0.00294000012431466
-0.00908070462579336,-0.00867541773051424,-0.00298943204344452,0.00543682653146884,-0.010849921107066,-0.00531218208428683,-0.00551858590117944,-0.00579063973230703,0.00261210564534089
-0.0173019660895753,-0.0287436609149048,-0.00552119603490433,0.0229484850568917,-0.00136110830850003,0.00834312202997629,0.00228521097094571,-0.00136568393422567,-0.0128445074285262
0.0406116179610982,0.0370153803830236,0.0353806275527568,-0.00432003296120964,-0.0159090140752863,0.0511798875118859,-0.0223539714442475,-0.00292604334789155,-0.0106238838859021
0.0312745983332064,0.017513103796077,0.0323570898842433,0.0333860596185224,0.00204117787657287,-0.0233959934413218,0.00860954721237686,-0.0131630386445396,0.00369853933186134
0.0729843242105453,0.0469504209390956,0.0533550879074753,0.0193279191230796,0.00676610575189476,0.0616866314187546,0.00750465198684555,-0.00488059609114376,0.00712450321791692
0.0466271188977374,0.000572880241548272,0.00495469158153721,0.0167795170022366,0.0202667438091904,0.0485571718970551,0.00511816547729532,0.0109747716151105,0.0125381441369744
0.0086918532286686,0.0504982818029042,-0.000825923064464701,0.0817524073260716,0.0272446248491825,0.00630529210006498,0.0565604059653158,0.04347707864535,0.041200115973119
-0.00528849696223486,0.00536314489226854,-0.0130309832922246,0.00385747998543529,0.00832986274340295,0.0189645192095691,0.0131559309482986,-0.00840877024979834,0.00332131102646946
0.0373471113683278,-0.0459918009324429,0.00349425259797037,0.00985901246940677,-0.0231331428194716,0.0285196067902527,-0.0126932811668521,-0.0244001854979605,-0.0192657072083117
-0.0231868405501013,-0.0291208906606251,-0.00485696142299332,-0.00566604716609382,-0.0231912127588346,-0.00484208578390992,-0.0131322128846262,-0.0119403997076468,-0.0255544712103401
0.00995629100684029,0.0052418219127968,0.0329492822993526,0.0136726501899049,-0.00543844667757776,0.0147511217246557,-0.0156619609229603,0.000603770813173242,-0.0101745871186266
-0.0210334211615579,-0.00331948842563769,-0.0329527309350224,0.00375535406195925,-0.00283379442245025,-0.00988413742805135,0.00329997778030022,-0.00750059768245073,-0.00456099358205904
-0.000448989787403941,-0.0151044604169212,-0.0114861146500067,0.00302994708052409,0.00871851867439222,0.000498039825519703,0.00589284784614627,0.000996154385151935,-0.0193584549650885
-0.00971264175199333,0.00932672960242943,0.00133927956345074,-0.0191006469665896,-0.00302640572727359,0.0123975248903475,0.0088178577386822,-0.00281127675802986,-0.00151036670109155
0.00945752884354247,0.00911447723668717,0.00378421292256948,0.0128500372770822,0.00373380011808976,0.00966314901175973,0.0236546824452628,0.0110751328639249,0.00611488779353361
0.000998572283041944,-0.0232900526646518,0.00809303908178543,-0.0175231818194179,-0.0125263370774803,0.00612202024548627,-0.0295001117685444,0.00244355491680572,-0.0136877449333172
-0.0218938188249217,0.00198623895508536,-0.00333520774925405,-0.00505153866301188,0.0100374578772877,0.0231947364876528,0.00218507905851613,-0.00670354513857678,0.00407646150818495
-0.04136047292897,-0.00116635954199351,0.00901498394042136,-0.0276476116017099,-0.0124903410034602,-0.00664304964814956,-0.0142502561393977,-0.0366979848964988,-0.0222185442280217
0.0923230175987412,-0.0105017365002493,0.00622723656979341,-0.0147280811789234,-0.00465847380153382,0.0466141209047067,-0.0183258696162049,-0.00452859887578558,-0.0126911539177923
-0.00904757776438197,-0.02351081923105,-0.0487721068653808,-0.01821188798493,-0.00196344323115154,-0.0310115772909495,-0.0350033222501302,-0.0106799839559173,0.0163566357656593
0.0203280976072886,-0.016212098875648,-0.00406181776992097,0.0288608188067476,-0.00817904276451389,0.0298045212664061,0.00615735930942593,0.00387070654182832,-0.00016082652298807
-0.00963540357684655,0.0100463667562151,0.00428788936081764,-0.0367406771691712,-0.00264599983457163,0.000293869895507393,-0.00795864477705657,-0.00854835060085745,-0.00128268416355456
-0.118675671245051,-0.0584918795120551,-0.0107585475361711,-0.0698437298152245,-0.0090968667934209,-0.156244866945811,-0.00782174727680908,-0.0114052040096449,-0.0175079205811342
-0.00938136364598382,0.0169516971046509,0.00355144265207073,0.0127143083180181,-0.0207105087382132,0.00257649248698809,-0.00284142678344893,-0.0034198404328498,-0.0272674841916621
0.0190053833256279,0.0193898791100409,0.00727231846896881,0.00598313958265558,-0.00114854575080885,-0.000571221283288002,0.00217772190578507,-0.0131162075354596,0.00849543346243056
0.0171753280466988,-0.0102096756677554,-0.0153584121863748,0.0244497342321968,0.00300758410839262,0.0365881860963064,0.0067788201555863,0.0171496289451697,0.0125755634460675
0.0704716938811,0.0144290324867325,0.0131031670451136,0.0315530471700945,0.00567780953670602,0.0589380288534116,0.0332877030226628,0.0212276122447038,0.0422369885694075
-0.0256450473320604,-0.0197992474263229,-0.0193329114441608,-0.0412742754043433,-0.00110175215786562,-0.0247214487728397,0.00663268916337272,-0.00677069118452632,-0.00153527909834837
0.019118222037353,-0.00201122804453363,-0.00643228322820612,-0.00524085163592051,-0.00552645813430657,0.0512598280162405,-0.00844007449640092,0.020111909464936,-0.0141845124464999
-0.00245583822619939,-0.0053421567603025,0.0112159930992831,-0.0024928023012821,0.00593957025205462,-0.0229149165016473,6.23538077767387e-05,-0.000305236362124986,-0.00606512156269074
-0.0476959493207113,-0.0450588877147065,-0.0215307320328198,-0.00554716185215046,-0.0165048352840786,-0.0427969092423041,-0.0207449441243697,-0.0100324995250325,0.00712420046530717
-0.0186823712173871,0.0124380485288473,-0.0205439438619321,0.0114736366303412,0.00437684819739913,0.0419272793577643,0.0205662809326588,0.00847411243087532,0.017239994273085
-0.0511396312874009,0.00790384598666795,-0.0137698021599254,-0.0333227484921331,-0.00418427753793876,-0.0370091447508756,-0.0229976024646867,-0.0217716017656602,-0.0094427025858003
-0.0651238029915708,-0.0358080129325339,-0.0647410376964582,-0.0359332997077766,-0.00654027079715738,-0.0231383346111195,-0.00702665794014497,-0.0155185918700474,-0.0128182260280023
-0.0446538773159306,-0.00815827160117866,-0.00556565631882982,-0.0061617850185147,-0.00736762934692627,-0.00604847116750362,-0.00323027303620331,-0.000594374313765795,-0.0050393925204129
0.0135867281491,-0.0220864378148803,-0.0214285314651529,-0.0107438197444148,0.00181500056046485,0.013304139938432,-0.00384746779868634,-0.0121606734329743,0.00502649768425943
-0.0673661431028448,-0.034890764312928,-0.0448271870160773,-0.0370736940421203,-0.0224210518505737,-0.0755727202745458,-0.0302814438553276,-0.0044328957011888,-0.0270169417452368
-0.018719902013729,-0.00673555971978229,-0.0109916338956711,0.0186010427091103,0.00130072242819984,-0.00941388961130832,0.0137400924407824,-0.00120391909815599,0.00131442855944015
0.119367556695624,0.039787096574559,0.0312024825187291,0.0157192173733324,0.0122426781241194,-0.0729544771348059,-0.00043876922561424,0.0240241507710137,0.0339246909014087
0.0416205003213877,-0.00480666221195177,-0.00761952437293691,-0.00142843249444425,0.00624224840432324,0.0327107976446119,0.00688818718592375,0.0167665597748569,0.0115877518484117
-0.0152426015427429,-0.0384310158263977,-0.022690029022526,0.0107297596256236,-0.0053948942123285,0.0190165577258814,0.00580944368281952,-0.0120094399408013,0.000942972707980652
-0.00343874389529737,0.0158021149492315,-0.00365421675921646,0.00292804689877191,-0.00467766427387121,-0.00771702572071576,-0.010459964082143,0.00127209141714441,-0.00208393548806695
-0.0512898586635885,-0.0059336788734653,-0.0336032326575267,-0.0338147716644756,0.00185611396756387,-0.0649763537423035,-0.015996915462112,-0.00207132801918192,0.000540215729781731
-0.036304301424347,-0.00324714796922776,0.0185871810979474,0.00431392502551445,-0.00278634275574953,-0.0224563491379096,-0.00222071847646691,0.000941297618977619,0.00114160120808193
0.0188899333461012,0.00851612135815966,-0.00205338813038553,0.00451496774427482,0.00288329976281991,0.0010291319733746,0.0116003976812454,0.0284498992117331,0.00758951942510779
-0.0545057101911053,-0.0207122512018057,-0.0111441265560271,-0.0448056078354608,0.00486327199616607,-0.0269031199719984,-0.013356074377187,-0.0218296244015095,0.00638024095887171
-0.0323400122493542,-0.00710425843249902,0.00556778668448232,-0.00887393181713141,-0.0119317134096199,-0.0234534823161161,0.00166604222338017,-0.010040195626172,-0.0225722278893585
-0.0302820793442496,-0.0012769418513263,-0.0451089799012066,-0.0165463764484758,0.0119351193514968,-0.0468544880721978,-0.00104464813310273,-0.00609725046493566,9.46495774545921e-05
0.0250955573658448,0.00918774994469801,-0.00108126968764357,0.0375196803623603,0.00721163876466486,0.00118126843619079,0.00797707331938284,0.00804171493857099,0.0186585003659223
0.0317568941590053,-0.00918016209368674,-0.00637323379700247,0.0129105979698682,0.0241846040072993,0.0257912699227599,0.0386003025570669,0.0218078461255826,0.0233873034752911
-0.00189714035953691,0.00158557187157741,0.0115821793130847,0.00255890974379511,-0.00601426091974906,-0.00894208932567733,-0.000765045542419479,0.00290641732240874,0.0028883298454655
-0.0456303637379748,-0.0281061299133434,-0.00324093314823265,-0.0205391615267681,-0.00700756184708915,-0.0535813810451929,-0.0253876529828339,0.00654167049910964,-0.0111419677026476
-0.0110044122976786,0.0267452520305344,0.00189681248136787,-0.0103193712205681,-0.0165266002205052,-0.023985239723328,-0.00722049070292131,0.0117557749075762,0.00867850442989981
-0.0289698349476181,0.0070625723788737,-0.0154199934755099,-0.00591723471977216,0.00706123454405267,-0.0025295393133195,-0.000515356059463266,0.00858934916004555,-0.00928434332865036
0.0958372838742088,0.0407585090172668,0.0418655801296061,0.00732111128104218,0.00623878304706088,0.0631082474355935,0.0193668159638852,0.0183461362905057,0.011902532827462
0.0488557890437061,0.0367671303940001,0.0216974552519114,0.027387140533271,0.00882749199982931,0.0687920712125695,0.0207469405667538,0.0201532439825112,0.0355693056494169
-0.015134171788239,0.0355022325558465,0.0162091832139802,0.0125233102803311,0.00648599381239862,-0.0330996602125786,-0.00434298399203293,-0.00706568442391954,-0.00837489964175901
-0.029151124025711,-0.030690726322918,-0.0174501104193939,-0.00201829912110816,-0.012208119342787,-0.0331046342480714,-0.00759173646775355,-0.0155368880231957,-0.0122884794235879
0.0211866895691794,-0.00506109630368734,-0.020465677078662,-0.011854136357754,-0.00554745208371814,-0.00565675661048265,0.00133856936077428,-0.0223862458502542,-0.0128101782386335
0.01555566316007,0.0322301193387949,0.0414963051424641,0.0300877332212231,0.000678329652068515,0.00606309955367005,-0.00366601645565193,-0.000188921705707785,-0.0141816784720745
0.0451846921472479,0.0217365346632599,0.021546525529437,0.00322122307846247,-0.00248527221980858,0.0133478528945203,0.0186188694807286,0.0131577411984236,0.0199150058135533
0.0289811886671435,0.045158567293287,0.026937078937905,0.045699248216457,0.0194666578871036,0.0635747992440925,0.023145627795372,0.0187687984310717,0.030177262716094
0.036057949827055,0.0333814154278456,0.0422884490034863,0.0504324015568167,0.00549264464943323,0.0427978066227418,0.00557068417619669,0.01993229621349,0.0327884347565074
0.0741274199859748,0.0264028812802024,0.048814646004676,0.0198051224704508,0.00951135659041797,0.0822587697276727,0.009301452441341,-0.00796322068945398,0.0220670639169383
-0.0208406639249041,-0.037536750672366,-0.0290503358992393,0.00418720384669685,-0.00627071790605477,-0.00919878225148422,-0.00042092827097461,-0.0226902281246084,-0.0141747541224567
0.0217264410947886,0.00372203729135199,-0.0204809446804024,0.0205471857401616,-0.0150156398015814,0.0357192556283809,-0.0115836652393074,-0.000599956553926548,0.0131192778424032
-0.0145614750702123,0.00406884775355143,-0.0243838580852171,-0.0111994540239716,-0.000977668876394492,-0.0116218131458899,-0.000526503299763231,0.00617830011034242,0.0218848722251837
-0.0106260149537728,0.0169926723445434,0.0175948812691676,0.0182844155682691,0.0173305852542507,-0.00470543885448083,0.0145596197629577,0.0152201723956586,0.0132990590692964
-0.0396677676212131,-0.0375340219365292,-0.0160773972626661,-0.0250068482246479,-0.014029577752209,-0.0345048283131205,-0.0177898363405434,-0.00361641079133961,-0.00817333612044072
-0.000345008037253771,0.0290840069960803,0.0148344754893516,-0.0240551481117286,-0.0173058776230996,-0.00437060625486905,-0.000788674190737201,-0.0194263055190746,-0.0121234409953374
0.031252249030852,0.00941817797637933,0.00133824454027041,0.0030686789366943,-0.00734463092295786,0.0118834614670749,-0.00076004525816407,0.0198665905739169,-0.000192872297679672
-0.0149972260235678,-0.00894305266781545,-0.00961538177505818,-0.00277835357577382,-0.0215240654504191,-0.0387771675476818,-0.0206433825672819,-0.0399150517740619,-0.0392586381052379
-0.0714207306821102,-0.0134878483644851,-0.0298402978965621,-0.0157594428670315,-0.0131831142047329,-0.0457227292907128,-0.0168866238942863,0.00205549453904876,-0.0146576142710727
0.0328725437721213,0.012762999013499,0.00261100650782886,0.0355260344418116,0.0300161836337693,0.0161132341134744,0.0212507145248371,0.0298865984715372,0.0362547603524593
-0.0865503528741728,-0.0351789690655887,-0.0709783310099498,-0.0609270290465008,-0.0192142738551514,-0.0952981593824722,-0.0166598970413502,-0.0192423775245066,-0.0123100748688416
0.094256311067417,0.0175487438401306,-0.00431067698962559,0.00450156352623264,-0.00738864041400268,0.0654622024108914,-0.0118910780099298,-0.00546993372713711,0.000894369847406904
0.0908650386096716,-0.00146517829235842,0.00664351342773409,-0.000101963022011404,0.00140283516449306,-0.0177935067805267,0.0120319081476232,-0.000401842309385573,0.0200029681104517
-0.0643462822228248,-0.0599397827897246,-0.0718096297248303,-0.0284247556487696,-0.0308715186228434,-0.045067167229817,-0.00805323393489501,-0.0392746684745166,-0.0500518151743023
-0.0715354486804268,-0.00356625621563325,0.00465489103844944,-0.0107644090653584,-0.0225154458438533,-0.114286639583423,-0.0336946452038026,-0.0071964857746062,-0.0363035259725602
-0.0776815406969598,0.00783507149489918,-0.0215252341445992,-0.0495713645670858,-0.000802733945874455,-0.0965243110743754,0.0115620695934943,-0.0265230919176527,-0.016356251842652
-0.0392401535214599,0.00143369672418037,0.00188009516813314,0.0285863060609369,0.00812037353708085,-0.0293959891552989,0.0110414607392689,0.0367650457914851,0.00478251762765082
-0.0155068908136129,-0.0267635923492852,-0.00877509632723501,-0.0142865772729855,-0.0140953534208566,-0.0373796603318862,-0.028223936273371,-0.0331384705950015,-0.0125475758502878
0.00769653235570056,0.0282725060946506,0.0206933456864368,0.0118637817096798,0.00805726423019787,0.00348011377706213,-0.000926546408405734,0.00210839147669473,0.00391116587391524
0.0730915732796393,0.0276385263805482,0.0333529985481696,0.0137523185739351,-0.00516152567292946,0.0223073042478454,0.00486730703815944,0.0120363511659717,0.00674072419190724
0.00226712897188772,0.00949208644883577,0.0105722527282076,-0.00390974532270641,0.0041047447256111,-0.0213931465115047,0.00964697103872493,0.000262846249017372,-0.00320286559874323
0.00209264699377377,0.0228361207202436,-0.0182708635185235,-0.00184312650651222,0.0175965621338966,0.0244562234777419,0.00940991123312289,0.0129379435640256,0.0199732984388131
0.0794822800708905,0.0424550066053761,0.0328410105867566,0.0344670149186815,0.00368649263021016,0.0310255732577043,0.00113885168358963,-0.00697252886074499,-0.000756043848722007
-0.0736283199960866,0.0134334771871851,-0.0321852282272655,-0.0421629233670411,-0.00683254141345574,-0.0602622809993139,-0.000483732890302841,-0.0022315776472652,-0.0214659570756137
-0.0365962739415615,0.0155128988673179,0.00823406078096442,-0.00083799587578878,-0.00270736853127169,-0.013295925643038,-0.000916254096160197,0.0151767148706806,-0.00331649587766741
-0.00470727172167392,0.0230583906076721,0.0152894047948444,0.0122490250065777,0.00831984331947976,0.0267184218682745,0.00316354840208334,-0.0314792467294882,0.00789197446104399
-0.00787420587338688,0.0191452089327453,0.00414732691649597,0.00584492654054332,0.0123693575517533,-0.0432327960269558,0.0258012648026724,0.00192371102043946,0.0196567042951695
-0.0661726407081223,-0.0291893179770901,-0.0391014588998188,-0.0220923158330191,-0.00114445991250287,0.0598276215628151,0.00572591707829436,-0.0336460021240557,-0.0126114939318074
0.0511070232715103,0.0259748245990762,0.0144363788251182,-0.0140264985828968,0.00858937169564508,0.0372112663069122,-0.0258897921491484,0.019611499975698,-0.0024616146976328
-0.052927878820766,-0.00987589172212732,-0.0153071734060227,6.07903674719612e-05,-0.000957763937574895,-0.00683143784748595,0.00618455744300026,0.0176282273064533,-0.00408731960384035
-0.0470886287558219,-0.0325292593911283,-0.0208365813963389,-0.0446133116503979,-0.00333096722164449,-0.0653796933222077,-0.0352568474587169,-0.0214135135430457,-0.0180010565796606
-0.0125652377007813,0.00528002657123956,-0.00916098175535383,0.00362393417859755,0.00159974440612556,-0.019200822000644,-0.0101441757503738,-0.0244049161235446,-0.0117583351826129
0.0780845679664934,0.000399407062283616,0.00478029024629584,0.034759806054012,0.00980623612910191,0.00752410518738101,0.000404025906939416,0.0193651664265952,0.0286589424746794
0.0117823931429543,0.0171558110709161,-0.000733195824468731,-0.00184997216294307,-0.0162846113844728,-0.0299994821872,-0.00407978868642409,0.00256293067316302,-0.00655914461789524
0.0949969476803684,0.0285815883689816,0.0177174780989925,-0.00283489614199187,0.0208643108703322,0.0522951631604353,0.024348625440404,0.0198739088809314,0.0275419944303994
-0.0290190611848683,-0.0150730009045882,-0.0080508441214694,-0.00928470766997875,-0.0150855538872513,-0.0459067076667827,-0.018837359650727,-0.00635050783471574,-0.00849243186026257
-0.0207897041182735,-0.00414199159469104,-0.00602253502937296,0.00802093224720513,-0.0123851292319906,0.00201279548690206,-0.0313355856879822,-0.00132484480841005,-0.0139734105181746
0.0590128080919851,0.0395361469124872,0.0297520740811029,0.04591580896101,0.00932473663891047,0.047549083234915,0.0150848709888959,0.0250736964934599,0.0127020230255997
0.00386933290847733,-0.00664798172718678,0.000345061615643895,0.00702441129614074,-0.0145109598844774,0.00274955302619454,-0.00270082541612867,-0.0166492495155251,-0.0135109130191605
-0.0459950935385718,-0.0414688709570582,-0.0394511749379794,-0.0397033598784774,0.0142077401718864,-0.0379784872145304,-0.00666591972983132,-0.0369197905709459,-0.00362504353374941
0.00983168316771614,-0.0222958693731166,-0.0196450007980316,-0.00750937661363109,-0.009611972172292,0.00116551391073325,-0.00748237685837206,0.0015963182974473,-0.0119995366875041
0.0048059537274624,0.0121528214842816,-0.0181042393441511,0.000602343398876754,0.00759071930296587,-0.0198108601858825,8.00748189850903e-06,0.00362549395747985,0.0102733830976957
0.000808290493881624,0.0195669208157199,0.0369708309981448,-0.0182990422456026,-0.01031938572419,0.00206611674849835,-0.0285513437050352,-0.0148998325908619,-0.0176149273082166
-0.00349919030295757,-0.00344555546824657,-0.00137111225335155,-0.000651192864885391,0.000560348202748698,0.000569978110581777,0.00214340530349598,0.00512093750415662,-0.00483950254565438
-0.0479647765935094,-0.00598422536907845,0.012770688485486,-0.0469644080264423,-0.0287593315851255,-0.0803876037591139,-0.0486557611233326,-0.0343992889857566,-0.0394961157026963
0.0444826591428763,0.0105435106261259,-0.00291838962646919,0.0233439199769306,0.00344391737283681,0.0275381730539491,0.012406077789123,0.029653353786944,0.0110344561667872
-0.0361749962297734,-0.0309765098550772,-0.0303464463018836,0.0230831922212521,-0.0171655568842406,-0.0677476773400592,-0.00380331430197154,0.010386470345019,-0.0113453459880352
0.0126176549099599,-0.02045920549492,-0.009182303107104,0.00901290324776857,-0.00264714585569563,0.0104429641074945,-0.00327961949362703,-0.0277612646482977,-0.00356730708224503
0.01965120279021,0.019305982287213,0.00499672206034656,0.0479976178027356,0.0065494077776832,0.0250291477777672,0.010212155889448,0.0245471275341233,0.0223022700425853
-0.0171520855620274,-0.0398653921196276,-0.0226524590954035,-0.0117762477140296,-0.0246852291054013,-0.000548634100755931,0.00127040065199404,-0.0170245208627954,-0.0294207786288708
0.00280881183355001,-0.0244375936896654,-0.0375106704804114,-0.0220491039713444,-0.0178889638360889,0.00940305464239583,-0.0222388770742475,-0.00381566550373837,-0.0044654766753427
0.0324866389639925,0.0190830457134338,0.0203027275507493,0.00535234534491082,0.0212072071017509,-0.000658126887564402,0.0292413247321709,0.0453562666521738,0.0301022543605884
-0.0174892778356437,0.00684769895759383,0.0194351309998149,0.002842716403558,-0.0100946736192371,-0.0385044601633904,-0.00288961692792895,-0.00164697997389511,-0.0109990770374965
0.00154113649679478,-0.00220150486606146,0.00952675018109097,0.005194961658049,0.00636169379265159,-0.00121948440455974,0.0175254449646434,0.006128494408855,0.0369997797192559
0.0172472468153421,0.00783063249971044,0.0274689941741441,0.0157724905683432,0.00765794494298876,-0.00826312846657198,0.00181116976257501,-0.00316373205668583,0.019611436224293
-0.0748418810990471,-0.0284322999695614,-0.0363957852519491,-0.0240959331248608,-0.00785035797858779,0.0393785741478823,-0.00123682411922993,-0.0112217340037223,-0.0292256552848494
0.0230944924507586,0.0261112330433643,0.00963869097607997,0.0400050776649429,0.00442149056109493,0.0193479204056709,0.0170649058995013,0.0185876563551823,0.0181160118951732
-0.019117719989345,-0.016391279804434,-0.00865343152379523,-0.0168617982581833,0.00149483007543997,-0.0234706460239899,-0.0172156944514073,-0.00224593386459937,-0.0187539355342788
-0.0602993238061961,-0.0195712882225629,0.0120633696234407,0.0196037477551517,-0.00466790402420668,-0.0411776154302618,-0.0161008709687194,0.0134091629035595,0.00428950373788404
0.0127947474913507,-0.0114111537762409,-0.00742492617069835,-0.0220500736545546,-0.0119011215447665,0.00269360632893484,-0.00173823741148918,-0.022149215139903,-0.0125426938879955
0.0417392501453991,0.00862423979985261,0.00895432095148804,0.0216168380535256,-0.00504275041111829,-0.00864327562984477,-0.00855179994679392,0.0152813323677064,-0.00540500960507895
0.0882927808078187,0.0460824652408293,0.0295261937498488,0.0255529857645073,0.0108512830816588,0.0632798590172316,0.00195373299417228,0.0215716702744075,0.019125278545236
0.0274769906921291,0.0315658755554071,0.0081133846196873,0.0599135952078458,0.00519077415591179,0.0435347623731109,0.0170787578053624,0.00546556710796017,0.00727186888504434
0.0465615908128398,0.0150435976633969,0.00231394545753893,0.00628962460877222,0.000632806745057125,-0.0494493725120234,0.011262145735623,0.0389929082205663,0.00774279376648415
-0.0451324599953523,-0.0367124744107604,-0.0139360105583951,-0.0089165722583488,0.00105567066179314,-0.0613875294640122,0.00565843646558862,-0.00522758484793932,-0.00614167931127308
-0.0131536770446645,0.0147652380296277,0.0308812306896682,0.0232653994031408,0.0164432389899263,-0.0150959353481074,0.00988974766904922,0.00954594144054074,0.00777370040849962
-0.00460648830606589,-0.010198057273026,-0.0123052771917335,0.0462128815762052,0.00498540477258721,-0.0154871623128399,0.0101157157813605,0.0392629459005916,0.0102379743065118
0.00456794559702944,-0.00168139096954924,-0.00858229210564733,0.00565517635433856,0.0078748662275302,-0.0442423663574396,0.0139162597571158,0.0186391113816969,0.0140993107962323
-0.0545076138543843,-0.0550526445971501,-0.00597934860968853,0.0267840168076527,-0.0194534883617169,-0.0259662807466177,-0.0131275967436317,-0.00806445212323881,-0.0154553266754206
0.00645513126016126,-0.013793461021254,-0.00605383057124286,0.00764271980889909,-0.00489196917356553,0.0372933682151659,0.00789414154161805,-0.00860482480723988,0.0114713302040399
-0.0460522883239352,-0.0371662262047396,-0.0495263439687652,-0.0289209305558767,0.00233191481459056,-0.0567046302206299,0.00117615074996119,-0.00498006758694011,-0.00543429128613088
-0.00779566548094244,0.0207143431200677,0.0238579273965136,0.0101754837121489,-0.000316414865912956,-0.00915869955860072,0.00495567005193798,0.0248300021392857,0.010159450059915
0.0589365146230597,0.0378881267587908,0.0345525547387292,0.0457240396127144,0.0225160099333828,0.0615723224952227,-0.0193383627672773,0.0126850614557264,0.035193679451307
0.0356497517301381,0.0285407985805134,0.00319178031513138,0.021564240592181,-0.000385518182204084,0.0367333299266014,-0.000741481293435286,0.01416827080674,0.0136247759081006
0.0253322192177285,0.0155086935431704,0.0185485054920003,0.0161091718111649,-0.00992434920445071,0.0103207865622877,-0.0379900915106807,0.000186400771835229,-0.0154040663621005
0.0557490229161872,0.0494618544591183,0.0292126738691111,0.0706923488065442,0.0144451501280855,0.00956237788778843,0.0106144148873319,0.0223730666698613,0.0282595195471366
0.0133045179514037,0.022633609486043,0.0298324680577502,0.0362063519397592,0.0159559649915839,0.0160043599517648,0.0155192402565599,0.0205461138481338,0.0237782013917975
-0.0447207008096863,-0.00716265740685502,-0.0293442459599824,-0.00576717109652147,-0.000619450689668499,-0.0536189092029463,0.0128254325915881,-0.00267133867496819,-0.0149448443672922
0.051432203904706,-0.000526718140658813,-0.0141758940007367,0.011795687262554,0.00444436339252711,0.0361282755419268,0.0153311593214766,0.0192259474704715,-0.00371686672821257
-0.0710313918061802,-0.00514332402866249,-0.0351743180575741,-0.0278179795744088,0.00623273887194942,-0.0864661022268475,-0.00433649666759435,-0.0147453718156963,0.00623588151891301
0.00263017083347122,0.00865908350724391,-0.0046437201646639,0.025947556847526,0.00484321402128822,0.00450820851741152,-0.0111950100863185,-0.00178563108131908,0.0200967251679179
-0.00726925675627028,0.0142389663262705,0.0255903303318889,0.0202111985815018,-0.00703426688515919,-0.00577496962528148,0.0234946445995363,0.00467180964845123,0.00026605009835156
-0.0134298598503521,-0.013290138009615,-0.0183347689088759,-0.0336021243451189,-0.010548978421254,-0.0294244573611265,-0.00711588770899209,-0.0100020243930983,-0.0102452885480729
0.0382770084979056,0.0177961828576606,0.00909983283725296,0.0185934773637834,0.000587557112728067,0.00566393072660206,0.0185796786370938,0.00333593034027913,0.00873426387392943
0.0835768455888535,0.0608890543051291,0.04617577154502,0.0412423822264107,0.00907009658458976,0.08249760865979,0.0131627424304584,0.0393573484189942,0.0175586331121139
0.00371647864438709,0.00813445736646031,-0.0182954807229262,0.0163251640317034,0.0220066670422167,0.0350947334312876,0.0296755358305735,0.0170242469600557,0.0334738441844135
0.0209134565771855,0.042669647336888,0.00887403452964655,0.00164516235547285,0.00148089358527921,0.0258997601286369,-0.014355464657694,0.0126496001746515,-9.81359241631078e-05
-0.0768907747397637,-0.0353706951165491,-0.0230623705655546,-0.00475509159298093,0.00474468875469794,-0.0198498812606349,0.00108534876240583,0.0042045339613029,0.00120780869557772
0.0184928791185853,0.0178798800261661,-0.0075927527671788,0.0448103543598096,-0.00223325334022256,0.0237592103704309,0.00875781341014925,0.00934948477663754,0.0123086872472703
0.0448574090369164,0.0461698489272937,0.021484022989033,0.00932673645649754,0.00452061843037883,0.0791169166745144,-0.0102395569593794,-0.00755269135891277,-0.000526684872166512
0.039702032602411,0.022745125390991,0.00158730548014022,0.0450504099248685,0.00296664024943958,-0.0155155772474528,-0.00379276455713524,0.00837261295449294,0.00567715155846929
0.00723235101336607,0.0137846574179651,-0.000764774165344185,0.0144091359581158,0.0045729773504889,-0.0151326205674437,0.0104465355455444,0.0308293916998746,0.00134826291976768
-0.0666827981188917,-0.0275554997011334,-0.0261643414150077,-0.0385701258018574,-0.00647436978598453,-0.0147627660049308,-0.0036640346911928,-0.0162064976210836,-0.00647520043257586
0.0240998427977172,0.00469098908321775,0.0160956116366451,-0.00538813673248071,0.00225048285810063,-0.00983356248691017,0.00134254377759596,0.00389405909243018,-0.000906833449550455
-0.0280969324210068,0.0143036390040106,0.0280055467238651,-0.0512722570948172,-0.0158240053130083,-0.0434799732195306,0.0110651568975109,-0.0156828456544288,-0.0295167842518067
5.49949429153609e-05,-0.00818167048972573,-0.0208234393561591,-0.0242429649967876,-0.00802327720286694,0.00315110951025523,-0.0208725779758074,0.00394571871669544,-0.0129160336342783
-0.0149270526844653,-0.0299275033500652,-0.0101238345791717,-0.00813455765243423,0.00284085916651342,0.0018650564120644,-0.0129299568390047,-0.0138911858548691,-0.0221441222570336
0.0265524981132936,0.0321373941265849,0.0223591629936057,0.0320268380603614,0.0168904908081128,0.013856624597833,0.0105770258237855,0.00686364889491566,0.00808644123315806
-0.0305730188727259,-0.00532752144524643,0.00432599170227993,-0.00964276793715774,0.00268101127447014,-0.0218766495679815,-0.00598550607325437,-0.00698343912941214,-0.00583037873247885
-0.0290094153443398,0.0110885414708347,0.000192115554988121,-0.000177899760910396,0.015852658745956,-0.0276376373642765,-0.0042850303252861,-0.0139744673084303,0.0170649447119352
-0.0362684812261512,-0.0320806533441604,-0.00965192746363272,-0.00843739828546461,-0.0042559669295328,-0.0729431669540638,-0.019066419606546,-0.0112872062750576,-0.0191434983571926
-0.0163623370675893,-0.0131055221872558,-0.028723876711682,-0.0168561485753529,-0.000782604493275632,0.01129229275421,-0.00066018018755298,0.00144252707903058,-0.00484083348215412
-0.110452838804607,-0.0628961850843586,-0.0654102478763368,-0.0611813826583655,-0.0123635164374395,-0.0820920302754349,-0.0177221221264263,-0.0334134506131184,-0.0495751921230753
0.0130149094802985,-0.0159506958510847,-0.0150570446556302,0.0094714357067332,-0.002994261189233,0.0149468579111746,-0.000365606632384562,0.0126178375398157,0.0104148695214691
-0.113754254295195,-0.0455095501066545,-0.0435474874008789,-0.0457336575748859,-0.0184620072491847,-0.0925500079547889,-0.0199474058375306,-0.0362119547836864,-0.0357674377342924
-0.0220486310789595,-0.00185514975910878,-0.0111663860674689,0.00734781141291116,-0.000379410208816174,0.0219490873774281,0.00873028403438817,-0.0309367129285614,-0.0176650787741247
0.0729248219908201,0.0306240507692654,0.0152764883227218,0.0312711312465416,0.0223541327775257,0.078423811067803,0.0252594510768885,0.0501665836593722,0.0220356209022937
0.0799315293792611,-0.0291051743721755,0.0338554457172388,0.0389865008639356,-0.00406504442996097,0.0477928115193867,0.0176147238908558,0.0198141663240673,0.00682518553236056
-0.0178906637295573,-0.0173697517625091,-0.00201605457600807,-0.000316457269742968,-0.00357120656896954,0.0166342644775116,0.00451976237326285,-0.0204447004477072,0.00265497453029404
0.00246692303367319,-0.00924635543490199,-0.006199353168237,-0.0170414829728271,-0.0161791394626521,-0.0205738669892481,-0.0177067546129493,-0.00792611641992894,-0.0122814155075896
-0.0713555736424052,0.0170415092933186,-0.0345267228621043,-0.0014584433659868,0.0186761791156361,-0.0474085237998619,0.0222131855150261,0.015159503047743,0.0173395731971372
0.00567321828897771,-0.0173798000431362,0.000381037601448437,-0.0117644349214842,-0.0138203736651511,-0.0189093664726447,-0.0189226868045233,0.0104748616416634,-0.00233496679752022
0.0269737959142206,0.0152059415255837,0.0163047206441913,0.0185585853692372,-0.00201131796056121,0.0202662053303459,0.00239004378436533,-0.0106285124562658,0.011908280865413
0.063858045534267,0.00578422806964901,0.017142227256185,0.000771424678990185,-0.00983569282793466,0.0392927406299848,0.00269233130904936,-0.0163584812077784,-0.010621629710414
-0.0164598504439392,0.0107697810729133,-1.01344292856467e-05,1.77175051487862e-05,0.00322455879648741,-0.0116276373180868,-0.00301487596307017,0.00940657144042474,0.00890994604682148
-0.023304678122377,-0.0314933602148167,-0.0351499302655249,-0.0121843440432441,-0.00327263372111623,-0.00866617131379449,-0.0275213698486751,-0.00362339155170134,-0.0105076562846196
0.0262330789385979,0.019255337162751,0.0178139539596832,0.0109780400999182,0.00557586564850624,0.0326495929259275,-0.0229534871103096,-0.00237335027354154,0.0037899543563894
0.00131070148249678,0.00680681591971988,0.000236161942911079,-0.00964493919329701,0.0131740525536855,0.00766218036596505,0.0021714996820474,-0.00924144347185086,0.0270054025104307
-0.0154779542667791,-0.0505836542715434,-0.0349054315649611,-0.0123825735452205,-0.010465369026999,-0.0360783010957442,0.0133548455333908,-0.0230707576989239,-0.0262285550753081
0.0654750961870476,0.0200437663324149,0.0151433508726792,0.0153181738630663,0.00244976186101732,0.064610392174669,7.76096035296378e-05,0.0189429372366417,0.014169384697465
-0.0275109068678999,-0.03059757176523,-0.0232704548161824,-0.00354755597501597,-0.0154210863682382,-0.013569358496636,-0.0184798960152964,-0.0232317704591996,-0.0337733967789995
0.0584229764761455,0.0481856507207798,0.0486841779047354,0.00371969890298421,0.00986492062040678,0.0503941178952451,-0.0101548407152353,0.0109002136149411,0.0142304131657724
-0.0511154107496469,0.0112224265447265,0.000237199649871769,-0.0179562092564192,0.00866664489550211,-0.0568875124509871,0.0020487436960304,-0.0136839946723265,-0.00819527496428356
0.0553736775421723,-0.0071514715248305,-0.00444214686530937,0.00777180820672247,0.00501755335110574,0.0200636317749336,-0.00752745191099693,0.0204825081481006,0.0244697802471532
0.0319940508045215,0.0104233022277684,0.0150666801852526,-0.0100539096488571,0.00303259626879458,-0.0273611836556109,-0.010743019025218,0.00544688180478518,0.00267030775442717
0.00965818271598747,0.0121777291613771,0.0360251029395911,0.0265949141755884,-0.00320675844595413,-0.0060429005234945,-0.030723933614755,-0.0033298055970427,-0.00727373449991951
-0.0235386683540325,0.0231433018543598,-0.0146507270720155,0.0442906024405285,0.021142893570438,-0.0229229817511773,0.0243345446553669,0.0155746534284913,0.0146221441950274
-0.00774860053014842,0.04333562784284,-0.0120743074692367,-0.00315425020899124,-0.00447344927889799,-0.0175670422687242,0.00339575066647178,0.0126727337363379,-0.0125288810778009
0.0358338538960071,0.0252257592524091,0.00301097637279975,0.0617222052104447,0.013704159038552,0.0168970977925814,0.040181162679085,0.031186259907477,0.016821958026906
-0.0236661831482157,0.00340128106370769,0.000484202846346303,0.00951611836471634,-0.012405267008084,-0.0293216004192587,-0.0155130185659441,-0.00486402844828908,-0.0116294112182908
0.0461691788509662,0.0750140003587755,0.0506160026768175,0.05385525165855,0.0229105844221308,0.0286601578940799,0.00961679576098366,0.0223663288863986,0.0354533254319488
0.0267849717679423,0.0480898421238009,0.0489537971193607,0.0149446034475365,-0.00286555250969303,0.0185461191178057,0.00482424417454637,0.0102275882599687,0.00136938290848798
0.0332859879866921,-0.0279474315198678,0.0152690174828042,0.009625286494351,-0.00335239485360222,0.0120408107995017,0.0188446551311854,0.00267271920618981,-0.00221193628473564
-0.0214223904830589,0.007465967321243,-0.0121787588078103,0.00507879875024014,-0.00887031236001696,0.000895463131802767,-0.00198273082689163,-0.0128749222756678,-0.00758731606944276
-0.0521840849050545,0.00396593586037933,0.00506909459793225,0.0121816322020843,-0.0133038802499743,-0.0780905225493881,0.00232687756237454,-0.0123709792888838,-0.0123044380964073
-0.0772749372854667,0.00163274297738545,-0.0447787259198654,-0.0321973730269017,-0.0105837681051851,-0.0836174262175793,-0.00328025314261515,-0.000654567229066821,-0.0112717749840122
0.0151475732933211,-0.00983004163880377,0.0251244521454843,0.0526769389666924,-0.0054037534917622,0.0158548308893546,0.00348828134998393,-0.000364190719129917,0.00675171440634883
0.032160089385889,-0.00248259943827951,0.000196929320894652,0.0177863094542094,-0.0131647189511163,0.0267337442935084,-0.00659590607076093,-0.0231222725203444,-0.010077330548683
0.066661144697242,0.0477748884821357,0.0389135701486833,0.0169267081042377,0.00824358305737921,0.0406160223307405,0.0100141554783697,0.0124058402396177,0.010811925583261
0.00998776619342282,-0.00554322515056869,0.00532670331519258,-0.0045543925601443,-0.0142193067127711,-0.0261765788719664,-0.00615875058039161,0.00385731344938231,-0.0103945037293563
0.0100448233320497,-0.000374257212649973,0.000690735081486034,0.000422860233200308,-0.00492091617515218,-0.03390116441691,0.00845517118487677,-0.02539850688329,-0.00834075127670871
-0.0385962192655988,-0.0455705188003928,-0.0332271018639287,-0.008735930872605,0.00856131732202309,-0.0455930078786243,0.00902909103755416,-0.0110340929955326,-0.0016404460100443
0.000719567226211513,0.00210061882131373,0.0159817822900465,0.0117303061385684,0.0032376197871306,0.00217648940443022,-0.00572516495725855,-0.00371508441374259,0.00765001243006526
0.0258190968466959,-0.0342101295906202,-0.0219635159526793,-0.0113838300334096,-0.00254591482385935,0.0183614183007647,0.00477641192302683,-0.027575256082627,-0.00332371797846113
-0.000116775135409526,0.00988611949661562,-0.0179472688729455,-0.000774525038513921,-0.00554063709905608,0.0106320218745018,-0.00665971446074846,-0.00348626055430801,0.000433616549958294
-0.0326193728915299,-0.0428507460132665,0.00119532506626428,-0.0062460092764048,-0.0271123791198844,-0.0275960085383353,-0.0157076430080752,0.0105430167742281,-0.0219046364632924
0.0225430071961156,0.00444693879591918,0.0159950611113391,-0.00030895878825358,0.000914063080253016,-0.0126826804366452,-0.00408856940128042,0.0144074632884587,0.00612971834761306
-0.00429770634226399,0.0288298442526014,0.0134973491836284,0.0324016545145637,-0.00281853354619325,0.0230598129191741,-0.0085927562564795,0.0071823057657312,0.000425228679976306
0.0149620986594278,0.01719759464255,-0.025271864620768,0.00673073596017265,0.00218809464572406,0.0118151145383251,-0.00473143686670987,0.0133424566562443,0.00996432807515424
0.00644936607657631,0.0112222270853256,0.00669726490906247,0.0137938025606272,0.00595812534247224,-0.00701830667229364,0.00694453256501926,0.0011117571966518,0.00986628436555657
0.0402720683104952,0.0314361552553707,0.00815558516800202,0.0466204253328698,0.011895350212395,0.0610915971345437,0.0177565619771158,0.00468584759826598,0.0164243902901883
0.0510941623548515,0.0424850957865621,0.0273196806993064,0.0569607059402198,0.012833879265911,0.0482502051021998,0.000830058793585556,-0.0158376458859589,0.0203107982065973
0.0736130754525162,0.0592886958499968,0.046119815406123,0.0524574678678956,0.00705871911098019,0.0762693567185449,0.0159392343001588,0.0171443252139225,0.0369830731231583
-0.032775996568813,-0.0288790367440359,-0.0133021878028063,0.0330095159894562,-0.0128512657823191,0.0299247813006157,0.0219809672972421,0.00560403283151826,-0.0176016478936603
-0.012198096934554,-0.0117824765812038,-0.0242611716805791,0.00371206398691021,0.00451258103617038,-0.0314883463644879,-0.0138241567733423,0.00383289436104907,-0.0137677907512615
0.103915983264358,-0.0305292230358638,0.0167862200314651,0.00297894406106278,0.00486459182761266,-0.0287228159045589,0.0215363769368013,0.0147559675957137,0.0220360731729279
-0.0201038808352224,-0.00363549832372252,-0.0513426839182687,-0.038231867012182,-0.00156798629616927,-0.00996568533321794,-0.0100660347116999,-0.0103740662254533,-0.0147432111041221
-0.0149422597277499,0.0366365392691528,0.00579638031281968,0.00794489876820287,0.000592662992265306,0.0238620998853843,0.00440279616027194,-0.000553911893438524,0.00436226477402409
0.00249296247030853,0.0109015985788795,0.0196261709837532,-0.00239901465350488,-0.00404906229137879,0.00992113031144455,0.000388157298873228,0.0126124844635657,0.0094243742890019
0.0951611729619672,0.0420058773386225,0.0310728603390089,0.0206502600354963,0.0127234697649481,0.0778148608040059,0.0210389664860028,0.0199037362891863,0.0293286332665466
-0.0389772262020684,-0.0186070924079377,-0.0110007601882863,0.0229038202238837,-0.00438590907230447,-0.0437855321972281,0.00918221121758579,0.0134900927683445,-0.00510725595300582
-0.0811778965378826,-0.0263466983736305,-0.039410094738756,-0.0395866583056395,-0.000865046190162214,-0.0768140036175253,-0.00248868728835519,-0.0204897687613231,-0.00268928987082914
-0.00273363670254533,0.0102869140378651,0.0162156535543844,0.0397038562677502,0.00768199402634094,-0.0240140267743507,0.0124283049700331,0.0187584224981631,0.0140943068360883
0.0842039791820355,0.0203936124548842,0.0207529694720767,0.0323970861184279,0.0050113545194069,0.0562839342907586,0.00866446245985058,0.0384282991944944,0.0117961827402634
-0.018304672469027,0.0221124236363248,-0.00173469656971512,0.0010366239074996,-0.00456678479073292,-0.0183430650888715,0.00122206647370365,-0.000104606067824322,-0.013836447760044
0.0388909900349321,0.0137685283642114,0.0137868541352925,0.0281378754410827,-0.00899147129339386,0.0344851108452335,0.0112127813961122,0.00929762338799363,0.000197225842095626
-0.0662590977219323,-0.0423228892030294,-0.0534298796231744,-0.0344855298796354,6.27701236189309e-05,-0.0583554879726109,-0.0126635074231673,-0.0490673457481996,-0.00860244922706436
0.0362459444230814,0.045288923371078,0.0301477898147465,0.021161622642959,0.0180052919788212,0.0292767723842908,0.0174925803460329,0.0175649197070219,0.0378120371391799
-0.00563001644386075,-0.00428403404764448,-0.00417754713182424,0.00365003657792814,-0.00693941942817447,0.0370841611968345,-0.000979700436946537,-0.00824449185683291,0.00569894249781284
0.0651132879597953,0.0375271184455497,0.0300284924301908,0.0126695413955017,0.00399626963931904,0.0220676332612533,0.000774280722417941,0.000953746074216238,0.0181511863467542
-0.00197226544199218,0.022877737408727,0.0220503339372761,-0.00556117721437655,-0.0169984671794103,0.00660978233336866,-0.00192987230018048,0.00133690811538018,-0.0114057821939494
-0.0351995780347719,-0.0289060059613334,-0.0244990870125958,-0.0103260261331287,-0.0100049784736504,-0.0331200256797499,-0.0444834271873888,-0.0387047546298118,-0.0103127065747857
0.021642307680144,0.000510250872679486,0.00643272172551896,0.0432655985286939,0.0136694859988543,-0.00202407496070146,0.0092107203861173,-0.00702298655713493,0.0232589084758931
-0.0280555974963658,-0.0107261633919278,-0.0131886971014113,-0.00804299534200374,0.00421512801996721,-0.0104362644780204,0.0036519769131557,0.0198156314367698,0.00256352298467094
-0.00650251445794374,-0.0183827580644845,0.00220731742550997,-0.00323077595825271,-0.0153237251848443,-0.00762334018403425,-0.0122568932188197,-0.00782529503051242,-0.0161109943956179
0.0353073103585105,0.0455214232779711,0.0107773035908446,0.0259439130100575,0.0230932790367142,0.0577269013675615,0.0206822422529367,0.0347172044385735,0.0379988067515529
-0.025044832685119,-0.0596068507224717,-0.0205125141232425,-0.0459718484632278,0.000840098035326451,-0.0365028955894767,-0.00386461723873718,-0.0168787324355089,0.00480080798915297
-0.00344987882562235,-0.00851440981966655,-0.00247545597129639,-0.00130062270427631,-0.00894157677628268,-0.0171946007489285,-0.0166383811410544,-0.0409200864733308,-0.0527174859726923
-0.0279304189165998,0.0221074323735126,0.0141102153300721,0.0144610708134796,0.0215606907364539,-0.0288878040681896,-0.00645247635471087,0.00316780285425661,0.00116272224880703
0.036299172772638,0.00191396659002166,-0.00158817104710711,0.0178058809149254,-0.0154476277334281,-0.00936102942365364,-0.00655016546497871,0.0120520944457328,-0.0139331896071246
-0.000861999342279978,0.0100682433967617,-0.00372758224938869,-0.01618996989726,-0.0238077608631477,-0.000511306930805673,-0.00558038834296826,0.000420615949986986,-0.00912205090329332
-0.0277043549435283,-0.0118355438703857,-0.00749737534889238,-0.013315049978391,-0.00402647785019954,-0.0153363112159559,-0.0109318375480203,-0.0245273722571697,-0.0464250808011745
0.0110624492526172,-0.0372621425764446,-0.0360274716229023,-0.00942955085293509,-0.00186278212572436,0.0156437853868763,-0.0150708669789087,-0.0132039805810564,0.00234963948039686
-0.0362617164734519,-0.0258710315796187,-0.0123764582259208,-0.0092500419691797,-0.00590182364961505,-0.0399519108161185,0.00216387698095996,-0.0181710919888401,-0.0157711344240291
-0.0229824751624863,-0.0107764437781793,-0.0195127608420462,-0.00981730399855368,0.00514885278010435,0.00502917986960291,-0.0084428007005394,-0.0197873966533886,0.000563114388407571
0.00341074940655091,0.018892342878432,0.0123852920527333,0.0198461866881292,0.000798414027259794,-0.0298428137418749,0.017395958978675,-0.000518762151536257,0.00260062822202702
-0.0103848709351592,0.0087727215591063,0.0133178384150536,0.0262568890037822,0.000740705611222204,-0.0203560771895459,0.00223527586176384,0.0227016781853169,-0.00400136817882645
-0.0186239084837206,-0.0171586774216743,-0.0333680865105282,-0.0161375332931559,0.00136734978471758,-0.0407922702446805,-0.0154370641319938,-0.0155899251575961,-0.00761781451615241
0.0180691075631325,-0.000240370857004606,-0.0032616989924932,0.0157019528667794,-0.00884319290437823,-0.00649110176199813,-0.0105268558456093,0.00735563250859119,-0.00754531777699703
0.0489679624870005,0.0159045156920919,0.008559175820664,-0.00464079008697186,-0.0120448478826309,0.00444044510879111,-0.00286224074653292,0.00491808924256628,-0.0166547737120774
-0.00227143810869348,-0.0181194204478088,-0.00705405005430108,0.00416439758640793,0.0107172047008167,0.00614621155701077,0.00511538561247213,-0.000172713792233342,-0.00826025054390618
-0.0989608842742709,0.0116076541485256,-0.0422501424136944,-0.0561987552130911,-0.0066482001123061,-0.0789257363503205,-0.0248578981964762,-0.00672186142782233,-0.0102620330922761
0.00361620459213725,0.0277457082507719,0.0212794786326471,-0.0186062222717713,0.0102083952726083,0.017415017133046,-0.0276397151120565,-0.01161022420128,0.0175824221131945
-0.0207137268196686,-0.0285650469274305,-0.0130993648910597,0.00758623685765603,-0.0119381262280174,-0.00767471472124565,-0.0240284380059258,0.00792742989165611,-0.0152043965198825
-0.0396557480575655,-0.0254497501034264,-0.0313175229296105,0.0199389743219484,0.00770218934114143,-0.00782792912821204,0.0237058186960275,0.000925320891673282,0.0189524634211909
0.0806517711363536,0.0237587590456452,0.0386453445287267,0.0447970122768456,0.00582918811909019,0.02822602782837,0.00399169416504651,0.00280578764945225,0.026981757894206
-0.00845989524423263,-0.0241605874428498,-0.0151074939753534,-0.0154426149563928,0.00280364510828975,-0.00951593913889141,0.025589951413178,-0.00197010867395323,0.00155097340025379
-0.0733472651731584,-0.0269665508020778,-0.0178837123399115,-0.036801015172823,0.00575270827602459,-0.0536693712493959,-0.0188110367722669,-0.0289369175229302,0.000992957497089271
-0.0303854277152408,-0.0147965563889961,-0.0155294391999873,-0.0237396513547261,-0.0017402742659798,0.0165332117544251,-0.0138244251521359,-0.0233224794121099,-0.00634355682871685
-0.0701474685650043,-0.0161898690859103,-0.0136382012632215,-0.0420074246790738,0.00179120868230836,-0.0724746785911892,-0.0122518549661498,-0.0162625544809062,-0.00671430285865604
-0.0189750865240462,0.012304685028891,-0.00441187482386829,-0.0163377358551251,0.000889222290272477,-0.00221819031665583,0.0162624179702937,-0.00591881536459166,0.0132638370467703
-0.0418945039742271,-0.0203852387219016,-0.028536743016373,-0.0225073937884668,-0.0114609855428653,-0.104835056801415,-0.0332647000594301,-0.00982099496460308,-0.0144757189451566
-0.00148611960248314,-0.025011005964405,-0.0408494047996459,0.00645874049672419,0.00143568526795132,0.00181900154818469,-0.00228450969446918,0.00404328310247658,0.0028952453413799
-0.0953763556717782,-0.0587160340386078,-0.0279548295120296,-0.0316015950867086,-0.0434212572502683,-0.0651063769225658,-0.0140259864268617,-0.0549770651728835,-0.0599320081918417
0.0632147812014517,0.0211878747853005,0.00460202514458807,0.0647023704407895,0.011562932814485,0.0968003753829857,0.0112429386392938,0.0254731139644899,0.0221530141281639
-0.0104971635586232,-0.0111861139210602,-0.0128325963260136,0.0175166763831102,0.0222413240491433,-0.007472601009761,0.0029146505830461,0.0112254766945408,0.0209780046488793
-0.0890433538615315,-0.0266803026275696,-0.0571865726083493,-0.0632190794238687,-0.00893146608891768,-0.0625605912671968,-0.0111800641677355,-0.0338565931899125,-0.0135776553174665
-0.0423692087272094,0.0117786025276121,-0.0219212050787634,0.0240956275657653,0.00536827662940584,-0.00550162356562887,-0.0122882894647071,0.00247867799209789,0.000788209190094846
-0.0630302924708453,0.0265407624944895,-0.0105714216941169,-0.0422392592234917,0.00894672012921208,-0.0688121231340742,0.0161667845395639,-0.00861116794180536,0.0121785115917813
0.0185418138773287,0.0170741273231381,0.00817799276283962,0.00642034887081434,0.00602260071228794,-0.0103990874444952,0.0134968278587809,-0.00269045208488531,-0.00645465673293703
-0.0614350601998205,0.0124202078507731,-0.0401967281770797,-0.00921225049031379,-0.00349875861232793,-0.0780930167339896,-0.00401223716130928,0.0137519303358949,0.00385129479465363
0.0319218273199954,0.007212172604533,0.0019298908122311,0.023464390105085,0.00382107818439967,0.049528292863178,0.00453195724180116,-0.00361397279158767,0.0126308551161273
0.0459598330501417,0.0306225620531359,0.0220638492381598,0.00610283655986484,0.0193102215263046,0.0573652508641656,0.019240205960072,0.0162705926677578,0.0187173033179763
0.0151987003322098,0.00566167170173021,0.00529854667541868,0.016482036269737,0.0103532541545093,-0.0129752306701293,-0.00706328491645474,-0.00373201701745029,0.000287045599957765
0.0378815771393657,0.0439102389376946,0.0106544629093614,-0.00190210202563715,-0.00209607435712747,0.0363203431962082,-0.00695746860571324,0.0137558743419888,0.0114062117076715
0.0436164672348784,0.0244946509917543,0.017480617240239,-0.00411318989322274,0.00638891539313782,0.00718491630543395,0.00228553229468708,0.016831475896773,-7.65568820697246e-05
0.0209144450773468,0.0248979501978172,-0.00435964495741929,0.00747053310401196,0.00718775622822177,0.0407584219676525,0.00367983043914981,0.0363897426522065,0.00107571340714427
-0.0429886502575645,-0.0353092327161107,-0.0105178832495729,-0.0782389926292706,0.00697647840327927,-0.0625780133035188,-0.00397607364793196,-0.0108953698308673,-0.00243353361940754
0.00204229301504213,0.0219865433999499,0.000452365381392532,0.00208682813448241,0.0131806738031846,0.0135254713361879,0.0246612030059378,0.00893057582333462,0.0306164190628362
-0.0427950710379191,-0.00756069270046373,-0.0010400367603124,-0.0087950169231817,-0.0018093279339124,-0.00743677631010741,0.00288235387462037,-0.00843211670255905,-0.0271244438939956
-0.00244039003793741,-0.012951647596433,-0.00538428605025143,0.0234708103065544,-0.00265251992311673,-0.00785644829009993,0.00610999831648448,0.00206015483750182,0.00218821803159191
-0.0581610821159739,0.00260990529572326,-0.036821620293634,-0.0323741585878523,0.00155666025468973,-0.0183120510692116,0.0103500551178997,-0.0146085052941657,-0.00625600943375201
0.0474066040653962,0.00543431226766976,-0.000576176202024718,0.0367359086647293,0.00145605923240446,0.0311881322468162,0.0118072587539341,0.00818319519500434,0.000952119283831407
0.0195878865417234,-0.010692364913083,0.0323305846198312,0.00509875175964547,0.00668893744568086,0.00804357354498037,0.00516012449294113,0.0105198530090475,0.0119120351366644
-0.026141539307393,-0.00307910690099474,0.010030777603407,-0.00298389815783793,0.00869341897464984,-0.0113182796519543,-0.00113815369518057,-0.0151079796301022,0.00775118967033762
-0.00888089555712053,-0.0282723689661113,-0.00893359486789414,0.0219433851050233,-0.0135113357225787,-0.0096899078207264,-0.012485418531039,0.00262304425583169,-0.0148716610023131
-0.160417995149186,-0.0600907754530876,-0.0482403806679217,-0.0824155865887563,-0.0130874199932118,-0.141093288199581,-0.00569098314649481,-0.0251594189095921,-0.0273342459489708
0.0614207436463864,0.0109937572437373,0.0118208344915923,-0.00450076463140782,-0.0158490594963573,0.012112219637296,-0.00568491495270333,-0.00956633415189706,-0.00488145269238552
-0.0481174406560388,-0.00990391869621015,-0.02459074183699,-0.0266407656264353,0.000629719684390975,-0.0817550943328961,-0.00495354830725831,0.0191680230789527,-0.00506142814041177
0.00873404899091339,-0.0271346312605521,-0.0294120981217971,0.00256352803364793,-0.00122156437207277,0.0104312213645495,-0.00158904799909742,-0.018605975121952,-0.0209282467883134
-0.0248635606276378,0.0160447039767918,-0.0110223533304371,-0.00729013355419389,0.00394965327411746,-0.0430593164970568,0.00488918202778905,0.00104312379401296,0.00744702118172852
0.143515908943654,0.00288050431346884,0.00520433668474503,0.00971946559566405,0.0159632315925736,0.0540175472070854,-0.00340253280631499,0.00813040891517498,0.0118585066025725
0.00324509444499654,-0.0147918666799521,-0.0217595622335064,-0.0101111432360792,-0.00293152402718122,-0.00378213255048262,0.00280984304141973,0.0186792432320711,-0.00353563798879835
-0.0179776867510294,-0.00171695506785444,1.37144240404822e-05,-0.0381188861093924,-0.0113221332940363,-0.0593190715673594,-0.0294102901975095,-0.000360995455756322,-0.00841652315555156
-0.0696055182491729,-0.0232361755923831,-0.0277624056838819,-0.0159965510697779,-0.0174074911634965,-0.0860028268075063,-0.026563805900421,-0.0207928234759054,-0.0344307920583934
-0.0550447972496759,0.0116375502887768,-0.0243366991958832,-0.0293011194848147,-0.00134863521296728,-0.0424708055502748,0.0140141332950601,0.00528983779003464,0.000602740830084584
0.131317138222162,0.0248568781810366,0.0445132448998625,0.0106454667769288,-0.00224526044421278,0.000982626659288808,-0.0211191989477644,-0.00126639446084136,-0.00179726928930123
0.0775623489284163,0.0741964339849811,0.04576902609723,0.0637642578037761,0.00658346969031683,0.045683924644755,0.010530651628581,0.0249147485385056,0.0334988462675514
0.0810699119571493,0.0274185853966335,0.0309370307203978,0.0470594272836929,0.0175401240150947,0.0632622967414121,0.0177683906107076,0.0224679322785298,0.0100798606940298
-0.0797746117054426,-0.0134623898065402,-0.0296747069720926,-0.0411278678984811,-0.00175574299014159,-0.0934944109719743,-0.0196111563515838,-0.00755396962733316,-0.00751692694289369
0.027378481968279,-0.0157804148230111,-0.0176850725313156,0.0230095956815564,0.00272424718065371,0.0225745319380941,0.00861469471517217,1.29167694744663e-05,0.0145133331857043
0.0112723637750356,-0.00456063024092687,-0.00696999441097414,0.0062114822403777,0.00578093733023864,0.0363513574031587,-8.61360799663709e-05,0.0134143144828112,0.00736108357935956
0.00888500492662106,-0.000737119102677818,0.00975159790809501,0.0159350903207981,-0.0153293500695534,-0.00671933725176112,-0.00915961736667633,-0.0167704473085852,-0.0108023395338169
0.028087097034884,0.00657475139497122,-0.00380326526756217,-0.0135436592804033,-0.0139151345257422,0.0119589693696109,-0.002752156681014,-0.00100921889668993,-0.0243917513060206
-0.00882050369709668,-0.044431752816712,-0.0276110128671073,0.00279988928332729,0.00606761872516483,0.00913531470479012,-0.00794365232477505,-0.0125596188296377,-0.000195430778930889
-0.00680096654940688,-0.0230745118630767,-0.0273714363894315,-0.0104860044578774,0.00638764390261874,0.0290244900104467,-0.0027763731368592,0.00277394069928256,0.0119662105089941
-0.00864055039573935,0.013356583723797,0.0209305285456968,0.0175964111792136,-0.00443679905104661,0.0310115964445732,0.00883352477036785,-0.0217789767028166,0.0122770209680848
0.00702651093253405,0.0202966896047433,0.0101723873336369,-0.0118937338489386,-0.00991710578063211,0.0103386687401503,-0.0139756312894416,0.0221915533756754,-0.00430599369259914
-0.0122884919502162,0.005768811496039,-0.0200396139611606,0.00270866982241053,0.0015474514566028,-0.0321543512579356,-0.006030764193403,0.01687556639186,-0.00494842829049763
0.0786732047667063,0.0383588815140216,0.0320532157043753,0.0378246101598129,-0.00242148613696804,0.0754896283684694,0.0107417247425304,0.00746156983767455,0.00547001966908607
-0.00364814361317609,-0.00550616580782975,0.00991053750293345,-0.0130988396380584,-2.63775354479655e-05,-0.0499964306021418,-0.0159677533058847,-0.0213806704773099,-0.0119811180161916
-0.0556338394316205,-0.0161744918483415,-0.0125582837697409,-0.0213468853528157,-0.00545567339456568,-0.0451324396400952,0.00670514909511541,-0.00825987333574615,-0.000478945345687679
0.0246879200086002,-0.00304682567922623,-0.0111069513797718,0.00631952094460323,0.0229607480108515,0.0353494892960149,0.00817529703953867,-0.000951270725149992,0.0329264247891814
0.0716743478864762,0.00763912899732047,0.0153598562407761,0.0206808324414554,0.00374757889322003,0.0468293623372902,0.0064560732687127,0.0341781329468046,0.0196739430121682
-0.0123743213766005,0.00326610520385558,-0.0153929833230441,0.00191707064188012,-0.00627965567514346,-0.0435941127694057,0.00416505348232104,0.00572475535429314,-0.0116279522541532
-0.0242911271521417,0.0275844504630959,-0.0165230276781425,-0.0105604525904306,0.00707247605419141,-0.0105693009250283,-0.000252979217961191,-0.00394874690822739,-0.00243386479131518
0.0388125420268692,0.0281237943258451,0.0203556462840761,0.0241330764172911,0.00487501942490961,0.0641758170534399,-0.00433621882178834,0.0187463456713012,-0.000393523955475263
0.0991265165960382,0.0206121443599432,0.0241796512628731,0.0086955930264429,0.00318769320781497,0.143215559875075,-0.0018071764796919,0.00547440674915568,0.00874911002011044
-0.00673977198433133,-0.012253279740039,-0.0154598299123891,-0.00974365206356355,-0.00457807790875994,-0.00747401092509173,-0.00826482126419296,-0.0158574262884316,-0.015343905085804
0.0687003013626488,0.0460073971843206,0.0281965275906962,0.00442064742541368,0.000849965551454232,0.0703603347309844,0.0154850886291059,0.0382347496504581,0.0188527235996841
-0.0549761769949969,-0.0133551049231518,-0.0170934713904619,-0.00938585783210218,-0.000862814160291031,-0.0587108075969086,-0.00361537064205481,-0.0145802394112601,-0.0123204386792609
0.0276626453526352,0.00176689952503743,0.0212958677413261,0.036058122811846,-0.00519294854759473,0.0121424677117906,0.00271283671211906,-0.00585986919406939,0.00231183138705612
0.0289143530939172,0.00265065791747055,0.00600580220251254,-0.00291212929437355,0.00417450174568778,0.0229392380843128,0.00251746183298732,0.00331094220052545,-0.0128745925944595
0.0178736106319448,0.0182721423751466,0.0154427531832528,-0.00883355087513527,-0.00330797150456963,-0.0114552373100214,0.00733200824272187,-0.0120172749987746,-0.00421569740274891
0.0210619566306133,0.00188912054361033,0.0111643557271926,-0.00696969905039323,0.010365958060474,-0.0789688671280393,0.0092270978638906,0.00383121290829768,0.00752619780425729
-0.0215035287476683,-0.00864226058523565,-0.00379481737595857,0.0216277039654586,-0.0173979028233734,-0.0270006246896833,-0.0186369034352257,0.00222766292061152,-0.0309326393616741
0.0327859610293163,0.0218582448775774,0.0218034958701937,0.010236731370574,0.0153715880047796,0.0137096730789552,0.00461730307980248,0.00710816365989101,0.0146267892398691
0.0392057343317461,0.0105560615064063,0.0206229863989831,0.0384061611639124,0.0104467242945008,0.0457557724275492,0.00607096460514483,0.0140398975861971,0.0328334831699666
0.0399163436349693,0.0384104781172991,-0.00723060291615118,0.0399014835420901,0.0283774464039531,-0.0287581776436332,0.0309625895165317,0.0662186778915347,0.0704300640165535
-0.090456946919247,-0.00197951332219365,-0.0362158785015366,-0.018329095633189,0.000329264239312819,-0.0579387797910277,0.0080818535567531,-0.00884990310740779,-0.0255684380137031
0.0363430474303802,-0.0138539059135693,-0.0021426804213733,0.0238607817152955,0.00764523781930431,0.0325519442002575,0.00767279970518983,-0.00823184061357708,0.0134084225511422
-0.0410270230938982,-0.00539393417522886,0.0104046899127305,-0.0120711560798545,-0.0105500454409288,-0.0506720066812839,-0.00349565528606621,0.012501416804377,-0.008171388175898
-0.00752667711586489,-0.0360306212839056,-0.0100892185149031,-0.0183659918005663,-0.00839420552643794,-0.0229056878947476,-0.00833886653483247,-0.00274454062748966,-0.0126950319854818
0.0503911302003574,-0.0144542224239328,-0.00518597236598187,0.00615948357060659,0.00266149456312455,0.025193483313268,-0.0094163438657471,0.0168459597957802,0.00328510449436772
-0.0192543775893651,-0.00641612130728301,-0.0125266075839282,-0.0129102110796229,-0.0179049542384406,-0.0433019566186013,-0.00129059254386567,-0.00740439374835964,-0.0214422582417916
-0.0853272775631737,-0.0430812061338531,-0.0345195057329034,-0.0495706339216448,-0.00737938722590841,-0.0479311886955189,-0.0163133963573558,-0.0236770016257306,-0.0160377468939573
0.000678974724592329,0.00784897073315244,0.0063466430993656,0.0128740137689363,-0.00282012531518909,-0.0212076927666934,0.00513524593335497,0.003800041379222,0.0015841233244739
-0.00136088871692604,0.0118520011945842,0.00210021938077903,-0.0212398748667524,0.00239343850429243,-0.00665016052863618,-0.00947727698888789,-0.00597044107153331,-0.00364451475030982
-0.0732998449084843,-0.0172919092674908,-0.0181509544555934,-0.0429463332676966,-0.0238188644414091,-0.0805631060059314,-0.00332336759141265,-0.031385301945915,-0.0209118639480598
-0.00257880819857563,-0.0157510665178728,-0.0294331028012814,0.016359742641044,0.00287401835809511,-0.0304213137251584,0.0210185516196232,-0.00538378808096894,-0.0146803031510026
0.0118075371082764,0.00479552909422271,-0.0236797898385816,-0.0195963678869486,-0.00165363940040651,-0.00953450058076784,-6.20293577423645e-05,0.0142632155449105,0.0140207677354627
0.0198849215681382,-0.0141617702936367,-0.0104080593944627,-0.00584309750382071,0.0124245181385915,-0.00252487864973025,0.0192884688137224,-0.0130451992119391,0.0247496296656353
0.0036720677070338,0.0245101118844613,0.0133271613038022,-0.00018283933807837,0.0131030568028683,-0.000660787686385402,-0.00661956484343889,-0.00722898157264925,0.0204542693770525
0.0155781854685545,0.00697427748457918,0.0120068958190274,-0.0111754672433612,0.00824590914185487,0.0229828396010712,0.00197829991664215,0.0093438655515163,0.010390905294222
0.0442937696403943,-0.0166350232677232,0.00532878718954538,0.0290023010802349,0.0148965365920056,0.00951154274159999,0.00703671616524094,0.019926740981922,0.0104812625021301
-0.0969745633436727,-0.0691550939979391,-0.0426573692624262,-0.0629658618548163,0.00976014587925048,-0.0889408884662025,-0.00704391399263405,-0.0230637212703652,-0.00669480927810268
-0.0855998888255949,-0.0195261480502258,-0.0399134818892699,-0.0399790956807805,-0.0302690707472192,-0.0576768470560038,-0.0207110189359045,-0.0217433584864781,-0.0276702339428106
-0.056332936215747,-0.00949005541566697,-0.0184022703602155,-0.0320630283982579,-0.021368801099912,-0.0323133903256739,-0.020391255357664,-0.0533128793852885,-0.0210432700236546
-0.00692411806987995,-0.0304011366670409,-0.0344807452237917,0.00453382124533322,-0.0145306214057825,0.0024944236487754,-0.0151272675639366,-0.0122929134618299,-0.015802358731272
0.117411084587368,-0.0159382586779788,0.0125955917080734,0.0343738991591486,0.00632284912553912,0.0851233118643187,0.0370148000266792,0.0253466035475842,0.0156834293985184
-0.113837618791834,0.000896568383550591,-0.0376577076310433,-0.0377005619836739,-0.0131411644176723,-0.0822759037181862,-0.0268872226180078,-0.0330910318172181,-0.0146478954477038
-0.0204306050758978,-0.0123385010132075,-0.0336358696736112,-0.0305206016152893,-0.0122289148133026,-0.0176752628218299,-0.0140985185439483,0.00229650995024391,-0.00146968922103576
0.0188444509876523,-0.0359250923226084,-0.0390494851712866,0.00508459983531615,0.00835533145004881,0.0155438860503335,-0.0147507435947517,-0.0198052302753272,-0.00215724263159766
-0.0377023700629337,0.00317610658016409,-0.00690283616741152,-0.00165689759704916,-0.0032020674450039,-0.0186753171525659,0.00150877650661383,0.000318076235029925,0.00537811222425448
0.0362512618422537,0.0231060874297145,0.029607922281255,0.00265012954419219,0.00272638990708076,0.014539838722637,-0.005298094657967,-0.017734290285313,-0.00367690180944779
-0.00765405484971047,0.0249541610225507,0.0298111771005792,0.0203125097175877,0.00371447540260407,-0.0169123659891226,0.0137271099652895,0.00355598906511267,0.00915230003258788
0.0652399656952168,0.0383598957851138,0.0243688897606208,0.0937234042111841,0.0160679181883435,0.0870581962825472,0.0308028012798811,0.0640264351213647,0.0312499429558537
-0.0914855921777815,-0.0666289500593433,-0.0636637072960041,-0.0520538549816815,-0.0178263942640728,-0.0631731251373285,-0.0153904911329189,-0.0178953504631958,-0.0284156750681443
0.0335196246346309,0.0339769627073391,0.0178624063234821,0.0288848864458885,-0.000945084379963093,-0.00487282659070976,-0.00233073445649951,0.00809606882854524,-0.00611703928235461
-0.0646354572091744,-0.0222935640800329,-0.0462112406166018,-0.0441307822628776,-0.00330634803868018,-0.0437125132697188,-0.0240631489767373,-0.0085486389444969,-0.0021097986329567
-0.0404082779895669,-0.00288754163869628,0.000474616896756913,-0.0200590134975611,-0.00234577715229291,-0.0523739839879734,-0.00750253684061915,0.012127303364179,0.0062219615895815
0.0331167798696367,0.0221865222020491,-0.000831979219314515,0.0365677289264598,0.0111946827274278,0.0106369867379565,0.0325164047834253,0.0229323620311863,0.0424555139179145
-0.034242385757831,-0.0163363779538645,-0.0318919764736723,-0.0183746169085042,-0.00956541453484962,-0.0256475055892905,-0.0147653589086457,-0.0109961189178692,-0.00283755655283158
0.00216192012426744,0.0137907705144685,-0.0037261599298386,0.0365253663493982,0.00261890057366908,0.041776781195582,0.013620497341218,0.0271094415654455,0.0251077418562192
-0.0789327290561721,-0.0424016129796992,-0.0652025221824989,-0.0599117276927642,0.00299496185144329,-0.083987796259,-0.00128927181593719,-0.00939212160362807,-0.00394270172028223
0.0455027517272009,0.0553469466370176,0.0566342484821289,0.0547266007884534,0.0154959949503225,0.0496414116817103,0.000909284830979214,0.00642360726082707,0.0379002898129555
-0.0380438910329404,0.00356439895708209,-0.0271058824280248,0.011300465705338,0.000252409061074111,-0.026906333890108,-0.00575385954623435,-0.00491588639083126,0.00134231379535808
0.144879387102188,0.0653449630860279,0.0641712044113705,0.0627273896061679,-0.00418561444614015,0.11131839863355,0.0258596944152159,0.0183876365922929,0.0217500349892029
0.0429994329477337,0.00707597702888765,0.00608057427329835,0.0249328788164428,0.00857258722629525,0.0237353203889411,-0.0158779495433022,0.0162160049007168,0.00654986985288278
-0.0479163582874379,-0.0447172873308201,-0.0507513670418399,-0.00574196094470999,0.00753352818046447,-0.00375358100363395,0.00858058320031833,-0.0179519816631405,0.00513355482075541
-0.0245236622604963,-0.0265911060601283,-0.0433124205724125,0.00809631478632375,-0.00796065497230096,-0.0356904044007489,-0.0132170624346224,-0.00383373327614731,0.00256384581124771
0.0123470702519361,0.0340097705047006,0.00751078385724919,-0.0221147308966882,-0.00651250493890777,0.019419283015975,-0.00343684357838542,0.00483665810014538,-0.0026870838730971
-0.015443277583529,-0.0251676125135156,-0.0462247121426363,-0.00465188398651625,-0.00660925220183175,-0.0348053447738456,0.00530689177374895,0.0216819411190623,-0.00820997813504435
-0.0443967330593497,0.0243228323938228,0.00105773585200723,-0.00011401967812618,-0.00145620807615646,-0.0280854576586914,-0.00090416448775907,-0.00138051200926156,0.00238915480884799
-0.0134981423144782,0.0048236792897227,-0.00318340275163604,0.00707668448847469,0.011593934515546,-0.0199618718615987,0.0129210857697902,0.00902792188892942,0.0139634738605414
0.0304012225944176,-0.0284331814320741,-0.0261912230853798,-0.00102857165739434,-0.0050398404249345,0.0321525597040852,-0.0102167243120573,0.0118365227516604,-0.00564611116661429
0.0120022886472137,0.0260908803635127,-0.00799690200882078,0.00919013536867996,0.00298967064744108,0.0101224144287073,0.0156626845176684,0.0246870747276093,0.0181966040767878
0.0294023741100999,0.010740182203693,0.0123462910586332,0.0149479930183652,0.000112119293064226,0.010089813416577,0.00164479336019419,-0.0138758153802666,0.00472931106519164
0.0108034640263592,0.0135548799066524,0.00852087599682644,0.0311977759068069,0.0193340274681037,0.036608227057864,0.00420563581670105,0.0551309724976863,0.0314239181972558
0.0128059046335386,0.00602375408811019,0.00510597129072195,0.0786733309789981,0.0182028390694144,-0.0201693787688532,0.0293971496875124,0.0358714191161407,0.0194351261607344
0.0151758291250474,0.0177871331482036,-0.00715093343731528,-0.0230543624970488,-0.0126223750296751,0.00950194290735564,-0.0401953921525024,-0.0115124421264421,0.00475557447390401
-0.0148348501473722,0.00424459173614293,0.00508103802297244,0.0135617952094956,-0.0162819520408342,-0.0178047416028906,0.0121560245126768,0.0101283112022355,-0.0133556310884938
-0.0159719527475929,-0.0181327367878744,0.00328747125304935,-0.0045070448318085,-0.0178647620555908,-0.0353625929536278,-0.0172042721580101,-0.00620398547600289,-0.0224930828034501
0.00330482411743061,-0.00900005845758484,-0.00211180861180258,-0.00696251435874127,-0.00387400595031347,0.00661582545567586,-0.00075139375514222,-0.00341703352472141,-0.0137899199864851
-0.0739913251092878,-0.0160951887023416,-0.032351014264175,-0.016361103846416,-0.00578731655903251,-0.0591973210101356,-0.00191075720214798,-0.0194765225485757,-0.0196233949094734
0.0203245154825097,-0.014187955555235,0.0048762611810257,0.0147988039745407,0.00465507624845389,0.0176048868978236,0.0158045004560113,-0.00491942590386305,0.0142714091313353
-0.00101780631917152,-0.0225809417424538,0.0100096727780891,0.00132373382920715,-0.0048909517118401,0.00873845774091198,-0.00189806535348671,-0.00138744120063553,-0.0188863534190416
-0.0988470973578493,0.0217805577904993,-0.0605565703226819,-0.051451504366791,-0.00342385492168999,-0.0425676314661109,-0.0176178110282062,-0.0260664382775639,-0.00350911691963208
0.0190949481174754,-0.00645714983467604,-0.0164313467774556,-0.0233897839670859,-0.014877611092125,-0.0221474271489254,-0.0093982749654076,0.0180170330901567,0.00733812148069615
-0.0647443955359466,-0.0425853163584905,-0.0203290447327918,-0.0615041382927268,-0.0065347671311793,-0.121770563597896,-0.00764101903975336,-0.0185418497051664,-0.0204411044324842
-0.0140765086596173,-0.00355893642489853,-0.0107704123930606,0.0159144942340982,0.00483095242532576,0.0244855946284274,0.00929946762216042,-0.0022785745509822,-0.000431262734709459
0.0208409934769513,0.0235728585764813,0.01990544285694,-0.0121005304704259,-0.00413656132055287,-0.00348050695563152,-0.00285137543738961,-0.00416056263397467,0.00645522789649911
0.00761267419965769,-0.00891076724211018,-0.0118045301117281,-0.011507786957452,-0.0156952917164842,-0.0171938249424079,-0.0351496834323509,0.00323251055630956,-0.018958887211922
0.0940078444879204,0.0432145851239571,0.0515478024945917,0.0228032622748221,0.00568097209314246,0.0815045371022997,0.0218497190532841,0.0216862402431029,0.0184919893660059
0.0287837906153508,0.0145269766774692,0.00476575834300983,0.00769717263421746,-0.00850349982135152,0.00546111197991332,0.00141091120439279,0.0250147407469136,0.0059161861564827
0.0664672214042945,0.040669101841795,0.0522956362359668,-0.0138405210493982,0.00919737813868632,0.0403823792057582,0.0166030377164466,0.00267415807456291,0.00886405031705048
-0.0294354688130205,-0.00302717893911058,0.00100737267783681,-0.017252266737387,0.00705168887118104,0.0110811299275006,0.0171825957999087,3.34533454098966e-05,-0.00761592440893582
0.0174851579768918,0.0106364787573103,-0.0204012834618754,-0.0142862348923932,0.00100843951033892,0.00339314088200615,-0.02010580852901,0.0165092526606851,-0.000380819103853075
-0.0496930604622013,0.0072755620502967,0.00188106531083163,0.0120251817676071,0.0107544613075782,-0.0269335127902869,0.00352114366943002,0.018467400916241,-0.0134856901525052
0.0102975455610335,0.00276708896537157,-0.00461567179406709,-0.00845124584952282,0.00144521931529116,0.0115427484786053,0.000671363145091672,0.00742475293807749,-0.00678690648852509
-0.0864865179659628,-0.00280295363666508,-0.0347191143777279,-0.0325266607245754,0.00326634266754947,-0.0789726916710656,0.00132114328914595,-0.0165085591517413,-0.0200932368558417
-0.00565253341149123,-0.00139208585619253,-0.0067810512694677,-0.00979615200249869,-0.0197103777383755,-0.0201080603644164,-0.00357188758706857,0.00269702034188304,-0.0039373790271842
-0.0247116491872504,-0.0360403951682304,-0.013310008267529,-0.0400556594151604,-0.00103153948847911,-0.03171920984296,-0.00858663606529148,-0.0446081917560046,-0.0243688284807833
-0.0596156953381877,0.00293630787599312,-0.0335069437256555,-0.0196109983768438,-0.00663408970479112,-0.0758124475779692,-0.0107472588167531,-0.0117635886532921,-0.00487617722784139
0.0424462040838847,-0.0104687323364927,-0.0207605151749636,0.00341890880729719,-0.0168634488971257,0.0276905655950843,-0.0201581398617812,-0.0179804125670521,-0.0113635604199605
-0.00834717795992784,-0.00158103337189414,-0.0320052863912755,0.0165364021920864,-0.00831270316350788,-0.0198428915460772,0.00100707127046218,-0.00189258977979539,-0.00517639151005789
0.0284232340202364,-0.0232827767230689,-0.00146106167296057,0.0333035033230131,0.00412948450769926,0.0476672555992374,0.0106114903284085,0.00374908063890784,0.0039952431989054
-0.0442189929818879,-0.00476034175135947,-0.012556877191623,-0.0273591993933073,-0.00741275485747193,-0.0427918130117895,-0.0234237031547804,-0.00562074448601553,-0.0099084186060809
-0.0321968894844414,-0.0176233905755549,-0.0330801224714038,-0.00539449298823322,-0.0109805761142318,0.0191635651734068,-0.00380368053573759,-0.0112591712629015,-0.0162806247175409
0.0623198522986518,-0.00697681803999237,0.0123163072950623,0.0226668990503218,0.00915558838428589,0.0676425239129842,-0.00191378037151284,-0.000432028994628092,0.00994702242374502
-0.0667536718390155,-0.0299765726133297,-0.0346376776978433,-0.0364010316708085,0.00628784926545535,-0.0561561185866916,0.0224468419611376,0.00915643943458503,0.0107922842935616
-0.0622318862265512,-0.000518208268588007,0.00275434355099357,-0.0329799809829184,0.0150488749734212,-0.0732861236540666,-0.0293716889088749,-0.0181162217002132,-0.00698442255686716
0.00518493829796188,-0.00933280383546337,-0.0132308015319707,0.00681787191713876,0.00942279944283148,-0.0345820651097704,0.0119770532809138,0.0325212791275022,0.00731269155472365
-0.0104272250713498,-0.0171352060561472,-0.0181752078895315,-0.0240977573687492,-0.00757448902432372,0.00511442449971151,-0.00811291414658999,-0.00440221346477902,-0.012815794936435
-0.0987999310327936,-0.0390355363955011,-0.0239418873154091,0.0207965437514648,-0.0166244904542341,-0.0781772575700578,-0.0314916826218174,0.00526936869193416,-0.0223217883933963
0.00586129288302993,0.0208118830067657,-0.0174055023513564,-0.0208820391184308,0.00821422324267041,-0.00540616512204453,-0.000597520526265432,0.00903822861294714,0.0052046955162922
-0.105863934550767,-0.0631022902920713,-0.0533780283042456,-0.0613352287785895,-0.0153480524656328,-0.103317032597312,-0.0232807902973082,-0.0224421876264571,-0.0167318106279198
0.0177974654953101,-0.00640986783603038,0.00964357139647661,0.0169641271065795,0.000844015062262143,0.0374371955110214,0.00487654265076545,0.00576920407999562,0.00082312815251194
0.00246168926071383,-0.00625202285078286,-0.0408288622188287,-0.0233264805927365,0.00109518402711099,-0.0415142731691763,-0.00881974150783336,0.00396876245427512,-0.00373763189706722
-0.0449390421453984,0.00864309487423152,-0.02896335217634,-0.0418529518353937,-0.00327073392512865,-0.0906187620670813,0.00607586727734858,-0.00997628932062936,-0.0120565630298114
-0.0247786650830961,-0.0109447170754112,0.00739358637842841,0.026437465693267,0.00306628680487638,0.010624431944284,-0.0055244181707328,0.00635077367742865,0.00683055089402096
-0.0236884658475029,0.00927324638620927,0.00917640980266127,0.0243248974621944,0.00365903576526164,0.0163186485569849,0.0168936500505022,0.0111353454933552,0.00463702388868884
0.0522116868144548,0.0157883879167479,0.0123618696736716,0.0307650079673985,0.0146781843599381,0.0386496862051606,0.0280243314700641,0.0241527058361093,0.0217993664401586
-0.0255972676309,-0.0150825827075855,-0.000209261887239432,-0.0190182169230787,0.0019980580088483,-0.00702082412869304,0.00696820510783887,-0.00353109725549525,-0.0173438309343175
0.0236757600788104,0.0171624290348047,0.0210478458418947,0.0106397262155483,-6.75702826951696e-05,0.0201082077918045,0.00800491151208389,0.00158310688611027,0.0118287471475317
0.00500512428031963,0.00302422592175295,0.0116901754824227,-0.0077316344818732,5.30439954715813e-05,0.0237455435351136,-0.00700327649647194,-0.00711822080814313,-0.000848099674975408
0.0217589679595217,0.0129238832452412,-0.00389482804194738,-0.000266634115700397,0.00336540559122971,0.00215424200287396,-0.0148452706629697,0.00345179909328562,-0.000708673079600948
0.0378503991817305,-0.0114987980643684,0.00386445276283927,0.00261236757154511,0.00200840122441075,0.0457893302112485,0.00384641141919983,-0.0227488798408859,-0.00472628955334086
-0.0238146390700247,0.00564620260884245,-0.0109311397568086,-0.0190126737088159,0.00225540865719107,-0.0304348309784023,0.00306435761037204,0.00690187095045131,0.00371483988270504
0.0202432746335881,0.0141855457596637,-0.00333186471910101,0.00226696333881593,0.00928524524561093,0.0155191317138345,-0.0025327621592385,0.00860815433087185,0.013871540513351
-0.0296116918520264,-0.00216838668512939,-0.0293584690905436,0.000393798207305161,-0.00421446582274984,-0.0363236300576983,-0.00215660617862172,0.0205296227213428,-0.00807027570767815
-0.0239314310848183,-0.0128626368857296,-0.00719735202493802,-0.00584666405349551,-0.00581991094601395,-0.0319021985813548,0.00339361053239036,-0.00184357325056544,-0.00646031217541471
-0.0211859535607434,0.0147508699400932,0.00231140516888466,0.0127659747047558,0.00862568995435181,-0.0193043320315581,-0.00278787627581528,-0.0023959418390543,0.00918775579416722
0.0304794997003347,0.0246862917980763,0.0144562791911271,0.0600904415074586,0.0174702906233253,0.0613814966427594,0.0137492570854808,0.0394961812041069,0.00977446980854311
0.0511343567115282,0.0387327306979626,0.0333333305645314,0.0327120071616983,0.00132816479937745,0.0332380350453496,0.00179158854708362,-0.00282452924800894,0.0288502234127454
0.0186783927542884,0.0153917409775255,0.0188910321505182,0.0222176792786031,0.006243147456212,0.0158616514460062,-0.00274124591676476,0.0276340831207859,0.0166021358774371
-0.0284520043722368,-0.00194861888027594,0.017878800723623,-0.0164144634693721,0.00439233781318837,-0.0728781970991599,-0.00220819821267025,-0.0108794765244788,-0.00641808015907259
0.00854781875346007,0.00734513350211657,-0.00556131783958787,0.0246634394329456,0.00408800648463212,-0.00923139818395155,0.0144032420929086,-0.0217502731720633,0.000573098444518571
-0.109572035376226,-0.0375563087688773,-0.029879206807068,-0.0766770511670717,0.00125144463285832,-0.111389807944601,-0.00754126372349112,-0.0221902280293123,-0.0197699719451772
0.0191677372875686,-0.0132415354262448,-0.00115247447500153,-0.00730536088762936,-0.0119639536907618,-0.018397486787989,0.0038977619992945,0.0153676837485532,0.00893939254366712
-0.0135772913355887,-0.0184018402340684,0.00259151349796946,0.0235607501343719,-0.00832151944280864,-0.0273403729729376,-0.00659061329982655,-0.00885405888481272,-0.00958020197119299
-0.00682667235477134,-0.0294825225861035,0.00230834830189475,0.00416675527630635,0.0111605716152632,-0.00256665864852386,-0.00374958803893904,-0.000341832661567193,-0.00476715471151447
0.0188000072438396,-0.00321253798977554,0.0158354698436524,0.00879939182976811,-0.0145026568988373,0.0106400793586924,0.00396867347963523,-0.0118378022724434,0.00190217225166822
-0.0368716928997576,-0.0182426240673809,-0.0092225063300395,0.00133635492246941,0.0208122509151984,0.0390625091876379,0.00730849265106721,0.00998113091540809,-0.00483435798263731
0.0674288427715666,0.0093399818521933,0.0222920466664714,0.014721888385548,0.004476215787475,0.0488493490711733,-0.0102160780687422,0.0194231166235482,0.0124032330223298
-0.0483543191948108,-0.0365282410341728,-0.00452543927718647,-0.0137336404713312,-0.000142653083245032,-0.0528101268314059,-0.0207669679146213,-0.0133680906770079,-0.00212767133200572
0.0548435485777823,0.0302159575549941,0.0263901900089683,0.0358562459959376,0.0066467614494409,0.042158618378539,0.0134946894056708,0.0228576593231554,-0.00287540931693781
-0.0334479028814535,-0.0118402063762723,-0.00715754351187554,-0.0271771935215956,0.00746247877822619,-0.0837070089258603,0.0101835322318478,0.00678270259584899,0.00357775449238903
0.00711122947818946,0.00864529010216463,-0.00534177166798899,0.0444484546199228,0.0171771940289567,0.0291914348992294,0.0165258620770334,0.0132283037439398,0.0298208752059221
-0.0668041545516512,-0.0197900952096815,-0.00170142907556964,-0.0146797112853919,-0.00566492486711298,-0.0540893814542621,-0.0172451244160165,-0.025165219935216,-0.0225079548524854
0.0476014246274588,0.0203908202653633,0.0124333050361327,0.0198092370173418,0.00324878066513669,-0.00478754595871437,0.00760633129674995,0.023406218301944,0.00930131550892178
-0.0267412064284531,-0.0124995944026431,-0.0146410418247233,-0.0201261477768451,0.00463478801320706,-0.0365156455538262,0.0142427124285027,0.00826827294666112,0.0149591412369911
0.0200644505564446,0.0345482232277322,0.0196046392042282,-0.016621901769936,-0.00393124843931146,-0.0236097441455414,0.0200704157913617,0.0219202742011633,0.000799800132919855
-0.0166632063962581,-0.0178154472316991,-0.00858409652001996,0.0109079999429592,-0.00525073489676988,-0.00866537707937936,-0.0126145552948662,-0.0113319749029622,-0.00692043766242698
0.099208517553536,0.0280746156101349,0.0324694809226014,0.0193285605847076,0.00610840630141794,0.0888116227993404,-0.00283516550589901,-0.0107202191604089,0.014671246304031
-0.0665994284163498,-0.0403892733977584,-0.0255683356106222,-0.0568716245247404,-0.00406788110036295,-0.0497998849715521,-0.00923216382630968,-0.0233163796615212,-0.0349590111186411
0.025562581580473,-0.000607418644645449,-0.00247893173034485,0.0113489241374706,-0.00904219331872081,-0.00393930380717058,0.0124712474132589,0.00701598585092876,-0.00555219937885942
0.111825918330349,0.0574187534789578,0.0389401280561337,0.0371042685324452,0.0283455740325815,0.0624395374776337,0.0263671936919761,0.0364879273267297,0.0388824709537015
0.0779684211764186,0.0125953942299822,0.0239676998325309,0.0305965833820909,0.0160560473837078,0.0720345068867212,0.0209520210859395,0.00603526724034734,0.0271347828689054
0.0342388476614329,-0.00773427431574096,-0.00746626550223717,-0.00859541624816702,0.00159963101475916,0.00282068688558964,-0.00318801630820424,0.00212969543788869,0.000620618224740752
-0.159080390769539,-0.0676973703849441,-0.046960492517117,-0.0925123088335349,-0.00871766016962217,-0.153860113092199,0.0040302660995503,-0.0599307305175492,-0.0258351900607891
0.109849323595771,0.0305345048888243,0.0373279777532585,0.0300753452037617,0.0188441588783629,0.0544054858256806,0.0316438334582507,0.0330594579305604,0.0355717176794906
-0.00932969235784868,-0.00221134436140543,-0.00548611775260365,0.00537898659883263,0.000307587867906732,0.000666807944183302,0.00378141624973841,-0.0140092293462668,-0.00308901914017827
0.0578207272464928,0.0465338316715576,0.0187500249014005,-0.00611652447280549,-0.0071694946322033,0.0310832110024001,0.00305492670394029,-0.0030637443452749,-0.00979677791868574
-0.0121792440775274,-0.0105953710564342,-0.00119980294370984,-0.0260297635934025,0.00701796475160439,-0.0421292146584136,0.00399123745877151,-4.43366028159572e-05,0.0112214875086021
-0.0297664903402274,-0.00231967421990542,-0.0295073017232914,0.00276946671984708,-0.0144812962781807,-0.0177109453324626,-0.00658739645537749,0.00130883751074674,-0.00968067638450311
-0.00153668277099688,-0.00829567723967483,0.00489163175989929,0.00935427798442436,-0.00514086430130756,0.000538909326562535,0.00179751945605105,-0.000399704640515521,-0.00693223998084241
0.0122439049294263,-0.0037682610663798,0.00638689083519816,-0.0160292319262961,0.00493642738302115,0.00268893876823799,-0.0068773268142342,0.0064029370737012,0.00859101222167876
0.0824740324864943,0.0313709320596854,0.0526986877366896,0.0270405458490414,0.000104853029236182,0.0398387462234342,0.00639542492109353,0.032130609940899,0.0111952410096218
-0.0769607167496074,-0.0316270413963019,-0.00487558876433556,-0.00355479529371847,0.00323038040694198,-0.0421290407960795,-0.00358343969106998,0.00537304411288505,-0.00692792591265033
0.00622145886725775,0.00640300891477358,-0.0027279696410304,-0.0330344308008913,-0.00576789541612915,-0.00597309195584167,-0.00885291263046555,-0.00747000738133953,-0.014661137424741
-0.0493333151580953,-0.0349809917374853,-0.0412077449551114,-0.0199049586696687,0.00124655344455867,-0.0171560937177911,0.0277077219520846,-0.0213469313046941,0.0171393689265156
-0.0189318416895221,-0.0164374026726796,-0.00814257590846069,-0.0104400520886312,-0.00518943502289414,-0.0554295151240664,-0.0146767544918976,-0.0150510893540739,-0.00570212005139356
-0.0200273916192279,-0.0279979745982266,-0.00191149862193184,-0.00322494016921314,-0.0208413644985087,-0.035834726899722,-0.0347063031038246,-0.0341980122153036,-0.0275543117068836
-0.0567554153903703,-0.0346504263986879,-0.027524033335777,0.037095485056331,-0.00368148229812607,-0.0401025726221248,-0.0169068299127999,0.00500290462772886,-0.0172164722708324
0.0663694847795335,0.0315265094445724,0.010804680532374,0.0123600724282235,-0.0208279786838216,0.0435289195269486,0.0047378043219471,0.015631790619913,-0.00981466725253822
0.0765052976742977,0.0443025590601484,0.0241157389211974,0.0319925983916065,0.0199110533028389,0.0270600712256045,0.0418441530611083,0.0261778165229366,0.0482942323599837
0.00589753500104848,0.0230152938826027,0.00504032037535265,-0.0147967920337186,0.00745881106206223,-0.0256955790743059,0.00302974213415356,0.0112011019154225,0.00615829752607166
0.0152556227567678,0.0046971717080673,0.0199675454259228,0.0156372884262783,-0.00788692418697796,-0.0103436813875011,-0.00677277078753384,-0.00689982444040538,0.00864903047536858
-0.0764138177258498,-0.0263863183491567,-0.0174067171027107,-0.0480022475359916,0.0014859993324457,-0.0776986602990132,-0.00740604043326725,-0.0166228891396127,-0.00974019157773892
-0.00822293835530988,-0.0217418213110099,-0.00293728858862958,-0.0166037040551798,0.013448522719236,0.0207953129236105,-0.00115909325001279,-0.0203826360978728,-0.000279505435035329
-0.0343553889725187,0.0146384222264249,-0.0326738168163783,-0.0075538534672523,0.00229064242844544,-0.0535810474259757,0.000117929234390222,0.000819250405940131,-0.0149422288883079
-0.0445049544614664,-0.0329020610219795,0.0177041522488712,-0.0142368123827197,-0.0161806665193006,-0.0194447413595288,-0.036219043222312,-0.0356944397363855,-0.00894490021451983
-0.00931607595613416,0.00717519481144952,0.0280784632547067,0.0153034359244472,0.00316571407444269,-0.00294060498666219,-0.00108772522180124,-0.000988857037134031,0.000198677009293973
-0.0607801224972886,0.0201291570875842,-0.0340764890378522,-0.0292061391550344,0.00067312043876756,-0.0417577030726181,0.000223532926739384,-0.00970607178557514,-0.014031946782861
0.0914240392473137,0.048862048878655,0.0278804275645505,0.0245186142088216,0.0179985083164952,0.073835934635232,0.00378121358566923,0.0302361301393862,0.0316869098846382
0.0286762740944014,0.0198744411618928,0.0175217579025279,-0.0200920927686437,0.0107252468361634,-0.0340102537406475,0.00379266030823645,0.0172113930698876,0.0170780084285891
0.0571610403788145,0.0401875914894701,0.050866991708401,-0.00108063580997422,-0.0221146904723562,-0.000914082078629831,-0.014041823547052,-0.00199853172363124,0.00290590356040967
0.0198255478902786,0.012351440449874,0.0394984598124224,0.0254555627593395,0.00982260247880456,0.0130957638583332,-0.00583803058363448,0.00204874426480598,-0.00738660916096155
-0.0300475543901453,0.00848986238200727,-0.0244925870283411,0.00784221103574639,0.00569823183634649,-0.0722193895368143,-0.00325818032355194,0.000737343630991118,1.82706979064025e-05
0.0238313883782868,-0.00901440171657303,0.00363180067126527,0.0327751103737405,0.0159718518532021,0.0304949451539657,0.0282139837538503,0.0415240687636309,0.0280072097821367
-0.0321776468330387,-0.0163090084009248,-0.018557201956714,-0.0142659513018093,0.00528015650571487,-0.030219259504758,-0.00493363766308424,-0.0319861246580293,0.000101635144652525
-0.0986905617038173,-0.0610117037885575,-0.0243510139745493,-0.0348124181519344,0.000161326816189945,-0.0125089060501257,-0.0118257868297856,-0.00529981667424689,-0.0250686222420974
-0.0134861184035435,0.0141549117768383,0.0079406139387456,-0.012497923148528,0.000914085261465521,-0.0248922764206615,0.00109516832228077,0.0118632939428981,0.00535492206200277
0.00748893240806458,-0.0117702880495381,-0.00435514181370317,-0.0326395934462992,-0.0260833957755572,-0.0317736059963037,-0.016954636496553,-0.0323693729208452,-0.0522953439400312
-0.0498054058155193,-0.00107624454440005,-0.0134521896218084,-0.0289558429266972,0.00740232107954465,-0.0343661896698325,-0.00918802493269828,-0.00692818270598154,-0.00898221176973379
0.0254108435702369,0.0271960697504537,-0.000400636932883066,-0.0169229919921316,0.0147826413295856,0.00688208230638884,0.00706629876097687,0.00969732208951399,0.0113964010105984
0.00191457835878658,0.0185147152933273,-0.0121716386893674,0.0505284784685587,0.0185103915113441,-0.00286460078425487,0.0262619443201067,0.00595562687191867,0.0372830070814352
-0.0690620337822953,-0.0204979407016954,-0.0160676804760602,0.00186584492876764,-0.0202692233418636,-0.0301890538443385,-0.0217838321001616,-0.0116341744668069,-0.0105159121708042
0.00379586096807369,-0.00327418049240499,0.0020318259988196,0.0163456713979006,-0.0146151199295335,0.0138199075284571,0.000938872573773936,0.0212345199937674,0.00424919355449218
0.0511344932096174,-0.00965572512343953,0.00435879520943398,-0.00253414164557228,0.000746891899794797,0.0212879948409199,-0.00630439061481832,0.0169541379542022,-0.000851686844857079
-0.066778542194007,-0.0752291995223309,-0.0378692841080346,0.0138106898986118,0.00409522230540199,-0.0552352573552158,-0.000356599473262088,-0.011270003488128,0.00481488712776269
-0.0303842325792871,-0.00283160641092024,-0.0217291438057277,-0.0039658093078672,-0.000180810058260848,-0.00410930333995066,-0.00247375903269428,-0.00989299202022925,0.00271150385087256
0.0386473490413251,0.0056542793224643,-0.0075152082158212,-0.00572569934738055,0.00454677355997926,0.0271814104858498,0.0207373730394243,0.0114581146996759,0.00206971373553129
-0.096199034161513,-0.0551566377047822,-0.0270970399398068,-0.052629660424224,-0.0211028727405182,-0.0617550695725382,-0.0534377996026494,-0.0112282646883769,-0.0238825252753916
0.0340975594952077,0.0113283939849087,0.0181944287519022,0.0275991818016536,-0.00495221257516084,0.000674992866041535,0.00260423006737234,0.0143606456499736,-0.00460591782026818
0.0384149080695123,0.0368437668009173,0.0106710707142034,0.0197987417646933,0.00282024203840599,0.0307180637075795,-0.000498840791172183,0.035822005532258,0.0174983619151908
0.0523941021402713,-0.0146863714137632,0.00361278513021141,0.0177151838913164,0.00237909097291555,0.0356558387414154,0.00332942231378536,0.000112275500379824,0.0129017571473839
0.00581843959240733,0.0135085501187121,0.0125611665354922,0.0357156717003723,-0.000892253447084417,0.0287054284982571,-0.00690451954212194,0.00886137899682925,0.00543562469783783
-0.00532634939700181,0.00996506976830428,-0.00582216110860139,-0.0108463552462729,-0.00199894734947597,0.00729071000036322,-0.00545920810833358,-0.0187576512617902,-0.0233914525919236
0.0482192904020027,0.0339797906716748,0.0212452730729123,0.0385995350781676,0.00831433085280487,0.0670140535561004,-0.0068068419077021,0.00354521394171213,0.0129340210388458
0.0420646966606965,-0.011255627793272,-0.00181147900914435,0.00050727662695444,0.00123951590651039,0.0594436367209462,-0.0138264811239841,-0.027421874065438,-0.0122760129332404
-0.0175453659912469,-0.0193395693350242,-0.022396494990369,-0.033185404083919,-0.00674785788681563,-0.0402356934832909,-0.00503472474066395,-0.0122819005166821,-0.0116730826530845
0.0244108048123648,0.00910732327359331,0.0505125699709619,0.0519662532981053,-1.36826297634412e-05,0.0296345361530876,-0.00820361405655386,-0.000320778697527834,0.00860988827373911
-0.0326845613773621,-0.0470232768891684,-0.0222937925801958,-0.0279105633225997,-0.0103259042192021,-0.0593262291720511,-0.0245639083234568,-0.0210310925716176,-0.010130151660675
0.03883278960558,-0.0122652586760624,-0.00846535800554083,0.0207253733622832,0.00969270754825135,0.0354772195017777,0.00147323213144675,0.013997148458219,0.00672934703868269
-0.0341044871944029,0.00324685672811305,-0.0129667923052503,0.00291379330036146,-0.00673179263629698,-0.049684385445028,-0.0160210932337101,0.0050327164371462,0.00600986453429115
-0.0214079220483136,0.0143448739322949,-0.010914445631905,0.0232332339662045,-0.0114363053434741,0.0167740617316127,0.00272873779799547,0.0222864409383546,-0.0118957619568065
-0.0657390026235124,-0.0272565414358444,-0.0239550158649693,-0.0405821074794373,-0.00670365686773564,-0.0557678819157219,-0.00219090615142895,-0.0228837053742671,-0.00593962536655279
0.0548959074739495,0.0178628588123315,0.012994653003454,-0.0220721328995663,0.0112205419565209,0.0657346022594003,0.0142889978897318,-0.00141668376909876,-0.000118021354943399
-0.0577327331607007,-0.00820633930820483,-0.0141335776772616,0.00578182827635468,0.0104007037204899,-0.040236417993214,0.00636192149683548,-0.00707675056922563,0.00737828689322419
0.0148889214148022,0.0126275345088638,-0.00325414436578349,0.0251964620126284,0.00150838128495656,-0.0468983540546029,0.0190165959895436,0.0255205957486099,0.0134768526481021
0.0781313380709133,0.0517052085990218,0.0246970939299751,0.0142671892861734,0.0011849996858368,0.0659260931162629,0.00385692029369324,0.004986625637696,0.0211726820098325
0.0209378911922857,0.00829801545830275,-0.0171287566041343,0.0346670335946946,-0.0083522819865797,0.043644027764323,0.00710374484154612,0.0046670848649741,0.0112405444904068
0.00891187864695278,0.00833503244493944,0.0037569272123913,-0.000801645641031914,-0.00706181027508916,-0.0241911678028291,-0.0176981611497085,0.014381907403788,0.00413634766678137
-0.0613028412167654,-0.0493587430713656,-0.0411359033267148,-0.0559706773673329,0.00319289357648738,-0.0723364059951145,0.0107729426305341,-0.0348100744031229,-0.0194586782653818
-0.00188135150247155,-0.020035690961542,0.00638769148332989,-0.00136712744332624,-0.0100215424971984,0.00247044693535675,0.00368864838733114,0.0112523342402215,-0.019345253948355
0.0205345167266317,0.00312303743081458,-0.007696266267716,0.0424503566413425,0.0127286385322574,0.0357220582358743,0.0243160286151498,0.0203629403981886,0.0162466058506606
-0.0609421726740933,-0.0229621025153732,-0.0307014814740885,-0.0377433050837861,-0.0134886132503429,-0.0637643867805342,0.0174205089181892,-0.0437315959315027,-0.0421120673669721
0.0338057145597138,-0.0216416601622923,-0.0176587718425492,0.0175110496651779,0.0011532322345773,0.0301041120109869,0.0152976537626812,-0.00857962737327405,-0.00450348058591949
0.0426155643554329,0.0049749048865562,0.0257444636420778,0.0475708442701706,-0.00197073389996196,0.0853243699821168,0.0345818713244579,0.00890712751988473,0.0341392802923255
0.0505174279155436,-0.00928156428488648,0.00226906469880051,0.0265465064750968,0.0253797307590066,-0.023971525710947,0.0182827143961265,0.0177242113410636,-0.00268371780388882
0.0605894385368578,0.0248482434177799,0.0142586967780593,0.0147582943008266,-0.000927086948191432,0.0154407582854016,0.0158649689532098,0.0160645772161134,0.00162423689439013
0.014740581719526,-0.00563111779328719,0.014513917897542,0.0154997110315971,0.0011706303046983,0.0479480792286855,0.0103478419366426,0.000635209854330497,0.00986565213148985
-0.0110792233461501,0.011034346075804,0.00207646474742713,0.00859275618433522,2.89795283209996e-05,-0.00509377042264191,0.00560842423090018,0.00191238175368858,0.00596166429422738
-0.0337508223160606,-0.0351464775030394,-0.0504952324147038,-0.0128968517840023,-0.00876240694159923,-0.0443237558165808,-0.0210872085582709,-0.00546629932497137,-0.00816254632538888
-0.0257047226707836,0.000406994318437419,-0.000149042841758379,-0.0278366114653546,-0.0110909037568577,-0.0140302115832687,-0.0133334851242068,-0.00699375437528235,-0.00577042623218644
-0.0446889704495655,-0.0246508636893576,-0.0204847009275695,-0.0274370497178151,0.00937266750005727,-0.00419066413793254,0.00149969232261243,0.00154880962493515,0.00410690656965696
-0.0169125997427218,0.0156714189205219,0.0114315019334848,-0.0126236363250565,-0.00907592012963591,-0.0105123410013898,-0.00908049069642637,0.0073151682622427,0.00381679346509492
0.0400985301003868,0.00693091015437678,-0.0106123768325996,-0.00940878924090822,0.0129890169530301,-0.022039561566099,0.00929328296839851,0.033897203491215,0.0236661286904434
0.101286112382511,0.0334740627343415,0.0184891683745455,-0.0259383737009014,-0.00920062733996498,0.00311055702056114,-0.0209437016326958,-0.00206574771410257,-0.0106945507489
-0.00299413755756552,-0.00924641575175222,-0.00543158339183258,0.00488126120739512,-0.00605384452117128,-0.017427626447699,-0.0232666193862138,-0.014644237102445,0.00728629721728055
0.0615099808288694,0.0358932770593383,0.0453294894987618,0.00623638192085836,-0.00372760864804391,0.0331195495445401,-0.0180932676670446,-0.0163320551614582,-0.0139322218401795
-0.0228579764460148,0.0193257094440385,-0.0105870502292841,-0.0118352342744349,0.00255490382467875,-0.0213679162203861,-0.0042977874960439,0.0126583214735619,0.00074050682740829
-0.0382144079680408,-0.0244420987595421,-0.0201557979475456,-0.006082491763179,0.00675491876880585,-0.0297906795202738,0.00361450067555314,-0.0115659131946089,0.00598803461887375
0.0518522461784216,-0.00897569590079533,-0.00559612640545778,0.000528736037161095,0.00992495761213556,0.0450242373112146,0.0160504059576823,0.0073424415056145,0.00645803417739137
0.12733485792811,0.0229423125506546,0.0271494098091067,0.0326097354981515,0.0113600223350686,0.068224505871751,0.0182773833624755,0.0233780970316349,0.0190737753928283
0.0120187229622251,-0.0268226311996402,0.000233196341239482,0.0126533774201706,-0.0101889561224678,-0.0215736722128334,-0.00231455119118621,-0.0283371003016272,-0.00974526264221559
0.00747477916499245,-0.0412166791561392,-0.0160271386067717,0.00195847416669693,-0.00109831766802897,-0.00180529149389936,-0.00540787871915658,-0.00793318277657732,-0.00872201334215181
0.0184807038379273,-0.0115022017240169,-0.0234810136134097,0.0250133651970088,-0.00111529665788189,0.0238473188712819,-0.00300909959144622,0.00790733801656266,0.0164581388801542
0.0147719525041617,0.0115338199423954,0.0165729995892391,0.0237553553759274,0.00543346293623063,-0.0274940155755613,-0.00438658800238957,0.0134032546641046,0.00555521162823653
0.0168495136077123,0.0104409858921958,0.0046347257962988,0.00578303097232313,-0.00436327963484746,0.0184032285847045,-0.0190248553106203,0.0206544368392191,0.0162665558923317
-0.0301112546705227,-0.0371538079605296,-0.0174052869080993,-0.0277985547569776,-0.00316484190917934,-0.0432360159042199,-0.00326071781749482,-0.00660654851974665,-0.00779188696028247
-0.0182579997057043,-0.00389315370031702,-0.0237876284905183,-0.0223914379955213,-0.00901199110974236,-0.05245579189492,-0.000871204424658933,0.0044929671998413,-0.0113693200787398
0.012268446521373,0.0133268020555034,-0.0040279206582982,-0.00901427646546854,0.0155137372636209,0.0086709780546827,0.0147007392758098,0.0114232146858806,0.0200928571537012
0.0765670527730355,0.00432448692831237,0.0169697943592557,0.0175237290541544,0.00925966601282901,-0.00915169488270942,0.00102144684444976,0.00332121843392313,-0.00157276921350902
-0.0678823311731893,-0.0358935466525834,-0.036157233381427,-0.018572350021865,-0.00651910783268484,-0.0630302736377297,-0.0228825796068497,-0.0101145812702506,-0.0177981405123965
0.0762925737580611,0.0428907959619151,0.0389053080570809,0.109789995356536,0.00998998537464026,0.0343394842794239,0.00377404293550436,0.0314734303070174,0.0376775406785491
-0.0455293439073594,-0.0109397792394593,-0.0176127839707803,-0.0217273415647385,0.00424029438793909,-0.0420160064274566,0.000895321148576013,0.00631411605496385,0.00671624252161275
-0.0159713356601768,0.00740276403506757,-0.01104053549172,-0.0219343805359554,0.00278462304838996,-0.0284363740988039,-0.00808887196803826,0.000685992882155811,0.0107651652535658
0.0565063448887582,0.00771200306235681,0.00706265639685262,0.0178035180885229,-0.00768882837650986,0.0256773738343014,-0.000508077026285145,0.020244031677644,-0.000367812570095572
-0.0353005812379976,-0.0120134695616198,-0.0148065557027144,-0.029147914823629,7.07738330314911e-05,-0.0386599833737291,-0.0145269775516695,0.0165907690316823,0.0160273805331599
0.0284999391619645,-0.031315230209014,-0.0136938595645813,0.00535120800532198,-0.00274280963131606,-0.0590793524430834,0.00392089527018293,-0.0105547257494402,0.00276011769043178
-0.055496040005586,-0.0246287699392189,-0.0171597658458161,-0.0370591354012364,-0.00790948973902016,-0.0354807189752103,3.33650213378044e-05,-0.0299161086547661,-0.0141914466633057
0.0259992344760509,0.0139545393837901,0.0247582934264044,0.0340406356334494,0.00397262208389159,0.0450197869633133,-0.0184887366737119,0.00960665065736914,0.00949418961848457
0.00565240779154685,0.00788226739997611,0.0077138846163255,0.0076409761953572,0.00882323182289602,-0.00508891655864383,-0.00305209278020336,0.00451367785560757,-0.00370009849465404
-0.0157769969370464,-0.00989956416359465,-0.0088457778980765,0.0294179951236306,-0.00420111869561792,0.0294312382106312,-0.00814619407645971,0.00191844922824483,-0.0083789604501486
7.21631918744643e-05,-0.00476942603597692,0.00334356045746526,0.0134153551529868,0.006265131056266,0.0120639482262793,-0.00229973229500526,0.0104494463267234,0.017940357092477
-0.0464185525681938,-0.011111635635376,-0.0171635134825511,-0.0346347440878451,0.000711902265580201,-0.0454638511694888,0.00765258706096778,-0.0098168286834261,-0.00917650051075061
0.0176085735993439,0.00255406796403678,0.00244194491978532,0.0034111708182243,-0.00970099807842525,0.00400505367173522,-0.0103013271789161,0.0026858499545969,-0.0221922850418075
0.0198451181888454,0.00899334243504072,-0.0148228608963922,0.00418453201720845,0.0110756708368211,-0.0115163051286721,0.0212645438192423,0.0118118741552999,0.00661924605851187
-0.0788693647725165,-0.0138841504307477,-0.0126151590049638,-0.0392064102744417,0.00292231257394037,-0.0482859720270258,-0.00717441669509935,-0.000868050964785215,0.000381796317466405
-0.0256071590104778,0.00464030055948625,-0.00191594687064616,0.0054588594108671,0.00128007382620356,-0.0157843010005432,4.86684127065e-05,-0.00213552641157027,0.000992124943548007
-0.0084960040547321,0.00698668238041513,0.0172128825271596,-0.0117251902945472,0.00533088593212238,0.0196528882619867,0.00295594961467605,-0.026939718529451,0.0026347045716899
-0.0603055985804204,-0.0421668001112391,-0.0200679543104299,-0.0167819010010988,-0.00877927260286887,-0.0229005871765724,-0.0124162159257244,-0.0247297706761995,-0.0303191588098921
0.0694845179438493,0.0335690821387197,0.0287108448789859,0.0420427939285539,0.00434958976355692,0.0895934341130257,-0.00191409407081714,0.0199337729046796,0.00500581785919737
-0.026722478904541,0.00730026876550652,-0.0191502104906441,0.00485306682062717,0.0104822337456302,0.00524236715352917,-0.00574050062478671,-0.00430967839830048,0.00168191782278591
0.127778797995736,0.0485409291495078,0.0445489210757379,0.0147371219133183,0.00802792988691118,0.0453780291673858,-0.000483178246972389,0.00629602383815438,0.00515867101673824
0.01519432462936,0.041838198899379,0.0171724862577497,0.0287874748199118,-0.0148171699856033,-0.0217521480078965,0.000134643717910632,0.00864637947037605,-0.00927099126792222
-0.00601085092238058,0.019332097682474,-0.00149174566010521,0.0214033252017966,-0.00412536768050628,-0.0243833872923119,0.013440805786381,0.0072933168413217,-0.0143127491636799
0.0360436993788058,-0.00964332287305859,0.0149061248429014,-0.0057921369406375,0.0136447140903662,0.019468070964934,0.019700954050276,0.0131088101222189,0.0230784538233808
-0.0716990966818817,-0.0226020027358513,-0.0397758596229632,-0.034444991830735,-0.0110183827790803,-0.0847781365912149,-0.00920409348229964,-0.0200469563436455,0.0014200576711151
0.0137525746710525,0.00576085438138509,0.00477093107699622,0.0324326448972083,0.00247314834299515,-0.0113119439059572,0.0110904042497593,0.0236473350063198,0.000942076660383671
0.0140048217520887,0.00589805653955915,0.011151980352858,0.050373289798634,-0.00114816943850096,-0.00314945745280983,0.011391232837475,0.0240587463389057,0.00694372009364012
-0.0529899389412392,-0.0171930383794589,0.00443235556195383,-0.0190198459629693,-0.0304568952982894,-0.0549812602367139,-0.00986631908435662,-0.0468701527524206,-0.0274757144808208
-0.0483476735287363,-0.0166184977223114,-0.0137316040429373,-0.0203656600502987,-0.01664072211583,-0.000879303564175212,-0.00815361908550516,-0.0111725145099104,-0.0231421478086098
0.105212997290456,0.0184015916140879,0.0265575153705362,0.0893059386288637,0.0122136694942863,0.106405920547167,0.00592977283744972,0.0356022176440999,0.0176420939564859
-0.0344641835257965,-0.0267334435758727,-0.0304802588142621,-0.0455552090470673,-0.0133719920950301,-0.0176003298303789,-0.024391391078487,-0.0227169820424553,-0.0283349409809938
-0.0322442538743377,-0.00799415205749575,0.00384044541543931,-0.0125719402988355,-0.00403343537594102,-0.0276767453386857,-0.00662758650637968,-0.00139049812009063,0.00405324621390626
-0.0732259787055504,-0.0093273542651446,-0.0120782126535597,0.0211193088213402,-0.00186677359463774,-0.0720439317336008,0.000197279544873853,-0.0082759518827965,-0.00491169690600254
0.0581625212906384,0.0307773073222999,0.0162170002507303,0.070654603180055,0.0193503083445445,-0.0161854047791457,0.0256853997046495,0.0303456659470358,0.0339355171177594
-0.0119352338047569,-0.0191732884678349,-0.0252470297197314,-0.00143285028900385,-0.000323338655294554,-0.00290495259806347,-0.00365521040164172,0.0056763236256184,0.011151426675239
0.062756659601798,0.0223504150914442,0.0101734794853751,0.0107265574649444,0.0155349044906044,0.035016579256992,0.031432017167605,0.0270625512734512,0.0218531102438411
0.0433781990228889,0.027939006320998,0.0389150622750374,0.0529547519394773,0.0109899745289399,0.0942267668516552,-0.000100127178565625,0.00174067741192938,0.0191325608016809
-0.11911440932757,-0.0886748188067796,-0.0213575892435468,-0.0526381456326875,-0.0162663756592419,-0.0758393929042768,-0.0153524776810607,-0.0465713653358004,-0.0440205295064868
0.00484631142316383,0.0266344147491258,0.021393956658461,0.049216136875001,0.0137949097045908,0.0185633676606767,0.0137099663492159,0.0257114447978943,0.027810345312126
-0.0346667782513318,-0.0449269375624247,-0.00636328929018711,-0.00485716353155623,-0.00965117743634967,-0.0383128928213009,-0.00268900911257119,-0.0124159293547131,-0.0105919567028697
-0.0117569741810666,-0.000423216181856648,-0.0178200405277864,0.0257263431839346,0.0114110107657888,-0.0217447636334932,0.00872130255976106,-0.0041721619110946,-0.00906418439814736
-0.0343757254646492,0.00530091120434523,-0.00651405004915988,-0.0090592793182441,0.00421565242462392,-0.0254565349378404,-0.0177657425900938,0.00336400357061287,0.00449754899320847
-0.0261801742943871,-0.00531050278754013,-0.00992575039331331,0.0110994350436758,0.00744277699888314,0.00253385085808411,-0.00363185567556633,0.00501992644445861,0.0124194149241083
0.00287119730210754,0.0018636921616058,0.0156824062120178,-0.00926180270036302,-0.00745238579966361,0.00660555214212552,-0.00757176411481822,-0.000237842647120181,-0.00543683948263322
-0.068356453087487,-0.013816625344859,-0.0410635721717248,-0.0378967303082149,-0.0137778058252932,-0.0170995539262616,-0.00537024160635979,-0.0328129628822994,-0.0097784475768701
-0.0358153838700604,-0.0174300969358484,-0.00938864102258903,-0.0194785968332622,0.0108099463005578,-0.0343860038051024,-0.00920783123920924,-0.0211907230992712,0.000907155571404595
0.050612639129818,0.0330866416626897,0.0365888860980754,0.0283596761133577,-0.00108630366531823,0.0178010153334353,-0.00423715025887119,-0.00490702445789136,-0.00330702515596514
-0.0212815054590073,0.00725059253640026,-0.0192095406299988,-0.0261811988611412,-0.00252121899011998,0.00723859836075052,-0.0104872866306693,-0.0245313832319507,-0.0224661188014258
0.0269057448163649,0.0130312454311368,0.011666444883652,-0.0117293458579511,0.013100324252008,0.0147966566336379,0.00448482539163352,0.00505068240662068,0.0196777300777158
-0.00177433950257128,0.0117479617870277,0.0101047847357412,-0.00646538299591547,-0.0269827871953046,0.0178262755117297,-0.00917930474795442,0.000554835791138669,-0.00594985119061597
-0.015373218563287,-0.0106332389989917,-0.00609436084884448,-0.00236635283382296,-0.0209890749643826,-0.0510672160351548,-0.0128832242813877,0.00270335849342635,-0.0379484343256424
-0.0413864059859296,-0.0230007538626658,-0.00641109453444404,-0.0186430645884761,-0.021081716140777,-0.0940916079883737,-0.00935022156021108,-0.00712705971929534,-0.0273548256269972
0.0591696591375817,0.0406375104296037,0.0406300303012682,0.0231125956952195,0.0256173735532459,0.0523011651322837,0.00854516861576321,0.0253563747869236,0.0317619291573447
0.0462552694409085,0.0243744710590066,0.013728940221415,-0.00649269712382754,-0.0187271536199675,-0.00808316046686729,-0.0131363567161393,-0.0280499051422951,-0.015270407220552
-0.149455781029532,-0.0418875242495482,-0.0574905689899447,-0.0780072210859172,0.000391216511835708,-0.112629022349596,-0.000812819087857266,-0.0132039829246576,-0.00831601156449092
-0.0139247032792472,0.00669074416458612,-0.017834997899578,-0.00439502807076138,0.00295777289366117,-0.025801773283315,0.0108710797024329,0.0171014933940072,0.00448774566887942
-0.0637992282545946,-0.00683017416247443,-0.0227854315285108,-0.0330249157722533,-0.0102513763519401,-0.0915110076357805,-0.0150168201542287,-0.00913832764536307,-0.00314985382804404
0.0121114525873733,-0.0424640151974374,-0.0339182378557032,0.0185187896438572,9.84234515039539e-05,-0.0139020204191252,0.021438253871263,0.0040360208480597,0.00390001184648519
-0.0211311672779366,-0.0174674494299605,-0.0313114834090178,0.00551865142079686,-0.00565753745524532,0.00228766639329516,-0.0163039060572188,-0.0117724566166454,-0.0143116748390591
-0.0358381838718776,-0.037298570997588,-0.0380522406468628,-0.00808661835367213,-0.0103070690996119,-0.00160071536566729,-0.0146826378600024,-0.00740861583715221,-0.00795644480452668
0.0101141285055846,0.0339372860558536,0.0431041710867663,0.0206306361149371,0.0022645223925602,0.0178637132712229,-0.0124010708740572,-0.00162125636528981,0.0211877295813903
-0.0717933940849864,-0.0401789846634154,-0.0546168449092629,-0.0541208542200284,-0.00328429241241254,-0.0616509904358609,2.78570665203869e-06,-0.0275273687331243,-0.000334552571377518
-0.0220310029654218,-0.0175970649355215,-0.00967288679815701,-0.0204269853634341,-0.000127789511254803,-0.0368912287249215,0.0127147722447794,0.00525877289771157,0.00437596531460008
0.068321798623806,-0.0227345600168667,0.0162741192868156,0.0169358547830973,0.00782356708885042,0.0949883941951594,0.00542563544596044,0.0119237151567099,-8.35455937207999e-05
0.0252814467578139,-0.0150988906717368,-0.0156527666805636,-0.0287794940188542,0.014524325148065,-0.00377930169108575,0.00399915316723177,0.0252385246438602,0.013899868064241
0.035609533427185,0.0224327844623754,0.0185883606652191,0.0414487577542666,0.00343550092960742,0.00876314995467621,0.001177007552481,0.00745275253369313,0.00122178848005415
-0.0864115715083354,-0.0361811852845448,-0.0397382074612887,-0.0377654547544664,-0.0124734661457821,-0.0777590138144221,-0.0141361062496104,-0.0195555758893698,-0.0177735063638044
-0.00137866658549949,0.00603836770694002,-0.00757050279232527,0.0215785815076747,0.0132020930487146,-0.00644893442345921,0.00466018874042354,-0.00132540663363383,0.010786745668924
-0.101553368803186,-0.0651551796442236,-0.0109133998361239,-0.0505892295608379,-0.0196099019860951,-0.0807027262895896,-0.0248264070317438,-0.0473364575302798,-0.0743269154936813
-0.0175809153382595,-0.00928481729872707,-0.000314991417146226,0.00492903654922597,0.00434403524146634,-0.0194933466730357,-0.00277124430060468,-0.000817453833951285,0.00695479336384397
-0.014339548806664,0.00617705703896105,-0.00953752728624798,-0.0182980167030198,-0.0161712769299,-0.0135177759901752,-0.0151212292160195,-0.0247119698170262,-0.0275314342268797
0.00996903392337993,-0.0233629010373129,-0.0135810078491418,-0.0181134214114831,0.00517610931193034,0.025040397262462,0.00212051714905745,0.00595649139162247,0.00838936827725379
-0.0440623950014007,-0.0123265674645268,4.7260214094139e-05,-0.0348360758007801,-0.00481824724200634,-0.0488786092477405,-0.0169779796625582,-0.0295814664377574,-0.0177422738079185
0.0210631916901637,0.0181990348975005,0.00595242048017581,0.0284477303416487,0.00322223672270492,0.00622942485263154,-0.0136223289504869,0.0239420651152482,0.0220024331972487
-0.0035129142362919,-0.0241770793017761,-0.0280601253151004,-0.00319963940629332,-0.00569623489045518,-0.011532107469548,0.00817622478819759,-0.00955787033529785,-0.015411836887023
0.022696120810209,-0.0238020692915351,-0.0137497725597383,-0.0205823318012447,0.00440474982836702,0.00588997726746478,0.00945673760779372,-0.00769407545626169,0.00615460743851213
-0.0062884636607196,0.0231004672040334,0.0140171975034433,0.0206024976247686,-0.00792511658715741,0.0227456286067774,-0.0152339111242709,-0.00628455354179608,-0.0148181361116172
0.0102048427419127,-0.0157556099159719,-0.0188486945377362,0.0365816225500748,0.00636359450437888,-0.0168309378326968,0.005411418391063,0.00406269505193758,0.00319563251284837
0.0238508642738698,0.0157412531106731,0.0179593278640951,0.0178521200556807,0.00660502049787151,0.0677303145356015,0.00175193996913911,-0.00306981971788889,0.00958971228098223
0.00203892296591792,0.00657706322098664,0.0145562730866396,0.0229130451434372,-0.0072670570306092,-0.013767938954846,-0.0144867120643253,0.0059042789986187,-0.0259371410147195
-0.0211506389077843,0.00489590766527192,-0.0165820477105827,-0.0267303688146927,0.0100457491298527,-0.0168746707617699,0.00791672072014721,0.0101599669071136,0.00657202649785824
-0.00112817864565918,0.0179697540354375,0.0103295745172979,0.0337363676334929,0.00702743343862012,0.0194651067512874,0.00649169936940427,0.0240476783071506,0.000255580061571651
-0.032591603541229,-0.0529878035428917,-0.0114617361491077,-0.0324670388297113,0.000423903018890894,-0.047393335641621,0.00028079452189544,-0.00811681667320391,-0.00587139207678159
-0.0919647368408976,-0.031767186356794,0.00336663959690289,-0.0615110780472622,-0.0276522187926608,-0.0978170025094542,0.00782904801420277,-0.0459747444320672,-0.0625044800470174
-0.0210865769528652,-0.00977236158228767,0.00452511051738091,-0.0135594033141628,-0.00508536118716737,-0.0252666964116463,-0.00183532794761589,-0.0233308238748555,-0.0165951832603774
-0.00617629017780989,-0.019358859713757,-0.0201972236087404,-0.00860546096534669,0.0112806555301145,-0.00432233285218302,0.00458592430877664,0.0120407386435118,0.000774767890650096
-0.0224241011608435,0.00395299492648393,-0.0262068297909562,0.00322036220966221,0.00320725235094942,0.0260424175935601,-0.00101294573999787,-0.00978109530539163,0.00383834109400815
-0.0116921228221076,0.0183248002299612,0.00302426119749211,0.0100205502342176,0.00304208573594592,-0.0104345536890537,0.009091630273024,0.00740472507290989,0.008355135080932
-0.0304168172739827,0.00155944924664286,0.00534685824602781,0.016940182841985,-0.0138554453880021,-0.0348607389820099,-0.0132766048936198,0.0193420436113714,0.0108230405718176
0.0925705031098081,0.0313421250093184,0.0339597268005378,0.0160797748899613,0.00281249882560293,0.0722480481061735,-0.00366518687038449,-0.00297457861566258,0.0189982984874749
0.0097747616108264,-0.0211112176112437,0.000598449241241452,-0.00387473808904058,-0.00738300084382802,0.0199484781955696,-0.020044322520555,0.0074873552957064,-0.00364427087651811
0.0781625765525613,0.0368285620024476,0.0310973858774779,0.0158929668631993,0.0205289076670266,0.0713534964494437,0.0137069240225505,0.0121714462719452,0.0335450364907254
0.0909157764329072,0.00276213982584577,0.0226059167757387,0.0125164172667456,-0.00481857816750278,0.102040753477658,-0.000725544257212528,0.0040385612624312,-0.00301580327620407
0.125858996503839,0.0290290979110831,0.0355056663119739,0.0267394887451232,0.0198791956360991,0.109610216500556,0.0077833473611171,0.0251279872381063,0.0225854446391171
0.0460619369177675,0.0284093824092761,0.017874454417894,0.0251376052823014,0.0118298555694905,0.00603832162365343,0.00302973672406742,-0.00391268390439111,0.00475762299344569
-0.037052761487342,-0.0126045089786046,-0.0295040363720588,0.00240678438389477,-0.00981817285351471,-0.0697927394084534,-0.000320279029342887,-0.0321200411988984,-0.00872948937494435
-0.00393097109462945,-0.00619259098870598,-0.0127732395501975,0.0150465645378007,0.00998569621208434,0.0525704136172773,-0.00207362770738652,-0.00576748865257461,0.00128928758795451
0.00723411216528685,0.00472889079754216,0.0125300423458809,-0.00394580213702678,0.000915157559806122,0.00393306273930768,-0.0107402874895619,-0.00967258349147248,0.00790332123209547
-0.0208155089105807,0.0118425939542024,-0.0111029459715178,-0.0249628867171245,0.000618009375596597,-0.0397801476511977,-0.00678944969049401,-0.0242783437734773,-0.00699046601653931
0.0296578907360019,-0.00438807672170573,-0.0130162401993751,0.0292500743182924,5.45496957938662e-05,0.0182999026944461,0.00402719004492458,0.0184346144666601,0.00997619115260305
-0.0667324606164814,-0.0276900415928528,-0.0494876026342846,-0.0369962278018235,-0.00690147673401286,-0.0519403886170008,-0.0153188576477878,-0.0231709581560031,-0.0191753367514922
-0.0225018690834613,0.00757866304228658,-0.0101888193374707,-0.0424437240442186,-0.000924240063738761,-0.0192423250231375,-0.00509692656947684,-0.00412296017884111,-0.0213751818681837
-0.0864376909649665,-0.0262840182446007,-0.00762353266203586,-0.0211671665421139,-0.000503464888570322,-0.0576525799636466,-0.0112552298468046,0.00385304721312462,-0.0151765252215931
-0.0179287768702042,-0.0182055325526508,-0.0151325984691787,-0.019098004190399,-0.00669819035993796,-0.0409475829797369,-0.00200315403957596,0.00790438283393632,0.00967693327729795
0.0798242052998454,0.0730029509357414,0.0627668913529947,0.0389949111500663,0.0190124059588011,0.0479128990324071,0.0177173485395304,0.0254391677218841,0.0155538475839339
0.133312444210985,0.0713908544148106,0.0542595278179598,0.0505792135931034,0.00542053671054452,-0.0299193284131853,0.0325493164357268,0.0324584198074699,0.039386580230314
0.00957525704967764,0.018734403513501,0.0172647198393775,-0.0147827633141626,0.00739932347075884,0.00720022477931001,-0.000390967449377694,-0.0120100665543032,0.00151251297286074
0.0445884759991194,0.0120670454663144,6.88868417010242e-05,0.0303542055275034,-0.00296718215256712,0.0160657291176045,0.00056357431734543,0.0346935653696048,-0.000561819692357578
-0.0301625893279542,-0.000882591143166545,-0.013264514128612,0.00575743034871222,0.00698198347019615,-0.00393605540385715,-0.00615781885191594,-0.0216479273737692,0.0083202129854549
-0.00905713285182326,-0.0445329722448598,-0.0364105081035883,-0.0179468444888632,-0.0181390938268732,-0.00127568038108293,-0.0226627497708809,-0.0036244915570278,-0.0190202848763709
-0.0128843520982798,-0.0011507983050522,-0.0267126256409864,0.00862956457303926,0.000612381031833733,-0.0171206210620147,0.00432286600661924,-0.00402341163254515,0.00292802165577504
0.0194793070611291,0.0186280326528658,0.00162163069669195,0.0361279186014706,0.00881130084490364,0.0312039151276072,0.00864163273689778,0.0159099217514756,0.0178703117640494
-0.0579896119352263,-0.0116807211479315,-0.0561010869653305,-0.0157878040037294,-0.0211246474220797,-0.0566606041692726,-0.00440273847992975,-0.00959977504561187,-0.0110324797058351
0.0229167192523966,0.0179869018130749,0.00780947455568357,0.0107505743932191,0.00294633153389352,0.024646184755099,-0.00554550238167881,0.00973404159424071,0.00458646074234618
-0.0378394985254646,-0.00459072512943155,0.00376555731204731,-0.022404933216205,0.00268954514969577,-0.0293722217745499,0.00133437732494323,0.0026386163998276,0.000832098359492775
-0.0344798511294262,-0.0158294628763134,0.00462758452346465,0.00204731320672559,-0.00933956495488035,-0.0460893394189067,-0.0134032890108214,-0.0141066414960376,-0.0143156301871136
-0.00380088718200423,-0.0146373109086863,-0.0232347964132397,-0.00411394384600874,0.000842976500836241,-0.000372454080069131,0.0213927427935016,0.0152801160268543,0.0085922492037737
0.0160879610242529,-0.0100493347455482,0.0233530306837733,-0.0131085411769765,-0.0149442518293995,0.0277040907502604,-0.0109381338511609,-0.0122224490632808,-0.0226513032574958
-0.0139805507688291,0.0131376621382217,-0.0182682244800669,-0.00208552436270532,-0.00110410043846827,-0.00912702123929713,-0.00199788294818049,0.00623865226232375,-0.00305139563116399
-0.00423493471687412,-0.0307389552704966,-0.0302761994407349,-0.0190905913300765,0.0087125927403551,0.00849224546345583,0.00248120884362568,0.00919232564373142,0.0120368857415425
0.0666561613434607,0.0187980060319281,0.0100998939895141,0.0190723833713835,-0.000486258404725908,0.0608961462167052,-0.00175295512973221,0.0141775305664167,0.0167555351542977
-0.0438225773540295,-0.0223734368206126,-0.0359803649099379,0.00253051500838726,-0.0117881535948381,0.0456502012171399,-0.00201969843531277,-0.00856633558919497,-0.00702844963074956
0.00825047599659816,-0.0369867013060935,0.00362582176238889,0.0102565589020121,0.00478234735697035,0.00108612966770829,0.00046956586195601,0.00544307367092265,0.0041925261032102
-0.0203585274222149,-0.0227012896900618,-0.00925472235326968,0.00776607387654121,0.0104073957196472,-0.0154795952867955,0.014807563903161,0.0173129676512915,0.0184334485818376
-0.07717930393964,-0.0328939397931565,-0.0501921084763347,-0.0435810335904025,-0.00808006987121869,-0.0683085763160617,0.00270401179481738,-0.0300736676032217,-0.0111893693643549
0.0330492109839624,0.0283402478818997,0.0161309156612001,0.0343561728544897,0.0257915792944939,0.0430586423068401,0.0329703382625277,0.0291478091711791,0.0363561405788968
-0.0422316166760507,-0.0243622084219642,-0.0262032145874309,-0.0193980322957806,-0.00240164036522101,-0.00548414549495855,-0.00326420330151167,0.00620127529013219,0.00173614426734404
-0.000677445077742605,0.0304250803629944,0.029177174144946,0.0187764996675447,0.012267984542135,-0.0147862355296202,0.0305472235541706,0.0484409852243282,0.0384063352043485
0.0388710207044087,-0.0209861414145569,-1.36962937424385e-05,0.000390959042936419,0.00410342048612179,-0.0236284638776582,-0.00483303603518201,0.0157971480702795,-0.0035055190621854
0.00205904150628588,0.00729877691176129,-0.0125150548127156,0.00232144341847557,0.00338121924201228,0.00511311332989343,-0.0119077459305465,0.014759566412395,0.0130046971339605
-0.0762952141391814,0.00873690980773675,-0.0580747370319219,-0.0396039435776293,-0.00939468457014553,-0.0625775765167767,-0.00115664648745145,-0.000323623962115022,-0.0104299514611976
-0.00107443074689667,-0.0144918187320833,-0.0186207798469056,-0.0302224145873782,-0.00564010653992694,-0.00524281803122046,-0.00500060508046007,-0.00102787838203852,8.31600683994118e-05
-0.0632268753350053,-0.0238339007039441,-0.0349135631303599,0.0108638734583138,-0.00187383336948185,-0.0440828590799793,-0.00471666551243242,0.00319520886122717,-0.00696721016873937
0.0106699608709701,0.0111282954062794,-0.000166460777426905,0.0334412368882881,0.00456764356225618,0.00256222657457383,0.00440553831324606,0.0115923986659868,0.0207218105111216
0.0204843933577237,0.0146763887430094,-0.00056078184089012,0.0117603138952376,-0.00160470673909988,0.00734706239818272,0.00658520943092464,-0.00563303109305166,0.00239125717916232
-0.0403151129844617,-0.0323611196315814,-0.0118769900996324,-0.0176550486184806,-0.0262247128840668,-0.0177199814400635,-0.0289054560623218,-0.022209441127122,-0.0357547281523386
0.0639972561555323,0.0437316527147307,0.0455252038710625,0.0340393220861025,0.0240834523124425,0.0324904975863914,0.031868068646988,0.0378128371096644,0.0261425092912245
-0.0533175810641974,0.00099494291552255,-0.0336476741618553,-0.0166870483083476,0.00217633229197968,-0.0596095116035806,-0.00874623714454184,0.0067359450995181,-0.00325338149461067
0.00385433433858106,0.0179301726158255,0.00816816249675908,0.0110591940556024,0.0124573070374687,0.0333244289622501,0.0221647587344074,0.0145546079942124,0.0110985962132272
-0.110404949282797,-0.00637013362067784,-0.0340947575082768,-0.0295560571554312,-0.00794631729610124,-0.0714868539069069,-0.015936403261743,-0.0329341361214494,-0.0189180162110224
-0.0294930843550582,0.0289418959555616,-0.0151024135514623,-0.0167947456970818,-0.00371043243005853,-0.0342796653167289,-0.0225698623333282,-0.0315355836641055,-0.0371475592294609
-0.0740488455075063,-0.0212740220695852,-0.0390122341410791,-0.0279735057495841,-0.0108118463862185,-0.0707321335312987,-0.0163818964195891,-0.0228326948001967,-0.00786597893288749
0.0654542724649208,0.0486868911073666,0.0340314034749811,0.0102023384329428,-0.00351141753043571,0.0799078415657591,0.0110495070613126,0.0101057792402491,0.0254282271786149
0.0512302235635262,0.00815465910234727,0.0115648197070331,0.0130184330190201,0.00581558858841147,0.0578621349697934,0.00271079394734256,0.0205869206987338,0.0136054655763118
-0.00114265263325703,-0.00776825171962608,-0.00122994953424391,0.0314308961107339,-0.00468976736753878,-0.0155718612332992,0.00531890930360475,0.00589033594941847,0.000924801307752046
-0.00856693754834795,-0.0288957531553146,-0.0391029868626229,0.000989539673971862,-0.0150721803609204,0.0189923406294561,-0.014680368970449,0.00352166837323302,-0.0235812120781422
-0.0603148600984824,0.0155889666858182,-0.0549754422440263,0.0186312763313281,-0.00032078571215989,-0.0364245324714075,0.00831383213910046,0.00346978231247085,0.0177444893571449
-0.0656291184221537,-0.0181908293967829,-0.0228132694915649,-0.0185468143295231,0.00433911461570481,-0.0310985048113813,-0.0109118718793981,-0.0106231024350436,-0.0149456933752646
0.00696006500028107,-0.00279688334909739,0.0053977417354171,0.0100296266666337,-0.00991134572122785,-0.000435045664673606,0.0105739691698285,-0.00932646126560361,-0.0167936924338535
0.0306020264060172,0.0350153644333585,0.0370094194741775,0.0488639707546757,0.00723280746232412,0.0221282269070793,0.0266902851399745,0.0174039494920794,0.0102728746109842
0.0271125209995299,-0.0126640826333617,0.0114125541208387,-0.00371814589949991,-0.00955676815836769,0.0103883002480144,0.00352630692236597,-0.0260394977323805,-0.0175304422208944
0.0266886667175825,0.00982743117202888,0.0190560358732367,0.0277504008217026,-0.00464882808747341,0.00793367704013864,0.0079788224852836,-0.0119924996039026,-0.00653020735949596
0.0043777841760643,0.0203388210905354,0.0233281121813055,0.0299068353238909,0.00520276676554241,-0.00291412334754934,0.0261382809528729,0.00644298097857581,0.0174995366271427
-0.0509288073313175,-0.0343561060628492,-0.0250495728302856,-0.0195854770636301,0.00471660106255123,-0.00821437061022974,-0.00569679766591043,-0.0196315850747152,-0.00344827297928335
-0.0379062821422254,0.0234774702923127,-0.0307866996165951,0.00300354922086303,-0.00497880647556504,-0.0219120814018271,0.00164874198164885,0.0167834749061699,0.00878881489222712
0.088468410981784,-0.0108185407004763,-0.0104776989060748,0.0387581253354737,0.00514909157470788,0.0579123285022246,0.0153786269056221,0.0281611920891207,0.000984763945982013
0.0129004366441393,-0.0194743950659019,-0.0154854365951754,-0.0160426959083441,-0.00487401911751734,0.00538391318873878,0.00630332803130392,-0.00242478850101998,-0.00433052594815945
-0.0203926485064149,-0.0152091530107378,6.39425350478992e-06,0.0185026946308131,0.00451966970964623,-0.0201471341292859,0.00825122082147869,0.019335358424351,-0.00364136338289402
0.0936611966724306,-0.00297664729932048,0.0398842470175829,0.0209344150453836,0.000609359129752096,0.0620691386230814,0.00736256081398196,0.00160104258440347,0.0155678897449934
-0.0138923828428619,0.0234443372336302,0.00446550916862023,-0.0131258808500321,0.00443247539478107,-0.0455754221042283,0.00895585551991424,0.000660447233165338,0.00303627418862442
-0.0313017488049406,0.028690467120947,-0.0165918036453294,0.0133419795049724,0.00273879029207659,-0.0246074679671399,0.0156248219125471,0.00222467053892701,0.0021665360433496
0.106709219440994,0.0260918389781396,0.026171205718636,0.0322326501961766,0.0176341413794173,0.123581610787604,0.0203076463192603,0.0247677778964771,0.0412469264002472
-0.0577921848286151,0.0134281228578031,-0.0352130562718449,-0.0327136840225146,0.00110555405123127,-0.0433954738936236,-0.0105600907560886,0.0127163172172821,0.00313467056883815
-0.0122038693898591,-0.00708662063541289,-0.0155639777607036,0.0235130386116903,0.0198695932383178,0.0218216891221272,0.0103769790061846,0.0129770019723319,0.0157620084800431
-0.00193263434646844,-0.0201537762376537,0.0128759567610324,0.000363085681207079,-0.0110393068592669,-0.0205375332546163,0.0061387911029149,-0.0291798132177465,-0.0168845535679171
0.0837104653714383,0.0206188524035366,0.0150512063063773,0.0292376146957825,0.0128634825246129,0.0580133973905747,0.0264262644386063,0.0228646225060243,0.0397703467535197
0.0317397296785319,0.0169171869921868,-0.000688635003990093,0.0221106115866161,0.00574566910563252,0.00977496019657017,0.00778687788211486,0.00286848666515432,0.0159097491969296
0.0029677294047952,0.032430940223511,0.028093620747098,0.00599404069521854,0.00671001053707807,0.0070632485604143,0.000323101565655244,0.00262888811968886,0.0137598809615774
0.0143339849096569,0.00791536943900818,0.00723758020632796,0.0147917570349071,0.00699642022912936,-0.001433322601466,-0.00150791447749017,-0.0120113974351525,0.013841337366554
0.0108679641165541,-0.0253839844058961,-0.00504664430456689,0.0285157353480301,-0.000998493805566583,0.0303032054207259,0.00354074312560743,0.00121498021187547,0.0312958050389661
-0.00769546267207558,-0.0174867022626396,-0.0183791668723617,-0.0370867734225964,-0.00376179423500214,-0.0224816465581127,-0.00227730887490774,-0.0147970341109455,-0.00331927561585533
0.00765884796699959,-0.00998591017702713,-0.00671536346931581,0.0105137441331305,0.00583716338112322,0.00348033234857144,-0.00162931234269854,0.000498914304327277,0.0119687473215997
0.00496552425073795,-0.00380197046465134,0.0170475847457514,-0.00749883714146499,0.00659022751194729,0.0296581331474527,-0.0074853763844869,-0.00320544343701255,2.84139357149619e-05
0.0207254678882076,0.000347400876664418,-0.0118164741218228,0.00898184237149987,0.0038403603445961,-0.0158904554111214,0.00965302912881521,0.0115947261117824,0.000609380056063608
0.0341172738229325,0.0118760308283873,0.0103007172677749,0.0278948987477762,-0.005334303169165,0.0478506797040832,-0.00124908829295272,0.012199275893631,-0.00833577060028074
0.0320548108300955,-0.019719519042651,-0.00336496128092595,0.0121160023206473,-0.017250127962756,0.0488893567050134,-0.0127045254134859,0.00128956067420712,-0.0268178530945547
0.0319224773591075,-0.00102777145972379,0.0133564791730861,-0.00531002968250129,0.0124003271998004,0.000679531141722865,0.0138270433957414,-0.0108344689158137,0.0135048904449229
-0.0444570864588835,-0.0201083683262173,-0.05465645795289,0.0067427431100462,0.00532739147155865,-0.012645054528161,0.0220891823220144,0.0239073845055719,0.0269700664450777
-0.060494493873424,-0.0355456987865509,-0.0477794925491323,-0.0326570281900447,-0.0102916123885181,-0.0148458978930463,-0.00833379811848017,-0.0362947581617433,-0.0131594495927854
0.000563290419716987,-0.00159103550082564,0.0157996794070683,-0.00490258652869938,-0.00156184923044649,0.00745409371574541,-0.0114540648994025,0.00164483038676076,-0.00096662747549603
-0.0984354856514877,0.0115955510673282,0.0028087988457784,-0.0584905837498763,-0.00607976619086877,-0.0861598472953906,-0.0174629948720815,-0.0310245875100234,-0.0096037253546252
-0.0226355375616825,0.014007715861204,-0.00448400340114466,0.0328178916635684,-0.011448210183021,0.0010368626037466,-0.00211952427985315,-0.00504913159974189,-0.00547220597473102
-0.0465923743254058,-0.00152107126404298,-0.0369733427337817,-0.0117575664900299,0.00798545349576901,-0.0391446339634543,0.00431539322702053,-0.00754140687786025,0.00456242918892798
0.0355434849072051,0.043603824210268,0.0378467338071735,0.0109217077405679,-0.0228318214279084,0.0307558917098093,0.0036510900530081,0.000322408071019497,0.0247380375196825
-0.0495369517669581,0.00215030365029142,-0.0102188069116939,-0.0214547520314051,0.0113090201518155,-0.0454492412061697,-0.00292867301818071,0.00770408821558027,0.00651474454810781
0.0522254151130323,0.019389999271024,0.0231135600022945,0.0254317789329946,0.0245811497440725,0.0570588623171807,0.0266058462835003,0.0309161637785359,0.0366451788802012
0.086859112777058,0.0122120887507242,0.0157613947727043,0.021404730719634,0.0107286678611113,0.0879160463907835,0.0104929760591653,0.00827986278194887,0.019610539064799
-0.0252704954313423,0.00539178445134547,0.00166222537995172,-0.0212402118839756,0.00337945528181945,-0.0557744131712896,-0.00818322543434636,0.0036470689389192,-0.0115627148934564
0.00671956747147121,0.00680991791243662,0.00960059509082849,-0.00718290673952819,-0.00417842383463797,0.00374524062325862,-0.00311508714898985,-0.0144271796390082,-0.00450977335706134
0.0190989752028752,-0.00212544399713166,0.00852905632895566,-0.000628267641409989,0.0149391511817822,0.0224584274033403,3.14639971706246e-05,0.00293518071806998,0.0234680082513164
0.0419184127097306,-0.0014866039820776,0.0102189334687296,-0.0193571734192782,0.0219601445521647,0.00604267960341918,0.0206676235396356,0.0051009456040792,0.0186082550318053
-0.0571009081990959,-0.0294264638951021,0.0157735237398092,-0.0255288176134504,-0.00399717527774444,-0.0186313535244133,-0.0207559591314356,-0.0378226923892148,-0.0221008783202132
-0.0149656438164738,0.0161081613866421,0.0159879228459293,-0.0127083585006562,0.0161521329435736,-0.0300024896524809,0.0145173597966305,-0.00124717741851227,0.00902774792024713
0.04805794900084,-0.00166847809752804,0.000728212316141937,0.0225332865344977,0.000275080370996405,0.00939764441063143,0.005234755537991,-0.0099449963035724,-0.0112653140417029
0.0447701917055526,-0.0341598352526203,-0.0112249653808813,0.0346099924338589,-0.000579608827663441,0.0249508934780121,-0.00770675322744927,-0.00862978930017752,-0.0018336387148702
-0.0651963561292813,-0.0280329748834883,-0.0280731208223018,-0.0150923418582106,0.00890231430086572,-0.0745389619549845,0.0011809153000283,-0.0216749455783638,-0.00595546137735984
-0.0600388998002274,-0.00740609932537696,-0.0130610457753521,-0.0343894450463052,0.00511071879166895,-0.0390448931279755,-0.0109659609105066,-0.0166204591326603,-0.018152500966592
0.0094634185851313,0.0219287155599185,0.00951514755888697,0.0343850590233768,0.0143792033069072,0.0269972901014779,0.019361960141422,0.00743462847572786,0.0111174255939156
0.0208056247416929,-0.00099573137422936,0.00657002756705872,0.0125971544524908,-0.0134296629691026,0.00805896285172675,-0.00726981699251651,-0.016388093161459,-0.00913613288688682
0.00372416630896995,0.0382403063003633,0.022383594072443,0.0363358704494136,0.0214302414213115,0.019191058440784,0.0244997742847662,0.0391652058239749,0.0145451806425842
-0.0254134214121046,0.0130826241199108,-0.0206106086425427,-0.00237079716290706,-0.000214790616956416,0.00124411670057064,-0.0133267899258279,-0.000155248299240111,-0.0085672572807897
-0.0122776338143307,-0.004293371624011,-0.00738296319134806,0.0231255666601172,-0.00569181834584727,0.00176637496082577,0.00279298514948132,-0.0117263892648503,-0.0137678602548805
0.0186927789712234,-0.00311290073997473,0.00550909647377496,0.0341005422543479,0.0148744054459479,0.0322985731050069,0.0250510922879255,0.00553130537872668,0.0253012769458196
0.0453845182074132,0.0291860455293711,0.0197290811837345,-0.0136290571112675,-0.0120534335653547,0.0373361700966098,-0.0123619520772721,0.0258447278729159,-0.0153926010186953
-0.0373748701354221,-0.00895453805833722,-0.00255992894535665,-0.0061592388724901,-0.00868878942526563,-0.034647400720522,0.0107844345159527,-0.0229619232271896,-0.0249449907415217
-0.0621413502405493,-0.0450410246835156,-0.0442862695662431,-0.0506094941142424,-0.0174742139883766,-0.0231022255472579,-0.0335568107545545,-0.0162593207451832,-0.00642820921215546
0.0804337052994822,0.0727771902234075,0.0677674106908972,0.0190047814323579,0.0198241653294021,0.0660135141647586,0.00465979911394257,0.00249388036808166,0.0363546330858971
0.0215455340012064,0.0292145759950336,0.0104653119367372,0.00184880834506315,0.00383794651183368,-0.0273681047099774,-0.0173340150771004,0.00998773531713308,0.012751053822941
0.0198419154858988,0.0224682290298488,-0.013928746855231,0.0309836268375467,0.00740189618644093,-0.00836831429017435,0.0217206384595694,0.0126874357297749,0.0225778802114718
0.0202085945715782,0.00567975883959181,-0.00897167308740759,0.0176456486499804,-0.00233616582674931,0.0275422544808843,-0.00334537622848728,-0.00878350301815399,-0.0217751856821068
-0.0438217817782083,-0.00328719751620625,-0.0312589460027743,-0.0253255541779828,-0.000188352738025947,0.0224319764057435,-0.00861211289382538,-0.0315394199491954,-0.00769915710224442
0.00712791488108871,0.0179263129536224,0.0168146289019357,-0.00445300240045881,0.0219471337113509,0.00683680108980175,-0.00899582341282238,0.0325909977227379,0.0279142974832946
-0.0188348869425967,-0.0439324858743664,-0.0275449282774532,0.00279656131088862,0.00514181105481344,-0.0344283466976769,-0.00486133685147998,-0.0127363113535096,-0.0114944640671115
0.0293973521731438,-0.0148731968485877,-0.0159285515396556,0.013822856319017,0.00100903766340384,-0.0317115694557749,0.00663744505624838,0.019550577348587,-0.00239387697454451
-0.0141100230301241,0.000270307898039085,-0.0378036322191516,-0.0122145397562074,-0.00840391434710899,-0.00216753793919945,-0.0011625595091086,0.00749776611273443,0.00632624026663274
-0.0179552569352847,0.0140575457348824,-0.019702800329243,0.0435088277552156,0.0018756173000888,-0.0236723652459862,0.0140884999837829,0.00823763979575065,0.00910790321235141
0.00573884061934383,-0.00852374591679559,-0.00664540897621376,0.0347437225846808,0.00200176945479424,-0.00837822721409905,0.00205778224045633,0.00993087957095481,0.00204679142272574
-0.0624239445554998,-0.032482011788778,-0.0097430122958805,-0.00882913220546155,0.0110584204965779,-0.0290703164097197,-0.00636701354872427,-0.0103951440722062,0.0211151665750528
-0.030697462924217,0.0180678416065113,0.0108232903280432,-5.67483101841364e-05,-0.00466828380998694,0.00790479977812799,-0.00203054869274657,-0.000135315286236675,-0.0113258040605169
-0.00544837960446993,0.0196576516578152,-0.0054676624220521,0.00367859711881328,-0.00842663756193188,-0.0392700256732209,-0.000807052154609119,0.000179340337813517,0.00840213320098152
-0.0320547822865155,-0.00231846994192411,0.0351276787366368,0.0374161597748338,0.000912525431105898,0.00246685675581978,0.0290735273265943,0.0115631890990183,-0.000880431377874266
0.038648270580679,0.0222218865427166,-0.00428941774934621,0.0126943077993418,0.0137682688664063,-0.00306643668211688,0.0285931964615388,0.0236569933874621,0.0265188899937092
0.03805663927027,0.0112658655990537,0.0240361241005172,0.0544303408010167,0.0181776320447688,0.060228880549914,-0.00225714733734856,0.0251679408781182,0.0305506780782267
0.0840329522768988,0.0276277813709417,0.0269806110174185,0.0156895249616039,0.00641359480855721,0.0897706592767271,0.00689082284159385,-0.00597448609380986,0.0138926361905626
-0.0919819863172381,-0.0418981346569792,-0.0311561087637941,-0.0547163034195414,-0.00858551228082829,-0.100206525503389,-0.0340381080023091,-0.02011144195792,-0.0202269985370323
-0.000830432894779244,-0.00167509959291614,-0.00766284554701275,-0.0229578232449891,-0.0163288257779497,-0.0240591012285537,0.00900342561239366,0.00448196176307876,-0.0117737131377972
0.0109459821296729,-0.0110229693318604,0.0014125614517819,-0.0369779982265782,0.00237090473116778,-0.00574152812897047,-0.0192352344938805,-0.0250368708030528,-0.00754192909966332
-0.00660999327823829,-0.00959770763691451,-0.0413439349410973,-0.00346955779587364,-0.00542318897706005,-0.0084663665190531,-0.0427684214787827,0.00173675465902866,0.00221975669433233
-0.0129699682505617,0.00737976769717316,0.00964113037773896,0.0162199604944381,0.00714453433065474,-0.0307867670160127,-0.00411968852439214,0.0204703116420401,0.0148601695288799
-0.00788119909859212,0.0179184584486048,0.0215357985862556,-0.0062503399560676,0.00229387207622049,0.00925974576222747,0.011849511618925,-0.00281279961381211,0.0136016435890128
-0.0339739391749953,0.00611973653294469,-0.0152038816489278,-0.000480257722084536,-0.00237478497902041,-0.0233759934407137,-0.0273665827875394,-0.00338072227523813,0.00636134986034046
0.0703050390693095,-0.00489539461903787,0.0134987467801202,0.013042592338569,0.010947892235346,-0.0137940819099614,0.0157152312180846,0.00839293865686914,0.0183269553227573
0.0862937784888923,0.0534344755571361,0.0447121212390591,0.0714780757660281,0.00767822322817552,0.0816459102454296,0.0121589844387563,0.0221822292142744,0.00710749392438916
0.00551889793847123,0.00180529200884266,-0.0117751004047095,0.0141017243251514,0.00539938855839247,0.0178833643988916,-0.0150191221593557,0.00528639138736658,0.000810840157803693
0.0617886390273688,0.0246012340617725,0.0232987542271849,0.0378230219188225,-0.0012928438836535,0.0330990061477915,-0.000929659670370521,0.0329142835866577,0.00590642355418325
-0.0348939947482033,-0.0176869475339918,-0.00290213068983494,-0.0102564480227959,0.00530579882301978,0.0843587222396156,-0.0117084103212495,-0.016231146977953,-0.0247022020752546
-0.00620527593433981,0.0199957229527739,-0.0026193585920508,0.0133490307750276,-0.00196944760932224,-0.0172186241316847,0.0159534974647828,0.000132345336996212,0.0266526000047353
0.0074175532199118,-0.00755599780581195,-0.0201348202642977,0.0271951914693549,0.0090038205018438,0.0111673631469281,0.0410699389854896,-0.00507506521243432,0.0252910855930167
-0.0332433831540992,-0.00162337346315763,-0.028238081419359,-0.0391782746857915,-0.00166918531293528,-0.0197450639885093,0.00461792134983613,-0.0133873703903007,-0.0104207764727627
-0.0488552531871806,-0.0027371224865713,-0.0139049703202863,-0.0225775328344129,-0.0111521878898038,-0.0523910904545765,-0.0107117824031017,-0.010198560295473,-0.0119920017571968
-0.00407214753142639,-0.0124013450418427,-0.0231462906901346,0.00427138455032944,-0.00340850096476119,-0.0663690829549454,-0.0135737668545677,-0.0187356238089382,-0.0154503127684083
-0.0155929892961865,0.000421460935386157,-0.010428403458172,0.0224208757951671,-0.00266640495032176,0.0280299251660575,0.00471540975854703,0.02577240708269,-0.00579724390364124
0.0510739833253759,0.0123771767132966,0.0198140023990716,0.0174226809528246,-0.00201763120547779,0.0113141172747799,0.0129323446118973,0.0389193616740268,0.0125194511308267
0.0478064348221676,0.0356772291628236,0.0264071980711458,0.053209983287142,0.026597776062787,0.0651205967478326,0.0123658240670281,0.0163243822226628,0.0442419102808451
0.072091665907312,0.0438009183254118,0.0347927962071937,0.00767366035169579,0.0114088238890691,0.0445376348885967,0.0146483510826075,0.01904563661365,0.0197898988214169
-0.00312309981161079,-0.00513337571901199,-0.00390124846663763,0.011009280809686,-0.0109315893966972,-0.00158246592305656,0.0071042297521956,0.00849275885195619,-0.0065726675901548
-0.0112823476403003,-0.0211449386983869,0.00582402631685272,-0.0256206092485188,0.00421318437195852,-0.016156975310894,-0.00647040377486489,-0.0235133197460678,-0.00324246860506453
0.0102418785058581,0.0480756592851067,0.0369742433345695,0.0196775646475072,-0.0127220042591271,0.00462331993777136,0.0100232777767239,0.0342344964208994,-0.0176528613276634
-0.121321119220471,-0.0231334021453487,-0.0412532005693879,-0.0678073334848239,0.000728623204017798,-0.0900400909865145,-0.0131245769593425,-0.00422157156292857,-0.0105573217244782
-0.0296993750552724,-0.0112334321831972,-0.00140877050237926,-0.000907897248046215,-0.0126076715012991,-0.0179642071074805,0.0109510171188876,-0.00841657005441655,-0.00423379025525655
0.00938803274411098,0.00916470267581949,-0.0133438567495808,0.0174322959560512,4.18925934134747e-05,0.00883054934599055,-0.00560312303162293,0.0268514724395069,-0.000454983699088315
0.0531067133395738,0.0229914112657797,0.000450055279706759,-0.0155624227120687,0.00590564583072646,0.0444212783033493,-0.0067857782682726,0.00432167278784378,0.00084914018801235
-0.0641602470164828,-0.0259120812552988,-0.0267544498286433,-0.0348226274493829,0.00913595806685824,-0.037763210514132,0.00280176171475451,-0.0193771605661188,-0.00443339161942065
-0.0497212333547419,-0.014867318744476,-0.0314288374920222,-0.0341345962628334,-0.00216541753676274,-0.0480310446469233,-0.0155874974089894,0.00861430718911118,-0.0025742788782073
-0.00140542120694319,0.00373004091490182,0.00243748282514653,-0.0189072756223228,-0.00104880598622172,-0.0241573543820451,0.000105329459546112,0.0184396360596173,-0.00526930857207273
0.0236809794157518,-0.00161310168733456,-0.00421160717272599,-0.00509234929365354,0.00636981289311192,0.0399072685215322,-0.00664387361488633,-0.0198060253962502,0.0172159268327827
0.0405773780684301,0.00950334220824675,0.0392337807909689,0.0287719404640503,0.0123404858391223,0.0645201999587468,-0.0113421739616779,0.00229553035904139,0.0264486505013102
-0.0442613574771817,-0.0198819914447801,-0.0362582563884913,-0.0117298642490063,0.00419188217816898,0.00131587331744566,0.00500546530122366,-0.0132182082136791,-0.0174713519350583
-0.0697914646299708,-0.0232954755458367,-0.0121390655506422,-0.0152998841007622,-0.00869718792161102,-0.0514600150836512,-0.00784954251248002,-0.0136196672764753,-0.04259797215875
-0.0156988864242522,-0.00305185948708759,0.001214048542285,0.00805660883784359,-0.00186201812569199,0.000314410469002005,0.00924370351638431,0.0134573279996538,0.0238321589278002
-0.0395369998544764,-0.00385529692853049,-0.025203750131267,-0.0217233486747481,-0.0048351621860695,-0.0453683178141802,-0.0132916243393209,-0.00917849100366124,-0.0162001298332196
-0.0297386671628038,-0.061628490876011,-0.014898056450678,0.0324587176741547,-0.00406393388784325,-0.012841636769282,-0.00740558689006251,0.00138194173680552,0.00866723392513097
0.0351359214712594,0.000457368147779882,0.00451818731075577,-0.0105057550642185,-0.00480122214769484,-0.00284075255249979,-0.0182805888887885,-0.00667720578832703,0.00307895613574982
0.024109195129216,0.0076393648901736,0.00110996708378426,0.0523316662342258,0.0026363621723353,0.0236257670380441,0.0364743084616861,0.0107092401637378,0.0566968791941761
-0.0196654414202548,-0.0311227577755193,-0.0364726407184226,0.0092848756098151,0.00324544324424368,0.00805753716484844,0.0192173273819937,-0.0073468352577675,-0.00217830951059813
-0.110898562044972,-0.0523081179793731,-0.0151509330500404,0.0014392769203416,-0.00609434427360887,-0.0837068359221773,-0.00821835326991596,-0.00104095386968983,-0.0119439366893601
0.0283975472867726,0.0271696183594857,0.029146993453898,0.0369870008021876,0.0259526694311,0.00363024730166599,0.0186612572218753,0.0170764417952114,0.0325778541523401
0.0463298505827138,0.00670773639860991,0.00368693906243596,0.0228379308925993,-0.00826010069251554,0.0258426228993609,-0.0093654653230488,0.0139221110650097,-0.00757405141931297
-0.0594163483401754,-0.0172558212483257,-0.0225285081982065,-0.0312110443994079,-0.0189802054475936,-0.0330120225121343,-0.00442973363864337,-0.00825757809339956,-0.0145154838845663
-0.0397130677562616,-0.0110543087054203,-0.00624360668179682,-0.0242231095798677,-0.0198112217694345,0.000209151054501762,-0.0110504114749676,-0.00960967382445924,-0.00828138248011519
0.00303657111278479,0.0224810140121189,0.000643212570162084,-0.00340485738873716,-0.00484988202193747,0.0123404355690785,-0.0024732061078971,0.0112957033506867,0.0054141677869921
0.0735368086689608,0.0337195952702369,-0.00105469084266278,0.0253585605497235,0.00306542129444848,0.0427547612882902,0.00527304262832933,0.0129907013090893,0.0247319695559493
0.0281778861805512,0.0423030668163772,0.036169694624916,0.0411000602386059,-0.00227345038735228,0.0353644813108379,0.0103132809864807,0.0223455251532489,-0.00265351137263882
-0.00303740995274985,-0.025141908425474,-0.0103884220684251,-0.0410110820176074,-0.0117285395441006,-0.0389542751184001,-0.000282031680615886,-0.015390042506427,-0.0109482595429034
0.0448899333744458,0.0448196828339959,0.0409661253557954,0.0561904088729461,0.0155651270124966,0.0118208672240535,0.0267117260657225,0.0275902711505391,0.0306469857266911
0.018589862265436,0.00721699221487496,-0.00591049449319782,-0.028470885353052,-0.0068279014872706,0.00667846176945523,-0.00674588164000593,-0.00621952434760587,-0.0145783237513431
0.00245776599267786,-0.0117628090663269,-0.0260361332373696,0.0156828577656098,0.00839353125044052,0.00423336423633182,0.000544564701093618,0.00372285278032593,-0.0031375520161164
0.0521017889732205,0.0208500193461055,0.027622215127138,0.0386626658617627,0.0104391821707812,0.0460751553288374,0.00258994962711449,0.00894962245453011,0.0130460885347681
-0.0194238887832881,-0.0142418916337229,-0.0123242264936978,0.0401041190199242,0.00296263750531078,0.0165724982936381,0.0132497009408235,0.0108674279852876,-0.000176119121374374
0.0115902628482478,-0.010111367297545,-0.0148275160776015,-0.017415321100241,-0.00145127050199676,-0.0264676917002475,0.00852460035783747,0.0164982854964547,0.00794463300660885
0.0133499407321105,0.0345844155097576,0.0233884610590771,0.0627054506999936,0.0249551730845518,0.0590232957706604,0.014547273348928,0.0376580145622895,0.026585159448442
0.0330341759353664,0.00945202935193038,-0.017615766763534,-0.00576582201534612,0.0002041393268464,-0.0117921977478555,-0.00750923312134897,0.00363411942221004,0.00613830127505686
0.0130447950010192,0.0419875431051935,0.00857016071705184,0.0330934944847245,-0.00552111496217715,0.0123899771013718,-0.0030143960116343,0.0226869058571979,-0.00907100303533627
-0.0131687357116773,-0.00755931785090705,-0.0102619839832626,0.00269217070440472,0.00115893702496128,-0.0223171224719141,0.011894158447152,0.0121089435946027,-0.0137553442223358
-0.0298292790480335,-0.0161067484560808,-0.0108938015758354,-0.0170622881806527,-0.00243840810448107,-0.0693684278257644,-0.00809334106223935,-0.0221591492121132,0.000856521560731276
0.0783681936885788,0.00169615517955078,0.0103844475570142,0.0598920126379204,0.0153235752439308,0.0609587667688317,0.00756553887208171,0.0394914916239374,0.010417530217469
0.0819213381694364,0.034008137081854,0.0439505594571921,0.0256179960710664,-0.00304869131800016,0.0406243905362998,-0.00326642818894048,-0.00293405251201895,0.00454859954052696
0.01908416864326,0.0271082534991357,-0.00166166847144966,0.0159174788081009,0.00265678778377527,-0.0359343432396856,-0.019511470350271,-0.00787417439282652,-0.01585357964233
-0.0180888759477929,0.0155434881162115,0.00219401752633308,-0.0138165028936049,0.000466230398204923,-0.035555374170495,-0.00424083207769245,-0.00537773957105234,-0.00157696428136893
-0.0994817678183176,-0.0645156519000443,-0.0569118531849862,-0.0878961227619783,-0.013228703449916,-0.0995578159925599,-0.0270712660967268,-0.0292189937054918,-0.0380655254435986
-0.0936970881753939,0.0189137120928683,-0.0233160069024,-0.0510369672430079,-0.0140966292758561,-0.053465781423199,-0.0133022419718025,-0.0295286287663885,-0.0117811748502658
-0.0266072100943162,-0.0265111206866791,-0.02455420671034,-0.0155785681009065,-0.00450021819022046,-0.0355213530472206,-0.00746929371759061,-0.0151753820113903,-0.0294597850761176
-0.0679280034925053,-0.0298026589559354,-0.0348402578083582,-0.0393306788266497,0.0118919692275814,-0.0313748163199947,-0.00418005385535962,-0.0451195141754817,-0.00194708779152734
0.0271051295613909,0.0011275091233423,-0.00832723856928029,0.00919980589338541,0.0128694411760242,0.0109322490472016,0.0081855643331792,0.00864940460419916,0.0226960328773257
0.0164199820507976,0.0255512376415109,0.00754630122334712,0.00456285097424806,0.00171233543220115,-0.00526226339582389,-0.00155951966643854,-0.00212625885072627,0.00995405116824038
0.0143980624775362,0.01869193970235,-0.00779082774046666,-0.0259353500590382,-0.00544041403866838,-0.0121783280646555,-0.00961173640961061,0.00279809498133836,0.0121208597238455
-0.0123700217433219,0.0144137933422237,-0.00192452367427228,0.015361362218396,0.00929097532661281,0.0182874599712943,0.00159795395085046,0.0246988633933722,0.00336446084816165
0.0514497152537417,0.00891602316950785,0.00449848711928527,0.0220475398633967,0.000523613263814399,0.031233044572235,-0.000989900290844896,0.0166683340635378,0.0115309105066965
0.0684399797488456,0.0163175029028944,0.0127065938188111,0.036356069204756,-0.00162745401477343,0.0395820906723002,0.00646364462452802,0.00979075913684785,0.0184537767094145
-0.119450355777378,0.0173259663388597,-0.0440247876705655,-0.0356192466344709,0.00690642765891152,-0.0713950983445037,-0.0118530305567409,0.00654067441191851,0.0148098309779801
0.0272712594738951,0.0409567278132522,0.0318566489370644,-0.00418660704593064,-0.0144540569823482,0.000199040429811684,-0.00766559682587437,0.0138589413058555,-0.00811357756806962
-0.0184602044264498,-0.00840204749597529,-0.0402222211425491,-0.0426850402983343,0.00564923102128253,0.000651735343343501,0.00792370664264836,-0.0281801347867757,0.0130656386791915
-0.0726388854845149,-0.0195466811025032,-0.00221993798857675,-0.0346868113829917,-0.00390266109902672,-0.0155236918991339,0.00932671052638226,-0.0286687459283933,-0.0435269730393159
0.0330052959885667,0.0045158724858679,-0.000828464607924588,-0.00860442146424206,0.00859933584159546,-0.0222057460817409,0.0087922535303725,0.00634200489803293,0.0198593596445675
-0.0680219850318673,-0.0279808960789591,-0.0254833750214873,-0.052219021180811,-0.0130668251589711,-0.0392277294817735,-0.0121539575151161,-0.0392080485327984,-0.0205156704929602
-0.0304914346272959,-0.0657924228452114,-0.041396596735032,0.00132201396331825,-0.0160734400401614,-0.0487591139064762,-0.0128029671925489,-0.0266793881559771,-0.0428949272959146
0.0374849130413482,0.00202444032124024,0.00356984139843066,0.022938938508199,-0.00365577719095171,0.028543463115118,-0.000639225966863576,-0.0159571738146685,-0.00917796704643168
0.0320585678561733,-0.0205286151032763,-0.0150529391793145,0.0266799244966694,0.00788234473372997,0.0244526729848765,-0.00953271354425908,0.0144327917761601,0.0173536558407847
-0.0259059410221669,-0.00739987349737327,-0.0206603670892412,-0.0208855682159617,0.0119869374316757,-0.0045324830923929,-0.0252916153054768,-0.00403869711317972,0.0193124175811835
0.0123218698396851,0.0177337281566087,0.00528025866524526,0.0307622831272171,0.016314613951687,-0.0310324213134754,0.0110205929533272,0.0197380481416782,0.0153612970591182
-0.0554879624831939,0.00861315181407144,-0.0150902747980514,0.000714079959997835,-0.00543001701207183,-0.00880989740630595,-0.00772033741626761,-0.0263447010784043,-0.018800446688981
-0.0276241112854189,0.00415166248902047,-0.029144598818284,-0.0085840615888725,-0.0186994072522567,-0.0138289504537135,-0.00888489141855495,-0.00539578023073978,0.00170471184432376
-0.0400376122285302,-0.016376414447218,-0.00263712064084002,-0.0174282746406647,-0.0040245944587408,-0.0290865170487571,-0.00965820642420628,-0.0253465146644988,-0.0106877050477232
0.0228401449379522,0.0294839975680935,0.0136634967991401,0.0135171068157476,-0.00849402066320274,0.0439856523255312,0.0068177485670284,-0.00461860907286494,-0.0084202576064757
0.0210051265917678,0.0235051344042165,-0.0127102879549422,0.00272817598556911,0.0124936183559759,0.0123670526950356,0.0138782663132154,0.00257727489843414,0.00168015371888183
0.016779544986086,-0.0134764381526147,-0.0128460421677874,0.0050922953257832,0.00736940212738645,0.00482856034001136,0.01136073621307,0.00433689953377949,0.0152217994759341
0.0356977146654538,0.0377065400987881,0.0328218599755679,0.017137960792311,-0.00942548175939207,-0.00700604741522326,-0.00237292671663322,-0.000216102946678037,-0.0049110574946471
-0.0712114144728455,-0.0292175565838027,-0.0503003063920542,-0.0461242409863302,-0.0281904700908707,-0.0912683002302858,-0.000132363987101759,-0.0147329718428856,-0.0258524201239798
0.0439449320719383,-0.00939111460507609,0.0130120617086021,0.00433756844589489,-0.0137584331773687,0.0589906241142339,-0.0113743281444056,-0.0102260642816907,-0.0114700377138421
-0.046512734535697,0.0101558870260758,-0.0123217618881302,0.00043986183093055,0.000855640545941552,-0.0261130548185825,-0.000646901042440946,-0.0138839776798885,0.00335280840168507
0.0143971278801414,-0.00223575209343217,0.0141251225580361,0.00781672171040707,0.00451270866684473,-0.0659091121608071,0.0137766342879632,-0.0017599252487775,-0.016626054900804
0.0543758329348605,0.00474721326131623,0.0166910807811995,0.00189829552640317,-0.0171565225435764,0.0208219588697464,-0.0198868662665455,0.00777865431870241,0.00653343708486424
-0.0988841658710109,-0.0192370501079068,-0.0438796243912664,-0.0564540795561851,-0.010740636511309,-0.0621919310072382,-0.0263219948347184,-0.0192355432532473,-0.0355803284015675
-0.0069647335196305,-0.0100996646915993,0.0101143306562666,-0.0267363186634421,-0.0108230525036048,-0.0173764701984774,-0.00911279082737266,-0.0375982277634327,-0.00338040812643589
-0.0488447973693578,-0.0334597808097693,-0.0194522763697175,-0.0308493507959239,-0.00799296316517835,-0.0523082467051761,-0.0123938046933901,-0.00913575411974497,-0.0147354397247624
-0.0030742584936846,0.00179572679233796,-0.00344249072583398,-0.000467087017214232,-0.00743226606036712,0.0299406228790166,-0.00119029589003881,0.00304879849993567,-0.00906784686582123
0.0130213761294705,-0.0159923564603976,-0.0151998021682365,0.0280592645618243,0.0146848703116773,0.00927294886836751,0.00991660327613367,0.0168717547809375,0.0204183499319231
0.0260174499643973,0.0144311983765494,-0.0182164690443658,-0.00720266595443408,-0.00734779671442573,0.0128311451310028,0.010835347915901,-0.0133732697422601,0.0145434106433622
0.0184933795607868,-0.00617925364351177,-0.0227204787093133,0.010526092392285,0.00396043728382762,0.00199435914504207,0.00273596520492504,0.0150717395987993,0.00948801220009156
0.0106370141355576,-0.0174856512084445,-0.00469395040900497,-0.0211468827102681,-0.00647561914894498,-0.000769609114216297,-0.0310835686614579,-0.0348570582447849,-0.0191394518259513
-0.0855224888440447,-0.0274071604563434,-0.0527278345808411,-0.029136889359761,-0.00242572892790872,-0.0587663836512818,-0.0171781585377874,-0.0189106786585994,-0.0121514899871909
0.0444127530929248,0.00200236470619211,0.0069680193698921,0.0207717629275839,-0.00714840151345512,0.0532528137374225,0.00782957732162857,0.0165357135964205,-0.0082240579718542
-0.0225946437174236,-0.0238533710220038,-0.0175313674165046,-0.00142093794722228,-0.00378130670116237,-0.0134541752279943,0.0137201773297748,0.00531607762735199,0.00804752311394086
-0.041654648267426,-0.014355376215162,-0.0327976383231978,0.0549263329238208,0.00178261344860368,-0.00946605769572864,0.0107967677869895,0.0156204000527665,0.0107569931929337
-0.0466010694295224,0.00609520940535376,-0.0167673234661476,0.00580529988342443,-0.0144392288945848,-0.0493362346140289,-0.0119795424397287,-0.00569405839432535,-0.00952330996184845
0.0124682802642457,0.00293352629630409,-0.00237015832674391,0.0125847085145932,0.0108578124688283,0.00571590635416553,0.0220805968435307,0.000943876658703155,0.000417813733132728
-0.0176431244895567,-0.0168784299730126,-0.0316607324059005,-0.00454493804452152,-0.00578878848417926,-0.0436748979059095,-0.0113410725779366,0.00853217966688414,-0.0222454048864796
-0.112492861653879,-0.00397320355080157,-0.0175784511405108,-0.0360537224722215,-0.00210440359548204,-0.0710571983653752,-0.00726224789216341,-0.0306441576644423,-0.00226982075844394
-0.0209166415021152,0.033492674402163,-0.00162074500303452,0.00468023521287715,0.016128439112409,0.00386563706521717,0.00204322053622086,0.00608354895391643,0.0343041261051634
-0.00101605965704846,0.00505300144977738,0.00856557278164337,0.00107132020423924,0.00278665623728644,-0.0126336224372746,-0.000507209326215865,0.0206813725532711,-0.00601788778000518
0.0105315630903012,-0.0165198115212421,-0.013808918595043,-0.003269040147915,-0.0147576643580371,0.00893080778755871,-0.00130029292934666,-0.0043760704638725,-0.0258674359688125
-0.0768967577311822,0.0196001422352079,-0.0609169263009267,-0.0156565221701769,-0.00633286919987225,-0.0621512541458472,-0.0237668853835912,-0.034251553414261,-0.0263806137799319
-0.0256941641395088,-0.021648829710003,-0.00722033344279487,0.00973506020047467,-0.00441497319846932,0.0317901939189444,0.00831216369716967,-0.00298704926722552,-0.0135695973781809
-0.0469648134661758,-0.0155273394210479,-0.036109316397011,0.000414757549425075,0.0103135398182778,0.00125466329769583,0.0055241069896607,-0.00206414954638363,0.00395362816257763
-0.00713931516708648,0.015188613191148,-0.00398855745037382,0.00839377487709647,0.00669928817503477,-0.0403017349769743,-0.000212063609827498,-0.00921645880340921,0.00141648130270079
-0.0123868038959117,-0.0234958913838772,0.0113320599058022,-0.00810405226679742,-0.00775437259848409,-0.0102430020121702,0.00213781235581464,-0.0155326293637688,-0.0119137984751898
-0.013820084382546,0.00609754287410297,-0.0175275403127457,-0.0161646154106468,0.00165024512806053,-0.0635872256145974,0.00979121910782591,0.0178906974078535,0.0100543438182345
-0.0614342323345428,0.00577725589077865,-0.0230057337945285,-0.0259309006974396,-0.00930989220283975,-0.063260227341767,-0.00489591744009148,0.00135186186359685,-0.0042928153443728
0.0146477867126689,0.0326093255673002,-0.0194932591522766,-0.0117819821461836,0.00108854887762651,-0.0175221609480652,-0.0107846959416596,-0.0131226869716268,-0.00234823349565963
-0.0599004957991819,-0.0206039043286495,-0.0258093946147267,-0.029901240669581,-0.00572195479849393,-0.0541340829422783,-0.00320318643536774,0.0089472921608045,-0.0065435195131103
-0.00411074661771395,0.014623230174716,0.0156434012776904,0.0279402516116966,0.0114528237339128,0.00972176666223565,0.0060126930748872,0.0215031336815922,0.0064625185728372
0.0121710037497017,-0.0272089105875417,0.00685480733428449,0.00774696528391921,1.01386749396231e-06,0.0232732395034349,0.0220880151367958,0.00786060698803854,0.00359247022997755
-0.0581594647058545,-0.0306566701041079,-0.0367787101195724,0.0152808029470297,-0.00518080625221577,-0.0744760010273627,-0.00587365237320372,-0.00840212149479812,-0.00154452433508913
-0.000380376561519197,0.0064239703773022,-0.0188520333317576,-0.0261652852540429,-0.00332816762205276,0.0126104689218487,-0.000942819478821258,-0.00332961603977958,0.00130946104700918
-0.0667692906908719,-0.0408440553080044,-0.0450924262846822,-0.0262134002044112,-0.00660265097176864,-0.0502677444116841,-0.032137151640452,-0.0426694424402142,-0.0129405830104081
-0.00669831907741333,-0.0405123379527259,-0.00708373723362618,-0.000800042577782348,0.00432474078601766,-0.0184068638171398,0.00893889707751648,0.0115678822517547,-0.000970835138655045
-0.0107301532578705,-0.0405780909211537,-0.0444072082186304,0.0216593891795246,-0.00466286912053637,0.00332177748698047,-0.00629181544151073,0.0189308176566998,-0.0234776494575068
-0.0436721296414667,-0.0516673834036794,-0.0367435559136255,-0.038830400797135,-0.000129114706264495,-0.000322245791782534,-0.00320099804646452,-0.0050952636497129,0.00202428487010672
-0.00496887059649343,0.0220897837903619,0.031579313944182,0.0130535799293251,0.00137472165429222,-0.00692490655658227,0.0144571774723727,-0.0122525718410962,-0.00893520414118945
0.0239079499371492,0.0327282752790979,0.0157043696290736,0.0229496964143601,0.00793780292204748,0.0168254932147875,0.0285165113379767,0.0317296399623297,0.0297659054907989
0.000832018470608935,0.00286780337583484,0.00840720234679809,0.041408798903668,0.0116658864250726,0.0146510743057445,0.0260556525100725,0.00770412684531754,0.0330569186298154
-0.0626831124637152,-0.013261856407793,-0.00489562397537946,0.00826452291626912,-0.00696417218133434,0.00876058483342398,-0.000295467666134531,0.00872019058061219,-0.0156287094855144
-0.0244767422716959,-0.0007660045990694,-0.00637147506566062,-0.0293968694530086,-0.00589461346992213,-0.015788682172463,-0.000552088193006499,-0.0267023613477119,-0.00102580039301183
0.0154853797661198,0.0133673319129502,-0.00897740834059079,0.00937622646774267,0.011008669911105,0.0296691772603891,0.0135619064496359,0.0182770678911695,0.00931708360547652
0.00218256234779171,0.00889859085186268,0.00228250362887258,0.00278801783026443,-0.000908965099831559,-0.0131298826826971,0.00732548246721387,0.0100287701325455,-0.00254401662849619
-0.0342787380815939,-0.0146303111917793,-0.0114710474144485,-0.0175607125271818,-0.00791830622567773,-0.0358604923875961,0.000692261999263598,0.00286124407940642,-0.00798724668782031
-0.0286047773031892,-0.0171137098883331,-0.0414615829871203,-0.0168449011375151,-0.0110448041513856,0.0139503409098346,-0.00258743262709417,-0.0158561961235425,-0.00389516424794887
0.0435104676602163,0.0323082736700964,0.033521744050192,0.0393343257418776,-0.00044567426621051,0.0292224175265798,0.00468784400866947,0.0296132553764608,0.00152975310450376
0.0739576094650663,0.0107027598353285,-0.00378098655224077,0.00673314805190546,0.016220566332824,0.0649861788302285,0.0194551653957012,0.0349859298582796,0.0305718683442302
0.0218649336982913,0.00866955373708171,-0.000888707253231838,0.0326073840191812,0.00638404694833412,0.0100722466578064,0.00540437685362,0.000645495362578618,0.00141929575522018
-0.0317715537549862,-0.0250289709338491,0.0238747953069401,-0.0390500325719952,-0.00426737100194249,-0.0299033354731391,-0.0061940326478394,-0.027849439229317,-0.0300621458048126
0.0111637398163496,-0.00824848631980092,-0.0123350928234843,0.026474263501486,-0.00591548849360704,-0.0237718337309256,0.0043420518093596,0.00636187189572399,-0.00103168971523353
-0.00226784789118526,-0.0384128257781188,-0.0348539064225791,-0.014106338113029,-0.00625405976884616,-0.0763195230487908,-0.00526219758341334,-0.00806121462260081,-0.00693169561675674
0.0217128625988226,0.0147431707889103,0.0300329034548852,-0.00645708047887731,0.00316089363750586,0.0129027158983084,0.0110515249593502,0.0189474234058126,0.00399252225055172
0.00913820786445836,-0.017117046350714,-0.0123826706354726,0.000477063282726513,-0.0153021244868843,-0.0162762243839103,-0.00528786198565904,-0.00533681216248708,-0.0159791830086162
0.0234731279701815,0.0393045016457967,0.0107130371062008,0.00510986201983215,0.00451805377412619,-0.0260377218586624,0.00841315565792278,0.00705197851221877,-0.00332356168826549
-0.0224688678399258,-0.0134730637613625,0.0066261124918639,0.0063687638033881,0.0074517763276986,0.00211930567792864,0.036288389026468,-0.00333514823927866,-0.00170825336185956
0.00359646578110694,-0.0253663529253849,-0.0228911724753138,0.0136204235841216,0.00439027302791176,0.067466089040538,-0.00449965131430209,-0.0176658741881469,-0.0243441392412624
0.0335751821601954,0.0365351655778995,0.0356582821062737,0.0345146409021911,0.00566960674707152,0.0158759355925947,0.0117480011747403,0.0229410924679978,0.0219597796570671
-0.05009900212332,-0.0165440850348048,0.00391580072414883,-0.0127841429216296,-0.00507739596706131,-0.0169396416382739,-0.00654226787609749,-0.023705913921777,-0.0268078439632357
0.0591494538230497,0.0128641986090915,0.0191478036513357,0.0171685732313841,-0.00218628027472326,0.0148297453974084,-0.00844565989949672,0.0102889559166671,0.00106337117955806
0.052763537758466,-0.00130949101495897,0.00340912846375892,0.0440003499140988,0.00186623387137429,0.0221954774883145,-0.0160863625599303,0.0305861480810829,-0.00673237800797873
-0.00158499572324627,0.015260154398563,0.0118559042083661,0.0271126364721956,0.0119402638029472,0.0130488974794153,0.00843791428370789,0.0335336698699396,0.00862509745159933
-0.0200459775497536,-0.000169587636110683,-0.00745920302122446,-0.0115312335713609,0.00154168883681145,9.92013398211809e-05,-0.00792245240249877,-0.0123697636051716,-0.0106548772224356
0.0252115671315632,0.0118642435691734,0.0112227623643413,0.0189195104367032,-0.00858267927253168,0.0434652857431443,0.0113601635852263,0.0197583936717819,0.0106981266305768
-0.0337765240154255,-0.0106591566645445,-0.0288166010511823,-0.0414114154877287,0.0244975426643733,-0.0610827125887995,0.00652385084727173,0.00267580628251341,-0.000898092417221665
-0.0298062689176352,-0.0154558884194274,-0.0226921929586914,0.0213167046324432,-0.0164048018789608,-0.0346671437609204,-0.00562321727988144,-0.0160503029357068,-0.0225538376130429
-0.0170018428745415,0.00952264792806979,0.0177911806169362,-0.00181336216521102,0.00151786940280943,-0.0289014104156281,6.65813511801398e-05,-0.000586702363815739,-0.00451518149130539
-0.0414129308367783,-0.0181970148880011,0.0197640352400464,0.0302181573572152,0.00778584607547569,-0.034772567819904,0.000561255637285224,0.0349471250604884,0.0157171795139019
0.0167840587927688,-0.0179396779165421,-0.0149810057586229,0.00376044137644736,-0.00453108456547931,-0.0186094673403951,0.00546022898753532,-0.00670604578256438,-0.0076106116870525
-0.0161046984327588,0.00504376161418128,-0.00324358277884017,0.0118364800123552,-0.00133245510216739,-0.0287020666083498,0.00495744774112701,0.00553115613963811,0.00635072259756559
0.060116335194713,0.0458936409376197,0.0337297081350584,0.0229041207766559,0.0178433492970977,0.0339727785408716,0.0148862927518878,0.002949034642109,0.03532979234601
0.0433269658286394,0.0192675111824601,0.022323634857335,0.0227791483768845,0.00849530045158423,0.00350479997276915,0.010672771344994,0.0230049772240282,0.0129706282419595
-0.0121111584567744,0.0154239941755198,-0.0197077349163567,-0.0102620737593933,-0.0132733444467324,0.00705226572829061,-0.00407975343390411,0.00274073216261709,8.60215788360243e-06
0.0707398879463643,0.0598567769004544,0.0478174572654762,0.0566663143607726,0.00736208514479909,0.0763986682334534,0.0164925144775854,0.0229385829803024,0.0238728961083747
0.0523274710775155,-0.0153945537316422,0.00936077350877602,-0.010597470382011,-0.00450572367754821,-0.0128734061421613,-0.00665669192946545,-0.0211214870080923,-0.0144035898609384
-0.130730112343794,-0.0646937024891231,-0.0500644341053873,-0.04153298243294,-0.0304565793959289,-0.11226648006055,-0.0155698230832551,-0.0369573360351127,-0.0388499518143406
-0.0143629235707623,-0.00450973574919571,-0.0300110775032712,-0.010723436753652,-0.0024526705281883,-0.0301472027772341,-0.0169097878095083,-0.00262836700578701,0.000761710511690935
0.0080106377947784,-0.0175173138782322,-0.0417695821466771,-0.0143552369233049,0.000957395410502471,0.0119718165194538,-0.0230458195016242,-0.0112263845119536,0.00517973621049107
0.0221251128953557,0.00186254794278522,0.0233701368380489,0.034967048701194,-0.00635308563313125,0.0589902815411139,0.00300134135277901,0.021564727936105,0.000682670309022308
-0.00715209156442701,-0.00591420750240076,0.00371260179607054,-0.00172472926054933,-0.0124587206554419,-0.00324334897548527,-0.0246327596961958,0.0110402680969266,-0.0145332721924646
0.024078437024479,-0.00764251311009826,0.00713382119563059,0.0154072767875277,-0.0148913612084335,-0.0423447708896763,0.00473670281191599,-0.00190716797593155,-0.0265709891092859
0.00519595314956241,-0.0131240916766701,-0.00931535043909562,0.0264606323309431,-0.00325606279694119,-0.0073162218015328,0.00457906134947904,0.0253396537139416,-0.00186717493455079
0.0390796441869124,0.0416244465216075,0.0427400629248844,0.0358919706507339,0.0302424278559771,0.0337625299719075,0.023707706923174,0.0233917564866549,0.0383071594809522
0.00771816778224582,-0.014580825711259,-0.033941595872747,0.00380741431414416,-0.00350031842347701,0.00210766801248671,-0.0184746940428365,0.000339541166148943,-0.00517243167288251
0.051740359404624,-0.0420559951069927,-0.0178706164621892,0.013755640590202,0.00423802905889852,-0.00406502868003792,0.00505799270474002,-0.00129078599978319,0.0163390724036903
-0.0125844571771459,-0.0126593490501378,-0.0392043663436747,-0.0205363454418606,0.00743622794461486,-0.0232889051749637,0.0119590587462908,-0.01252512959185,-0.0146324271637791
0.0179449492718711,-0.00877203025332387,0.00365472015594355,-0.0123499278022206,-0.0061267902193748,0.0398014557577257,0.00189183988897169,0.0086058936324291,0.0141212269611784
0.0821054812420582,0.0222446689284123,-0.0203217430382427,0.0577793414871132,0.0107590627454093,0.0503718495436967,-0.000642775862799964,0.0147196243090613,0.0167270425974104
0.027085953969216,0.00668667121577105,-0.0111203349098981,0.0113236178316371,0.0140166199291374,0.0369153644703397,0.00717218068230253,0.00775797165629752,0.0134914027871206
-0.0467866144698158,-0.000774180035549889,-0.0107660003019314,-0.0259332511443215,-0.0101189926008951,-0.0606077375869191,0.00769506546286209,-0.0109741267655809,-0.016238568213078
0.0138311857539915,-0.00539287875039243,0.0201073554240772,0.00199588745181056,-0.020398852358699,-0.00713157544331213,-0.0102444582258019,0.0098360966423371,-0.0107052919596245
0.0103871588612242,0.0102054921772637,0.016188356179391,0.00824750214280443,0.00561279407466454,0.0109786073834262,0.0055403434691135,-0.0174525877059728,-0.000137504054627168
0.0010894001919262,0.0199269583584346,0.0172459204160215,0.0735182114514451,0.00987892649885947,0.0336347472962669,0.018733793088434,0.0216277376915122,0.0251996329314715
-0.0454574907818826,-0.0223267294413618,-0.0448277426187391,-0.0272072109976686,-0.00158452116845242,-0.0256188761697026,0.00260418988168509,-0.0081281624856926,0.00704014220403865
0.074413152500961,0.0220318095846576,0.0260645738647917,0.00211725120317978,0.00874143719107135,-0.00302298371258173,0.0308222238323729,0.00767948242873568,-0.0141392453153562
0.0455925383825363,-0.00480208283726461,0.0148383834819588,0.0028421025367134,0.00710411023795314,0.00522369319811189,0.0162361868959794,0.0111621697769365,0.00471946963913218
0.0133404108277321,0.00922752050672059,0.0133879646019975,-0.0253548620144864,-0.00532925686741521,0.039995904227071,-0.0394078618038264,-0.00155278208961245,-0.0245219862185147
-0.0465124516093061,-0.0357291616276859,-0.0282884914261425,-0.0343944189177861,-0.013121532917244,-0.028016795171237,-0.00673102482356264,-0.0186509850784144,-0.014121566864818
-0.0230664324820145,-0.0246175251059123,0.0101440300168038,0.012310168065349,0.00725962604999145,-0.0229759537723698,0.0178876613832107,0.0119052894123227,0.0172129680692189
-0.0203214893049969,0.00170051942678394,-0.0380247660884074,-0.00490027322370603,-0.00194418502852255,-0.0448952871048458,0.00659226039584721,-0.0133777957271549,-0.0257133178931167
0.0940486738634728,0.0644541525258206,0.0428906276802869,0.0332550388319575,0.00920147097136949,0.0480661245290874,0.0148427304951678,0.0267506994778153,0.0224665248017539
0.0481406900446976,0.0045897626796303,0.0150516740243344,0.0103563586727486,-0.00761358916937351,0.0125874660723487,-0.011597684863797,0.0149351254057,0.0081115105131343
-0.0213141649909511,-0.00181278405251315,-0.0279027218080005,-0.0192982374809114,-0.00948511214042861,-0.0141925377637629,-0.00284207365837415,-0.0100136674788874,-0.013342999361505
-0.0366433013517575,-0.0429362422026608,-0.0300534098291141,0.0100881824761895,-0.0218525914621505,-0.0279834726383896,-0.0183547808372725,-0.016756243124144,-0.0200673019183309
0.0390863926515023,0.00250219322155195,0.00128034312770557,-0.0169280634506212,0.00542074633912499,0.0113801676351244,-0.0108903950201517,-0.00197174403535689,0.0103682600910691
-0.0129415698572256,-0.031765455556244,-0.0113122078232364,-0.00884732382388287,-0.00450362769295378,0.00234587545507773,0.0039286198301257,-2.34145537558225e-05,-0.0208528716476879
-0.036098032529276,0.0217864947978604,-0.0042575009218854,-0.0297526093803255,-0.0269810039340513,-0.0367116965725484,-0.0217946300272869,-0.0372077159586873,-0.0314429701005855
-0.0427514146500291,0.016779101616287,0.00300440258857959,0.0143686515895499,0.00179604004065696,0.0387006789158227,0.0294339795372406,-0.0116001129473423,0.00461551150066312
-0.0397586783462289,-0.00124025283736428,0.00982158351031851,-0.0132245642956741,-0.0213166326472489,-0.0298775926764761,-0.0307908072063389,-0.0298712882948903,-0.02333833889531
0.0240949079816978,0.0407100089164929,0.0305396397348031,0.0776383170073271,0.00377514804202606,0.0196167684051762,0.0227219134643785,0.0327215121947147,0.0185653637179371
0.0609506988892483,0.00492577614194295,0.00768361967011744,0.023157865225493,-0.00183501243762999,0.00844572596747757,0.00373252352261638,0.000694880879814622,0.0116897213574059
0.00248703879891541,0.00457193807924239,0.00222719471841973,0.0174915123130667,0.000282598899872182,-0.0208990619076638,0.00811418218367788,0.00292103840934333,-0.00856611577159233
-0.0363690300383905,-0.0140539136100441,0.00925862843548578,-0.0290821603917038,-0.00489697474748052,-0.0295855993082586,-0.0272536898527397,-0.0247772773822476,-0.00925919732761043
-0.0419132026648634,0.00222707359994529,-0.0119212122021458,-0.0163549278659042,0.00317607336420923,-0.000770515686929274,0.000187424786545082,0.00395911285335444,0.00381908286433509
0.0375165272548553,-0.0587080626852207,0.0134638242036869,0.0323494291226751,0.00740569414763542,0.00986155191524462,0.00754925793594984,-0.00359938782890136,0.0116457162533723
-0.0564651813736,-0.0176666502290727,-0.028768589890228,-0.0114408103399142,-0.0173106603515675,-0.0540231464350862,-0.00250700034063225,-0.0195829284931892,-0.0331257638100469
0.0494638940929253,-0.00115508063599652,0.00430899977769419,0.0407545248858789,-0.0174856342988545,0.0470278168342307,0.00305709959290349,0.0125002292666884,-0.0268261836624576
0.0683545377423479,-0.0135933987145689,0.00290269740184758,0.00950902220024293,0.00269021412709363,-0.00811779133566976,0.00861139715534188,0.0126979497458319,0.00299936040985158
-0.00916908266474247,-0.00873456395659516,-0.00298629823029321,0.00551681821830412,-0.0111645422059592,-0.00530762233277509,-0.0055887242715957,-0.00584581104693899,0.00266571736442057
-0.0175002665714793,-0.0289696045730227,-0.00552991874023899,0.0232936758943686,-0.00139346107996908,0.00885583069696014,0.002331731346017,-0.00137698091020067,-0.0130618773000395
0.04118765152357,0.0373359937464113,0.0355634524123266,-0.00438780059977644,-0.0163741304722466,0.0532866621725542,-0.0226757815315775,-0.00295281160549414,-0.0108023223241956
0.0317257911991578,0.0176716237652552,0.0325257551971963,0.0338893186312373,0.00211003456631525,-0.0240643787265362,0.0087506099165293,-0.0132913087970695,0.00377119814276121
0.0739931973039912,0.0473536095053404,0.0536220890655428,0.0196182795737548,0.00697551716822724,0.0641843889880965,0.00762919764256403,-0.00492674413758346,0.00725722519651859
0.0472835827641797,0.000590601349507491,0.00499502856565237,0.017031284073709,0.0208777652693176,0.0505663485779116,0.00520703561161195,0.0110858327712071,0.0127657767548044
0.00884110331838627,0.0509309584551698,-0.000812657309990916,0.0829881334727851,0.0280632207289907,0.00674216788481228,0.0574182847423148,0.0439104068004516,0.0419302433277048
-0.00532617125791941,0.00542068033948888,-0.0130748751253857,0.00391355381423509,0.00858579199920188,0.0198724773277878,0.0133649574182728,-0.00848990086215308,0.00338735636223586
0.0378794968189739,-0.0463611027029729,0.00352775019189565,0.0100059743951271,-0.023813158886286,0.0297831342426098,-0.0128706738600889,-0.0246398742519595,-0.0195956519965629
-0.0234638247936193,-0.0293499696680756,-0.00486257344740286,-0.00575419904315914,-0.0238729562603666,-0.00482003254245426,-0.013316167156078,-0.0120565471459124,-0.025994669083403
0.010122447272107,0.00529834898268998,0.0331207209120052,0.0138773664101635,-0.0055920900157609,0.0155022885078375,-0.01588373232848,0.000612001382443868,-0.010345148594997
-0.021281613093709,-0.00333411878423499,-0.0330899184189615,0.00380988128064642,-0.00290995590371579,-0.0100497118698231,0.00336166787658307,-0.00757272357869147,-0.00463313889841997
-0.000421957413230281,-0.0152170417045916,-0.0115227716999587,0.00307348862843274,0.00898600946712024,0.000718812847524378,0.00599329868595568,0.00100827551751652,-0.0196900257845107
-0.00980946911140401,0.00941720842915945,0.00136268519078406,-0.0193922544130477,-0.0031082969106641,0.013061108294294,0.00896203447118121,-0.00283690708150162,-0.00152902916706606
0.00961701640526717,0.00920319192545931,0.00381906843135586,0.0130422957255386,0.00385300806454006,0.0102249792708791,0.0240206544635247,0.0111871891222598,0.00622990943945055
0.00104495929759691,-0.0234706685956179,0.00814807327909961,-0.0177908999000236,-0.0128908273372561,0.00655207601411666,-0.0299287493116592,0.00247002732045884,-0.0139198982401926
-0.0221535147109959,0.00201570721010668,-0.00333369324029609,-0.00513038433228182,0.0103441837957031,0.0242601118485841,0.00223010256437379,-0.00676776809638534,0.00415574595899515
-0.0418804478713303,-0.00116309414532531,0.00907433570299689,-0.0280686555466303,-0.0128537604705221,-0.00668801489465727,-0.0144509240088121,-0.03705960883814,-0.0226002574385359
0.0935904588486861,-0.0105760621956078,0.00627353301665012,-0.0149534698414022,-0.0047889149073797,0.0485509916708646,-0.0185874637197444,-0.00457125679808898,-0.0129058352327594
-0.00913551288036241,-0.0236932700658499,-0.0489833781595753,-0.0184900359337215,-0.00201371395239738,-0.0319633579983012,-0.0355142271358547,-0.0107836341150996,0.0166512132523465
0.0206329301966691,-0.0163338863129969,-0.00406370605252303,0.0292955469023029,-0.00841421194687026,0.0311158636844402,0.00626176432384789,0.00391132944473349,-0.00015582917796234
-0.00973119822261116,0.0101428268553538,0.00432510363962413,-0.037299427845965,-0.00271657489893285,0.000507045230368697,-0.00806525952071012,-0.00863086518084299,-0.00129735495451741
-0.120229389672384,-0.0589650758282204,-0.0107917973123946,-0.0709037980247142,-0.00935933893337682,-0.161856899800359,-0.00792631554348469,-0.0115160448734782,-0.0178070482806818
-0.0094737616487963,0.0171055509357124,0.00358520807306675,0.0129045112670134,-0.0213184575312184,0.00287461006733783,-0.00287154437561293,-0.00345150478919821,-0.0277377141927318
0.0192925305529978,0.0195639979186394,0.00732350914486848,0.00607140471526122,-0.00117457532053431,-0.000390238211638926,0.00222263542976827,-0.0132440133479976,0.00865219025748749
0.017438006505147,-0.0102815738961746,-0.0154132036151544,0.0248176602095586,0.00310518895414344,0.0381519660944482,0.00689251537115915,0.0173219150702875,0.0128038520901465
0.0714469718303856,0.0145619191620598,0.0131816642014614,0.0320285467707735,0.00585484687643643,0.0613335038663963,0.0337976788014312,0.0214403324054335,0.0429852941228032
-0.0259548990492565,-0.01995084948975,-0.0194063158732364,-0.0419016835643546,-0.0011263897358325,-0.0254391576530163,0.00674419987074938,-0.00683557990906655,-0.00155437832242778
0.0194068779756315,-0.00201498478205714,-0.00644527265120726,-0.00532256428889436,-0.0056827195920809,0.0533695774682608,-0.00855388611972976,0.0203135672051957,-0.0144253749608994
-0.00245563843532263,-0.00537359854982502,0.0112856524204888,-0.00253289808807451,0.00612439431504277,-0.0235653996791453,7.56447520590821e-05,-0.000306018784276316,-0.0061636368859024
-0.0483006328014548,-0.0454204355663906,-0.0216144290881142,-0.00563351331241141,-0.0169876758642029,-0.0441872524012459,-0.021042700906409,-0.0101297297441087,0.00725691713612354
-0.0188991284172272,0.0125543871183082,-0.0206230196838772,0.0116450506635225,0.00451518520769052,0.0436897407201373,0.0208860845213824,0.00856037904146206,0.0175500585868191
-0.0517903585457575,0.00798249850000243,-0.0138171539599683,-0.0338297375507576,-0.00430061249699503,-0.0381841103375043,-0.023329034174495,-0.021985227576181,-0.00960043284009841
-0.0659615057309037,-0.0360926720329912,-0.0650270931823225,-0.0364798233407014,-0.00672669063309126,-0.0237971317499233,-0.00711934043812546,-0.0156702178129302,-0.0130351351403776
-0.0452178867483078,-0.00821311956130932,-0.00557458723637542,-0.00625744442304876,-0.00757866101987086,-0.00607131062262836,-0.00326620348033888,-0.000598023597641342,-0.00511992501090011
0.0138014252035667,-0.0222570498872995,-0.0215117499043819,-0.0109088701615566,0.00187712904362603,0.0140014608153472,-0.00389262467040486,-0.0122790049301239,0.0051224379388271
-0.0682338270687878,-0.0351677996910254,-0.0450199838334736,-0.0376374879757665,-0.0230798850011443,-0.0781827354884187,-0.0307217615103862,-0.00447460470700933,-0.027482779296918
-0.0189371610193854,-0.00677858279388954,-0.0110259752399632,0.018880395235703,0.00134755242973777,-0.00956196492482326,0.013957851524892,-0.00121361214280956,0.00134528971866996
0.120996597174497,0.0401307470886747,0.0313657406832988,0.0159549271101667,0.0126150038013128,-0.0754670608011448,-0.000432969555818951,0.0242645991812378,0.034527267268676
0.042210023153625,-0.00483365323243017,-0.00763807377176016,-0.00145240930722103,0.00643607638145769,0.0341302900662849,0.00700351732623464,0.0169350476910718,0.0117987224192065
-0.0154133672743023,-0.0387374760453138,-0.0227791551882096,0.0108899082752579,-0.0055472419741543,0.0199264523308606,0.00590864771607802,-0.0121262719270508,0.00096732159333891
-0.00345168605262617,0.0159464140151011,-0.00365419620318483,0.00297004525523404,-0.0048086762480274,-0.00780195637348253,-0.0106039709795105,0.00128694852142422,-0.00211265362286531
-0.0519425945382945,-0.00597003710577566,-0.0337434665098177,-0.0343292119949035,0.00191946547123383,-0.0671920509595761,-0.0162236940938541,-0.00208962160008755,0.000557503577508187
-0.0367566727846737,-0.00326117706929681,0.0186913604719956,0.00437691132561261,-0.0028610926692165,-0.0230897678467875,-0.00224155711716757,0.000952874835324377,0.00116943240011613
0.0191755369485852,0.00859986280522521,-0.00204587072461015,0.00458099866508555,0.00297720746172058,0.00126966829736728,0.0117861705270579,0.0287342298198275,0.00773039395503969
-0.0552014436346932,-0.0208714417065224,-0.0111791820395725,-0.0454864950168911,0.00501607889168041,-0.0277020144372409,-0.0135433751479535,-0.0220438255182913,0.00649991471210793
-0.0327393790491746,-0.00715034595016077,0.00561099485779452,-0.00901066437452329,-0.0122785151100641,-0.0241240069099196,0.00170330666181963,-0.0101375021536596,-0.0229601417960186
-0.0306539305355028,-0.00127459556078293,-0.0453030963844813,-0.0167993016438537,0.0122982959283574,-0.04839582415408,-0.00104790573048432,-0.00615546188747674,0.000104125867494059
0.025464133314521,0.00927707364041821,-0.00106919974840701,0.0380855395399167,0.00743430366812967,0.00142746614845699,0.00810868118864921,0.00812369423988788,0.0189934335843424
0.0322145355651998,-0.00924350350829705,-0.00638594668527327,0.0131037735584267,0.0249121719594565,0.0269532689573932,0.0391896962406216,0.0220263194235077,0.0238051409226037
-0.00188947049431113,0.00161170997756592,0.011653553523051,0.00259531783250345,-0.00618503328413339,-0.00907260773958339,-0.000764123368338714,0.00293747910115659,0.002946784260209
-0.0462074292899628,-0.028326774725273,-0.00323897714134931,-0.020852554050807,-0.00720788241706475,-0.0553730420806699,-0.0257548134923108,0.00660877655406191,-0.0113294890607277
-0.0111185112856276,0.0269805051050245,0.00192282909431048,-0.0104779937263929,-0.0170100882527746,-0.0246755523751277,-0.00731607080155831,0.011874579870506,0.00883847078074487
-0.0293241407645431,0.00713423263702513,-0.0154750732959783,-0.0060091906183578,0.00727942530004603,-0.00242143028202742,-0.000510701284147434,0.0086767583662902,-0.00943929726687052
0.0971517126498387,0.0411102334369756,0.0420787747078256,0.00742963885523664,0.00643250793852812,0.0656589069858163,0.0196686887836758,0.0185302860298313,0.0121190220620147
0.0495420513623768,0.0370856804247736,0.0218162003687094,0.0277995510267627,0.00909822447504785,0.0715542404343335,0.0210694448313943,0.0203553115629377,0.0362007150034581
-0.0153034877588881,0.0358102693738163,0.0163022261724833,0.012710620726752,0.00668707260268698,-0.0341291438449742,-0.00439554832174041,-0.00713349806655551,-0.0085139094338942
-0.0295078537697222,-0.0309328530373743,-0.0175146974921792,-0.00205120896145375,-0.0125631434249034,-0.0341343029770946,-0.00769286630915072,-0.0156886953761661,-0.0124961011470126
0.021503001969337,-0.00509020205602016,-0.0205443863689849,-0.0120360015741549,-0.00570433805871209,-0.00566501936151795,0.00137093841636885,-0.0226059659821539,-0.013026946259118
0.0157966858760399,0.0325109599504538,0.0417077703668709,0.0305410418904092,0.000706645033110821,0.00649096273212487,-0.00370846081621822,-0.000188550844332842,-0.0144224913019218
0.0458218700351459,0.0219301577262445,0.0216645638263851,0.00326766133841686,-0.0025510660416737,0.0140468004427306,0.0189095612690487,0.0132904469428837,0.0202719677806496
0.029401717480589,0.0455468628475247,0.0270803617664731,0.0463889799812029,0.0200538788023347,0.0661428203846186,0.0235039899696292,0.0189571389516703,0.0307141400815531
0.0365730985328774,0.0336718250500753,0.0425036239213572,0.0511938128968522,0.00566417379924171,0.0445926625390469,0.00566631900013667,0.0201321730517518,0.0333710905567013
0.0751515768507398,0.0266352887362976,0.049060383793197,0.0201027097593048,0.0098024323180821,0.0855220693664658,0.00945285841779151,-0.00803993358710353,0.0224617552446078
-0.0210862785948621,-0.0378357781962583,-0.0291692480545786,0.00424827106249228,-0.00644911922109051,-0.00933885286801915,-0.000414861897237552,-0.0229129623027177,-0.0144154455562864
0.0220499702470888,0.00376593265403607,-0.0205597254705187,0.020856010945091,-0.0154541805596967,0.0372507004935076,-0.0117444703144653,-0.000603661186851092,0.013357098755372
-0.0147231337947568,0.00411562563534627,-0.0244809166315102,-0.0113714046341343,-0.000998615288662812,-0.0118520509612543,-0.000522015164237022,0.0062418032738259,0.0222763694123135
-0.0107350545769719,0.0171468667417784,0.0176944135981898,0.0185589730465402,0.0178542633783939,-0.00467830063004633,0.0147896299385378,0.0153733275658155,0.0135400318631198
-0.0401651102335531,-0.0378330267805025,-0.016135555774585,-0.0253879000578202,-0.0144387856431552,-0.0355866018572143,-0.0180434172973413,-0.00365002418285851,-0.00830881214982004
-0.000316585374247968,0.0293386986591321,0.0149210805462159,-0.0244217872574193,-0.0178125471991195,-0.00433100804998052,-0.00078810524067232,-0.0196166772392793,-0.0123281693050768
0.0317031430752753,0.0095094168773121,0.00136164532048073,0.00311280704556999,-0.00755497845060369,0.0125279152515831,-0.000759048334971061,0.0200658159273698,-0.00018843677140144
-0.0151647109597617,-0.00900442334472921,-0.00964327798514165,-0.00282277379336471,-0.0221562155104631,-0.0400179258006041,-0.0209396211083887,-0.0403085735895144,-0.0399390941076325
-0.0723426265441048,-0.0135869931626497,-0.0299629095274671,-0.0160004506236865,-0.0135671419330135,-0.047221949723425,-0.0171267027529881,0.00207811924495981,-0.0149067710918847
0.0333451019804995,0.0128820384326181,0.00264036776691774,0.0360617015502364,0.0309172264201707,0.0169150885948091,0.0215807496925652,0.0301851742456285,0.036898186932061
-0.0876745394721648,-0.0354583998607738,-0.0712935963999454,-0.0618520614187534,-0.0197777134216768,-0.0986422088152853,-0.0168965865665436,-0.0194309255611559,-0.0125180751983734
0.0955496014333352,0.0177075600319413,-0.00431373070626843,0.00456739145157982,-0.00760029711337438,0.0681004586676949,-0.0120564785901674,-0.00552192517635974,0.000917866639204775
0.0921129859397403,-0.00146439653114088,0.00669175934313451,-0.00010585158461299,0.00145270276324089,-0.0182534091570627,0.012224131631567,-0.000403582599194751,0.0203614722111973
-0.065173589114425,-0.0604250133704907,-0.0721287881746109,-0.0288575687782539,-0.031781731916789,-0.0465419925155971,-0.00816126268927577,-0.0396618407590276,-0.0509214945386164
-0.0724588783803466,-0.00358293758753065,0.0046938240249198,-0.0109297712902264,-0.0231770869784328,-0.118337299102678,-0.0341859867122411,-0.00726559633929488,-0.0369321736659633
-0.0786871467699409,0.00791315238826118,-0.0216089054527016,-0.0503244250743925,-0.000818476483717787,-0.0999139887588357,0.0117472694737738,-0.0267838297215055,-0.0166351887652746
-0.0397317787160175,0.00145857251814966,0.00190603349213014,0.0290168768948072,0.00837007101561352,-0.0302876496813562,0.0112188780520599,0.037131822772757,0.00487418048305627
-0.015681190227008,-0.026973078644944,-0.0087990573917128,-0.0145052797349146,-0.0145065179725958,-0.0385684137542951,-0.0286334963039968,-0.0334648012268233,-0.0127597399894078
0.00783247449962883,0.0285204529587078,0.020807388451963,0.0120411041577334,0.0083050843654973,0.0038118574249609,-0.000928038506342787,0.00213154066652429,0.00398755240176661
0.0741018803476318,0.0278812039149832,0.0335263278067052,0.0139582413040024,-0.00530693130735871,0.023339655977341,0.00495242709654713,0.0121579380996921,0.00686671784973078
0.00233047723392021,0.00958393964088003,0.0106388973451851,-0.00397129950450144,0.00423498734164071,-0.0219870007217077,0.00980354216321477,0.00026769648174526,-0.00325120054478635
0.00215366234310541,0.023038883005278,-0.0183392942648601,-0.00187338350683474,0.0181281524015866,0.025568542007462,0.00956293855707817,0.0130684699701403,0.0203312823780735
0.08057803413577,0.0428208314841312,0.0330119421515303,0.0349866440785795,0.00380429329781938,0.0323823541544366,0.00116823516510355,-0.0070394188469846,-0.000761481709449638
-0.0745797324488748,0.0135580892932893,-0.0323188214148669,-0.0428037893434313,-0.00702765556550367,-0.0623025554701019,-0.00047860538109823,-0.00225146013589624,-0.0218344761107517
-0.0370525491227931,0.0156547941104253,0.00828975539780779,-0.000853031028953603,-0.0027797691600888,-0.013588461481404,-0.000917592334603673,0.0153294391506196,-0.00336682296219361
-0.00473717474057437,0.02326300029141,0.0153781403337514,0.012432181636184,0.00857547452260418,0.0279149226065424,0.00322319901933165,-0.0317891258184913,0.00803815155928948
-0.007946452411,0.0193172941623756,0.00418388292651233,0.00593109855436626,0.0127454516234673,-0.044639359651955,0.0261993260217432,0.00194502906590265,0.0200091377827102
-0.0670243669406349,-0.0294189657189616,-0.0392674415269964,-0.0224292295559345,-0.00117036793880986,0.0622562006038545,0.00582387247463183,-0.033977365034436,-0.012824778667226
0.0518233857356482,0.0262036742571857,0.0145211195532083,-0.0142412623746187,0.00885302069040988,0.0387982327189649,-0.0262644591232556,0.0198081960538756,-0.00249695421270722
-0.0536025158572438,-0.00994501570147685,-0.0153617248781758,5.93665663087261e-05,-0.000978118227951113,-0.00688341350243125,0.00628936904157534,0.0178052588318738,-0.0041511605829298
-0.0476851920520361,-0.0327866670941432,-0.0209170276708017,-0.0452912866699175,-0.00342191834387444,-0.0676103998405095,-0.0357715422858338,-0.0216235888358518,-0.0183088298198982
-0.0127002057174178,0.00533687117958698,-0.00918674996209582,0.00367647115510438,0.00165546955981413,-0.0197130941887086,-0.0102834619366276,-0.0246446517826606,-0.0119566625458193
0.0791616339103661,0.000415686345935505,0.0048198104905165,0.0352838692862335,0.0101060837817627,0.00800633613546269,0.000422424498064644,0.0195594200574244,0.0291692010180148
0.0119729653216147,0.0173113613975355,-0.000719495818524874,-0.00188033283490059,-0.0167609008571909,-0.0309136002379737,-0.00412841851672395,0.00259058671177225,-0.00666632103345935
0.0963001407341158,0.0288321041738859,0.0178175845619324,-0.002880172648581,0.0214931084483419,0.0544434400905895,0.0247249711934747,0.0200732067968901,0.0280326709115972
-0.029374025181597,-0.0151853207161631,-0.00807141343628367,-0.00942766107773275,-0.0155261744136627,-0.0474127744070899,-0.0191066000047693,-0.0064112303556985,-0.00863350219873891
-0.0210346374297243,-0.00416345819775578,-0.00603360555823134,0.00814005801377287,-0.0127454189133367,0.00228993645502466,-0.0317916616803961,-0.00133573685612853,-0.0142105720447805
0.0598348749160646,0.0398777116556253,0.02990853982959,0.0466088203537496,0.00961026089214948,0.0495207463491691,0.0153227331306519,0.0253245513634463,0.0129325287283476
0.00395410345121427,-0.00669027689581004,0.000363811215196971,0.00712844560181485,-0.0149344876837422,0.00305411063340659,-0.00272884116230742,-0.0168120861594196,-0.0137399661518169
-0.0465770357133112,-0.0418005803435292,-0.0396187953223433,-0.0403069778610714,0.0146385215051542,-0.0391895245222652,-0.00675320956219607,-0.0372836137610588,-0.0036807800009275
0.00999617336286108,-0.0224682221383198,-0.0197198667745523,-0.00762544414489501,-0.00988976740237813,0.00141112535666967,-0.00758187188596685,0.00161439017733103,-0.0122020927369781
0.00490324736644178,0.0122667894059095,-0.01817188977186,0.000609120957039219,0.00782466089949827,-0.0203458334606188,2.0486004445292e-05,0.00366368552763062,0.0104613104744225
0.000852133344234239,0.0197425111084737,0.0371611029486007,-0.0185785100714275,-0.0106182247291224,0.00234524193762584,-0.0289657981403806,-0.0150453234093725,-0.0179159310237433
-0.00351294065946933,-0.00346123363450588,-0.00136039967749875,-0.000663399045582703,0.000585153932259927,0.000793428140819247,0.0021878058295324,0.00517395670188227,-0.004916530613598
-0.04857305443148,-0.00602100371916342,0.0128476286095821,-0.0476779883977394,-0.0296067126243939,-0.0831767931459188,-0.0493707559434687,-0.0347381208889098,-0.0401807351047167
0.0451104504928063,0.0106441027422076,-0.00291492311416701,0.0236950993394108,0.00355450203633394,0.02876517883791,0.0126038947247792,0.0299496168924464,0.0112357264919228
-0.0366256387139492,-0.0312210118626195,-0.0304714282792918,0.0234304230839797,-0.0176680522710229,-0.0700665026216238,-0.00384781112427821,0.0104916983741118,-0.0115364329248746
0.0128193949628377,-0.0206162928073588,-0.0092081711639908,0.00914705157010557,-0.00271775501130437,0.0110338132878954,-0.00331628761660171,-0.0280342791871461,-0.00362203132796237
0.0199469849519592,0.019479403786412,0.00503725587763837,0.0487221564169444,0.00675237297402637,0.0261627862912291,0.0103771759467759,0.0247927613655497,0.0227010849469879
-0.0173483820651244,-0.040183774173459,-0.0227414093171457,-0.0119569333732727,-0.0254114158375294,-0.0003668105020698,0.00130175065543001,-0.017191078398588,-0.0299287596656182
0.00287940267066943,-0.0246277474209448,-0.0376692032772076,-0.0223853632874257,-0.0184129787611613,0.009955206122441,-0.0225589666189959,-0.0038512545463439,-0.00453594741246775
0.0329540374290096,0.019254614272758,0.0204149410102414,0.00543105763614301,0.0218462049806599,-0.000480377796513047,0.0296908113128128,0.0458082273393896,0.0306378166977559
-0.0176900827707648,0.00691757329285439,0.0195432814129174,0.00288342250236094,-0.0103868280039369,-0.0397350702745789,-0.00292045491324157,-0.00166106605743876,-0.0111840932711009
0.00159477787056193,-0.00220684309155656,0.00958849859908678,0.00527129050741472,0.00655907496982252,-0.00106262486756492,0.0177997911798506,0.00619150373865656,0.0376562677976524
0.0175108868642686,0.00790867649831332,0.0276147680180094,0.0160090070823339,0.00789388633331751,-0.00836838100420642,0.00185060370861898,-0.00319285704628315,0.0199630760829972
-0.0758095194803866,-0.0286556557476321,-0.0365490969233301,-0.0244631899248317,-0.00807574961482299,0.0410461916475759,-0.00124295455015933,-0.0113307557250511,-0.0297302154664669
0.0234363131447885,0.0263412164618137,0.00970096362465556,0.0406085760674016,0.00456115556948263,0.0202701458664812,0.0173323675288501,0.018774200815177,0.0184414343373335
-0.0193402980234648,-0.0165145565061155,-0.00867682281913343,-0.0171195002481695,0.00154743429152822,-0.0241418093234179,-0.0174606925768456,-0.00226595869805144,-0.0190749080656982
-0.0610725208075255,-0.0197209956004687,0.0121369972985124,0.0198982853954883,-0.00479862565547103,-0.0425077005101792,-0.0163292036284797,0.0135443615454723,0.00437252319338067
0.0129988553620217,-0.0114930381036576,-0.0074425642455633,-0.0223863476556622,-0.0122470132141343,0.00299608201594219,-0.0017518634559775,-0.0223665850639967,-0.012754772437737
0.0423303607231196,0.00870887987457901,0.00901338862287176,0.0219418622315319,-0.00518462278009037,-0.00876267441915698,-0.00866728175081755,0.015435093951452,-0.00549195200559479
0.0895063357441246,0.0464784397833918,0.0296816016768596,0.0259376195464947,0.0111822182540799,0.0658369046748864,0.0019952981140568,0.0217878018406296,0.0194683952054541
0.0278774076143728,0.0318411952972871,0.00816851409730686,0.0608185911489441,0.00535332341739137,0.0453570423044483,0.0173464265064721,0.00552200337845185,0.00740717444277076
0.0472171785354925,0.0151815923041971,0.00234191554831746,0.00638253119601178,0.000659767934053031,-0.0510872709042606,0.0114428620623741,0.0393817749119177,0.00788635546498427
-0.0457028683213188,-0.0370046509531064,-0.0139841407299432,-0.00905395056889863,0.00109521098930078,-0.0634696773183725,0.00575538309609684,-0.00527717335862781,-0.00624153682635976
-0.0132965127943119,0.0149009190811581,0.0310429843979526,0.0236153896384206,0.0169405207933501,-0.015455454167725,0.0100499480547297,0.00964283545422444,0.00791780395474951
-0.00463504379949209,-0.0102698589350251,-0.0123457704664884,0.0469103918806335,0.00514184481117813,-0.0158612396919863,0.0102792941581566,0.0396544900705811,0.0104252809049018
0.00466205694637413,-0.00168240626246334,-0.00860535024756792,0.00573847476323467,0.0081172604807692,-0.0456864986857234,0.0141366523616074,0.0188261660287673,0.014354313409189
-0.0552033727509175,-0.0554972556731074,-0.00599021689197691,0.0271872935061053,-0.0200240439584663,-0.0267303130196771,-0.0133114820085183,-0.0081421687511879,-0.0157184687965783
0.00657447524069214,-0.0138951459224997,-0.00606504766043307,0.00775611787027801,-0.00502935617975994,0.0388833898499575,0.00802450966601233,-0.00868789934049259,0.0116802596988097
-0.0466349952220153,-0.0374621741102947,-0.0497411474350695,-0.0293612578316507,0.00240942019737356,-0.0586125153744397,0.00120609181419568,-0.00502720191353547,-0.0055217470459751
-0.00786686189360258,0.0208994702263866,0.0239867902328175,0.0103272383252469,-0.000317690633654558,-0.00929727859525229,0.00504211104659603,0.0250784407300793,0.0103453799902639
0.0597575613646953,0.0382159939636314,0.0347315016457487,0.0464141468220374,0.0231939414064153,0.0640658263361207,-0.0196150926031731,0.0128130804841935,0.035818503417971
0.0361594426200012,0.0287909753606258,0.00322386139937208,0.0218884682264417,-0.000388849599890841,0.0383025110992125,-0.000740206858042509,0.0143109961582383,0.013871459090522
0.0257039594556112,0.0156505538336782,0.0186525037440962,0.0163507870757682,-0.0102114368659785,0.0109070892026355,-0.038545645528194,0.000190493032075317,-0.015666309799881
0.0565274512741524,0.0498859168336991,0.0293666135493682,0.0717605797887553,0.0148829938107402,0.0101204581947333,0.0107854483033905,0.0225971442446894,0.0287627755046074
0.0135154417121375,0.0228346885966454,0.029989310299731,0.0367523218771456,0.0164387516184846,0.0168021629460924,0.0157635957725893,0.0207520768133548,0.0242028919665494
-0.0452856037061277,-0.00720923030825797,-0.0294645345272148,-0.00585685440936828,-0.00062974101138402,-0.0554119667574977,0.013029518450689,-0.00269558148382343,-0.0151990368364682
0.0521529141991324,-0.000518136357190483,-0.014225147571811,0.0119719784782137,0.00458470881015133,0.0376749410878773,0.015572703220764,0.0194188207169744,-0.00377421301735942
-0.0719480820095824,-0.00517311321766897,-0.0353219094689234,-0.0282416035971436,0.00642628396440117,-0.0894814881434574,-0.00438896401846666,-0.0148893311241382,0.00635302439746988
0.00269837314965294,0.00874401318584157,-0.00464833355771211,0.0263381660724409,0.00499542424247243,0.0048782102094329,-0.0113500051662499,-0.00180109191885346,0.0204568729946493
-0.00733341481681577,0.014370273264538,0.025727306194327,0.020514935547132,-0.00723538186288525,-0.00578763138601748,0.0238582242164301,0.00472037565194384,0.000278531340741141
-0.0135763883044387,-0.0133876395359108,-0.018403498930913,-0.0341133443130439,-0.0108546472317654,-0.0303171772621926,-0.0072099041003407,-0.0100989524450298,-0.0104170895447519
0.0388218271456505,0.0179570556416867,0.00915958195618445,0.0188727153196658,0.000613172238912405,0.00607693980844595,0.0188697845625669,0.00337125082814489,0.00889520778581982
0.0847273460751374,0.0614080939815183,0.0464091512054064,0.0418646185524253,0.00934804593633643,0.0857697961082806,0.0133718707250926,0.0397498286091953,0.0178742837246712
0.00379920544794862,0.00821502660890727,-0.0183640267542342,0.0165700503144885,0.0226694468446423,0.0366029382224851,0.0301315134210209,0.017195289897235,0.0340685164164151
0.0212261157134117,0.0430372562045304,0.00893272621122714,0.00166773251838265,0.00153308322581924,0.0270657963622952,-0.0145577052863639,0.0127772675972889,-9.20395027676949e-05
-0.0778858078701127,-0.0356517194449927,-0.0231532404460564,-0.00482944782391079,0.0048939680968776,-0.020386306609719,0.00111393243021785,0.00424846683111471,0.00123680062122057
0.0187731739043061,0.0180414484601625,-0.0076111767917414,0.0454866245843221,-0.00229155023395449,0.0248455912533884,0.00890109254162723,0.00944443088245575,0.0125322970825769
0.0454902109833383,0.0465665497603626,0.0216017685799752,0.00946563751543441,0.00466323224368637,0.0822632998969337,-0.0103802689967115,-0.00762533377457365,-0.000528101666960307
0.0402659045464811,0.0229471313673088,0.00161187263906817,0.0457303155864167,0.00306302711831276,-0.0158907120192495,-0.0038371036715956,0.00845787317708316,0.00578449891890914
0.00736208681689898,0.0139121883625614,-0.000751222044109807,0.0146250056279409,0.0047171487100479,-0.0154935045382336,0.0106150593379253,0.0311373154609902,0.00137971725479444
-0.0675413454151949,-0.0277715679437762,-0.0262697381530063,-0.0391565819197336,-0.00665882923250046,-0.0151098867381354,-0.00370644942641653,-0.0163649442897006,-0.00658090515904805
0.0244551055366997,0.00474293789976751,0.0161881227274423,-0.00547207989277363,0.00232556584488476,-0.00999725490531019,0.00137497224663863,0.00393491354063441,-0.000914914916977826
-0.0284395670876334,0.0144354834699766,0.0281538333000569,-0.0520510761705104,-0.0162865929129891,-0.0448957349423009,0.0112429284435219,-0.0158361002070628,-0.0300264484358443
8.87658490056494e-05,-0.00823671292998533,-0.0209038240850581,-0.0246124484692062,-0.00825381275133362,0.00347061006492335,-0.0211722427527925,0.00398708538060381,-0.0131346574858784
-0.0150935993674607,-0.0301632865280807,-0.0101541119275017,-0.00826009301795537,0.00293350436436274,0.00213669963000704,-0.0131108875903756,-0.0140266757354044,-0.0225245307196074
0.0269405541000279,0.0324174640515854,0.0224810069577284,0.0325095128204633,0.0174010772288093,0.0145745048469995,0.0107475003117583,0.00693394743128977,0.00823602767567405
-0.0309487600732998,-0.00535884159318099,0.0043633844183805,-0.00979114386263595,0.00276890139936279,-0.0224884961679344,-0.0060626244205216,-0.00705043729318938,-0.00592477860134051
-0.0293642503712796,0.0111936636169964,0.000210148891966313,-0.000182938320734077,0.0163323722717445,-0.0284638651069882,-0.00433672830721827,-0.0141107829415526,0.0173719400992307
-0.0367203736522279,-0.0323343324529012,-0.0096799948210402,-0.00856751991439094,-0.00437443446777351,-0.0754553297395471,-0.0193390841715878,-0.0113968771673016,-0.0194713006095143
-0.0165480742320482,-0.0132014892770392,-0.0288412600241254,-0.0171137650057054,-0.000797748230506321,0.0119147476335463,-0.000657690384157371,0.00145907408763713,-0.00491788488375356
-0.111896613784229,-0.0634059878365042,-0.0656994373442371,-0.0621102669993925,-0.0127231631924787,-0.0849446457477025,-0.0179746908252939,-0.0337425077278678,-0.0504365154476854
0.0132219610286249,-0.0160703106342145,-0.015110424748396,0.00961252811254937,-0.00307519615342295,0.0157053085402573,-0.000358713256988955,0.0127451900294545,0.0106052774038525
-0.115242170877359,-0.0458748436439475,-0.0437342912496591,-0.0464285992790384,-0.0190030687752586,-0.095791791619235,-0.0202332402415857,-0.0365687596376936,-0.0363866868587587
-0.0223103968835295,-0.00185760925018344,-0.0112015457946601,0.00745674333785762,-0.000382559929649094,0.0229681089377321,0.00887315162998266,-0.0312412126843461,-0.0179669617329848
0.0739328995093555,0.030891542523697,0.0153651633724241,0.0317423614707151,0.0230272488121043,0.0815444020515866,0.0256494127374272,0.0506662396201798,0.0224297609786585
0.0810332901356549,-0.0293341227535153,0.0340311279889969,0.0395745737884422,-0.00417783250378755,0.0497735443886888,0.0178904047342832,0.0200128718803976,0.00695265994591438
-0.0180968353980223,-0.0175011610450262,-0.00200836233324981,-0.000323594165004384,-0.00366930420785974,0.0174555078360326,0.00459968699598351,-0.0206451697612042,0.00270933781626462
0.00253294264382617,-0.00931024701622253,-0.00621125175513679,-0.0173019061347479,-0.0166522914108352,-0.0211372337055646,-0.0179590935832793,-0.00800246142118336,-0.0124889133881528
-0.0722765983216729,0.0171961095994103,-0.0346712815166752,-0.00148287466784762,0.0192398852745512,-0.0489704769732266,0.0225576086351989,0.0153120566689493,0.0176513833044097
0.00578210769579758,-0.0175112928420523,0.000399955680347212,-0.0119449416860472,-0.0142233582604124,-0.0194107928524269,-0.0191932027118483,0.0105809660884788,-0.00236808595233501
0.0273674848666127,0.0153452854892454,0.0163982110145824,0.0188372949155858,-0.0020630128346577,0.0212226025301863,0.00243813130229027,-0.0107316522650379,0.0121248708731726
0.0647448956447921,0.00584526335449916,0.0172396397585998,0.000780762829104029,-0.0101201431851288,0.0409571640441666,0.0027449377148931,-0.0165184348246356,-0.0108000286290498
-0.016646891411786,0.0108722538383933,6.95174962986019e-06,1.56414021783163e-05,0.00332861809376995,-0.0118580918658477,-0.00304758644226493,0.00950208357215012,0.00907396997594602
-0.0235832379141091,-0.0317421580300168,-0.0352974074662652,-0.0123712099737465,-0.00336184956834641,-0.00878642211027335,-0.0279204272330802,-0.00365707415888208,-0.0106840570488046
0.0266168641286712,0.0194283377244206,0.0179145122292802,0.0111419487458321,0.00574987041383308,0.0340668077629227,-0.0232842593408948,-0.002394638466659,0.00386421583332176
0.00136126182303983,0.00687635045514502,0.000254401553781471,-0.00979334800059981,0.0135740842788345,0.00814954944584254,0.00221632019017854,-0.00933083020892232,0.0274866715922664
-0.0156518667838405,-0.0509911212834558,-0.0350517637524329,-0.0125724414926638,-0.0107685506682116,-0.0372186276007479,0.0135668455720439,-0.0232972649053242,-0.0266805708231569
0.0663835670864161,0.0202233199321175,0.0152314024256247,0.0155478101375761,0.00253077289718319,0.0672169503862219,9.11286062844287e-05,0.0191330043789914,0.0144256158290579
-0.0278457060751246,-0.0308389242245179,-0.0233622991772331,-0.0036036251076799,-0.0158716881424848,-0.0138720694733107,-0.0187437926552531,-0.0234598741399365,-0.0343576868611975
0.0592371569518306,0.0485991059134386,0.0489293046973484,0.0037736861546624,0.0101665139891606,0.0524716520516254,-0.0102942863317564,0.0110105355132693,0.014487714233666
-0.0517658141671074,0.0113286614782064,0.000255444120433587,-0.0182304851686735,0.0089325925737104,-0.0588022031219965,0.00209172912829212,-0.0138174302100561,-0.0083311356201507
0.0561470873417758,-0.00719795145464746,-0.00444581626928192,0.00788716120191938,0.00517494972909128,0.0210124906928268,-0.00762762076431761,0.0206878404498413,0.0249065954146181
0.0324548631155648,0.0105228952303766,0.0151543726812615,-0.0102085119653181,0.00313094516344085,-0.0281771238462431,-0.0108912573031692,0.00550313280668734,0.00272493985876336
0.00982035312193804,0.0122919041034472,0.0362109459455456,0.0269953270757699,-0.00329401466934797,-0.00606553268065735,-0.0311708660370957,-0.00336057723964268,-0.00739343893193375
-0.0238203567140512,0.0233486172788927,-0.0147022043365724,0.0449590014649865,0.0217799782834642,-0.0235737650573116,0.0247106799151681,0.015731323350341,0.0148863129962909
-0.00781916766050296,0.0437087720150508,-0.0121137190883579,-0.00320436306087567,-0.00459838637031703,-0.0180185173195044,0.00345887246900423,0.0128006305329545,-0.0127407174647051
0.0363460063253693,0.0254483830453492,0.00304221073305992,0.0626545910093246,0.0141199600990242,0.0177281218533764,0.0407941885972618,0.0314977220896098,0.0171246934305889
-0.0239495764458223,0.00344251045734857,0.00050360405899584,0.00965788745132367,-0.0127661557376458,-0.0302104927495126,-0.0157325634362522,-0.00491001222317296,-0.011825478317832
0.046819519826306,0.0756504396853365,0.0508701764091133,0.0546684991475394,0.0236002534943074,0.0299289156137661,0.00977291579607386,0.0225903396547303,0.0360827014489545
0.027176136045558,0.0485025010022136,0.049200186567266,0.0151685823163381,-0.00294265871421937,0.0194385074946929,0.00490872048736655,0.010331240940804,0.00140120751403321
0.0337640741542882,-0.0281667573082906,0.0153576575457732,0.00976870883928416,-0.00344398339401733,0.0126911199565416,0.0191387221830039,0.00270146382048172,-0.00224289849844783
-0.0216757831326719,0.00754098040105729,-0.012218659583595,0.00515336841132325,-0.00912604507510014,0.0011310252951097,-0.0020000117967436,-0.0130003356956748,-0.0077125181374581
-0.0528487770389611,0.00401185838880071,0.0051099673434704,0.0123637682250768,-0.0136915004645146,-0.0807942316484083,0.00237402081017875,-0.0124913960114604,-0.0125123396034122
-0.0782751068642429,0.00165927314655771,-0.0449712957888238,-0.0326873192327834,-0.0108904718213378,-0.0865268055881226,-0.00331693073799118,-0.000658813337966431,-0.0114615720918576
0.015383139640424,-0.009898784534663,0.0252592462511126,0.0534723419137375,-0.00555636479488036,0.0166470695234703,0.00355278639116733,-0.000365557685747355,0.00687790074194571
0.0326231217171286,-0.00249027398451652,0.000214985201247603,0.0180533235397066,-0.0135481994668445,0.0279308152185477,-0.00668214927085577,-0.0233492905066991,-0.0102461869464638
0.0675854736678175,0.0481849296197647,0.0391129401520105,0.0171807042595616,0.00849694570941204,0.0423296884535047,0.0101762156329809,0.0125310907328146,0.0110092945561928
0.0101543432979265,-0.0055763381223094,0.00536878246959374,-0.00462570937519213,-0.0146341585633463,-0.0269484368780471,-0.00623845875504625,0.00389780355704602,-0.0105689207303936
0.0102121633194873,-0.0003644082484402,0.000711103506431876,0.000426919671715638,-0.00505916428187573,-0.0349604740779879,0.00859392612602658,-0.025648094197308,-0.00847916238799233
-0.0390792347319756,-0.045936319079679,-0.0333655742559405,-0.00887057352325144,0.00882413176969678,-0.0470874010446337,0.00917642549084669,-0.0111412542180191,-0.00166138899490577
0.000762223801395507,0.00213103774589732,0.016073760305977,0.0119056072128018,0.00334206761605157,0.00245972184338095,-0.00579839147232043,-0.00374967617433982,0.00779194750868429
0.0261973468858581,-0.0344815078654628,-0.0220492397808338,-0.0115585728611701,-0.00261351261074933,0.019246933486174,0.00486017319283044,-0.0278464263086335,-0.00337417167910634
-8.53008825420064e-05,0.00998124769882911,-0.0180141841913393,-0.000788598979917369,-0.0056973203453881,0.0112299063796719,-0.00674691153071581,-0.0035185834796988,0.000449035526725349
-0.033022474885078,-0.0431939408700227,0.00121805653946523,-0.00634294418557616,-0.0279107674634828,-0.028420687165584,-0.0159300973138328,0.0106497969930747,-0.0222808463190303
0.0228774542520839,0.0044968591857235,0.0160871013133939,-0.000315982125400601,0.000949390938188286,-0.0129523958468509,-0.00413733049424593,0.0145525602821668,0.00624499999920619
-0.00432213326394349,0.0290824234391129,0.0135776923366125,0.0328900055505682,-0.0028942410547535,0.024120167427811,-0.00870885031525374,0.00725576384992985,0.000440500602641758
0.0151951851164368,0.0173534922538014,-0.0253730817955668,0.0068303228030579,0.00226132174002381,0.0124570249581869,-0.00478980816779083,0.0134769938921185,0.0101468371742035
0.0065686329736734,0.0113284603609964,0.00674576254833375,0.0140003535303338,0.00614350137275583,-0.00707723619585051,0.00706070501085744,0.00112502455445522,0.0100470745860748
0.0408435619216148,0.0317103968254978,0.00821091227525171,0.0473241075403169,0.0122573437573404,0.063567211950882,0.018034363154206,0.00473455279089229,0.0167201556327622
0.0518103528619991,0.0428511707518898,0.0274647552923803,0.0578209828888494,0.013223791690889,0.050247958760721,0.000854826138652869,-0.0159924353144407,0.020674699109908
0.0746303552695328,0.0597944341288395,0.046352933017994,0.0532495471121112,0.00727683503916304,0.0793097749261055,0.0161898682956311,0.0173165587514639,0.0376392683055651
-0.0331811927005061,-0.0291061055799012,-0.0133473497153682,0.0335070725696765,-0.0132254218542459,0.0312405989031969,0.0223219189936439,0.00566184201788187,-0.0179024187977126
-0.0123281560926035,-0.0118674471623477,-0.0243576556734663,0.00376593561428844,0.00465495575720493,-0.0324578688728,-0.0140184548950157,0.00387314234847473,-0.0140013474019978
0.105338428355583,-0.0307700074139084,0.0168819653144016,0.00302171321168983,0.0050174379847947,-0.029589425926107,0.021870682464094,0.0149045200806623,0.0224302211783918
-0.0203396443409153,-0.00365275520219078,-0.0515659934966201,-0.0388132004888424,-0.00160649316771385,-0.0101342943818518,-0.0102041527697089,-0.0104746831479841,-0.014993868587845
-0.0151090097366406,0.0369540038903031,0.00584065901426534,0.00806287307250206,0.000618430005530526,0.0249523095512822,0.00448097225828141,-0.000557159984169251,0.0044465598583543
0.00255933024095984,0.0110051669470633,0.0197352160573016,-0.00243769010626697,-0.00416137493675905,0.0104925607168917,0.000406318670611537,0.0127397838763624,0.00959741704926661
0.0964665617911717,0.0423679692743563,0.0312355114692045,0.0209606462128222,0.013110097784824,0.0809127911854671,0.0213658362381039,0.0201033299499774,0.0298506326663761
-0.0394653359247736,-0.018748785861337,-0.0110351442719717,0.0232483346505135,-0.00450824206263921,-0.0452126645538437,0.00933183466025158,0.0136260938463621,-0.00518897820872939
-0.0822302506649387,-0.0265527196502575,-0.0395775227402031,-0.0401885089423279,-0.000882642360630252,-0.0794702101706207,-0.00251353178747796,-0.0206906849363356,-0.0027286209318054
-0.0027371512184454,0.0103853734484778,0.0163087268141759,0.0403027929287512,0.00791865081644393,-0.0247054106662074,0.0126264541792073,0.018946660139272,0.0143492217208297
0.0853628647631039,0.0205760738046225,0.0208672914620958,0.0328853679699646,0.00516856649773226,0.0585806436327419,0.00880634609053191,0.0388115676722706,0.0120108074708881
-0.0185163796446946,0.0223091709047948,-0.00172568669766202,0.00104997827401291,-0.00469449837899874,-0.0188234179406248,0.00125269393083351,-0.000103399199714084,-0.0140712080888019
0.0394440179277882,0.0138959252519936,0.013868553070578,0.0285616551752216,-0.00925080818217114,0.0359706300152718,0.0113927597767054,0.00939205527757275,0.000208500474321487
-0.067111979928648,-0.0426616967718889,-0.0536629637597162,-0.0350101282718304,7.27741561064683e-05,-0.0603248057806662,-0.012840455029526,-0.0495516144238769,-0.00874544836332494
0.0367636067121719,0.0456783023813425,0.0303061087418581,0.0214797529713585,0.0185490409319173,0.0305684759118363,0.0177664352689575,0.0177413235246903,0.0384827655176066
-0.00567225702853907,-0.00430668123817646,-0.00417997738726556,0.00370296885303688,-0.00713771293248633,0.0386663977014976,-0.000981987132998942,-0.00832399361543728,0.00580667189171471
0.0660169212993324,0.0378519851256788,0.0301862526750358,0.0128590663875913,0.0041232853942202,0.0230910662181689,0.000798214242628616,0.000965446719534001,0.0184772254588661
-0.00196560003728952,0.0230808455913422,0.0221707316222718,-0.00564774092535909,-0.0174959920675102,0.00705798898123921,-0.00194636308936586,0.00135240789043429,-0.0115979286836889
-0.0356371786820752,-0.0291332989521558,-0.0245966851881404,-0.010484749421935,-0.010294464653248,-0.0341502671634515,-0.0451360499019078,-0.0390862761023896,-0.0104856895279533
0.0219647119259426,0.000527451435925277,0.00647998048108835,0.0439184747420814,0.0140842556235579,-0.0018971563034616,0.00936077001156183,-0.00709037684171881,0.0236744949332252
-0.0283976794940478,-0.0108023544139553,-0.0132333275250179,-0.00816714407433296,0.00434865426151825,-0.0106223849844785,0.00371892903482497,0.0200143515199912,0.00261628296433005
-0.00655642078438247,-0.0185225869604304,0.00223478816593943,-0.00328204772741941,-0.0157714307086351,-0.00770478455751629,-0.0124277623605857,-0.0079006403671408,-0.0163856315241792
0.0358124226332421,0.0459127347138626,0.0108449084826944,0.026334467052158,0.0237883828144101,0.0600773072181691,0.0210037793442578,0.0350636766554288,0.0386728095295129
-0.0253466592275193,-0.0600893141345648,-0.0205914427563978,-0.0466703973654756,0.000873225619111258,-0.0376590223454084,-0.00391003047696484,-0.0170438444493295,0.00489279150673899
-0.00346296986262721,-0.00857221782666071,-0.00246991515385032,-0.00132266394665883,-0.00919942942860261,-0.0176322162948029,-0.0168747490256442,-0.0413235734126783,-0.0536338992307445
-0.0282708272130677,0.0223041381570449,0.0141934286000257,0.0146777269924472,0.0222102038648949,-0.0297605537227853,-0.00653657542791283,0.00320145632382979,0.0011909237298032
0.0368175467518071,0.00194283415245673,-0.00157847498053772,0.0180731913935228,-0.0158990190465685,-0.00950713767390851,-0.00663572489001177,0.012173837477281,-0.0141696459904757
-0.000840489115703213,0.0101648853238477,-0.00372790527170534,-0.0164374976190331,-0.0245078451208813,-0.000328094292317195,-0.0056514505963924,0.000427030501457483,-0.00927415957008471
-0.0280417406498142,-0.0119209555209087,-0.00751535271091973,-0.0135190394870622,-0.00413811866522833,-0.0157047750385943,-0.0110828984688921,-0.0247683220938102,-0.047231177138315
0.0112433954156637,-0.0375588876920167,-0.0361790584426123,-0.00957469778730683,-0.00191005843212939,0.0164281704761494,-0.0152838021372645,-0.0133326566812319,0.00239864970634778
-0.0367135184513479,-0.0260730993462639,-0.0124172848489856,-0.00939247039442591,-0.00606925128786191,-0.0412363842812996,0.00220858353754153,-0.0183490180110479,-0.0160398132100196
-0.0232567269369349,-0.0108530527062104,-0.0195870075248697,-0.009968323123999,0.00531015498603718,0.00541856824282837,-0.00855665307781917,-0.0199813486657896,0.000580803689861776
0.00348938845486298,0.0190623264089688,0.0124604273245821,0.0201443958595784,0.000830301616591439,-0.0307511017576735,0.017668369511428,-0.000521661725411609,0.00265403872170563
-0.0104906863403053,0.00885859574166767,0.0133973409001265,0.0266521828006916,0.000770876520246309,-0.0209113393884094,0.00228104975825703,0.0229290140103002,-0.00406370227838461
-0.018839884007107,-0.017288332357401,-0.033507219148548,-0.0163842669072293,0.00141616178262157,-0.0421080156411682,-0.0156554735615512,-0.0157422583845644,-0.00774355127553646
0.0183437363078405,-0.000229409094823369,-0.00325984023425436,0.0159374011473691,-0.00909811888383006,-0.00653041263765404,-0.010671862706115,0.00743080916277371,-0.00766978354113812
0.0496557246216027,0.0160496658629034,0.00861639298561661,-0.00471341531896368,-0.0123950150492455,0.00480792515044783,-0.00289266948606042,0.00496909715843261,-0.0169389442476925
-0.00226877279455284,-0.0182570606101512,-0.00706995127709573,0.00422511942081935,0.0110441513784591,0.00657716754643537,0.00520421419066574,-0.000172182226092713,-0.00839725033587201
-0.100251005982815,0.0117170909056267,-0.0424308706587157,-0.05705218190603,-0.0068378305740489,-0.0816605258986358,-0.025217139416176,-0.00678626599537209,-0.0104341276502419
0.00369759068067142,0.0279892766285434,0.0213962663207393,-0.0188903420774139,0.0105202061488256,0.018265314301855,-0.0280405416365593,-0.0117230978821018,0.0178984897887475
-0.0209576442760334,-0.0287895060333551,-0.013143576962479,0.00769877953285473,-0.0122851186936881,-0.00775807087312152,-0.024375279647978,0.00800827603343863,-0.0154631393944297
-0.0401529299622324,-0.0256483163842789,-0.03144705256155,0.0202385886830685,0.007939446891092,-0.00791698678143004,0.0240725551487001,0.000936739695512353,0.0192925503285798
0.0817631618909911,0.0239691898496407,0.0388434584031129,0.0454730804468773,0.00601072859110538,0.0294786304540197,0.00406372471060039,0.00283585166448184,0.0274626124443662
-0.00853997274631997,-0.0243484388335504,-0.0151611103276181,-0.0156788246242387,0.00289518328145701,-0.00966781197726058,0.0259848537141827,-0.00198739864441983,0.00158598160624629
-0.0742949197801614,-0.0271777239892311,-0.0179503300163406,-0.0373606796172817,0.00593197366496648,-0.0554643066262177,-0.0190798836263208,-0.0292215888996587,0.00101818270364373
-0.0307586607267249,-0.0149065785288277,-0.0155850315663564,-0.0241015125707955,-0.00178390627152229,0.0173506946817457,-0.0140187272857965,-0.0235514824906037,-0.00644695361146329
-0.0710523402655548,-0.0163114717601083,-0.0136849367623493,-0.0426459357603,0.0018526294169033,-0.0749694077222102,-0.0124226487912148,-0.0164215569647142,-0.00682419947085534
-0.0191957574762636,0.0124199151661015,-0.00441540246066975,-0.0165875013664521,0.000923811197151535,-0.00209849519005134,0.0165178832295903,-0.0059752575667432,0.0135041923366397
-0.0424216191830011,-0.0205417112586631,-0.0286532499619335,-0.0228505935134233,-0.0117937842726069,-0.108533998665759,-0.0337496143296929,-0.00991612807285258,-0.014721686821243
-0.00147295418089785,-0.0252059256183436,-0.0410235732423037,0.00655420820002137,0.00148653007469722,0.00208893094643229,-0.00230630194833882,0.00408561713715609,0.00295382099692005
-0.0966185504116245,-0.0591910934176762,-0.0280686112951164,-0.0320825187432137,-0.0447047937203766,-0.0673269126361094,-0.0142233016944921,-0.0555199299212083,-0.0609749047031765
0.0640930305410074,0.0213769376554539,0.00464071055448732,0.0656798883033578,0.0119150377774859,0.100604805492484,0.0114233678396885,0.025727929140113,0.0225492123140847
-0.0106044803732003,-0.0112661278271548,-0.0128755590920341,0.017779607105439,0.0229110843076354,-0.00754843599166266,0.00297058043362157,0.0113390236426001,0.02135360285367
-0.0902008731494065,-0.0268890966597568,-0.0574372497353812,-0.0641788229465485,-0.00918901797370512,-0.0646863917621781,-0.0113348358215398,-0.0341900441536347,-0.0138078785599049
-0.042902670979726,0.011889460124115,-0.0220067307606213,0.0244581908993183,0.0055361061432595,-0.00550411341788164,-0.012459627948092,0.00250549864820151,0.000809844799003598
-0.0638400039108133,0.0267743159518693,-0.010603795140235,-0.0428812812413993,0.00922099934155962,-0.0711705591757713,0.0164208201773265,-0.00869430536853018,0.0123998392190769
0.0188227629456374,0.0172289987343565,0.00823342480722536,0.00651523516564193,0.00620989472274294,-0.0105838244981128,0.0137109503873236,-0.00271488440709568,-0.00656000129225111
-0.0622234425737949,0.0125363981572348,-0.0403678400660987,-0.00935410659580616,-0.00359470110663043,-0.0807968186480208,-0.00405985716571224,0.0138905275867639,0.00392663167726828
0.0323816739663541,0.00728507626666568,0.00195606233449491,0.0238173938850307,0.00394288243391981,0.0515736074477822,0.00461206416527725,-0.00364756200984209,0.0128601131203518
0.0466073749657568,0.0308900414340864,0.0221843102167387,0.00619291440122358,0.0198927888530576,0.0597021987712852,0.0195401860903868,0.016434162969015,0.0190532674554861
0.0154349502738001,0.00572168835793107,0.00534049396929843,0.0167292982489318,0.0106693742183115,-0.0132558326254182,-0.0071565149500999,-0.00376677666826458,0.000299894930387937
0.0384211086689302,0.0442881589965719,0.0107214925253103,-0.00193325215995711,-0.00215029052095799,0.0378741560725589,-0.00704911679423026,0.0138945106984821,0.011613999560761
0.0442326771588904,0.0247111981700502,0.0175796144587311,-0.0041778250697291,0.00658710634449254,0.00765452516461454,0.00233205747321818,0.0170006074695682,-7.00821421434672e-05
0.0212271174303224,0.0251178494020625,-0.00436292799623327,0.00758132354442674,0.00740971068626421,0.0424773871464066,0.00374719894241551,0.036752798426356,0.00110238947023699
-0.0435303947580773,-0.0355897461991123,-0.0105500059694939,-0.0794261999423733,0.00719214787714779,-0.0647044621171891,-0.00402315304496492,-0.0110011555849008,-0.00246838082383107
0.00210263510609351,0.0221822444134001,0.000471617495827131,0.00211608694937173,0.0135809024938614,0.01423102852251,0.0250422214724658,0.00902136836149649,0.0311609956108258
-0.0433342272859085,-0.00761057387674774,-0.0010277737229171,-0.00893055438173026,-0.00185501411248617,-0.00751127816298289,0.00293780092258705,-0.00851347879975152,-0.0275921661472685
-0.00243998369693443,-0.0130463357558003,-0.00539236759165082,0.0238239113149822,-0.00272328894372173,-0.00794656721453256,0.00621369533272144,0.00208282575122192,0.00223439825586368
-0.0589056897394745,0.00264455716064559,-0.0369769261955439,-0.0328667820604555,0.00161110376317964,-0.018791249809689,0.0105171366270129,-0.0147511075431497,-0.00635787135680918
0.0480734900445828,0.00549243922334217,-0.000561740856585376,0.0372898982875998,0.001507510113376,0.0325509623807772,0.0119961239602508,0.00826657730190106,0.000976628524738495
0.0198828221330596,-0.0107682750186682,0.0324991258058283,0.00517362359205858,0.00689605329889206,0.00854513524397959,0.00524962187143228,0.010626403554441,0.0121286909633967
-0.0264580293745646,-0.00309173932580925,0.0100948864351184,-0.00303143117302611,0.0089601631144071,-0.0115372222069231,-0.00114280910464606,-0.0152555342689326,0.00789489856378723
-0.00896660204729944,-0.0284943954758234,-0.0089582981977978,0.0222733545599476,-0.0139051272159197,-0.00984825448027603,-0.012659703891432,0.00265129633286576,-0.0151245704384888
-0.162529829656195,-0.0605772610110968,-0.0484491618321077,-0.0836660448594438,-0.0134686010592594,-0.14614149191908,-0.00576369867860474,-0.0254066356176187,-0.027805646400973
0.0622750057922889,0.0110980915897148,0.0118933263489954,-0.00457126929715917,-0.0163123923953106,0.012765186100477,-0.00575753977155063,-0.0096589422462822,-0.0049592162201244
-0.0487277596900933,-0.00997327562207432,-0.024688769241769,-0.027046561746766,0.000656589041092432,-0.0845951715539207,-0.00501523994617447,0.0193603219933072,-0.0051423469540429
0.00888386325941175,-0.0273472014503524,-0.0295327044478781,0.00260000606242188,-0.00124976606222388,0.011021633567345,-0.00160044381515016,-0.0187882130990649,-0.0212873388171444
-0.0251629634705261,0.0161910193241299,-0.0110568385370905,-0.00740288083609009,0.00407528230933983,-0.0444594245034747,0.00497462909479697,0.00105571063763996,0.00758539746702797
0.145467825161747,0.00291740526521242,0.00524584278327651,0.00986431420285787,0.0164462343825868,0.0562299184684979,-0.00344103835703118,0.00821326763534799,0.0120742239800313
0.00332151860230414,-0.0149018498412136,-0.0218443309248275,-0.0102666123064628,-0.00301059271851116,-0.00372063572860501,0.0028642061269289,0.018866695794618,-0.0035898070196524
-0.0181850219615075,-0.0017182659521771,3.09122896579423e-05,-0.0386985085865256,-0.0116508015184272,-0.0613242467942273,-0.0298375850004215,-0.000362330740686134,-0.00855626268103257
-0.0705031437986383,-0.0234163437234488,-0.0278752863258342,-0.0162411496281773,-0.0179171834869033,-0.0890009730566629,-0.0269485486876168,-0.0209967445001833,-0.0350266074351438
-0.0557477385611445,0.0117472355279885,-0.024433536892111,-0.0297472043980444,-0.00138061694119957,-0.0438490135538185,0.014235989008387,0.00534453166852096,0.000621124852700784
0.133105950677571,0.0250764360147462,0.0447388387721706,0.0108043388831766,-0.00230391451910451,0.0012214324011781,-0.0214225504548977,-0.00127670696145002,-0.00182096166184885
0.078632432538413,0.0748260780993048,0.0460005009256743,0.0647275687496106,0.00678744814293474,0.0475861804205241,0.010700432869981,0.025164027407121,0.0340939568300091
0.0821868934670162,0.027659434889073,0.0310990457461265,0.0477697578017108,0.0180700353906265,0.0658186888617062,0.0180463686137171,0.0226929504652038,0.0102643952829246
-0.0808082032012866,-0.0135613230056102,-0.0297965431231884,-0.0417530588415368,-0.00179983515134203,-0.0967713382967106,-0.0198919641712923,-0.00762662471728597,-0.00764089496581898
0.027777581778833,-0.0158986143134346,-0.0177507599565165,0.0233557119873853,0.00281342346506729,0.0236168278958432,0.00875583436920277,1.52889004706769e-05,0.0147755943387501
0.0114561166019034,-0.00458557636387295,-0.00698550199230287,0.00630320542801538,0.00596104246258014,0.0379063243977549,-7.50649069448063e-05,0.0135495642036822,0.00749795322746298
0.00903683755267982,-0.000730286069204216,0.00981439931177224,0.0161740692695252,-0.0157772229195243,-0.00676714135580834,-0.00928418541664547,-0.0169344856533011,-0.0109839066132358
0.0284956713889225,0.00664235712345301,-0.00380394272145581,-0.0137511108822072,-0.0143209380183927,0.0126062329969803,-0.00278093977686419,-0.00101698144916109,-0.0248115646558001
-0.00890540271742226,-0.0447880882295411,-0.0277231845204901,0.00283994680187765,0.00625625190833495,0.00967750289454279,-0.00805004294667048,-0.0126819059517104,-0.000191040107325258
-0.00685886333195057,-0.023253336324213,-0.027482486080836,-0.0106471504821307,0.00658579703032683,0.0303068054633225,-0.00280551824384388,0.00280368894531,0.0121838161252111
-0.00872304334899236,0.0134805567290035,0.0210456820636331,0.0178605494171055,-0.00456064589031979,0.0323678572282143,0.00897793570889398,-0.0219926756373425,0.012500075637867
0.00715349454959986,0.0204783453791076,0.0102371593386891,-0.0120761987356115,-0.0102039779685101,0.010925636822235,-0.0141721937995032,0.0224138312091946,-0.00437366841276175
-0.0124197597355544,0.00582971864586182,-0.0201163279528515,0.00274734589993278,0.00160162102649905,-0.0331486575177829,-0.00610855910306751,0.0170451351309007,-0.00502736601817414
0.0797581410836814,0.0386906614023776,0.0322204579424117,0.0383950872393899,-0.0024853824832165,0.0785010308827771,0.010914661310124,0.00753779688206767,0.00557373564349203
-0.00366388555112794,-0.00553897076042076,0.00997408323753991,-0.0132995548253092,-1.90254217149426e-05,-0.0516546864300588,-0.0161940959933529,-0.0215904201244249,-0.0121833511539886
-0.0563446565363513,-0.0162959667144541,-0.012599961901054,-0.0216725101661212,-0.00560982918427405,-0.046609693879798,0.00681774300402509,-0.00833952760484908,-0.000479525182684992
0.0250510456386915,-0.00305918979829795,-0.0111418327680358,0.00641288028638104,0.0236519093236894,0.0368671742068266,0.00830986814976302,-0.000958458709689015,0.0335114997971513
0.0726657059308766,0.00771558131237979,0.0154489217112541,0.0209916816118257,0.00386719672359285,0.0487742427896196,0.00656494374992231,0.0345192601599426,0.0200266787247131
-0.012506736744979,0.00330621108179607,-0.0154479366521124,0.00194375862415597,-0.00645832286634149,-0.0450141219177914,0.00423967557155593,0.00578376152907639,-0.0118239937754891
-0.0245828762686119,0.0278266785449265,-0.0165832731244189,-0.010722726068231,0.00729100121685207,-0.0107603720591473,-0.000244402178435234,-0.00398565548008381,-0.00246871780176425
0.0393645210299984,0.0283705051703402,0.0204681075675921,0.0244962068817988,0.00502817577689795,0.0667662036092979,-0.00438868201915131,0.0189344635682102,-0.000392606205382843
0.100484924084403,0.020796422040102,0.024310020766063,0.00882493595578624,0.00329065584650861,0.148747218134436,-0.0018218330924207,0.00553093066649156,0.00891031421103396
-0.00679685056444728,-0.0123421634070055,-0.0155150962911037,-0.00989355579319562,-0.00470612743889801,-0.00754989837356171,-0.00837601303175838,-0.0160124118436357,-0.0156050937906837
0.0696518948939266,0.0464027477978756,0.0283457085504821,0.00448524994534427,0.000883386669038508,0.0731808630635664,0.0157289336133928,0.0386160990450548,0.0191910618927194
-0.0556782008187948,-0.0134531464226903,-0.017156388284963,-0.00953034307289436,-0.000880343933481363,-0.060693347760191,-0.00365705789974217,-0.0147225613982537,-0.0125286207046026
0.0280655445720201,0.00179454473788509,0.0214127321813474,0.0366018479453626,-0.00533928893355328,0.0127965597834619,0.0027657496526711,-0.00591572693292546,0.00236017877068694
0.0293339882817898,0.00268564849827318,0.00605106164881234,-0.00295857543126259,0.00430681945770686,0.0239951056938624,0.00256745411982774,0.00334601492589233,-0.0130924899118032
0.0181456254833518,0.018436971102129,0.0155322068688781,-0.00896967189756009,-0.0033982385620241,-0.0116792764109792,0.00745397305184276,-0.0121341846712209,-0.004281789070264
0.021376601288006,0.00191778159784737,0.0112337732251246,-0.00707759362469917,0.0106824560335431,-0.0817052616832983,0.00937739231580136,0.00387144422377658,0.00766596219489444
-0.0217580062571051,-0.00870113122532554,-0.00379545526748254,0.0219528926984448,-0.017907309917765,-0.0278031475557385,-0.0189031471747983,0.00225199471111808,-0.0314671259740073
0.0332573615824309,0.022052879536396,0.0219227375864201,0.0103894135272836,0.0158369908853517,0.0144220848849205,0.00469868583587096,0.0071808866099982,0.0148910394769318
0.0397629705157707,0.0106567579392725,0.0207366996645263,0.0389854453380384,0.010765624859999,0.0476607018437294,0.00617407810750114,0.014181350091048,0.0334169287480164
0.0404830810264352,0.0387426868514116,-0.00724733095466694,0.0405034130998074,0.0292297408772864,-0.029626103566256,0.0314378072372438,0.0668774936384808,0.0716726437289688
-0.0916333666645437,-0.00198300646244082,-0.0363683476505818,-0.0186090185919672,0.000347195801819356,-0.0598925908180718,0.0082150277829152,-0.00893540764195988,-0.0260088807493741
0.0368620080360158,-0.0139560932032267,-0.00213558118083857,0.0242197885085021,0.00788080120464709,0.0339655252775333,0.00779985899653979,-0.00831121693252592,0.0136513126789973
-0.0415425396425393,-0.00542580631332588,0.0104705498153247,-0.0122563078750732,-0.0108557459925932,-0.0523554024291223,-0.00353555292217909,0.0126276149586945,-0.00830683005438617
-0.00759427701741222,-0.0363171305962134,-0.0101193337525437,-0.0186464735203686,-0.00863577526007734,-0.0235558276520955,-0.00845116520311861,-0.00276950924862458,-0.0129097812897908
0.051097920810392,-0.0145613992511107,-0.00519312518342773,0.0062504192826869,0.00274880411491652,0.0263332371738096,-0.00954474971311227,0.0170152349793862,0.00335051506599712
-0.0194787828050323,-0.00645648936538266,-0.0125681373723137,-0.0131080696480441,-0.0184294448377856,-0.0447110938867317,-0.00129752675750079,-0.00747556576298504,-0.0218103617947244
-0.0864351110228188,-0.0434263164625292,-0.034664030588895,-0.0503236833639488,-0.00759076866619533,-0.049512591571187,-0.0165449060533241,-0.0239095198642331,-0.0163110998650896
0.000721088557404816,0.00792716715019165,0.00639349873962658,0.0130666353209369,-0.00289588017487552,-0.0217946457670436,0.00522437140294095,0.00383996362263656,0.00161971270689557
-0.00134604889477163,0.0119634688449445,0.00212718856974024,-0.0215638790974059,0.0024727740621835,-0.00669539038925846,-0.00960659372384032,-0.00602739515309181,-0.00370059258213288
-0.0742468654824546,-0.017422671561223,-0.0182188236551089,-0.0435990633196658,-0.0245192790026834,-0.083358826281806,-0.0033606897035017,-0.0316942495532406,-0.0212706687569101
-0.00258025257871,-0.0158690220795236,-0.0295538074944975,0.016605152587411,0.00296764995853717,-0.0313511292101841,0.0213451161904464,-0.00543492537855113,-0.0149298577477532
0.0119984454745286,0.00484834679626586,-0.0237735511588261,-0.0198954826044537,-0.00169469423648416,-0.0096870641380313,-5.05978139911984e-05,0.0144068822928399,0.0142743933505328
0.0201838286686997,-0.0142665164015992,-0.0104396677976573,-0.00593393065742633,0.0128022530990991,-0.00241659618318339,0.0195891704241133,-0.0131723009624761,0.0251913510852128
0.00375420071379792,0.0247267875661432,0.0134067074489491,-0.000187952703590363,0.0135009765829022,-0.000483137610487709,-0.00670616171787785,-0.00729841433979901,0.0208206855821171
0.0158195093192323,0.00704520387870999,0.0120802590213014,-0.0113470545941653,0.00849934098905346,0.0240403297349723,0.00202023228677713,0.0094387559415721,0.0105808930415871
0.0449190354417022,-0.0167603258459788,0.00537087610295049,0.0294391718042971,0.0153478078872497,0.0100677313422754,0.00715426666119148,0.0201265627389306,0.0106728343701433
-0.098238126932134,-0.0697169177428814,-0.0428400045938411,-0.0639217706131223,0.0100586224628415,-0.092048367530869,-0.0071368544508701,-0.0232901587091421,-0.00680436413357692
-0.0867113672363311,-0.0196754802450746,-0.040083267305972,-0.0405868894472082,-0.0311613627313211,-0.059620910893669,-0.0210082685712315,-0.0219567042591291,-0.0281475248548092
-0.0570531005996893,-0.0095559725121562,-0.0184713164986871,-0.0325509400691835,-0.0219963324358378,-0.0333136148374409,-0.0206837248560268,-0.0538392433923257,-0.0214043786119427
-0.00698366145082507,-0.0306408564537706,-0.0346250885602205,0.00460013768635667,-0.0149547340858803,0.00278948723700729,-0.0153410458530917,-0.0124125561458195,-0.0160715849342419
0.119013966040079,-0.0160577700894026,0.0126717118354457,0.0348921181601915,0.00651907477151264,0.0884932084685021,0.0375804920763762,0.0256001643466376,0.0159662043944987
-0.115326649999676,0.000916979829192622,-0.0378169290183639,-0.0382738492982825,-0.0135239442452428,-0.0851353615932108,-0.0272768001528479,-0.033416892083889,-0.0148968818804623
-0.0206707370506956,-0.0124280929977575,-0.0337762563684997,-0.03098515454654,-0.0125845575083904,-0.0181307650371633,-0.0142969180922085,0.00232152437308205,-0.00148763853929841
0.0191294464678945,-0.0362107245297513,-0.0392152243999976,0.00515925734889095,0.00861201833584627,0.01632455362888,-0.0149588932374145,-0.0199993591117246,-0.00218724596945188
-0.0381734343113103,0.00321546443351764,-0.0069180292395842,-0.00168433431918142,-0.00328918412291188,-0.0191680339564082,0.00154368998416505,0.000323474084326409,0.00548021689963465
0.0367689952279403,0.0233110935461326,0.0297637129516206,0.00268791907906977,0.00281562993221907,0.0152831431230087,-0.0053649369108336,-0.017907885329599,-0.00373354744333446
-0.00772335785627935,0.0251745274237067,0.0299679196347562,0.0206177809540696,0.00383310848734786,-0.0173394788551663,0.0139446749747289,0.00359349148008875,0.00932057285299512
0.0661452927804409,0.0386916841035956,0.0245001454877061,0.0951404209079421,0.0165540351414157,0.0905000949022448,0.0312756303306243,0.0646635143344096,0.031805626291041
-0.0926757654328346,-0.067169777730138,-0.0639447175296839,-0.0528445106915483,-0.0183485479016673,-0.065321719589822,-0.01560820434399,-0.0180705424519737,-0.0289060348731061
0.0340008346429196,0.0342723222275725,0.0179631915006223,0.029319979025336,-0.000965061485374707,-0.00485191729357826,-0.0023532177230694,0.00817858705975994,-0.00621646481443203
-0.0654666305172705,-0.0224658976847664,-0.046410519103362,-0.0448014497858775,-0.00339656680210557,-0.0451369284046225,-0.0244105095121406,-0.0086311563834684,-0.00213897019413679
-0.0409155216017815,-0.00289858186664904,0.000493973217390885,-0.0203651345887232,-0.00240742134656737,-0.0541207146798977,-0.00760233323923584,0.0122497921074831,0.00633886042731435
0.0335926036387339,0.022383885341593,-0.000818741826454281,0.0371191716104621,0.0115358331760597,0.0112350559984392,0.0330148504459618,0.0231619851335206,0.0432076506047053
-0.0346671882580467,-0.0164591983381889,-0.0320241963323026,-0.0186552292482187,-0.00984182479226018,-0.0263996754205384,-0.0149737270352351,-0.0111029036196356,-0.00287948698930679
0.00222386169055113,0.0139183522681361,-0.0037264762912824,0.0370761674882585,0.00270494306134911,0.0435336421350532,0.0138364686014631,0.0273804812627574,0.025555741611843
-0.0799550641532388,-0.0427410748621261,-0.0654907388490096,-0.0608213841909232,0.00309219121678017,-0.0869109580494218,-0.00129618628604672,-0.00948300234508816,-0.00400400729372184
0.0461441822332874,0.0558199230223344,0.0569166062959128,0.0555530441177355,0.0159650986247857,0.0516909357078967,0.000935236523907413,0.00648954269470747,0.0385725654158485
-0.0385195215902111,0.00360698410695355,-0.0272156885021479,0.01146925721238,0.000268054375229473,-0.0277053479534926,-0.00582751501592013,-0.00496238434778543,0.00137366383177896
0.146849533716037,0.065901038099054,0.0644888585867443,0.0636749980664307,-0.00430198917485463,0.115663081651943,0.0262586290969626,0.0185721978155695,0.0221391682426234
0.0436073928098143,0.00714774869994051,0.0061261838851122,0.0253081216069547,0.00883573692529032,0.0248208122643684,-0.0161029497567857,0.0163790339531374,0.00667251749873635
-0.0485239887480553,-0.0450759959670188,-0.0509719074207319,-0.00583126247128349,0.00776576848487164,-0.00369102170541419,0.0087212129222486,-0.0181277351618087,0.00523137197506776
-0.0248185204895152,-0.0267991587340282,-0.0434981235783785,0.00821658215723001,-0.00818932766683041,-0.0368162962741085,-0.0134022851196708,-0.00386950146439895,0.00261661145062404
0.0125451924504534,0.0343054027073159,0.007563091291778,-0.022451984076648,-0.00669809881035758,0.0203441640626827,-0.0034758620398926,0.00488685860963686,-0.00272637625905631
-0.0156167264557163,-0.0253638338045727,-0.0464240537179775,-0.00472467722616608,-0.00679772406114666,-0.0358983013067854,0.00539858317229703,0.0218991660431852,-0.00834609656333424
-0.0449573043423626,0.024537951499883,0.00107982298036884,-0.000118090828513873,-0.00149138982664792,-0.0289283499439888,-0.000905321998978013,-0.00139195600862288,0.00243885780795078
-0.0136455837398042,0.00487673096243671,-0.00318117732382205,0.00718151042711653,0.0119469617012203,-0.0205024646683935,0.0131266015456296,0.00911967963317327,0.014216095013296
0.0308407379829832,-0.0286565445364306,-0.0262967457130832,-0.00104649291842503,-0.00518162622913285,0.0335512786591491,-0.0103570950247707,0.0119561283459228,-0.00573728050121504
0.0121958009404939,0.0263206946204315,-0.00801721870701756,0.00932696772050874,0.00308674261276012,0.0107013351327983,0.0159091843780244,0.0249340961639839,0.0185234394415242
0.0298285343869201,0.010842408957834,0.0124212436847026,0.0151720232193295,0.00012359133928697,0.0106675209533289,0.00168174014996045,-0.0140111528594133,0.00482004111605212
0.0109809474253414,0.0136805010528437,0.00857791379965413,0.0316678952268497,0.0199173029617809,0.038172752831625,0.00428086457013995,0.055679851385695,0.0319826516241685
0.0130101616808695,0.00608678019619376,0.00514701673371186,0.0798624271374201,0.0187524645518543,-0.0207176934402797,0.0298489656911395,0.0362293356067826,0.0197836749941776
0.0154117732669772,0.0179479307154664,-0.00716728837523723,-0.0234058455971484,-0.0129897221771048,0.0100577742735587,-0.0407839131488483,-0.0116243462780613,0.00484676496847446
-0.0150001640355989,0.00429283031605283,0.00512196670083298,0.0137648326255104,-0.0167581624047642,-0.0182650620560034,0.0123501034087589,0.0102309795308082,-0.0135819618560136
-0.016152470275341,-0.018270487629129,0.00332000046807088,-0.00457764460584498,-0.0183880570385327,-0.0364762861216389,-0.0174490995318976,-0.00626325519793402,-0.0228796091576648
0.00338204689080701,-0.00906190293877023,-0.00210456479531918,-0.00707030012701259,-0.00398111110961022,0.00706425698363849,-0.000750267500867733,-0.00344867005000361,-0.0140238646016047
-0.0749475911248807,-0.0162160044394521,-0.0324853838453178,-0.0166112232460645,-0.00595133789918676,-0.0611979655862692,-0.00192696224025694,-0.0196673921808633,-0.0199596105917254
0.0206293001770619,-0.0142929193022978,0.00491623086728187,0.0150205748345265,0.00480168984384406,0.0184622496079231,0.0160531203189415,-0.00496595895581037,0.0145294289305514
-0.000998379311040581,-0.0227556638899051,0.0100736827736719,0.00134143623090325,-0.00502830845110592,0.00926587786441693,-0.001914080661498,-0.00139895390434168,-0.0192096474686917
-0.100135697677506,0.021974546752208,-0.0608230295053605,-0.0522330379897221,-0.00351756921949171,-0.0439494426105081,-0.0178688203833264,-0.0263226482674976,-0.0035628209895356
0.0193832928716198,-0.00649785890184891,-0.0164911628723795,-0.0237463467396124,-0.0153120458431157,-0.0227693500776762,-0.00952641070127699,0.0181979197041711,0.00747458856285647
-0.0655770254048227,-0.0429263050936447,-0.0204071141593912,-0.0624379104928892,-0.00672102324688566,-0.126099719138888,-0.00774288560496819,-0.0187234518657015,-0.0207916559997149
-0.014231683136843,-0.00357555695827178,-0.0108037177336635,0.0161531612726375,0.00498279789485375,0.025599006134052,0.00945084392760342,-0.00229892302349276,-0.000431006611739038
0.0211526837447092,0.0237817442666077,0.0200157957902013,-0.0122861271157665,-0.00425147684209272,-0.00340778587118021,-0.00288164175170861,-0.00419957140192534,0.00657621630253377
0.00774749511743173,-0.00897186957834009,-0.0118426783349573,-0.0116844070072314,-0.0161540504105334,-0.0176314116185304,-0.0356627762673757,0.00326680561593767,-0.0192834529064319
0.0952978127294261,0.0435867232482299,0.0518063399439647,0.0231462538369761,0.00585810351097671,0.0847397698091967,0.0221887087232853,0.0219035077939169,0.0188240033539716
0.0292016801165468,0.0146606774170545,0.00480521053279077,0.00781139533724889,-0.0087483207855165,0.00586657365561342,0.00144436169622424,0.0252650110586563,0.00602772421350444
0.0673889575219117,0.0410200831527455,0.0525576758698281,-0.0140524683698047,0.00947911379670223,0.0420873508681446,0.0168635948909898,0.00270291695552801,0.00902726961337512
-0.0297960003913123,-0.00303937976407782,0.00102922395012828,-0.0175158820398608,0.00726959566740274,0.0116957268960586,0.017451816772352,3.60291007423857e-05,-0.00774162803141869
0.0177519790189298,0.0107378435790743,-0.0204796911900818,-0.0145049321692599,0.00104657482982224,0.00372164804524456,-0.0203940108905572,0.0166751893244172,-0.000379678615384248
-0.0503244463336292,0.00734899257453059,0.00190700817810948,0.0122049484820454,0.0110825162756146,-0.0277335382503078,0.00358613996852584,0.0186527530190475,-0.0137143010839825
0.0104682645730795,0.00280304726415632,-0.0046201538336299,-0.00858157718801044,0.00149634773597837,0.0121745234582968,0.00069375815326055,0.00750061493540688,-0.00689807596994941
-0.0876098510587978,-0.00281329081047452,-0.0348645740221103,-0.0330215937121267,0.00337164492995825,-0.0817092285473872,0.00135325184287352,-0.0166700008220026,-0.0204376896931124
-0.00569507505946754,-0.00139069658635843,-0.00679567401008552,-0.0099468507989826,-0.0202885751483023,-0.0206540932206263,-0.0036129248177591,0.00272600590688853,-0.00399859128445972
-0.0250090208969953,-0.0363269857162892,-0.0133552068041541,-0.0406646126741227,-0.00105408841603498,-0.0326973233738686,-0.00870263863349544,-0.0450482470109599,-0.0247882399531519
-0.0603797518795515,0.00297367263968287,-0.0336467266466968,-0.0199103346606552,-0.00682330041738163,-0.0784313836601161,-0.0108955604752316,-0.0118779829739152,-0.00495384826741573
0.0430467669949627,-0.0105427837173679,-0.0208406052232683,0.00346834084921145,-0.0173569573307417,0.0289232422966503,-0.0204471245229872,-0.0181564479639275,-0.0115549666878016
-0.0084257483746529,-0.00158121454149109,-0.0321380368922316,0.0167844874968622,-0.0085518484067338,-0.0203790567899419,0.00103448477019323,-0.00190911113462609,-0.00525932583359521
0.0288363026965586,-0.0234633321799637,-0.00145077033975124,0.03380551209096,0.0042604630700542,0.0496433162104835,0.010782480025316,0.00378849759619509,0.00407310375002109
-0.0447771877897562,-0.00478694777880154,-0.012598548735782,-0.0277758755810223,-0.00762512890091706,-0.0441819665269132,-0.0237615046321227,-0.00567423125465152,-0.0100743136806625
-0.0325943426601749,-0.0177569079799585,-0.0332179065433785,-0.00547853240860478,-0.0112990838711428,0.0200789303028358,-0.0038481828328628,-0.0113685641822857,-0.0165582357637534
0.063186135984068,-0.00702184633537877,0.0123911195039964,0.023007825507605,0.00943608090216103,0.0703619155291615,-0.00193003060289775,-0.000434068591574267,0.0101292281243121
-0.0676131667529674,-0.0302127636310862,-0.0347827559656425,-0.0369546387058648,0.00648303375357533,-0.0580435922147253,0.0227947580051172,0.00924947145648922,0.0109893089201674
-0.0630309225693666,-0.000509555755220935,0.00278437607261234,-0.0334817791196105,0.0155046779525585,-0.0758110487386318,-0.0297984066621814,-0.0182936036723253,-0.0070990548420837
0.00528729915320911,-0.00939741393365083,-0.0132756291350778,0.00691877835986341,0.00971124081797319,-0.0356667128333129,0.0121684567409591,0.0328459782973127,0.00744871280559119
-0.0105336067728167,-0.0172646659093517,-0.0182431906704427,-0.0244650417953398,-0.00779167425265928,0.00550698504442265,-0.00822183505881915,-0.00444361824997172,-0.0130326614275027
-0.100087900714719,-0.0393470210940198,-0.0240368760658524,0.0211091452710538,-0.0171108904748768,-0.0808841943018219,-0.0319500921030156,0.00532385961514068,-0.0227053116555705
0.00597269694273209,0.0209978208169649,-0.0174698805198422,-0.021200624231507,0.00846671251402146,-0.00540510272059616,-0.000594094025311152,0.00913008855046041,0.00530375989201977
-0.107246353548914,-0.0636138060900007,-0.053610869615578,-0.0622664429880499,-0.0157964816648723,-0.106959484884674,-0.0236164553742623,-0.0226624624324702,-0.0170173317560541
0.0180684622475513,-0.00645018391833242,0.00970586690057699,0.0172186899408177,0.000877259167751517,0.0390325693286566,0.00496180077207278,0.00582865097295399,0.000845375952198349
0.00252763889266309,-0.00629102700269033,-0.0410029344584084,-0.023682084689585,0.00113589977790666,-0.0428568861476658,-0.00893922876290691,0.00401035760153849,-0.00379534223611675
-0.0455068643764364,0.0087278916631236,-0.0290818569777071,-0.0424891235569937,-0.00335989325820398,-0.0937886791150729,0.00617905406961725,-0.0100729622040718,-0.0122601188512839
-0.0250769328294189,-0.0110227246088709,0.00744534496477119,0.0268354941703101,0.00316563790827856,0.0112220340086694,-0.00559464372758671,0.00641598695148431,0.00695811937179375
-0.0239721570761207,0.00936328068657789,0.00923651753961917,0.0246909328930197,0.00377601966016074,0.0171281470370045,0.0171585515808595,0.0112479987721837,0.00472613598316001
0.0529428191914362,0.0159325728902306,0.0124368952560426,0.0312285733856627,0.0151229602251802,0.0402901799136522,0.0284556252517967,0.0243944288960066,0.0221893645606093
-0.0259064805092149,-0.0151949821584253,-0.000193108243265671,-0.0193085760367478,0.00206563199092222,-0.00707984733326414,0.00708473143387064,-0.00356386474591717,-0.0176400818539858
0.0240253526163667,0.0173180343667063,0.0211635487691345,0.0107985113858842,-6.14435496408796e-05,0.0210587254976998,0.00813693553372972,0.00160104777215777,0.0120439427894444
0.00510508093078833,0.00306232141728244,0.0117620554498697,-0.00785106791921595,6.27587000966404e-05,0.02483141584005,-0.00709560946589201,-0.00718655535973694,-0.000855151436115909
0.0220829320125301,0.0130442598554867,-0.00389593429399551,-0.000273016481736886,0.00347365472658989,0.00243664655890987,-0.0150548333881837,0.00348826844345445,-0.00071328044749663
0.03838951384616,-0.0115814108482852,0.00389968404328236,0.00264958523351538,0.00207628289114649,0.0476955083986937,0.00391627013696922,-0.0229721955627168,-0.00480133279856903
-0.0241000172987356,0.00570609069350139,-0.0109651978006516,-0.0193029488752271,0.00233063817411548,-0.0313651494751162,0.00312252542719454,0.00697254846629668,0.00378778447090774
0.0205469730967121,0.0143164086922829,-0.00333033455437934,0.00229895014792239,0.00956959472917422,0.0162988781199824,-0.00255826553239773,0.00869574999421822,0.0141225499129659
-0.0299745796218878,-0.00217344964848607,-0.0294788242662004,0.000397417526195493,-0.00433169880739079,-0.0374730858830677,-0.00217648640633963,0.0207354221736803,-0.00820394490690366
-0.0242183708821085,-0.0129565852315601,-0.00721392434601421,-0.0059375512194577,-0.00598490188724391,-0.0328871215929005,0.00345670034211711,-0.001859608596518,-0.00656575588457429
-0.0214361849285725,0.0148864315710836,0.0023393633632228,0.012956960097165,0.00889041932601494,-0.0198204560935545,-0.00281719334290884,-0.00241745403214855,0.0093566502163848
0.0309200616935787,0.0249044318011189,0.0145411131147355,0.0609981156351138,0.0179981246310018,0.0638678993638901,0.0139671531716127,0.03989003794967,0.00995365035852225
0.0518510846376471,0.0390676178380735,0.0335065677158199,0.0332050582241623,0.00137581114247226,0.0346771473239763,0.00183072977407406,-0.00285029097262003,0.0293638354470816
0.0189611679515772,0.0155326292154504,0.0189966344911754,0.0225518026851222,0.00643700217788008,0.0166541438905413,-0.00276986590789932,0.0279103247460544,0.0169010174125249
-0.0287993865312617,-0.00195185524101687,0.0179796626774726,-0.0166653909550546,0.00453113560061112,-0.0753879421895826,-0.00222884968829067,-0.0109851046931401,-0.00652278346676726
0.00869514302906098,0.00741914227026549,-0.00557022843957643,0.0250346017935229,0.00421775118006982,-0.00937268252304964,0.0146309145829865,-0.0219636875052313,0.000590962784022355
-0.111004033566479,-0.0378554988501118,-0.0300020006525151,-0.0778406042073066,0.00129680874386121,-0.115332668923212,-0.0076416390492181,-0.0224080046045639,-0.0201087573804591
0.0194570552699009,-0.0133386329916148,-0.00114073799531351,-0.00741833877451867,-0.0123117144585231,-0.0188798648108519,0.00396838835547786,0.0155223015238406,0.00910393272163056
-0.0137257910235422,-0.0185418277316844,0.00262078346923194,0.0239152132048746,-0.00856092694818106,-0.0281555387446523,-0.0066767773784338,-0.00893960462474483,-0.00974034283135806
-0.00688491283699375,-0.0297146073014259,0.00233629218060154,0.00422751281592282,0.011500707344058,-0.00245993092296979,-0.00379328170881264,-0.000342977943486754,-0.00484291439478173
0.0190844084886454,-0.00322627942860577,0.0159267626629251,0.00893030670356432,-0.0149259377051516,0.0112382637035305,0.00404035988959405,-0.0119529324362269,0.00194333759072189
-0.0373316505723994,-0.0183812882380121,-0.00924856266287048,0.00135424845987138,0.0214394998404131,0.0407183650989097,0.00743010592625316,0.0100823399214378,-0.00491129585735019
0.0683634362554596,0.00943057082514833,0.0224135763177371,0.0149424944244609,0.00461750873377719,0.0508693984146165,-0.010356439120782,0.019617944842392,0.0126285004112277
-0.0489678054152855,-0.0368188863187087,-0.00452949874833136,-0.0139439691764317,-0.000138759874761144,-0.0545730875179921,-0.0210650539296972,-0.0134983939622345,-0.00215715623300957
0.0556098702837759,0.0304800574380224,0.026530911698853,0.036396913877051,0.00685262267278755,0.0439296884596582,0.0137087799665366,0.0230865417329133,-0.00291800337889014
-0.0338620827419391,-0.011925656779266,-0.00717392940547562,-0.0275911133854296,0.00769260554152343,-0.0866197218989127,0.010348124394903,0.00685219853316893,0.00364829573278603
0.00723934582525578,0.0087301051367187,-0.00534965411004068,0.0451192441811676,0.017696309149748,0.0304799627999181,0.0167852655550589,0.0133617091304211,0.0303515044720134
-0.0676643244451211,-0.0199416212043556,-0.00169226340832368,-0.0149043674270382,-0.00582530536210545,-0.0558999464888567,-0.0174905624891888,-0.025412494161594,-0.0228947419398559
0.0482709154565476,0.0205732584077865,0.0125086651578598,0.0201068866175034,0.0033535605021217,-0.00476346315037458,0.00773239695368449,0.0236405397857868,0.00947220083250853
-0.0270657143497212,-0.0125905253167361,-0.0146924737322431,-0.0204332855594771,0.00478079808459997,-0.037672246768657,0.0144679851650285,0.00835249861680653,0.0152292181886379
0.0203657580507976,0.0348483307862942,0.0197135834421762,-0.0168759707319693,-0.00404005641875759,-0.0242860836430987,0.020382806705683,0.0221398622463736,0.000821638951426219
-0.0168529663365117,-0.01795056091719,-0.00860716311220385,0.0110708478903613,-0.0053987942813509,-0.00878559832035705,-0.0127907711172011,-0.0114420896852768,-0.00703394817999711
0.100568021436366,0.0283209177051738,0.0326386725746715,0.0196189307497727,0.00629825281244826,0.0923187709202877,-0.00286518949839657,-0.0108242682598447,0.0149362759515572
-0.0674568610173703,-0.0407120096968061,-0.025670941190416,-0.0577352412502044,-0.00418075355800306,-0.0514508268320767,-0.0093578163713149,-0.0235453222597446,-0.0355640871038084
0.0259374018801916,-0.000599507604336118,-0.00247340719024593,0.0115184495061867,-0.00930303906024463,-0.00388365573116937,0.0126700385678395,0.0070877948392719,-0.00564172227478052
0.113354123272407,0.0579089497104634,0.0391396224329498,0.037663836651716,0.0291969203829885,0.0649653126139277,0.0267737149664972,0.0368519566219397,0.0395719659180741
0.0790439341786944,0.0127130406000321,0.0240970767447603,0.0310575981534872,0.0165418112101834,0.074917335462354,0.0212775910936388,0.00609735220377106,0.0276183202157978
0.0347296740470237,-0.00778559821759946,-0.00748409717356302,-0.0087279309245271,0.00165535279533963,0.00312789156629067,-0.00322331505767149,0.00215305586083577,0.000639315669502957
-0.161174340826362,-0.0682470782434567,-0.0471632798297548,-0.0939156733614848,-0.0089688518657839,-0.159383403134852,0.00410287325589557,-0.0605227118674499,-0.0262803094286349
0.111351100461929,0.0308012523816497,0.0375199222597341,0.0305284662669764,0.0194128620129453,0.0566322932788218,0.0321292350759702,0.0333894932528978,0.0362031693206579
-0.00942139948928486,-0.00221676436797826,-0.00549467618263304,0.00545810234916047,0.000324874612854813,0.000893861261064427,0.00385030335650146,-0.0141458896520796,-0.00313535815772931
0.0586268553439775,0.0469335577513555,0.0188549668901997,-0.00621149844493107,-0.00737463229546335,0.0324421367475526,0.0031129535384011,-0.00309187793633353,-0.00996071573582032
-0.0123090511632994,-0.0106704749964741,-0.0011882881082454,-0.0264263066084396,0.00723486834004564,-0.043494711188102,0.00406326117703581,-4.25321506757054e-05,0.011426036821848
-0.0301314478445284,-0.00232599461133231,-0.0296283538979052,0.00280906351458971,-0.0149039416597276,-0.0181677753856038,-0.00667351244546527,0.0013240589600344,-0.00984257873770695
-0.00152419340466552,-0.00835166724833649,0.00493167342820165,0.00949359613633977,-0.0052856553118704,0.000761203207601694,0.00183674934403704,-0.000401423734902141,-0.00704595741379572
0.0124406477551638,-0.00378662140389736,0.00643393495986193,-0.0162743254084274,0.00509141046739368,0.00299124076333148,-0.00696777696530761,0.00646866755846314,0.00874944468035515
0.0836097878012656,0.0316446315264779,0.0529626149033483,0.0274477074612954,0.000116108922376248,0.0415234879071932,0.00650338877181735,0.0324514355460959,0.0113993301756152
-0.0779566850401651,-0.0318769503041662,-0.0048812880225543,-0.00361097405969716,0.00333461288250097,-0.0434945308559042,-0.00362464961384651,0.00542856299902201,-0.00704156771240671
0.00633767852916767,0.00646918720367307,-0.00272361137180101,-0.0335370535336922,-0.00593133902610362,-0.00599312635702292,-0.00897289575974189,-0.00754182996850966,-0.0149103560126283
-0.0499598910520224,-0.0352587770418507,-0.0413835915426089,-0.0202087467316978,0.00129177205500529,-0.0175922763182,0.0281342827468132,-0.0215563464210357,0.0174476691010857
-0.0191519344363295,-0.0165610627251064,-0.00816357481293335,-0.0106005022033979,-0.00533567089032528,-0.0572899499722661,-0.0148837980734903,-0.0151980799142218,-0.00579427132017435
-0.0202621324252392,-0.0282177204760215,-0.00190331673258468,-0.00327612356032618,-0.0214532059214326,-0.0369659893837042,-0.0352127678584742,-0.0345348484182524,-0.0280295702983649
-0.057481228535537,-0.0349254642054709,-0.0276357976548171,0.0376549201573385,-0.00378286036274342,-0.0413926525998146,-0.0171472108307186,0.00505475350542661,-0.0175104903693099
0.0672899141088182,0.0318015019945732,0.0108724136333359,0.0125449107764322,-0.0214394219124083,0.0453509820309834,0.00482098844778066,0.0157890270686616,-0.0099789187011339
0.077561247971944,0.0446837398921964,0.024245809116133,0.032474754621093,0.0205114938645503,0.0282692856133779,0.0424820389769124,0.0264396189680631,0.0491487320420113
0.00600942363628299,0.0232195453674189,0.00508105836816381,-0.0150232212635604,0.00768882872002363,-0.0264495378433225,0.00308739248517111,0.0113144071825786,0.00627408022088813
0.0154926337800964,0.00474917191157399,0.0200781891920814,0.0158717574190026,-0.00811340357599126,-0.010526356639526,-0.00686165793343068,-0.00696599354749831,0.00880848009599327
-0.0774024736985831,-0.026592668927662,-0.0174711009600055,-0.0487315451025524,0.00153834085612892,-0.0803877871978953,-0.00750439430973604,-0.0167854644150072,-0.00990313733687202
-0.00829984762339564,-0.021909569099428,-0.00293391058216562,-0.0168574974283252,0.0138567192418368,0.0217713995750687,-0.00116406168430938,-0.0205824900306908,-0.000276588739903772
-0.0347817023831312,0.014773049246961,-0.0328096981160069,-0.00767059456257563,0.00236692006149269,-0.0553726960466253,0.000132050974201319,0.000829617499293284,-0.0151963755035409
-0.0450669727196123,-0.0331625672699998,0.0178041963054458,-0.0144547611977791,-0.0166538638935803,-0.0199660904130109,-0.0367481218875186,-0.036046113323216,-0.00909390311841291
-0.00940760102936098,0.00724779113223339,0.0282270913067228,0.0155328490054315,0.00326802288917047,-0.00284779276416683,-0.00109162677740077,-0.000996417697617427,0.000209977083031098
-0.0615597480214094,0.0203094204135219,-0.0342189391998154,-0.0296507856720808,0.000701280858809278,-0.0431093747026317,0.000239233333252111,-0.0098000654070803,-0.0142701345530583
0.0926794606999333,0.049281125962315,0.0280281281944888,0.0248875833147523,0.0185420554726901,0.0767857989611525,0.00385009766281267,0.0305381715912078,0.0322502540180114
0.0290927260450837,0.02005258741351,0.0176209477870918,-0.020398714817187,0.0110524327471156,-0.0350736228954637,0.00386171550212172,0.0173842915988911,0.0173852328457958
0.0579583481276945,0.0405345707216373,0.0511223408488719,-0.00109934553824364,-0.0227644101420675,-0.000745857737204043,-0.0142393755633579,-0.00201610351442874,0.00296466607326014
0.0201236611345997,0.0124670591952991,0.0397005689158923,0.0258387211529057,0.0101229369892266,0.0137853305264644,-0.00591294432385066,0.00207130204037204,-0.00750829248414947
-0.0304162698636011,0.00857338557729313,-0.0245901547637721,0.00795863022181453,0.00587587668815287,-0.0747046187068658,-0.00329452795296096,0.00074689860197596,2.64079319593622e-05
0.0241830617452811,-0.00907636541191903,0.00366594241736241,0.0332691170805949,0.016455111074299,0.0318319800169826,0.0286481126423736,0.041938032427682,0.0285060423060185
-0.0325748427247458,-0.0164316013028979,-0.0186269736562348,-0.0144843414009756,0.00544536466740838,-0.0311415560336255,-0.00499503165832652,-0.0323010295450086,0.000111233903961387
-0.0999770690622443,-0.061505843652927,-0.0244479187083992,-0.0353419669885458,0.000174262662525964,-0.0127721548693783,-0.0119902113739614,-0.00535012137821592,-0.0255003023289173
-0.013633399063071,0.0142855200947599,0.00799493431299717,-0.01268953796745,0.000949413779236103,-0.0256163422360808,0.00112389878242413,0.0119831649789782,0.00545662017308435
0.0076220988352124,-0.011855157325562,-0.00435840376381896,-0.0331362367037166,-0.0268511744513587,-0.0327537437476981,-0.0171957320737815,-0.032688077792466,-0.0532043563063796
-0.0504382938014032,-0.00107223015590189,-0.0134980540087502,-0.0293966989205863,0.00763065830253278,-0.0354428041141625,-0.00931301764659305,-0.0069946329910578,-0.00913186881076099
0.0257836350556613,0.027435069801563,-0.000385379518484449,-0.0171816207090891,0.0152305245270868,0.00734042193517403,0.00718429148634,0.0097957170731875,0.0116040168649269
0.00197321283999261,0.0186815601678849,-0.0122115061208844,0.0512913448115771,0.0190691659057946,-0.00276896025030622,0.0266668922246532,0.00601692218485669,0.0379444606332337
-0.0699523926682966,-0.0206553499622469,-0.0161257934832399,0.00189175714125625,-0.0208640450036472,-0.0311102263430521,-0.0220971191900681,-0.0117472856193931,-0.0106924576751829
0.00387964915363668,-0.00328843427359865,0.00205847489434104,0.0165908682472771,-0.0150417462282973,0.0145364214412296,0.000965266573057977,0.0214473086462371,0.00433150630163294
0.0518512229607851,-0.00972301918559381,0.00439634154782727,-0.00257486348151806,0.000777246835352613,0.0222824154510991,-0.00638627595835465,0.0171244857462985,-0.000858801495389688
-0.0676383696372417,-0.0758415082645937,-0.0380294963303695,0.0140174966126663,0.00422518165336819,-0.0570884633732307,-0.000349571450091706,-0.0113795038112332,0.00490711747739117
-0.0307574496111963,-0.00284218173258959,-0.0218137700443351,-0.00402821253095804,-0.000178051923863246,-0.00405998138290587,-0.00249838036973246,-0.00998883899396012,0.00276685819517734
0.0391971193303039,0.0057142345368206,-0.00753326909105007,-0.00581475460591532,0.00469016542264267,0.0283951402189411,0.0210597342793612,0.0115739683009736,0.002113816371234
-0.0974522285307661,-0.0556021131206393,-0.0272068046036225,-0.0534290362170045,-0.0217224933762527,-0.0638508945377103,-0.0542242809849054,-0.0113373511627751,-0.0242934109979418
0.0345864967862282,0.0114355096679759,0.0182967688251834,0.0280148034795225,-0.00509139167111059,0.00090235076487343,0.00265551945016969,0.0145052784372535,-0.00467885073747464
0.0389615705045957,0.0371629537960607,0.0107381781062585,0.0200962324231941,0.00291227392852222,0.0320634013846599,-0.00049393912956346,0.0361794320771439,0.0178129558677456
0.0531276735028431,-0.0147954777499169,0.00364683782451905,0.0179811208407537,0.00245799972781552,0.0371849237014045,0.003391552575592,0.000115632793444808,0.0131357645402989
0.00592927068184031,0.0136337861943426,0.0126371254461411,0.0362542107035309,-0.000910658965051269,0.0299758708533219,-0.00699537619653902,0.00895148543435224,0.00553873766795218
-0.00536452979897184,0.0100608541666011,-0.00583229326520084,-0.011012958476243,-0.00205027422899037,0.00776425571447521,-0.00552845884175253,-0.018941393138745,-0.0237937289473229
0.0488970424104318,0.0342751736965661,0.0213619005727514,0.0391817477354947,0.00856979807390315,0.0697100581771888,-0.00689623838184022,0.00358260951914344,0.0131685940744786
0.0426601586236844,-0.011336219464708,-0.00180282871737422,0.000512614479841049,0.00128452516789131,0.061857926700437,-0.0140208139923115,-0.0276915234774808,-0.0124834160971807
-0.0177469208535065,-0.0194873507787543,-0.0224842465051412,-0.0336903131784813,-0.00694045291682665,-0.041530727229909,-0.0050976298838575,-0.0124014340050759,-0.0118699153896257
0.0247702252714815,0.00919597850211963,0.0507662593169591,0.0527508935161142,-5.95287449923338e-06,0.0309395529887504,-0.00831389083925038,-0.000321715225102609,0.00876865166278084
-0.0330885349740878,-0.0474011517838732,-0.0223810631287211,-0.0283355894473312,-0.0106249371329747,-0.0613316707517611,-0.0249187546966051,-0.0212373760825448,-0.0102999341053767
0.0393850393291243,-0.0123542419060921,-0.00848786853270576,0.0210368970669563,0.00998917801102418,0.0369996575813938,0.0015076142571081,0.0141381770967527,0.00685514123501603
-0.03452744592076,0.00328680262212794,-0.0130103835252317,0.00295557579821793,-0.00692390976549049,-0.0513310292717153,-0.016248233298297,0.00508486090501073,0.00612304493790599
-0.0216611212476027,0.0144770611228375,-0.0109484254953958,0.0235827370833428,-0.0117683698993258,0.0176005073047796,0.00278188844344432,0.0225096596013983,-0.012096498652878
-0.0665849308945044,-0.0274701248834566,-0.0240500660977984,-0.0411990333458657,-0.00689493702854321,-0.0576409082607329,-0.00221129912849997,-0.0231083579187424,-0.00603594052089949
0.0556629292449882,0.0180242857743151,0.0130726419770701,-0.0224087409691478,0.0115624616522124,0.0683829952137416,0.0145149625463486,-0.00142848641883159,-0.000112273560096164
-0.0584716135410272,-0.00826158678363048,-0.0141826330765184,0.00586704472071825,0.0107182352895995,-0.0415314787007059,0.00646938450578862,-0.00714467393494788,0.00751545814565271
0.0151210294548695,0.0127454480132081,-0.00325225022842893,0.0255756965461069,0.00156138861546239,-0.0484413225022822,0.0193132333805396,0.0257758817158006,0.0137209424758158
0.0792090293548458,0.0521479166371142,0.0248298866718905,0.0144809092945726,0.00122838722669759,0.0685816119368921,0.00392693610833931,0.00503831310588951,0.0215516932508862
0.021250877031731,0.00837994411569488,-0.0171918387430221,0.0351896918670502,-0.00859260460029728,0.0454703737413214,0.00722229734734104,0.00471560402127549,0.0114454279060345
0.00906407058830679,0.00841726876943805,0.00379165493931167,-0.000816130300857162,-0.00726374459942603,-0.0248891435670274,-0.0179503716565921,0.0145267510056906,0.00421668202719552
-0.0620894557557565,-0.0497560292198718,-0.0413114134722698,-0.0568206500155914,0.00329601091307614,-0.0748259896479281,0.0109463458734795,-0.0351529793274178,-0.0197920061753903
-0.00187347053220456,-0.0201892582281078,0.00643473935751352,-0.00139017584332802,-0.0103115214148573,0.00276461828854076,0.00375614870986246,0.0113661474863204,-0.0196765933307545
0.0208421092445185,0.00316195419932825,-0.00771517505694734,0.0430908867108294,0.0131154203099674,0.0372536073932193,0.0246918870791734,0.020567087161318,0.0165392543195716
-0.061723964891415,-0.0231399926849344,-0.0308281261187504,-0.0383172397062342,-0.0138817288072555,-0.0659349835963762,0.0176932864473149,-0.0441629595601854,-0.0428425489989334
0.0342907497356618,-0.0218085754601807,-0.0177243360988434,0.0177738951756569,0.00119567477362134,0.0314266029695932,0.0155386967882888,-0.0086624520688331,-0.00457461759838491
0.0432183916993927,0.0050292134725425,0.025882161327106,0.048288919762786,-0.00202122150027734,0.0887017484749239,0.0351111935896881,0.00899768756333853,0.0347456187887344
0.0512259071902015,-0.00934574850496511,0.00229682460824007,0.0269461862818917,0.0261428507276727,-0.0246613280291459,0.0185683810113031,0.0179021945677512,-0.00272295117673928
0.0614325857110638,0.0250677294835562,0.0143426054023345,0.0149794516763131,-0.000946528675250458,0.0162175882151146,0.0161144927580467,0.0162261048321763,0.0016605295381879
0.0149707063824968,-0.00566496128572998,0.0145990217493074,0.0157320965318776,0.00121359039259251,0.0499345900079798,0.0105148903609699,0.000643752148102276,0.0100464312678338
-0.0111943225958283,0.011139017776322,0.0021033226909285,0.00872054173730887,3.79783755424881e-05,-0.00508108301259817,0.00570462322988321,0.00193358746716274,0.00607399966292694
-0.0341690523632987,-0.0354256382442319,-0.0507145732880527,-0.0130945080372717,-0.00901492974174116,-0.0457709168555434,-0.0213900818419488,-0.00551825473835575,-0.00829783319069898
-0.0260153722775792,0.000423336663655337,-0.000132607185626946,-0.0282605176522058,-0.0114126934837911,-0.0143500720861791,-0.0135204482088498,-0.0070608548168249,-0.00586377502835762
-0.04525344909497,-0.024842790016671,-0.0205634993085884,-0.0278549048823761,0.009659617575925,-0.00414436982501128,0.00153447000094607,0.00156641044664744,0.00418672477589883
-0.0171056941987331,0.0158146317048589,0.0115021705053495,-0.0128171549629453,-0.00933776915900074,-0.0107012925105499,-0.00920387588397134,0.00738994370517503,0.00389152547876986
0.0406677034174634,0.00700147610044815,-0.0106449420759618,-0.00955362175835209,0.013383544334209,-0.0226574705396518,0.00944456681962198,0.0342355452315402,0.0240888544337843
0.102673394763821,0.0337652423957155,0.0185928887446459,-0.0263335326938693,-0.00946618609534343,0.00342854851300075,-0.0212444296352778,-0.00208398596514592,-0.0108742281014917
-0.00300113510225647,-0.00931030783439695,-0.00543988643168391,0.00495283933066894,-0.00622579439819118,-0.017873913477937,-0.0236020726226065,-0.0147871936395911,0.00742185572902739
0.0623654361212427,0.0362045640481574,0.045558905930838,0.00632848219294553,-0.00383035885561716,0.0345542526735622,-0.0183513846104233,-0.0164917467586798,-0.0141686612568753
-0.023130563609367,0.0194992949057264,-0.010619496865485,-0.0120168132348862,0.00263904256995374,-0.0219608315466974,-0.00434967618457197,0.0127860753696556,0.000761306130067148
-0.0386923184233727,-0.0246322899347611,-0.0202330560411302,-0.00617695033890887,0.00696399740051369,-0.0306970274878725,0.00368089256597396,-0.0116783475227678,0.00610083230570749
0.0525785726514691,-0.00903733789231219,-0.00560520001764104,0.000534398874534571,0.01022833693047,0.0469019444280682,0.016302701855215,0.00741748736831385,0.00657907178246183
0.129070425272609,0.0231459574502982,0.027293687005597,0.0331012377433937,0.0117060912213909,0.0709655545304003,0.0185629702841762,0.0236121396873508,0.0194159891122732
0.0122124549906472,-0.0270326081973769,0.000251422063883657,0.0128426576226235,-0.0104839151746277,-0.0221742442477424,-0.00233679253456663,-0.0286158243683484,-0.00990829730602084
0.00760775635608919,-0.0415462924475815,-0.0160850617520905,0.00198578917008554,-0.00112285307855697,-0.00167023134230328,-0.005476362130944,-0.00800959784219821,-0.00886710864747152
0.0187608358339595,-0.0115848427974896,-0.0235738440435728,0.0253898268851902,-0.00114033715067558,0.0249369784977062,-0.00304172371981995,0.00798798494330839,0.0167544958948198
0.0150024966104624,0.0116426430256504,0.0166677463382982,0.0241127655770343,0.00560323157884454,-0.0283148987828776,-0.00443980416725239,0.0135383947246189,0.0056604211674025
0.0171078357615665,0.0105407258727825,0.00467356434680785,0.0058682656304926,-0.00448493945630458,0.0192902996380946,-0.0192968985321418,0.0208614738489758,0.0165595541205334
-0.0304808218490929,-0.0374496526517063,-0.0174696640676415,-0.0282218846074,-0.00325085122097549,-0.0446426993491167,-0.00329710337983122,-0.00666980973630912,-0.00792067551552654
-0.0184690828428121,-0.00391255208438552,-0.0238818948305729,-0.0227328816687734,-0.00927193841147252,-0.05420556686904,-0.000871869216798246,0.00453975994400328,-0.0115608273235213
0.0124655174806643,0.0134505275300343,-0.00402965019714219,-0.00915313442300353,0.0159833687273034,0.0091958870858614,0.0149328590431186,0.0115387222464281,0.0204529371673457
0.0776238287677294,0.00437338955802293,0.0170663993401807,0.0177867665831782,0.00954325457851907,-0.00929001325739202,0.00104907524424223,0.00335639305023871,-0.00159252570519222
-0.0687569168359055,-0.0361789166675302,-0.0363094278891734,-0.0188559568611376,-0.00670489812362592,-0.065173552219263,-0.0232122918431097,-0.010212625346561,-0.0181023562773709
0.0773456798288633,0.0432602429088759,0.0391046393681594,0.11145032688948,0.01029529910544,0.0358195843111654,0.00384281981879508,0.0317877398421944,0.0383459110976572
-0.0461050587728844,-0.0110177457320392,-0.0176781328610082,-0.0220587280632728,0.00437456926567313,-0.0433772901882969,0.000921064098798803,0.00637896586122101,0.00684180697273202
-0.0161518449371527,0.00747725180004819,-0.0110751058473573,-0.0222689024633377,0.00287559536309357,-0.0292923248855431,-0.0081974334743994,0.000695038699999357,0.0109617144357416
0.0572948990262884,0.00778906107103856,0.00711286520309847,0.0180707927841273,-0.0079094149131424,0.0268351345031434,-0.0005033134369019,0.0204469994365726,-0.00036644405423233
-0.0357395323494472,-0.0121003600435541,-0.0148587627292266,-0.0295916795827761,8.10159557540276e-05,-0.0398963809027593,-0.0147317821218892,0.0167575139468479,0.0163161855969892
0.0289140334250052,-0.0315625474946399,-0.0137408557174198,0.00542990307251496,-0.00281626454376633,-0.0610756071060444,0.00399186744499856,-0.0106571339479744,0.00281632432077786
-0.0562050146619755,-0.0248205126340762,-0.0172229932042617,-0.0376227088566686,-0.00813664039648058,-0.0365988079156813,4.62226130464471e-05,-0.0302104889111509,-0.0144324307467119
0.0263798930468447,0.0140834823042823,0.0248913727720329,0.0345538076422941,0.00409893438346489,0.0468973284712987,-0.0187527654724289,0.00970414661531177,0.00966845636416837
0.00576101895144235,0.00796074056264127,0.00776714319318536,0.00775434785119437,0.00909383756856019,-0.0050760485238622,-0.00308535961257709,0.00456067595014283,-0.00375715080719817
-0.0159549078065514,-0.00996888489671133,-0.00887006997182456,0.0298611611798611,-0.0043179546367792,0.0307286898080458,-0.00825561248944806,0.00193971510196593,-0.00851804143539131
0.000106163646176442,-0.00479610756755416,0.00337635234416205,0.0136161748590942,0.00645963973477248,0.012715118386357,-0.00232175211111296,0.010555298775511,0.0182626999972507
-0.0470061566053168,-0.0111910305143499,-0.0172267583915758,-0.0351616022021118,0.000741216347478386,-0.0469534380828418,0.00777934419405343,-0.00991192048214854,-0.00932956377485032
0.017877044770961,0.00258825573634017,0.00247051444558047,0.00346048567488585,-0.00998144160542219,0.00435633168048996,-0.0104429626175666,0.00271472476293564,-0.0225735378826396
0.0201434930980018,0.00908105031052785,-0.0148751442818505,0.00424555877042234,0.011413280980884,-0.011742616719906,0.0215947857207134,0.0119312353537053,0.00674310999117167
-0.0798908526569156,-0.0139865890980545,-0.0126571034890176,-0.039802502378621,0.00301738080590001,-0.0498805773010897,-0.00726930803465661,-0.00087441380843791,0.000396306794489147
-0.0259165041415635,0.00469182807779309,-0.00190778581291809,0.00553918476689163,0.00132628958373933,-0.0161694356729317,6.17547743931458e-05,-0.0021544565326217,0.00101733555397576
-0.00857656434996252,0.00705771187797911,0.0173106259156796,-0.0119051027326667,0.00549760316672598,0.0205864623594985,0.00301249684334307,-0.027204587271079,0.00268871248966377
-0.0610788794786693,-0.0425043103438326,-0.0201448010229732,-0.0170383930151888,-0.00903229711403604,-0.0235505371231049,-0.0125894667782678,-0.0249727273344186,-0.0308428900300236
0.0704465968492745,0.0338610515549566,0.0288624344410178,0.0426771518079476,0.00448711590396479,0.0931296754396482,-0.00193034899168435,0.0201336643846355,0.00510139556008903
-0.0270467364292991,0.00737390463988557,-0.0192227593118351,0.00492421796393145,0.0108021906280346,0.00563968877278219,-0.00581395639232202,-0.00435016567944803,0.00171922171462676
0.129520301044503,0.0489573372428778,0.0447746820233502,0.0149579586510322,0.00827487739923961,0.0472689017872931,-0.000478042446419838,0.00636069425639422,0.0052569285021053
0.0154305160655799,0.0421988971738532,0.0172700404662685,0.0292210921832663,-0.0152498067656141,-0.0223593615852376,0.000149015322077621,0.00873435414377187,-0.00942571112105293
-0.00605818345753691,0.0195057362400784,-0.00148159802325227,0.0217251159095495,-0.00423995021939373,-0.0250885160370879,0.0136540908424994,0.00736787562296173,-0.0145558598930943
0.0365586575488945,-0.00971051385376743,0.0149930654412646,-0.00588219833992569,0.0140587468130648,0.0203947675364476,0.0200078218911591,0.0132410307050851,0.0234908765935239
-0.0726247144387297,-0.0227768999319894,-0.0399450005400398,-0.0349689763087127,-0.0113380151892307,-0.087730708973983,-0.00932932640450185,-0.0202434819432803,0.00145277069430487
0.0139694891777835,0.00582169539555874,0.0048104074912374,0.032921465256158,0.00255485506821005,-0.0115306506915552,0.0112685532177468,0.0238840472114323,0.000966409836452842
0.0142251089304587,0.00596003791103478,0.0112213398956034,0.0511338059414475,-0.00117418781388125,-0.00306441716664621,0.0115738788837725,0.024299537771237,0.00707327262636547
-0.0536654057530602,-0.017322978906678,0.0044702463912564,-0.0193102297470599,-0.0313547745906252,-0.0568250143700092,-0.010001451598928,-0.0473326358117007,-0.0279495951248027
-0.0489610708932791,-0.0167436629483079,-0.0137787769571591,-0.0206764250422778,-0.0171276049876014,-0.000709785024959763,-0.00826314849475016,-0.0112810482099258,-0.0235400534130301
0.106652784118217,0.0185674962598957,0.0266990206627825,0.0906560565725014,0.0125851322376651,0.110567797646996,0.00603077566794177,0.0359574649472763,0.0179592077843189
-0.0348919515748643,-0.0269426792896576,-0.0306058674498154,-0.0462474483002816,-0.0137616384657387,-0.0180530435967682,-0.0247436584960701,-0.0229399814911132,-0.028823885375526
-0.0326423403360298,-0.00804763593616786,0.00387556426693594,-0.0127646760444456,-0.00414528315987053,-0.0285044283895045,-0.00671430329643802,-0.00140204113377625,0.00413212365980926
-0.0741720116508564,-0.00939191906916622,-0.012117642561072,0.0214367983429573,-0.00191416863720905,-0.0745226316684431,0.000212587490300852,-0.00835576557397065,-0.00498999066795722
0.0589732193481572,0.0310460728703194,0.0163100798172432,0.0717222625369075,0.0199340681533684,-0.0165854655526583,0.0260817288595465,0.0306487934687163,0.0345382832876253
-0.0120617783492015,-0.0193196878662416,-0.0253481305900626,-0.00145689400551583,-0.000324820388364978,-0.00281081365867856,-0.00369749322280287,0.00573484958994022,0.0113547476989515
0.063628783622797,0.0225491404286069,0.0102382566050894,0.0108866576205832,0.0160051656260786,0.0365218757307639,0.0319142523494028,0.0273331260439605,0.0222440505876196
0.0439912231798437,0.028184181297884,0.03911443926615,0.0537543621273336,0.0113250354232699,0.0979354263819628,-8.92651580934314e-05,0.00176018064185727,0.0194758051326523
-0.120673993905988,-0.0893988809670267,-0.0214404754528505,-0.0534376499267218,-0.016742122664976,-0.0784593316911767,-0.0155696226300822,-0.0470308858569442,-0.0447844698336798
0.0049441446650403,0.0268687465982878,0.0215112804592533,0.0499591289225346,0.0142134103692452,0.0194563979001163,0.0139272750792086,0.0259686230723086,0.0283057264558796
-0.0350972550948175,-0.0452873887089137,-0.00637595560728094,-0.00493306555504338,-0.00993013892448586,-0.03953637421999,-0.00271684821715202,-0.0125367917663544,-0.010769835401536
-0.0118811353037696,-0.000413774140677646,-0.0178863600223864,0.0261136023163605,0.0117585964297483,-0.0223517024193091,0.00886403589153759,-0.00421128568824214,-0.00921527856340911
-0.0348023107844943,0.00535792939555882,-0.00652742239482974,-0.00919881880564763,0.00434919426589523,-0.0262015982609791,-0.0180189633700769,0.00339960241027943,0.00458421584764908
-0.026497180930965,-0.00534168148470712,-0.00995510009245508,0.0112651821125997,0.00767231768377199,0.00283038163397309,-0.00367378936756769,0.00507194409693872,0.0126449660101824
0.00294262226463933,0.00189214186755589,0.0157729822181183,-0.00940440923186434,-0.00766593876401318,0.00705360137372219,-0.00767259539005893,-0.000237956846850679,-0.00552433991684032
-0.0692373780010966,-0.0139185027766445,-0.0412387435828326,-0.038472988424988,-0.0141795241343274,-0.0175336325359058,-0.00543816238197989,-0.0331360660388031,-0.00994206403089895
-0.0362612181542695,-0.0175620077779618,-0.00941547538175265,-0.0197759280084854,0.0111396518076551,-0.0354633555842632,-0.00933312003703702,-0.0213985893794168,0.000930876519413741
0.0513223914267872,0.0333746012694094,0.0367773693601767,0.0287868148297321,-0.00111048168946683,0.0186656764860312,-0.00428813248300323,-0.00495343454697414,-0.00335718620209608
-0.0215330144042657,0.0073238155262347,-0.0192823673005061,-0.0265800352343045,-0.00258808213803752,0.00771020486699639,-0.0106317019720657,-0.0247723728382237,-0.0228521724292986
0.0272985238910023,0.0131525143834145,0.0117382137181956,-0.0119093212285383,0.013498162745523,0.0155495178876584,0.00456422774237365,0.00510300501073448,0.0200305321841751
-0.00176502772749333,0.0118585647126659,0.010169240150679,-0.00656564013319006,-0.0277773205049197,0.0186918766603958,-0.00930416710404653,0.000562581159691615,-0.00604634562162933
-0.015545730710777,-0.0107086576788678,-0.00610576774561045,-0.00240453365114972,-0.0216053104023461,-0.0527653185374436,-0.0130634564290361,0.00273240690249627,-0.0386059201532323
-0.0419067276664379,-0.0231789652833408,-0.00642398472855175,-0.0189277423396201,-0.0217007074208534,-0.0973907585469295,-0.00947763894704365,-0.00719548191049482,-0.0278265868769219
0.0599938231398361,0.0409882291681716,0.040837438668992,0.0234602718485123,0.0263875627976453,0.0544496654112158,0.00868526892603992,0.0256100324698067,0.0323265885104072
0.0469067614911781,0.0245900193604212,0.013810367939718,-0.00659336791030116,-0.0192761025840373,-0.00818171593330475,-0.0133203729336147,-0.0283257816104738,-0.015530307378689
-0.151421045163912,-0.042222713277633,-0.0577426697641769,-0.079190918416436,0.000410990998711858,-0.116617997676937,-0.000812611079197461,-0.0133326590480704,-0.00845398894514186
-0.0140778480414058,0.00675931396829507,-0.0179013874411318,-0.00446393144637596,0.00305389598099103,-0.02655968381142,0.0110459499937756,0.017273302245324,0.00457424065381621
-0.0646192207566839,-0.00687398362560087,-0.022875004474218,-0.0335273944080512,-0.0105481922490126,-0.0947141274315305,-0.0152289473680842,-0.00922669196799727,-0.00319725938458408
0.0123064244579992,-0.0428039957366085,-0.0340599469106467,0.0187968965178459,0.000109488080869399,-0.0142171105997867,0.0217710925595392,0.00407828287600643,0.00397620282463365
-0.021380666125328,-0.0175996707277545,-0.0314409847572438,0.00559988227587652,-0.00581769819330547,0.00257503601336207,-0.0165352738829505,-0.0118869388649326,-0.0145547667336749
-0.0362843230036955,-0.0375956188883978,-0.0382133096740152,-0.00821142771935176,-0.0106055417159251,-0.00145804241124948,-0.0148897693919036,-0.00747982971464856,-0.00808811834797384
0.010282395138406,0.0342323158031459,0.0433231661174094,0.0209407251047032,0.00234002302020139,0.0187307075750121,-0.0125740953236385,-0.001635087394011,0.0215670046328179
-0.072720272646026,-0.0404999731452501,-0.0548554877297517,-0.0549428128725372,-0.00337385507640072,-0.063742942349215,1.51861690238257e-05,-0.0277980641462998,-0.000332600949285721
-0.0222925330731571,-0.0177303635340678,-0.00970105231034435,-0.0207386790750393,-0.000123454148868809,-0.0380618063535667,0.0129172038453897,0.00531315876145869,0.00446050059348387
0.06926833138115,-0.0229105589643573,0.0163674663478142,0.0171899894570808,0.0080644353216714,0.0987253958338051,0.00551910194040886,0.0120441852814404,-7.71933781917279e-05
0.0256525081421103,-0.0152114256664065,-0.0157089366025652,-0.0292176793587611,0.0149645240885309,-0.00371769952566394,0.00407129521720482,0.025491013818554,0.0141513740956058
0.0361186865779029,0.0226321944135038,0.0186925455633055,0.0420741194618447,0.00354583522507605,0.00929148893883339,0.00120696142503287,0.00752889215272008,0.0012510254958869
-0.0875339025289521,-0.0364689460112607,-0.0399071720493107,-0.0383397248148082,-0.0128363836282488,-0.0804503866225232,-0.0143350676954519,-0.0197472293516445,-0.0180772902488619
-0.00136406446248075,0.00610151527628311,-0.00758882261790287,0.0219030263228839,0.0136029589081015,-0.00648667614421622,0.00474221259305686,-0.00133630425196392,0.0109836731937064
-0.102878153347111,-0.0656837580554096,-0.0109473748020424,-0.0513577047663823,-0.0201851104949713,-0.0835036421945857,-0.0251851774908854,-0.0478035640964772,-0.0756221800275868
-0.0177829455133511,-0.00934902855626732,-0.000299332915741079,0.00500133818935324,0.00448139614880517,-0.0200165044549898,-0.0028003127367568,-0.000823314996738774,0.00708454003045613
-0.0144982402643052,0.00624135732626852,-0.00956505889552786,-0.018577468997876,-0.0166441949874989,-0.0138185674493865,-0.0153349172380772,-0.0249547499760984,-0.0280062917359318
0.0101353605679154,-0.023544122448359,-0.0136274755054637,-0.0183900781679009,0.00533822233116651,0.0261744543981237,0.00216457552070069,0.00601779527644956,0.00854426556321591
-0.0446184960147032,-0.0124160602632509,6.46151781936218e-05,-0.03536598291233,-0.00495344120606182,-0.0504952680739227,-0.0172194241961353,-0.029872528648352,-0.0180455101313833
0.0213778528609302,0.018363255990849,0.00599742993422522,0.0288762025642994,0.00332622694412975,0.00666347742237165,-0.0138136099535699,0.0241816996294643,0.0223959914348201
-0.0035268480887654,-0.0243650677647502,-0.0281744002095672,-0.00325043963890501,-0.00585754677993376,-0.0117590071064461,0.00831080976731121,-0.00965039450921627,-0.0156742165557613
0.0230326150729941,-0.0239869408545334,-0.0137970305590455,-0.0208963781023149,0.00454391684203954,0.00631139812129299,0.00961046493794013,-0.00776811972406547,0.00627032543960874
-0.00633950801924124,0.0233054266078817,0.0140999751610789,0.0209121604810716,-0.00815273210406657,0.023794291510726,-0.0154492836250856,-0.00634462211252138,-0.0150701071623946
0.0103743222701653,-0.0158736032401277,-0.0189198313278369,0.0371332756411711,0.00656103222294562,-0.0172550205480363,0.00550467235514755,0.00410522156005264,0.00325947448340393
0.0242027980434837,0.0158850463226777,0.0180605669350586,0.0181201307866749,0.00680964003283894,0.0704529730661805,0.0017904884906249,-0.0030980135475053,0.00976565370681088
0.0020992199977002,0.00664468816423672,0.0146415752922342,0.0232576992736152,-0.00747509692996582,-0.0140780396200717,-0.0146909147068786,0.00596506518692694,-0.026384047761956
-0.0214003981007602,0.00494955966495282,-0.0166425695539119,-0.027137521898979,0.0103527216921891,-0.0173003808916506,0.00804742638006227,0.0102629491084524,0.00669506258863626
-0.00111022737161304,0.0181320694582867,0.0103950826465525,0.0342449317626762,0.00724461869669735,0.020391693016803,0.00660110242421637,0.024288359997691,0.000267877745816467
-0.0329943342444541,-0.053415252668884,-0.0114982790319621,-0.0329610688944552,0.000444649847183369,-0.0489547236246339,0.000297350930424235,-0.00819505250633913,-0.00596651098164562
-0.0931613165035477,-0.0320182600810952,0.00339953956565011,-0.0624449553440952,-0.028466666009455,-0.101254784560194,0.00795844305724037,-0.0464283493353439,-0.0635924765108283
-0.0213354796049542,-0.00984062506969951,0.00456343572794784,-0.0137670933459461,-0.00522850111961035,-0.0260046953559624,-0.00185040539586686,-0.0235599096903983,-0.0168783090706501
-0.00622583471987022,-0.0195068014896899,-0.0202746757030768,-0.00873812776039162,0.0116243634535046,-0.00428093827007611,0.00466683798445735,0.0121623690799663,0.000796167849957879
-0.0226908871911829,0.00399880989618569,-0.0263124255065121,0.00326678743249197,0.0033107968249828,0.0272137624776503,-0.00101572941917412,-0.00987583280038747,0.00391345087548568
-0.0118154168491907,0.0184900666233043,0.00305555777199109,0.0101699585117762,0.00314071691838497,-0.0106206105326633,0.00923989962363295,0.00748038848987395,0.00850943219880129
-0.0307904699798161,0.00158537023413638,0.0053890317881013,0.0171943830607334,-0.0142594732788536,-0.035955756875617,-0.0134627176772553,0.0195360679747747,0.0110206044100322
0.0938412533667821,0.0316155850459834,0.034135897431636,0.0163209449632354,0.00290430037460346,0.0751388230986833,-0.00370761882950336,-0.00300182811033785,0.0193391889641261
0.00993849073583416,-0.0212737241298212,0.000618385481838934,-0.00393576211610349,-0.00759448978016399,0.0208930519532074,-0.0203316057294475,0.00756383800817164,-0.00370034443280501
0.0792406855108655,0.0371476226227351,0.0312601518633635,0.016131307888045,0.0211477278428871,0.0742109828787405,0.0139241872728853,0.0122943727011771,0.0341409568489698
0.0921644021534522,0.00279805698980093,0.0227289163139153,0.0127036233243477,-0.00495378197575988,0.106040191506657,-0.000724031579502197,0.00408084847910422,-0.00306085869099028
0.127574830831218,0.0292833331966489,0.035689076741275,0.0271420911040011,0.02047868851231,0.113891333677351,0.00791205922634467,0.0253793804118917,0.0229892240918471
0.0467108440139712,0.0286584669223829,0.0179752960175343,0.0255159484807377,0.0121899008134524,0.00646526275173425,0.00308738699420974,-0.00394923490421393,0.00484884940216377
-0.0375151401389998,-0.0126963118913919,-0.0296250732546875,0.00244088866361905,-0.0101021020355122,-0.0721876666986903,-0.00031270805285214,-0.032436273895676,-0.00887471574825727
-0.00395049457971164,-0.00623110117201417,-0.0128159243421604,0.0152720875204563,0.0102908823510803,0.0547289333234222,-0.00209226749221293,-0.00582243041953225,0.0013197079817715
0.00736387151631577,0.00478115463462267,0.0126058554986587,-0.00400790236855883,0.000950517975756754,0.00428166178068603,-0.0108884849338614,-0.00976624506971584,0.00804969725917827
-0.021060787245216,0.011953983416177,-0.0111378086020314,-0.025343272790715,0.000644530380049234,-0.0410582293681437,-0.00687858616885393,-0.0245168244419436,-0.00710520425422466
0.0300874673999371,-0.00441158866410941,-0.0130600629890735,0.0296906973569734,6.43091912184275e-05,0.0191831287262508,0.00409975121741358,0.0186196414851363,0.0101589082322481
-0.0675916719256107,-0.0279072280819626,-0.0497022246708229,-0.0375588485752519,-0.00709864153855518,-0.053670984112252,-0.0155355000118536,-0.0233984588703588,-0.0195036971868186
-0.0227696949104396,0.00765461279387122,-0.0102194010162954,-0.0430888425076579,-0.000943597103141924,-0.0197561416451958,-0.00516076156610396,-0.00416159611078479,-0.0217421094544073
-0.0875603712159895,-0.0264895185546205,-0.0076421008321008,-0.0214900696671291,-0.000510304924272625,-0.0595957407605183,-0.0114111251502845,0.00389349502018626,-0.0154347794633003
-0.0181354581307248,-0.0183438884367344,-0.0151863323884426,-0.0193895716142629,-0.00688930790588045,-0.0422691079617407,-0.00202074031547442,0.00798500045944397,0.00985440384047394
0.0809245310787666,0.0736226754020937,0.0630779689818212,0.0395831114411918,0.0195861140210807,0.0498981006663002,0.0179945635160172,0.0256936463135927,0.0158343507829778
0.135127934921269,0.0719971799225487,0.0545307645637655,0.0513428482763631,0.0055899208304387,-0.0308304637362953,0.0330482540936512,0.0327824957143099,0.0400849131162258
0.00973631869733552,0.0189030743292054,0.0173627059875119,-0.0150089800909974,0.0076275715224211,0.00767040330609613,-0.000384453192140009,-0.0121269047535532,0.0015468468999708
0.0452176821741824,0.012180300459591,8.63430855844345e-05,0.0308115496927673,-0.00304731158348856,0.0168658158161107,0.000584357993283536,0.0350398032002731,-0.000563852462295157
-0.0305328428769772,-0.000876967202216078,-0.013309499611374,0.0058422773072456,0.00719781670596659,-0.0038802864464309,-0.00623751309818714,-0.0218603269274864,0.00847389785761848
-0.00914519572417768,-0.04489014894412,-0.0365638887236404,-0.0182209785796904,-0.0186705494903852,-0.00112091204061403,-0.0229891757769501,-0.00365818507098556,-0.0193459269798387
-0.0130235868365513,-0.00114740357098574,-0.0268205900519919,0.00875790755770373,0.000638734607208167,-0.0175554836338537,0.00439984723095318,-0.00406106052036176,0.00298717193770754
0.0197727908896411,0.0187958193659492,0.00164635860423863,0.0366727007327639,0.00908155167396508,0.0325673325830727,0.00878317508667661,0.0160699159270839,0.0181914266511183
-0.0587319269152872,-0.0117648459876315,-0.0563466806483147,-0.0160292412656397,-0.0217449157998526,-0.0585668510007087,-0.00445619607783852,-0.0096927147132743,-0.0112180815469172
0.0232561630284387,0.0181493597598735,0.00786318079033732,0.0109110382647771,0.00304211426953201,0.0257655722315275,-0.0056160431258241,0.00983280065928795,0.00467468637600243
-0.0383123962510595,-0.00461592138638657,0.00380032545463693,-0.0227465812630781,0.00277768913592361,-0.0302629978553652,0.00136668371390909,0.0026670228778434,0.000854503422671774
-0.0349078286623151,-0.0159480700301912,0.00466638963063789,0.00207597360169577,-0.00960925675503596,-0.0476022023554755,-0.0135912955918517,-0.0142442676631705,-0.0145587914259319
-0.0038186713790796,-0.0147460094778927,-0.0233264737822188,-0.00417859044048778,0.00087618971173397,-0.000184074370607968,0.021724901137924,0.0154338655503325,0.00875070334892009
0.0163361008331249,-0.0101199002985644,0.0234795290353826,-0.0133094032857698,-0.0153806689748002,0.0289372707575658,-0.0110892888952956,-0.0123413930783963,-0.0230406034943262
-0.0141344422402992,0.0132598155741737,-0.0183366428675074,-0.00211945227206746,-0.00112880787187989,-0.00926442144437795,-0.0020153904266782,0.00630275382969543,-0.00309707504248255
-0.0042585223500282,-0.0309814828404006,-0.0304008524446644,-0.0193820464924858,0.00897990725144235,0.00901050339615797,0.00253065918552206,0.00928571348471382,0.0122557304187905
0.0675804236840641,0.0189672054806895,0.0101643265005702,0.0193588739507835,-0.000492586590788144,0.0633644878027225,-0.00176680118898703,0.0143203477303196,0.0170571060482925
-0.0443754718835364,-0.0225464342885402,-0.0361317311239298,0.00256649308301658,-0.0121306847516786,0.0475512020576087,-0.00203753203292951,-0.00864902849400568,-0.00714385378794431
0.00839382464846137,-0.0372811570884066,0.00365993550862354,0.0104095413297947,0.00493274694790001,0.00132878702220441,0.000488944208071895,0.00549928691440136,0.00427384537034278
-0.0205976956821606,-0.0228770121108518,-0.00928092955714404,0.00788134003019245,0.0107251263589092,-0.0158533910774803,0.0150412805888952,0.017486873312973,0.0187644362469774
-0.0781781948519917,-0.0331543785414908,-0.0504100297882272,-0.0442433756380744,-0.00831229485880129,-0.0706482740881956,0.00275679281192262,-0.0303696100886949,-0.0113777217568684
0.0335241313227267,0.028588757782594,0.0162235920844774,0.0348741234057491,0.0265669507217704,0.0448632045884433,0.0334755697641979,0.0294390596987732,0.0370013445320332
-0.0427632392529335,-0.0245517355877315,-0.0263087933726064,-0.0196941433897145,-0.00246494634964904,-0.00548598494334031,-0.00330064096825308,0.00626500625720621,0.00177439884405539
-0.000653467266877826,0.0306909183726257,0.029330947576241,0.0190585093403057,0.0126410630216481,-0.0151342296240782,0.0310162319804992,0.0489235315249313,0.0390874826722754
0.0394237815971693,-0.0211476083608997,3.37320458517832e-06,0.000394535365100996,0.00423362370935551,-0.0243054999844959,-0.00489292613944694,0.0159560240718526,-0.003559160055325
0.00211960753317502,0.00737240038658093,-0.0125565304982519,0.00235425528197832,0.00348993879373029,0.00550562508261023,-0.0120733956790725,0.0149081545803446,0.0132405092457466
-0.0772822843216991,0.00882248634051829,-0.0583295735268657,-0.0402060559850371,-0.00966601604029352,-0.0647040090764913,-0.00116157834516159,-0.000324588701068116,-0.0106049899232698
-0.00105576083613502,-0.014599308041405,-0.0186908492884089,-0.0306824517301089,-0.00579974875207486,-0.00523567706525582,-0.00506300016978869,-0.00103582594711019,9.24349271535102e-05
-0.06403921518775,-0.0240190368340895,-0.0350599333988123,0.0110260531476962,-0.00192143842260763,-0.0455210557330578,-0.00477481599694326,0.0032291340669455,-0.00708154069054303
0.0108456592649325,0.0112337479677288,-0.000150106691330015,0.0339453315137494,0.00471165625502353,0.002859813283706,0.00448375540362516,0.011709583720181,0.0210929171824425
0.0207913157007008,0.014811331322681,-0.000546274402029753,0.011936069411383,-0.00164430595151241,0.00782270512965856,0.00669601036508267,-0.00568663968590075,0.00244099703651142
-0.0408211109332215,-0.0326171298390678,-0.011915477660647,-0.0179247637094242,-0.0269966953885982,-0.0181771477499617,-0.0293252041135878,-0.0224274082041545,-0.0363737544554974
0.064885967582796,0.0441080884521796,0.0457555368542394,0.0345524742023916,0.0248080112559566,0.0339017920774488,0.0323568223503961,0.0381900031554226,0.0266086503384814
-0.0539974286176758,0.00101617200220869,-0.0337881161384105,-0.0169421038592085,0.00224920948582418,-0.0616254948496753,-0.00886462558490379,0.00680497742673154,-0.00330260207308485
0.00393890434281778,0.0180921590572543,0.00822354850496928,0.0112243317090422,0.012836017385292,0.0347667561802739,0.0225084579239644,0.0147011639576699,0.0113009910260965
-0.11184808395518,-0.00641011945159594,-0.0342372932234188,-0.0300060028825076,-0.00817456348080634,-0.0739448235459536,-0.0161622772982609,-0.0332584407353174,-0.01924186536506
-0.0298543862824212,0.0291954064610798,-0.0151560061115647,-0.0170514322331505,-0.00381267168832494,-0.0353530599677959,-0.02289489976764,-0.0318460213452982,-0.0377910043091591
-0.0750058806000492,-0.0214378817392745,-0.0391777989192767,-0.0283994850837533,-0.0111253348578801,-0.073162018088011,-0.0166144301211096,-0.0230568415644328,-0.00799606645062035
0.066316328927751,0.0490898219021027,0.0342059391638283,0.0103438826670969,-0.00360056897380758,0.0828226622638212,0.0112176999316554,0.0102016715628773,0.0258505387047951
0.0519117585150849,0.00823255619968913,0.0116353166675309,0.0131996488832118,0.0059832452063397,0.0600239985883638,0.00276089287485388,0.0207796212255172,0.0138348085088472
-0.00112579697422711,-0.0078180426947571,-0.00121870286008858,0.0318714968789225,-0.00481136327737114,-0.0159180890236298,0.00540594470099705,0.00594729267554524,0.000947173142273529
-0.00864430563266093,-0.0291149685506822,-0.0392671234458009,0.00100129894075158,-0.0154796437097222,0.0198266311580216,-0.0148765659607029,0.0035567470954039,-0.023958822168148
-0.0610489760081626,0.0157264805464591,-0.0552130813272159,0.0188915629214982,-0.000322086889204808,-0.0374829699777978,0.00844328202435024,0.00350438179329355,0.0180413885531758
-0.0664306791185135,-0.0183242004954651,-0.0229019713091389,-0.0188102727390752,0.00446611827236558,-0.0319750352323839,-0.0110546989222814,-0.0107186707292839,-0.015182356370544
0.00707975458815587,-0.00280680821859719,0.00543968006161486,0.0101687378300627,-0.0101767116036378,-0.000264285151919195,0.0107354274105223,-0.00941005323994172,-0.0170605180756776
0.0310217629518271,0.0353086613233216,0.0371977458221102,0.0495501593277314,0.00743948552258978,0.0230696216358635,0.0270799847496685,0.017567250766156,0.0104478237044654
0.0274879712247615,-0.0127531339685812,0.0114823459666593,-0.00377270598198055,-0.00981237116774652,0.010928725252731,0.00358795525100603,-0.026277458298416,-0.0178092929356292
0.0270587376857498,0.0099187424650321,0.0191612233150187,0.0281391527463959,-0.00476929678274081,0.00839026595124637,0.00810352792011698,-0.0121007162228714,-0.00662951458664551
0.00446470129246164,0.0205144247050062,0.0234530828438518,0.0303259659411871,0.00535355006075078,-0.00282803415543534,0.0265201630072651,0.0065050421652253,0.0177924377569512
-0.0515438021354567,-0.0346191087999648,-0.0251486305683666,-0.0198635675966645,0.00485399836121743,-0.00830930799043811,-0.00576576814752197,-0.0198103594806146,-0.00349727753070786
-0.0383560043194212,0.0236782431783585,-0.0309123249619898,0.00304368077386905,-0.00510836073473547,-0.0224748553772686,0.00168379999068674,0.0169410452175814,0.00893954147945748
0.0896225465210062,-0.0108927923740817,-0.0105092769040938,0.0393019481788163,0.00529839698713988,0.0600759064489534,0.0156081293358953,0.0284238517528922,0.00100811447789753
0.0130955172036071,-0.0196180592591077,-0.0155402045301454,-0.0162708776407325,-0.00500068818095336,0.00575341653810293,0.00640430489512661,-0.00244463374045789,-0.00439393044439971
-0.0206201001027298,-0.0153186136250413,2.3366214459781e-05,0.0187611698309547,0.00465164473686709,-0.0206496274537986,0.00837978399708122,0.0195164989987522,-0.00369351951470934
0.0948812353540761,-0.00298801372134549,0.0400858861773311,0.0212271470184046,0.000633668388739489,0.0643746897742061,0.00747853867064048,0.0016183816038705,0.0158292629463191
-0.0140373376909313,0.0236448444209953,0.0045031304926526,-0.0133129720563943,0.00456204962986439,-0.0469464024226481,0.00909439782402938,0.000669098520752141,0.00309310903323161
-0.0316676509427401,0.0289330437653821,-0.0166516949680905,0.013527753318515,0.00282173091481569,-0.0252623011554483,0.0158578109886224,0.00224776964688988,0.00220917520742305
0.108094854346726,0.0263135768561997,0.0263093422384955,0.0326845456458778,0.0181272078438661,0.127988081280629,0.0206069541654165,0.0249990945681476,0.041927427361753
-0.058494284738117,0.0135483086063669,-0.0353591792826787,-0.0331767176935051,0.00114352544940763,-0.0446919994681705,-0.0106979358288168,0.0128363215600025,0.00319311141817996
-0.0123273948262012,-0.00713094551453584,-0.0156191094057537,0.0238420968503965,0.0204242102207677,0.0227526142479387,0.0105356474464853,0.0130994141084293,0.0160265500459661
-0.00192580457343865,-0.0203028884845016,0.0129525253625593,0.000366019800152834,-0.0113357298150175,-0.0210533604128152,0.00623743777329536,-0.0294467790504147,-0.0171528622257951
0.0848042164492401,0.0207967016286868,0.0151378480992215,0.029647317691825,0.0132251945505619,0.0601804272808675,0.0268122249526883,0.0230783608388938,0.0404267472969152
0.0321739051450427,0.017065352039199,-0.000674881599129891,0.022419913185624,0.00591140057345463,0.0102944369621429,0.0079088649724407,0.00289753232800657,0.0161767021553275
0.00303675110898961,0.0327035122504451,0.0282406596268795,0.00607630068808161,0.00690229400350351,0.00749010854071427,0.000339385682203759,0.00265572075021093,0.0139917442291017
0.0145472590440461,0.00799134763871782,0.00728803849518934,0.0149979545366627,0.00719658964703977,-0.0012966576022112,-0.00151756144898453,-0.012119788602391,0.0140745301481496
0.0110372499803737,-0.0255750384312982,-0.00505307206077906,0.0289152688950217,-0.00101845487190261,0.0315238113383078,0.00360259590164088,0.00122875339787632,0.03181388591971
-0.0077617706171279,-0.0176144268663097,-0.018447335154324,-0.0376114128314266,-0.00385783950424644,-0.0230638736690112,-0.00229785211021902,-0.0149311545830579,-0.00336617469982292
0.00778740601125254,-0.0100534848687785,-0.00672951876531177,0.0106596752837577,0.00600541403540338,0.00378482010572721,-0.00164067856659526,0.000506073606254439,0.0121713760878153
0.00505990054611101,-0.00381995526979276,0.0171434714098355,-0.00760665757428304,0.00677921289471453,0.0308567070320475,-0.00757967695121519,-0.00323249913179234,3.61551267064892e-05
0.02101985817838,0.000362690466793477,-0.0118542517482513,0.00910619291178747,0.0039536313934086,-0.0162475645828508,0.00980144489651975,0.0117043709701708,0.000626603652179257
0.0345816233886071,0.01198377013159,0.0103653603961261,0.0282856862817465,-0.00547364560854232,0.0496706084390735,-0.00125506973426008,0.0123145046265369,-0.00846454784560634
0.0324929850824687,-0.019865148919673,-0.00336360146404408,0.0122845052252042,-0.0177175585179811,0.0507447607919844,-0.0128727402495547,0.00130402271653646,-0.0272482909490101
0.0323589721291941,-0.00102350957093117,0.0134352729878991,-0.0053870153698655,0.0127492867927039,0.000888359316013114,0.0140345720979574,-0.0109319894792323,0.0137325918116116
-0.0449899467849625,-0.0202571164406053,-0.0548926198769193,0.0068355504209419,0.00548160616037118,-0.0128913190980185,0.0224137205134272,0.0241307542241962,0.0274175435429647
-0.0612308895672045,-0.0358182410358584,-0.0479838084772194,-0.0331192637240563,-0.0105674484630089,-0.0151673308674741,-0.00844011414447439,-0.0366274406003193,-0.0133669578979673
0.000601796694559662,-0.00159129050599203,0.0158897872448797,-0.00497383237545635,-0.00159732162084973,0.00789430276360239,-0.0116045705505593,0.00166257384867586,-0.00097512713822368
-0.0996534014259705,0.0117010411636831,0.00283874824082449,-0.0593167485580654,-0.00623963407120059,-0.0889169628293804,-0.0176985997733232,-0.0313085924492636,-0.00975319788705728
-0.0228914543105484,0.0141325494479835,-0.00448782566803482,0.0332780316811515,-0.0117558918072547,0.00125789520672616,-0.00213783294914767,-0.00509321636914707,-0.00555424472889939
-0.0471523342062836,-0.00152076521610566,-0.0371276173161637,-0.011925381617622,0.00821285477270584,-0.0402959748053062,0.00438821669883644,-0.00760851134363061,0.00464417360999446
0.0360259349295156,0.0439659931731005,0.0380389376079194,0.0110733860636739,-0.0234529372985813,0.0319919588395174,0.00371450557662117,0.000327937087587341,0.025149083917434
-0.0501342821302836,0.00218005097258983,-0.0102491860272235,-0.0217591759075476,0.0116279318983141,-0.0468159118963144,-0.00295844095745372,0.00777779751587702,0.00662835424413159
0.0529195803278703,0.0195579941492148,0.0232375371121006,0.0257878673561773,0.0252654938518755,0.0591932906694821,0.0269943500590946,0.0312042695125477,0.0372505711000169
0.0879928242481391,0.0123225229499056,0.0158513253212261,0.0217040882476068,0.0110316002949829,0.0911043822284387,0.0106532872648611,0.00835889017684334,0.0199378955262193
-0.025559853191278,0.00544752566634805,0.00168686519849184,-0.0215416134335958,0.00348003585588508,-0.0574937335392419,-0.008287409030347,0.00368330591313851,-0.0117441616353827
0.00683620483577318,0.00687703134010688,0.00966199607868646,-0.00728627651430185,-0.00428594050621645,0.00405877615395584,-0.00314749510949945,-0.0145578839806,-0.00457610349128482
0.0193727232047888,-0.00212998449956481,0.00858549521259191,-0.000639299176333205,0.0153580142846101,0.0234110999199436,4.36179044327185e-05,0.00296484239507642,0.023858325502186
0.0424817687813057,-0.00148602153613449,0.0102831978709451,-0.0196320477330281,0.0225723223878098,0.00643468270045556,0.0209720294301426,0.00515061119097152,0.0189192524269782
-0.0577942349173121,-0.0296499351349042,0.0158635104554068,-0.0258906347402739,-0.00409970148508219,-0.0190820763269685,-0.0210381994220563,-0.0381694874670691,-0.0224543267183063
-0.0151242197294234,0.0162498387429733,0.0160789024054141,-0.0128895678761102,0.0166043940618707,-0.0308415863732057,0.0147346648497616,-0.00125614574969146,0.00918237432140788
0.0486992237000477,-0.00166935412582335,0.000748526887353657,0.0228485425514579,0.000290185660470324,0.00990423419564898,0.00532059913877756,-0.0100343013261,-0.0114419066703483
0.0453697405277085,-0.0344212640663672,-0.011260003836199,0.0350953786058506,-0.000588036392497234,0.0259886945872575,-0.00780418896190425,-0.00870694652099903,-0.001856289550155
-0.0659924245144383,-0.0282452715379464,-0.0281861800699778,-0.0153071355124897,0.00915496025362228,-0.0768991735453909,0.00120934788657722,-0.0218725933161024,-0.00604538772315472
-0.0607695134180891,-0.00745298614927081,-0.013104586790354,-0.0348760859397576,0.00525896765499041,-0.040192827385064,-0.0111095539693038,-0.0167714215205567,-0.0184415047915187
0.00961487895610145,0.0221170687628597,0.00957615285451795,0.034867276454131,0.0147826489085195,0.0281049845851262,0.0196478750565712,0.0075058489332196,0.0113061592684379
0.0211010323256352,-0.000991212551462518,0.00661739453912654,0.0127724355702018,-0.0137919015478475,0.00851983082000076,-0.00736106477901791,-0.0165369093201047,-0.00927797347477551
0.00380278817230821,0.0385594644549808,0.0225041908406775,0.0368455698651655,0.0220278290021655,0.0200321360497367,0.0248584515939959,0.0395295031588331,0.0147898614040352
-0.0257045930869267,0.0132000392652618,-0.0206891103319583,-0.00240637651907473,-0.000213173344655459,0.00147222793533631,-0.0135038173530894,-0.000154131116592383,-0.00869981280234956
-0.0124020954162805,-0.00431529704450542,-0.00740021002216944,0.0234491664018011,-0.00584100454197131,0.00201232359411937,0.00284424807951845,-0.0118321479774802,-0.0139852989091443
0.0189613718194872,-0.0031253597975988,0.00555155046383574,0.0345787515654685,0.0152914858516611,0.0335873295360472,0.0254175774346305,0.00558494594840969,0.0257215164173725
0.0459918636245681,0.0294325962871099,0.0198373853778874,-0.0138232367949053,-0.012377779298252,0.0387969824471073,-0.0125253153450678,0.026085991704788,-0.0156365583452268
-0.0378178480094141,-0.0090138420312916,-0.00255484116781383,-0.00624818776342579,-0.00892049366875352,-0.0356451414228796,0.0109488733943317,-0.0231714580285142,-0.0253448601360426
-0.0628986466639533,-0.0453897112932885,-0.0444744090039152,-0.0513246343588874,-0.017947814486783,-0.0237056481386109,-0.0340203383756198,-0.0164069475079588,-0.00652585164729544
0.0814858700691686,0.0733733045317495,0.0680981717910745,0.0192703297620515,0.0203775315082105,0.068453782952415,0.00473750010685377,0.00251946601056985,0.0369552830792177
0.0218503319871823,0.0294613555426091,0.0105307172735411,0.00187267252798844,0.00395115109862138,-0.0281172256894426,-0.0175677933496613,0.0100825373367392,0.0129664512290429
0.0201250923574406,0.0226609086675617,-0.0139763060386323,0.03141792671612,0.00761322990436081,-0.00846850951880562,0.022039957284729,0.0128071733110028,0.0229536689822966
0.0204964250732613,0.00573780936191689,-0.00899627694940956,0.0178920502460446,-0.00239295810709314,0.0286685618761106,-0.0033810455729799,-0.00886208000313479,-0.0221233181944153
-0.0443465792691644,-0.00330105428431455,-0.0313867582366605,-0.0256845078385535,-0.000186007530056619,0.0233837455053566,-0.00872237044997174,-0.0318281800960696,-0.0078175436778142
0.00724973470026123,0.0180825703243522,0.0169094367892016,-0.00451791474716414,0.0225589533089116,0.00725592690084801,-0.00911151512739042,0.0328945729232232,0.0283771861188282
-0.0190425685371596,-0.0442722829547445,-0.0276555415599901,0.00283377692924267,0.00529091600675731,-0.0354186057492843,-0.00491847542805907,-0.0128513981287485,-0.0116747968336048
0.0298017998504596,-0.0149799633829419,-0.0159853714606245,0.0140154044671842,0.00104435159720998,-0.032609038709569,0.00674315372896095,0.0197337057749447,-0.00242567189923177
-0.0142577400126456,0.000284979268675996,-0.0379617517235348,-0.012388792478063,-0.00862777489288703,-0.00205594959757009,-0.00116731551849224,0.00756956973583627,0.00643677323597321
-0.0181517748914645,0.014182778914462,-0.0197770981208396,0.0441195759460756,0.00193479147732391,-0.0242952605959277,0.0142997314683034,0.00831627720149327,0.00926383789109662
0.00584303129601714,-0.00857959530667751,-0.00665924032547266,0.0352309926753074,0.00206441708212319,-0.00847876101233865,0.00209863313099513,0.0100251564471206,0.00208747614063715
-0.0631848274649434,-0.0327299858990198,-0.00977118809170225,-0.00895569312160025,0.0113704322785215,-0.0298775753465479,-0.00644547571509195,-0.0104886068477093,0.0214670812458306
-0.0310556958954393,0.0182252339155127,0.0108903533987062,-5.97285873194076e-05,-0.00478928819551939,0.00836040240472846,-0.00204759727817041,-0.000134013993947845,-0.0115033839943497
-0.0054861691695498,0.0198277928783265,-0.00547603983781233,0.00372823838452482,-0.00865112376450384,-0.040425649189124,-0.000806773422465546,0.000183547920987959,0.00854654845210804
-0.0324302413896401,-0.0023245583466914,0.0353072910800089,0.0379410777271589,0.000945182014959399,0.00273672989905366,0.0294969787230081,0.0116725426683728,-0.000887524166278027
0.0391701243343626,0.0224125907252065,-0.00429233892490993,0.0128709575612923,0.0141548931121358,-0.00298554965501693,0.0290098453495867,0.0238780503890435,0.0269590030857713
0.0385709844601817,0.0113687119010398,0.0241643734395411,0.0551949454096071,0.0186856628806704,0.0624715788576403,-0.00227740504233504,0.0254029536223753,0.0310565971556173
0.085130796129124,0.0278618361881443,0.0271224957483489,0.0159083697363679,0.0065977168191403,0.0930223382372761,0.00700011988355336,-0.00602711782416699,0.0141266662606241
-0.0931179988684626,-0.0422216179874039,-0.0312834447768325,-0.0554892981908775,-0.00881437291052397,-0.103443396392646,-0.034508451817778,-0.020294648522597,-0.0205498618689129
-0.000809614764906487,-0.00167602871991887,-0.00768138846292974,-0.0232834215821744,-0.0167708893692277,-0.0246952052998715,0.0091426416103636,0.00452591015644921,-0.0119586037480719
0.0111162581426218,-0.0110988603475554,0.00143604512135563,-0.0375011052687915,0.00244371606091903,-0.00575200714788172,-0.0194959380838191,-0.0252655706876205,-0.00765774943330415
-0.0066625252178246,-0.00966216927762701,-0.0415184489537408,-0.00352061590248757,-0.00556497878183113,-0.00856991065916392,-0.0433624051324977,0.0017553471719514,0.00226326451452171
-0.0131032164687274,0.00745145083081148,0.00970271907725559,0.0164462777604747,0.00734878189484051,-0.0316526502309959,-0.00416632378062155,0.0206619351188274,0.015109991471761
-0.00794986427825783,0.0180746528329487,0.0216524693653325,-0.00634057223020412,0.00236456240309882,0.00976162570666376,0.0120290342581662,-0.00283622868609594,0.0138309241398865
-0.0343737548522766,0.00618131529858052,-0.0152573457533345,-0.000489204172653552,-0.00243264059195965,-0.0239887664002492,-0.0277424435926753,-0.00340939691864315,0.00647245588098223
0.071228658011594,-0.00492214774702113,0.0135781994107582,0.013224148546296,0.0112568607525887,-0.0140795907788342,0.015949500682538,0.00847301046781578,0.0186333614040669
0.0874203151393032,0.0538754779026126,0.0449361174202317,0.0724828397207766,0.00789716528375149,0.0846200935731859,0.0123428898724399,0.0223896646774265,0.0072307783493276
0.00562029725908134,0.00183227263402331,-0.0118126864368591,0.0142982010162103,0.00555558560167689,0.0186797785500247,-0.0152201166164582,0.00533776982903901,0.000831351942738166
0.062604173877928,0.0248110185683217,0.0234235889383003,0.0383536715268002,-0.0013209095305949,0.0344151008600341,-0.000931117321858228,0.033220844790532,0.00601010436466989
-0.0353054871163959,-0.0178162779327961,-0.00289862758732337,-0.0104031161985884,0.00545941898384134,0.0874255599346728,-0.0118625180454476,-0.0163785135160365,-0.0250981087249399
-0.00625267148926766,0.0201685752147834,-0.00261454602256508,0.0135349039230805,-0.00201614273809772,-0.0176210960608541,0.0161911412869017,0.000136118854696831,0.0270948954830835
0.00754304892286459,-0.0076040866868075,-0.0202111186628904,0.0275761219024943,0.00925926130756292,0.0117343965491826,0.0416632851286425,-0.00511938951552788,0.0257111587234825
-0.0336339271339984,-0.0016238877910147,-0.0283519045700353,-0.0397323780425824,-0.00170761307518027,-0.0202338248632303,0.00469502926438948,-0.0135084706189788,-0.0105835847393072
-0.0494439319170151,-0.00274656812526772,-0.0139524193988098,-0.0228977738442734,-0.0114517188909701,-0.0539948555881948,-0.0108517757527218,-0.0102902073410323,-0.0121804552277668
-0.00409247093793157,-0.0124882894471797,-0.023236534669275,0.00432937668741808,-0.00349481872244981,-0.0684502575271963,-0.0137542920013099,-0.0189061227420299,-0.0156952120538115
-0.0157595270317418,0.000437344423593974,-0.0104597531777947,0.0227345482299262,-0.00273228997361111,0.0291728886431954,0.00479389831666104,0.0260130029295099,-0.00588458785757028
0.0517535353869637,0.0124889347761838,0.0199226998481736,0.0176659414995663,-0.00206565301247751,0.0118861629708807,0.013127202473231,0.0392813882895408,0.0127310683671777
0.0484445174823184,0.0359758336396022,0.0265464274293517,0.0539573961536499,0.0273376455866428,0.0675303685093425,0.0125526587905077,0.0164777121621256,0.0449712947305636
0.0730379594466195,0.0441646678138115,0.0349708577695093,0.00777958192536837,0.0117304836132089,0.0462444086862464,0.0148675112514172,0.0192241011962893,0.0201201827545359
-0.00313137857950164,-0.00516203725107289,-0.00390237209972785,0.0111621928152175,-0.0112250464797574,-0.0014508948190399,0.0072165490906601,0.00857375264395452,-0.00667266784413444
-0.0113941777780637,-0.0213019992171013,0.00586793869065049,-0.0259837194866621,0.00433672068858076,-0.016523187300194,-0.00655033016710151,-0.0237279474761522,-0.00328811406138124
0.0104032185364335,0.0484736885254667,0.0371624067880956,0.0199525907862697,-0.0130647582938441,0.00496684570866976,0.0101769370540758,0.0345532516624261,-0.0179337101409527
-0.122829483177951,-0.0233064084334996,-0.0414272944073956,-0.0687647476659799,0.000756216257966259,-0.0929297337744922,-0.0132987406201958,-0.004258012641872,-0.0107223586535026
-0.0300449410051892,-0.0113110109302445,-0.0013983519161219,-0.000922868054880569,-0.0129472775190097,-0.0183921439487193,0.0111178151618185,-0.00849175789314783,-0.00429561585214633
0.00953853637160788,0.00925069945533959,-0.0133887074115868,0.017675691953801,5.05773337511665e-05,0.0093177703599593,-0.00567076688084466,0.027102034985066,-0.000455132421206516
0.0538120633646468,0.0231882863757907,0.000469081755467428,-0.0157838386132759,0.00607578206810709,0.0461240780158762,-0.00687017103522268,0.0043641406852301,0.000870277097872329
-0.0649431658417514,-0.0261073701639791,-0.026861402546964,-0.0353153707841804,0.00939503712385156,-0.0388673697171729,0.00285314893965386,-0.0195535850008946,-0.00449847506721092
-0.0503209024889025,-0.0149740381414825,-0.0315574364629879,-0.0346176469833195,-0.00221750846527265,-0.0494858951905969,-0.0157965412705168,0.0086964236523648,-0.00260901828429506
-0.00139190041974655,0.00377245637360989,0.00246571272215939,-0.0191758120172244,-0.00107015233883387,-0.0247968142272947,0.000118529459121464,0.0186125033678008,-0.00534803567810319
0.0240128789560139,-0.00161353364436946,-0.00421416802143595,-0.00516626841645862,0.00655272942053328,0.0414558951025552,-0.00672625670962495,-0.0199864110058841,0.017504198944008
0.0411237146821986,0.0095920545860417,0.0394324077580424,0.0291750832912936,0.0126877977710694,0.0669094655500018,-0.0114910949987795,0.00231928395792581,0.0268876171593561
-0.0447917337502445,-0.020028924210959,-0.0364092195339948,-0.0118972891222858,0.00431483196412759,0.00154643535379672,0.00508806166376824,-0.0133377459897757,-0.0177492381907488
-0.0706458508637763,-0.023469781523494,-0.01217833704024,-0.0155176014988333,-0.00892912340774385,-0.0530319799304869,-0.00794900044741521,-0.0137429130963059,-0.0432859697514286
-0.0158667681308336,-0.00306382904627701,0.00123661293410479,0.0081679251843839,-0.00190575531093596,0.000510768179068427,0.00938632236137269,0.01358417662774,0.0242284197683554
-0.0400074179409673,-0.00387370936612308,-0.0253035218368342,-0.0220315563963328,-0.00496076136994223,-0.0467322246173691,-0.0134681537469593,-0.00926071626280104,-0.0164572674728545
-0.0300847317802014,-0.0621101947217032,-0.0149501043333283,0.032913797841228,-0.0041682982144034,-0.0130946154804853,-0.00749875746756294,0.00139725704924895,0.00881597609374378
0.0356131989883355,0.000473539580999116,0.00455605257783601,-0.0106559353438878,-0.0049258868328287,-0.00275215742757207,-0.0185277726631427,-0.00673632813155492,0.00313648762599597
0.0244465292787291,0.00771312977039483,0.00113204949299828,0.0530667058412021,0.00271648255817113,0.0246183092970072,0.0370025706859015,0.0108107063037325,0.0576295509904506
-0.0198836638214854,-0.0313598318357078,-0.0366245966393874,0.00941349511982374,0.00334233395565433,0.00851835643969439,0.0195011939891378,-0.00741214257871396,-0.00220658598910905
-0.112274650320214,-0.052715080437438,-0.0152041519589624,0.00145737184421904,-0.00625461354417441,-0.0863801704137453,-0.00832303435090606,-0.00104801743396027,-0.0121316056521429
0.0287893061516191,0.0273999991027414,0.0292989103141516,0.0375058729930974,0.0266747767082815,0.00393985530864287,0.0189372486908774,0.017236718071285,0.0331168603653129
0.0469491934859731,0.00677403041827815,0.00372095496765544,0.0231574785758719,-0.0084800014997286,0.02691088045952,-0.00948639195456598,0.0140532526237902,-0.00769039604660498
-0.0601390609777191,-0.0173816943845086,-0.0226158913371977,-0.0316529096893708,-0.0194952716362813,-0.033953907912495,-0.00448075979422346,-0.00833129741591225,-0.0147451250922815
-0.0401857203713271,-0.0111304510359815,-0.00625557735654504,-0.0245665325922671,-0.0203491690078182,0.000401913696250181,-0.0111952005336745,-0.00969588166838805,-0.00840927201414182
0.00310646650697078,0.0226737961744117,0.000663133522763467,-0.00345500403071922,-0.00497588649904832,0.0129475345133998,-0.00249652366537504,0.0114025863098471,0.00550981410382119
0.0745014429322875,0.0340025012041331,-0.00104263257687463,0.0257136175115955,0.00315735531479136,0.0444006421726942,0.00535942845588347,0.013113239977988,0.0251429169136907
0.0285668572628797,0.0426548048218152,0.0363541323573662,0.0416768750047016,-0.00232851587238795,0.036757951885587,0.0104710473271175,0.0225544688859594,-0.00268954399460421
-0.00304460120590214,-0.0253310212093734,-0.0104195866413877,-0.0415910049810116,-0.012043939705111,-0.0400991143750384,-0.000274317540035344,-0.0155296402519874,-0.0111196772756319
0.0454910018726925,0.0451916019389851,0.0411727745004928,0.0569798083764722,0.0160012256180634,0.0124102206421898,0.0271017293246037,0.0278476575498483,0.0311544767169821
0.0188571489680733,0.00728737002891356,-0.00592092258502122,-0.0288741487521307,-0.00700836838647418,0.00709217960177793,-0.00682970938570234,-0.00627441935371339,-0.0148089906179631
0.00252031560397617,-0.0118446329614237,-0.0261397595601208,0.0159016086164927,0.00863216846479408,0.00456357131840486,0.000563985207454119,0.00375978972578593,-0.00318148504624197
0.0527943852130257,0.0210297223316419,0.027767071011866,0.039205143923242,0.0107341439592002,0.047834442158687,0.00263833714159968,0.00903483602975379,0.0132663014345197
-0.0196390455702636,-0.0143435956423285,-0.0123643554304827,0.040666903500332,0.00305174149581502,0.0173241406471461,0.0134490532438837,0.0109703552141326,-0.000171716275323568
0.0117687156138081,-0.0101799480476783,-0.0148792373004095,-0.017662839640087,-0.00148369823814414,-0.0271860596463639,0.00865703517009386,0.0166532216792546,0.00808158103712566
0.0135507260777363,0.0348742565593907,0.0235137111864751,0.0635866306182544,0.02564981548183,0.0612248180974529,0.0147650020416886,0.038008390848573,0.0270263541764122
0.0334847795930458,0.00954033024467781,-0.0176803998762261,-0.0058492286606185,0.000217291338732353,-0.0120093335371168,-0.00760387155029661,0.00367023678927947,0.0062457667442552
0.0132417076540723,0.0423367508813945,0.00862678994775248,0.0335575170470248,-0.00566560104290949,0.0129987681052017,-0.00304537797112241,0.0228990027248044,-0.00921178058767703
-0.0133045065450787,-0.00760743335581349,-0.0102925630440829,0.00272791572388744,0.0011983782600623,-0.0228937303673472,0.0120743133805983,0.0122233379806313,-0.0139725785925855
-0.0301764936470274,-0.0162234070151293,-0.0109273064708438,-0.0173048333820866,-0.00249801550478865,-0.0715520431133759,-0.00819625170403759,-0.0223612692570345,0.000877778947782682
0.0793941444540717,0.00172226062107162,0.0104494784253488,0.0607335583498289,0.0157530230077807,0.0632263938758852,0.00768439133047574,0.0398588026708479,0.0105948403489111
0.082992382917374,0.0342933568733209,0.0441710289820576,0.0259767078214076,-0.0031251021434273,0.0421975099633801,-0.00330097946099897,-0.00295860152676044,0.00463011823702143
0.0193577287308507,0.0273381421489027,-0.00165242101042327,0.0161395348743849,0.00273747056461845,-0.0369760386448096,-0.0197760860284404,-0.00794435243847868,-0.0161050609636519
-0.018287089701438,0.0156806372777746,0.00222111997912267,-0.0140133232128825,0.000486598777171803,-0.0365841261282266,-0.00428918298472581,-0.00542485950105522,-0.00159542573128647
-0.100712962261855,-0.0650205082980681,-0.0571584594406636,-0.0891365370312873,-0.0135854088464302,-0.102772530621295,-0.0274429445883659,-0.0294863214255243,-0.038679545407546
-0.0948548675794719,0.0190778875568577,-0.0234070368069434,-0.0517581294998037,-0.0144772319815253,-0.0551062519429463,-0.013478921747737,-0.0297988164052865,-0.0119661872490201
-0.0269135324859662,-0.0267112133772296,-0.0246509704965804,-0.0158002114496917,-0.00461659508806464,-0.0365489430351369,-0.00756336651949247,-0.0153129970628797,-0.0299333439809786
-0.0687587400030103,-0.0300291469571029,-0.0349846544562312,-0.0398869291712308,0.0122269317861065,-0.0322607839847368,-0.00422754401328032,-0.0455337057497926,-0.00197159031844809
0.0274804859797471,0.00114905451176428,-0.00834885817037001,0.00932722698685851,0.0132313172663789,0.0114912522770002,0.00831319767303013,0.00873184524185101,0.0230737501107662
0.0166597301771588,0.0257686403610424,0.00759818914398328,0.0046249491339807,0.00176701383668739,-0.00525637343276568,-0.00156989747735023,-0.00214334674551366,0.0101237964934788
0.0146121498388393,0.0188543367421939,-0.00780996331901521,-0.0263028941969001,-0.00558267811509974,-0.0124086518891641,-0.00973615076437957,0.00282649047717161,0.0123259712362522
-0.012495655867152,0.0145418833217197,-0.00191649344864421,0.0155755840124529,0.00955432260016333,0.0190976757495473,0.00163229269317133,0.0249295435418822,0.00342665228543933
0.052134035837711,0.00900002575291773,0.00453626115830475,0.0223559529417982,0.000545561611989107,0.0324854085543121,-0.000992211077857617,0.0168248408859921,0.0117263929937887
0.0693399286848277,0.0164608589984334,0.0127823781308652,0.036866053169739,-0.00166473275517369,0.0411196110108171,0.00656689191285584,0.00988374180210687,0.0187622527423522
-0.120934977335889,0.0174774094452309,-0.0442117162323788,-0.036123212313059,0.00710411923803908,-0.0736479332739642,-0.0120091864115785,0.00660363793595913,0.0150588313057681
0.0276487242949347,0.0412976693359286,0.0320211137268851,-0.00424776655776997,-0.0148445010363761,0.000391457749607943,-0.00776244969800176,0.0139894994023323,-0.00823872822610659
-0.0186631308170247,-0.00845692096901944,-0.0403915406993563,-0.043288545088123,0.00581230718072788,0.000859614169828599,0.00804763151972897,-0.0284378671715396,0.0132861706722313
-0.0735294091584721,-0.0196909249676537,-0.00221327577376483,-0.0351776414138947,-0.00400258497044953,-0.0158682744965097,0.00947050492747376,-0.0289309913299252,-0.0442301335862558
0.0334555331225033,0.00456458963901531,-0.000815358728933437,-0.00872781677598834,0.00884363964149509,-0.0227785499874446,0.00892847888177132,0.00640313342738945,0.0201907773024293
-0.068853914289222,-0.0281927751061228,-0.0255844416198737,-0.052956835579455,-0.0134190734285644,-0.0403819083981739,-0.0123143751367915,-0.0395676393391435,-0.0208432454669457
-0.0308470528339189,-0.0663075178499071,-0.0415713546150177,0.0013384569495544,-0.0165084718877727,-0.0502388311923861,-0.0129725761739337,-0.0269232590174713,-0.0435877717270157
0.037992002288624,0.00205317832771309,0.00360331504532632,0.0232599091325819,-0.00374890340651464,0.0297039661541043,-0.000636570458357709,-0.0161020098220813,-0.00932049044255125
0.0324967897900492,-0.0206807332359684,-0.0151057042961602,0.0270535961250755,0.0081069070330844,0.025473457690233,-0.00965600876690109,0.0145686501954791,0.0176441759355076
-0.0262033634055569,-0.00744671039547238,-0.0207390992011176,-0.02118197373581,0.0123245148271665,-0.00450166794748351,-0.0256380901504705,-0.00407344908725455,0.0196349081673233
0.012509607640798,0.0178884411626307,0.00532165294837224,0.0311934648343232,0.0167713487920081,-0.0319066946946607,0.0111883763383011,0.0199229081266532,0.0156192982986814
-0.0561608188416516,0.00869472562927335,-0.0151432128094651,0.000721958698077604,-0.00557199481869596,-0.0089251746252571,-0.00781796553177657,-0.026585480630134,-0.0191000261458129
-0.0279433394636775,0.00419745899072464,-0.0292626198887857,-0.00870717008161517,-0.019206741995372,-0.0141156502355088,-0.00899901209975008,-0.00544306679181743,0.00173981321230566
-0.0405143837311934,-0.0164952354959649,-0.00263239032422318,-0.0176759756630402,-0.00412787562073649,-0.029894329308102,-0.00978327889338354,-0.0255780745492176,-0.0108548700655451
0.023161373205097,0.0297329376453442,0.0137437123576292,0.0137053477289099,-0.00872036217962153,0.0456735735100063,0.00692601072157962,-0.00465871735623181,-0.00855041383069939
0.021303066111288,0.0237061291326858,-0.0127522046732567,0.00276442822814044,0.0128451466103178,0.0129750607303556,0.0140865204410702,0.00260363080766779,0.00171485425437733
0.0170238564294694,-0.0135720038815639,-0.0128885875395641,0.00516185201355799,0.0075798411598946,0.00517909596623881,0.0115333367512571,0.00437950807175683,0.0154775238656927
0.0361821220621543,0.038021417906791,0.0329907944849539,0.017377210354149,-0.00967746995334498,-0.00705971528565049,-0.00239482410429152,-0.00021554784299435,-0.0049839373029896
-0.0720838217000645,-0.029439352566348,-0.0505162957578713,-0.0467761953907,-0.0289591300026633,-0.0941998917233852,-0.000122530233122843,-0.014866500609109,-0.02626710038737
0.044534007285821,-0.0094539195470658,0.0130892605877811,0.00439649294620467,-0.0141297240542168,0.0611910305613926,-0.0115237045532372,-0.0103179653655647,-0.0116499717986064
-0.0470716836850106,0.0102498322529976,-0.0123618794117679,0.000443877531092576,0.00088673087188869,-0.026819310367687,-0.000644354229356552,-0.0140096647811001,0.00341480965021627
0.0146112033801992,-0.00224117717208082,0.0142074758227927,0.00792465865576623,0.00464449203000064,-0.0679745767232972,0.0139834490898194,-0.00177362953327141,-0.0168901443985627
0.0550972897231283,0.00479778556884036,0.0167853165392311,0.00192285685819535,-0.0176213757845037,0.0217187388449893,-0.0201567983506482,0.00785305234269998,0.00664735187648673
-0.100107775975699,-0.0193788109983475,-0.0440658807279147,-0.0572515551856294,-0.0110288359329426,-0.0641304376129419,-0.0266830620490092,-0.0194106596513182,-0.0361537855093682
-0.00702176757003834,-0.0101681515968814,0.0101781106615795,-0.027115146417381,-0.0111135211519262,-0.0177843332596092,-0.00923013904972292,-0.0379429495921658,-0.00342830500220454
-0.0494333434013896,-0.0337155957879912,-0.0195254140296965,-0.0312861207404055,-0.00820550865712499,-0.0539091823632532,-0.0125576190620902,-0.00921758464315876,-0.0149686710047953
-0.00308191740230854,0.00182263071269549,-0.00344148993393522,-0.000475847925957511,-0.00762937342193961,0.0311488450206241,-0.00119544470566715,0.00307950959827337,-0.00920857290383623
0.0132179915668635,-0.0161080976938643,-0.0152532473812983,0.0284523675932207,0.015096732092061,0.00977527975649192,0.0100687518152934,0.0170301404821778,0.0207588913100494
0.0263790023269611,0.0145594279294758,-0.0182838839018065,-0.00730631408642892,-0.00754257831265101,0.0134550039481374,0.0110005078364913,-0.0134942397314582,0.0147880625152634
0.0187594417735635,-0.00621630221847673,-0.0228087508293825,0.0106721974985637,0.00407701450887481,0.00224809443306459,0.00278642061106962,0.0152134996073205,0.00965015093667563
0.0108033689464902,-0.0176133673835625,-0.00469874490291212,-0.0214469694885488,-0.00664638637140525,-0.000610275403173856,-0.0315120699053882,-0.0351764614858969,-0.0194445644523352
-0.0865765220478978,-0.0276144386164558,-0.0529550653952204,-0.0295495350660565,-0.00248498722211377,-0.0605878928669689,-0.0174097295497084,-0.0190827944714644,-0.0123425465906397
0.0450077655584507,0.00203092568518765,0.00701722937076607,0.0210622035448123,-0.00733769300109815,0.055257248922549,0.00795216912698656,0.0166909954807985,-0.00835101186748156
-0.0228500414707055,-0.0240321508423391,-0.0175956096909264,-0.00144313619624291,-0.00387788922304078,-0.013728074800452,0.0139261925808249,0.00536773026354727,0.00818615049484802
-0.0421519420413177,-0.0144579902726665,-0.0329325759658241,0.0556979248033981,0.00183922687499453,-0.0096037456518023,0.0109613813307617,0.0157672277186082,0.0109398439666701
-0.047161139662477,0.0061565914844867,-0.0168280275897843,0.00588490099696736,-0.0148292646747869,-0.0508356630904413,-0.0121374899723556,-0.00574409997721715,-0.00967146997138837
0.0126578762023273,0.00296955439170388,-0.00236419175543153,0.0127598143006068,0.0111643007464414,0.00609674871882334,0.0224050134462774,0.000955145818951987,0.000431910624577408
-0.0178356810827511,-0.0170012767552172,-0.0317904052407077,-0.00461114553126815,-0.00594064463815598,-0.0449809670297781,-0.011489978017098,0.00861353756600903,-0.0226012122163667
-0.113889183645751,-0.00399256149826341,-0.0176429114512314,-0.0365638088133685,-0.00215481457741822,-0.073298492536079,-0.00735338848407828,-0.0309246487945899,-0.00229959086402724
-0.0211507432448221,0.0337737606255444,-0.0016113080327504,0.00474398701880128,0.0165800478491414,0.00418328465977244,0.00208386520200483,0.0061422902761255,0.0348713081608192
-0.000997597370008473,0.00510602591600579,0.00862218076643629,0.00108423155126409,0.0028709147921074,-0.0128794965513429,-0.000502684180824742,0.0208749454768686,-0.00610883303623148
0.0106965795915733,-0.0166397824913938,-0.0138559228752183,-0.00331727346945773,-0.0151564678813902,0.00942145306479745,-0.00130699953739382,-0.00441393855925338,-0.0262823613176199
-0.0778413192911237,0.0197698222795307,-0.0611820793333741,-0.0158792636940771,-0.00649970597163859,-0.0640883714592359,-0.0240917668045437,-0.0345653639596269,-0.0268039151075362
-0.0259888988013384,-0.021809931001961,-0.00723682716435825,0.00987002166952744,-0.00452900297647802,0.0330615869824035,0.0084415899537272,-0.0030120877821534,-0.0137838000280511
-0.0475295000797171,-0.0156393516171492,-0.0362595898280713,0.000418419593934634,0.0106050421934025,0.00148313474477474,0.00561404842344914,-0.0020806637736713,0.00402543586312008
-0.00719856488358612,0.015322916560528,-0.00399008539574112,0.00850984103794936,0.00689127641392697,-0.0414925958675951,-0.000203358572301734,-0.00929903474901993,0.00144687823324807
-0.0125126510068856,-0.0236718045244671,0.0114014789973199,-0.0082203986456771,-0.00796034878189844,-0.0104072260069455,0.00217979664328636,-0.0156735441011522,-0.012100975528468
-0.013964121669982,0.00615894366565163,-0.017591764864535,-0.0163945146795887,0.00170321394959713,-0.0655733876196876,0.00994159194003885,0.0180584944891653,0.0102257260987186
-0.0621825545204478,0.00583608825573771,-0.0230953268798422,-0.0262983821550818,-0.00955869777532265,-0.0652352209289416,-0.00495354575147722,0.00136689934575642,-0.00435560433617992
0.0148650433963386,0.0328833280915197,-0.0195665865961865,-0.0119501412284436,0.00112605205849821,-0.0179349999840354,-0.0109257219023236,-0.0132413424735991,-0.00237928343721809
-0.0606293528919073,-0.0207566262162815,-0.0259119709514982,-0.0303246541471479,-0.00587197076613093,-0.0557973788751206,-0.00323684206946279,0.00903248421246115,-0.0066430440183923
-0.00413155989636725,0.0147529996577742,0.0157327854194554,0.0283316780524875,0.0117756949416422,0.0102394266364941,0.00610955392854635,0.0217042967345084,0.00657527584762991
0.0123568268657097,-0.0274145989539349,0.00690349307048431,0.00785391953815781,8.57306055334836e-06,0.0242537414087924,0.0224125367983793,0.00793576196115044,0.00365838318776177
-0.0588662258703167,-0.0308900065413811,-0.0369320833931535,0.0154938898652818,-0.00531592233587347,-0.0768340622273529,-0.00594512749424908,-0.00847717588059254,-0.00156245630712137
-0.000353846636784049,0.00648798883713725,-0.0189223913736595,-0.0265360685955999,-0.00341227349634216,0.013226790683492,-0.000944463501232825,-0.00335781864462893,0.00133811121576535
-0.0675853216426762,-0.0411590858271429,-0.045284298889831,-0.0265848613635812,-0.006776915864942,-0.0517989880124477,-0.0325805738639613,-0.043061004127725,-0.0131445190219062
-0.00675197198521775,-0.0408247083835065,-0.00709959840259296,-0.000813493985872892,0.00445134867631049,-0.0188499193166022,0.00907719921395831,0.0116772791690299,-0.000979403477963484
-0.0108349753373009,-0.0408909886342819,-0.044595907701556,0.0219623341992871,-0.00478372441901102,0.00362084990373865,-0.00636921264247513,0.0191082217234525,-0.0238535692205035
-0.0441950278539489,-0.0520692077206185,-0.0368967663943708,-0.0393796034931744,-0.000125138449285652,-0.000147632671152326,-0.00323462268831047,-0.00513977451401713,0.00206460224086585
-0.00500057457431273,0.0222794286222089,0.0317424944452882,0.0132352909243372,0.00142010426346449,-0.00697580311261847,0.0146736302155773,-0.012363190595971,-0.00907376521293934
0.0242427300258277,0.033003231677869,0.0157940361043617,0.0232708185903547,0.00816389219690118,0.0175857764488283,0.0289320742013018,0.032025259302449,0.0302590156773718
0.000873935250730686,0.00290330442984591,0.00846307694645246,0.0419899630144765,0.011994624061531,0.0153370916456884,0.0264363643696795,0.00777783650241469,0.0336037440310281
-0.0634472845479071,-0.0133557013754008,-0.00490135238347686,0.00837876824482577,-0.00714839113262287,0.00924541625398954,-0.000287943807733509,0.0088032850271343,-0.0158765205240907
-0.0247560262811158,-0.000759643564822286,-0.00638403787600857,-0.0298131776194101,-0.00604938338948231,-0.0161423153439917,-0.000548198627980916,-0.026946444399209,-0.00103526586348042
0.0157132665850547,0.0134870301703349,-0.00900203876152376,0.00950613287963921,0.0113193118696303,0.0308681283496331,0.0137656802478364,0.0184484336517875,0.00947643248199016
0.00224161927017798,0.00898245364305343,0.00231001584496575,0.00282511309264599,-0.000926461099343615,-0.0133927062496413,0.00744093521548892,0.0101239511668614,-0.00257826210059766
-0.0346824220497981,-0.0147351299917214,-0.0115072254316198,-0.0178102792634658,-0.00812879612726113,-0.0368996654638638,0.000713774214026588,0.00289022284670893,-0.00811033540017016
-0.02893645139701,-0.0172384434134338,-0.0416366418068082,-0.0170843839068869,-0.0113413784685605,0.0146124251465691,-0.00261236787543682,-0.0160000994587862,-0.00395146286336006
0.0440940289608145,0.0325798620166006,0.033693919597462,0.0398862657874844,-0.000450414101602558,0.0304061098214213,0.00476594217703801,0.0298893269037898,0.00156199883324462
0.0749275842327869,0.0108010905126043,-0.00378155327392995,0.00682582019276866,0.0166747116834029,0.0673913596333025,0.0197424002958193,0.0353116256531709,0.0310781332846236
0.0221737852780377,0.00875157984727624,-0.000875880347148847,0.0330645585179818,0.00656735539359916,0.0106018770532776,0.0054926226536041,0.000654008548438048,0.00144973862266129
-0.0321434183230454,-0.0252171780560403,0.0240022975611957,-0.0396023293226732,-0.00437733672837336,-0.0307390456459676,-0.00627004503612492,-0.0281041171716648,-0.0305455363130328
0.0113367794549695,-0.00830212836406853,-0.0123752720802975,0.026845037888104,-0.00607083318220819,-0.0243981263636711,0.00441525282349598,0.00642318392497658,-0.00104125130996352
-0.00226527241003188,-0.03870835992402,-0.0349983662747417,-0.0143072414754166,-0.00641872661631567,-0.0787405485702551,-0.00532501320196682,-0.00813312025000739,-0.00703755584962312
0.0220197842003408,0.0148739020927065,0.0301889228057928,-0.00655022520260812,0.00325545637568338,0.0135290191694545,0.0112197464074282,0.0191249808502062,0.00406496477210384
0.00928554089227998,-0.0172418066313781,-0.0124230702166177,0.000481603056987403,-0.0157159190747186,-0.0166465092494123,-0.00535104106682481,-0.00538355406983473,-0.0162327144012974
0.0238023896077386,0.0396321937333057,0.0107795896139266,0.00517966617777032,0.00464998430847733,-0.0267414044584607,0.008544012175802,0.00711966465468061,-0.00337053072859293
-0.0227226693352333,-0.0135686024305913,0.00667373918318038,0.00645630269440585,0.00766448343620175,0.00237730843526929,0.0368140182353902,-0.00336340194183531,-0.0017288576841512
0.00367346696017732,-0.0255572655614528,-0.0229802350476625,0.0138101199685,0.00451868527083169,0.0699559695986972,-0.004551667653125,-0.0178264924665319,-0.0247342016657289
0.0340326518840695,0.0368406499680539,0.0358403515788829,0.0349986838129491,0.00583324392798193,0.0166037872903223,0.0119260862098298,0.0231555371094044,0.0223254799224541
-0.0507034656299892,-0.0166642506576926,0.00395087644676193,-0.0129664199073572,-0.00520966477105493,-0.0173325850979178,-0.0066232120171098,-0.0239223205321823,-0.0272381184507842
0.0599314940122146,0.0129798621693982,0.0192534160532734,0.0174082540448439,-0.00223894563400128,0.0155218651347867,-0.00855356012662508,0.0103865401356558,0.00108800472197686
0.05346453244316,-0.00130748827509886,0.0034418578778186,0.0446180224054914,0.00192514968701879,0.0231391691179044,-0.0163024714147978,0.0308712056521499,-0.00683498502133952
-0.00157375396808148,0.015395031466997,0.011927749129091,0.0274924039148158,0.0122765560953776,0.0136801934894381,0.00856912143647503,0.0338459519844609,0.00877315187767684
-0.0202690294448692,-0.000158443849938259,-0.00747680290505256,-0.0116958602421948,0.00159166868950399,0.00028820871903372,-0.00802294289680685,-0.0124814647921714,-0.0108215064314938
0.0255628918024269,0.0119718883486784,0.0112916753185067,0.0191838575143475,-0.00881146189870093,0.0451354341381452,0.0115327560137831,0.0199434415765784,0.0108800165968359
-0.0341738342399204,-0.0107321302150379,-0.0289331032227298,-0.0419969781343298,0.0251795847503083,-0.0629833345452982,0.00662795078397941,0.00270307226880148,-0.000905473465343402
-0.0301531914884209,-0.0155673276398476,-0.0227803340925121,0.021614822096115,-0.0168489573821511,-0.0356655587742589,-0.00569114570646813,-0.0161959991226141,-0.022914679116119
-0.0171862607776136,0.00961151512116073,0.0178905107404107,-0.00184108867612698,0.00156719341561195,-0.0297029004757153,7.92325949904646e-05,-0.000589570271277941,-0.0045815998959427
-0.0419071569049708,-0.0183304355890117,0.019872501300178,0.0306416737123306,0.00800775139862269,-0.0357745835248879,0.000580912522861255,0.035272462438045,0.0159809893909994
0.0170284275221761,-0.0180710349960058,-0.0150334377646721,0.003811235620161,-0.00464831133239064,-0.0190594426342629,0.00554926577272534,-0.00676543450403562,-0.00772755304323801
-0.0162777304167032,0.00509671198486206,-0.00324166087983952,0.0120010451565625,-0.00136161139707263,-0.0294967482075565,0.00503936407272203,0.00558479533088651,0.00646165516229064
0.0609106463545166,0.0462741722644383,0.0339028467267839,0.0232246009075123,0.0183421760536557,0.0353187163931546,0.0151088226816552,0.0029788242797495,0.0359137151073235
0.0439081982545137,0.0194345238113559,0.0224439539651759,0.0230978679636053,0.00873673976029827,0.00381012340605886,0.0108356288349804,0.0232200119317485,0.013189609494904
-0.0122335072718978,0.0155601850982828,-0.0197820555591431,-0.0104088211875456,-0.0136312789801959,0.00747875059694858,-0.00412582312417285,0.00276859783147609,1.60199852622682e-05
0.0716690256812939,0.0603492805881501,0.0480558337019926,0.057462418165546,0.00757232271286208,0.079193635349494,0.0167377919289496,0.0231530044430315,0.0242698218525039
0.0530229315140636,-0.0155055011005317,0.00942106392581088,-0.0107489426978834,-0.00462225216246214,-0.0131274699160781,-0.00673925655884717,-0.0213140227711023,-0.0146314047582616
-0.132357888549499,-0.0651999866999869,-0.0502793311888615,-0.0421202576494595,-0.0312876339421745,-0.115915251023077,-0.0157786166386759,-0.037296138319918,-0.0394767750182307
-0.0145138501870606,-0.00453339622419154,-0.0301331110814803,-0.0108766836162025,-0.00251267062743217,-0.0309912420826434,-0.0171375581201689,-0.00265009258140102,0.000781420413018553
0.00814366050530189,-0.0176452839607744,-0.0419460672553471,-0.0145596466386278,0.00099128743606927,0.0125663255147144,-0.0233604890934996,-0.0113275249716585,0.00527155618512153
0.0224372664844091,0.00188998771139288,0.023495302109259,0.0354574648903627,-0.0065204790404316,0.0611906762879057,0.00305555505054547,0.0217664598993054,0.000701090133017453
-0.00721150342987402,-0.00594913063489774,0.00374673654081634,-0.00175120715864515,-0.0127942254881134,-0.00316850427518311,-0.024969903742109,0.0111447917492985,-0.014763203737148
0.0244153808140047,-0.00769129576954721,0.00718379899508427,0.015622145401407,-0.0152938459161361,-0.0436054103717625,0.0048154929250293,-0.00192223225580832,-0.0269973977024179
0.0052932538846182,-0.013216831889427,-0.00934154580940172,0.0268312146889419,-0.00333818335031288,-0.00738048348073782,0.00465561892363838,0.025576252469735,-0.00189037314086156
0.0396069726275758,0.0419707425749835,0.042954926856964,0.0363954166442201,0.031082648548171,0.035101286918114,0.0240551668711106,0.0236103636493381,0.0389396781937126
0.00784747867140044,-0.0146852476801384,-0.0340818309780391,0.00385887028740882,-0.00358916426609083,0.00236527329277009,-0.0187246267597017,0.000345228431145898,-0.00524957757482359
0.0524283686374248,-0.0423807443426785,-0.0179364297382226,0.0139472418392346,0.00436224944453555,-0.00401824792714993,0.00514133296722494,-0.00130015711804958,0.0166130326839149
-0.0127128127629769,-0.0127483624260844,-0.0393689723970845,-0.0208278312985827,0.0076485069468141,-0.0238987036902031,0.0121401328062392,-0.0126382658040537,-0.0148639770947592
0.0182040511975125,-0.00882987067039366,0.00368858686117362,-0.0125260877982494,-0.00628795285060967,0.0413464683711373,0.00193034068228306,0.00868793238455591,0.0143589880410505
0.0831788630028948,0.0224355558060732,-0.0203989070427461,0.0585911250210393,0.0110628320664031,0.0522778872301544,-0.000640170628383401,0.0148581320335645,0.0170073352444015
0.0274610670245957,0.00675279631076069,-0.0111548888402315,0.0114809580485304,0.0144100822270917,0.0383618044724613,0.00728546235070281,0.00783217864657872,0.013718884011135
-0.047349039508446,-0.000767884561283453,-0.0107989133721143,-0.0263007657137987,-0.0103900757940822,-0.0624921370744899,0.00781575229373034,-0.0110729372672839,-0.016496333235752
0.0140380787191316,-0.0054236212739409,0.0202174113385334,0.00202182360630172,-0.020952979309036,-0.00718953064365608,-0.0103778332694648,0.00992949806375018,-0.010872744027272
0.0105503426867338,0.0102998351949041,0.0162802639097694,0.00836150769183407,0.00577486698596129,0.0115391939526973,0.00563051484604186,-0.0176112359812439,-0.000132470941691656
0.00113458347778256,0.0200992591874428,0.0173427255370965,0.0745517157434459,0.0101584623112358,0.0349691399065044,0.01901081181984,0.0218300516391548,0.025618213391098
-0.0460030475280543,-0.0224932669070819,-0.0450183895212042,-0.0275926724302358,-0.00162061780380318,-0.0263082533615366,0.00265277906851302,-0.00820068647155027,0.00716232732856041
0.0753889086968712,0.0222209895131548,0.0262022165916211,0.00214489706510339,0.00898965358324358,-0.00294061257695961,0.0312704404968035,0.00775296445969868,-0.0143627456373785
0.0462025238437917,-0.00482808768488086,0.0149240397303942,0.00287995971542957,0.00730724477264754,0.00558772433565587,0.0164778342026973,0.011267819364186,0.0048037772409377
0.0135410752265901,0.00931402103130554,0.0134669042201965,-0.0257142285481377,-0.00546846036285354,0.0415475581042113,-0.0399542527730693,-0.00156457311329205,-0.0249149514234176
-0.0470713971679193,-0.0360031750914477,-0.0284025480165377,-0.0348811298804721,-0.0134752875001345,-0.0287880717605974,-0.00681464216508663,-0.0188207022528078,-0.0143447786429406
-0.0233278178427192,-0.0248024327858542,0.0102079475545397,0.012481406272771,0.00746704252828942,-0.0235750636316075,0.0181526970870369,0.0120178027631861,0.0175011918881363
-0.0205480377993421,0.0017266598658202,-0.0381839096241605,-0.00497148648186306,-0.001990184582071,-0.0462430378451813,0.00669732915750523,-0.0134988075202416,-0.0261257277595586
0.0952736301300194,0.0649835232184628,0.0431061888508007,0.0337213371443728,0.00946235384855797,0.0498934116449724,0.0150646434905732,0.027000331242172,0.0228404960533281
0.0487830148343813,0.00463907236868535,0.0151383179830967,0.010500072661428,-0.00781568904789083,0.0132030021863056,-0.0117502244796235,0.0150756235884221,0.00825118228272565
-0.0215533118190248,-0.00181481729065812,-0.0280149919683393,-0.0195722815367734,-0.0097387421862634,-0.0144916556387558,-0.00287061516621745,-0.0101036067770982,-0.0135535035268696
-0.0370769946751029,-0.0432680502642234,-0.0301756394407476,0.0102281185424556,-0.02244674539607,-0.0287536111178462,-0.0186030153276788,-0.0169084596697503,-0.0203875587160568
0.0396138067388781,0.0025347623960594,0.001303214517885,-0.0171687177660536,0.00557753144359364,0.0119544692392501,-0.0110329179049528,-0.00198740476671456,0.010544766046015
-0.0130744576631825,-0.0320076835007769,-0.01134765028269,-0.0089741410137843,-0.00462009846741558,0.00261161655897401,0.00399596576664362,-2.10796995216621e-05,-0.021185950347012
-0.0365248056885693,0.0219737075124087,-0.00426027429633363,-0.030173929020012,-0.0277163626283917,-0.0377799419860697,-0.0220915801106202,-0.0375488308571382,-0.0319488981284977
-0.0432626278027328,0.0169261593371524,0.00303525778954935,0.0145688886087358,0.00185302315234994,0.0402080951967038,0.0298625357048793,-0.0117047053191138,0.00469812231990183
-0.0402319098184601,-0.00123769486677171,0.00988400785599453,-0.0134130457014869,-0.021896029590293,-0.0307124236204665,-0.0312151623243536,-0.0301446408804425,-0.0237119848610188
0.0244320608088969,0.0410489719654642,0.0306980056907271,0.0787298631364655,0.00388662354736163,0.0204723858670524,0.0230554124767636,0.0330262928814249,0.0188756610502318
0.0617555991995907,0.00497778037044543,0.00773614348790328,0.0234819199720417,-0.00187800605325399,0.00891980358384444,0.00379709231764832,0.000703850210956874,0.0118877959213367
0.00254995991984912,0.00462110483030756,0.00225445080884781,0.0177357425190918,0.000297911203129497,-0.0214272368469404,0.0082408046002164,0.00295056946207418,-0.0086986526616825
-0.0367992425053123,-0.0141541101963085,0.00931844583696821,-0.0294940351056527,-0.00502427586698594,-0.0304104574045743,-0.0276279518534071,-0.0250035795534577,-0.00940304654705687
-0.0424137778272609,0.00225743655132086,-0.0119594748518782,-0.0165875081546365,0.00327105405817407,-0.000611212939300925,0.000201787430850003,0.00399823199561752,0.00388869454521169
0.0380240177272422,-0.059166347204469,0.0135431151141239,0.0328029696912552,0.00761713243791633,0.010383986165864,0.00766787982160266,-0.00363008215877322,0.0118430725753793
-0.0571504398991314,-0.01779581786092,-0.0288848697306821,-0.0116041631767646,-0.0177797575943898,-0.0556826534021224,-0.00253079649644235,-0.0197612534865607,-0.0336591580380257
0.0501230120472109,-0.00115183965748269,0.0043458963347493,0.0413264719352629,-0.0179595492419772,0.0488196412115489,0.00311210294613976,0.0126182377307615,-0.0272567574866658
0.0692534023091574,-0.013689902366796,0.00293308162430082,0.00964079936719023,0.00277181726269102,-0.00820943011221598,0.00874506119516641,0.0128177844389074,0.00305559275563358
-0.00925409274657456,-0.00879210392613589,-0.00298318489259716,0.00559235535688403,-0.0114644133685814,-0.00530328157534324,-0.00565616420369974,-0.00589725428077059,0.0027165040595651
-0.0176910101135905,-0.0291894121933473,-0.00553858445386607,0.0236196438687745,-0.0014242971021831,0.00934391517938288,0.00237646193952299,-0.00138714816069349,-0.0132677930510666
0.0417417332939514,0.0376479000908403,0.0357450827455958,-0.00445179441848656,-0.0168174414745976,0.0552922534294424,-0.0229852105974529,-0.00297753388706521,-0.0109713581007618
0.0321597897684026,0.017825838747385,0.0326933184983507,0.0343645523372511,0.00217566314519949,-0.0247006630474391,0.00888624550563683,-0.013411521760714,0.00384002825942379
0.0749636237272503,0.0477458485264599,0.0538873457130096,0.0198924705361974,0.00717511104512511,0.0665621851693499,0.00774895164476935,-0.00496969848522403,0.00738295350335022
0.0479150297579085,0.000607841198602955,0.00503510199923876,0.0172690308311544,0.0214601410739918,0.052479029255109,0.00529248663918531,0.011190777277959,0.0129814144654606
0.00898466570663582,0.051351884743151,-0.000799478230232232,0.0841550449467654,0.0288434395352288,0.00715806155896415,0.0582431582905729,0.0443185327952613,0.0426218972423819
-0.00536240984159011,0.00547665327470271,-0.0131184801816325,0.00396650502384614,0.00882972288545019,0.0207368283651896,0.0135659419986009,-0.00856576601488059,0.00344992149521175
0.038391593842893,-0.0467203752049676,0.00356102892194735,0.0101447523580417,-0.024461294721024,0.0309859774600623,-0.0130412417121311,-0.0248649073104168,-0.019908210624846
-0.0237302535748829,-0.0295728274898594,-0.0048681488044206,-0.00583744195023365,-0.024522738544942,-0.004799038466023,-0.0134930441422886,-0.0121653553347543,-0.026411671103974
0.0102822715664135,0.00535334092546296,0.0332910393928976,0.0140706824672567,-0.00573853031049067,0.0162173785271642,-0.0160969715075784,0.000620205203900604,-0.0105067224794484
-0.0215203467962567,-0.00334835182062361,-0.0332262095583988,0.00386137200721194,-0.00298254681390732,-0.0102073341627912,0.00342098456558105,-0.00764011729860266,-0.00470148257870155
-0.00039595520308912,-0.0153265655794461,-0.0115591892430386,0.00311460545029865,0.00924095986710372,0.000928982663478459,0.00608988487374896,0.00102013949254732,-0.0200041247616353
-0.00990260652251839,0.00950523008800549,0.00138593789231999,-0.0196676229290211,-0.00318634890545467,0.0136928213569283,0.00910066428241018,-0.00286055882043517,-0.00154670823027021
0.0097704261305183,0.00928949735571245,0.00385369620403423,0.0132238477547402,0.0039666273533341,0.0107598261515548,0.024372546415349,0.011293069798642,0.0063388701175725
0.00108957857123269,-0.0236463794711038,0.00820274789842051,-0.0180437093925487,-0.0132382297153798,0.00696147722139426,-0.0303408958533216,0.00249539264622742,-0.0141398184260303
-0.0224033139686977,0.00204437518452698,-0.00333218862671443,-0.00520483927230994,0.0106365299164341,0.0252743197508713,0.00227339387781758,-0.00682772691095006,0.00423085258310869
-0.0423806073331863,-0.00115991742827544,0.00913329967781997,-0.0284662525479434,-0.0132001422563933,-0.00673082056673189,-0.0146438715695902,-0.0373993557573092,-0.0229618565961047
0.0948095997761875,-0.01064836939981,0.00631952697552173,-0.0151663071411964,-0.00491324072723515,0.0503948391154206,-0.0188389934954838,-0.00461092771605038,-0.0131092040984407
-0.00922009691836891,-0.0238707660139886,-0.0491932690664523,-0.0187526944796882,-0.00206162790247533,-0.0328694269295338,-0.0360054759430395,-0.0108806851470472,0.0169302682289383
0.0209261460642814,-0.0164523663226244,-0.00406558199761675,0.0297060660161974,-0.00863835602485542,0.0323642254278654,0.00636215255702397,0.00395000723945868,-0.000151095163782035
-0.00982334227527807,0.0102366673509206,0.00436207477078156,-0.0378270630162485,-0.00278384129230754,0.000709982258122028,-0.00816777246805423,-0.0087080323389481,-0.00131125268062934
-0.121723898174973,-0.0594254213721893,-0.0108248298439158,-0.0719048335374329,-0.00960950596299238,-0.167199399991093,-0.00802686074809933,-0.0116198607573748,-0.0180904137005377
-0.00956263849957972,0.0172552264998116,0.00361875288028232,0.0130841222626679,-0.0218979047202802,0.00315840976544341,-0.00290050325159796,-0.00348083320949281,-0.0281831658238693
0.0195687350217418,0.0197333881165789,0.00737436535526464,0.0061547545709423,-0.00119938458273441,-0.00021794732884037,0.00226582099267775,-0.0133637894711026,0.00880068688656511
0.0176906746737751,-0.0103515195570798,-0.0154676370521222,0.0251650972575654,0.00319821792987271,0.0396406414381013,0.00700183638294315,0.0174844586401499,0.0130201112583064
0.0723850833710315,0.0146911969834417,0.0132596484794292,0.0324775669208941,0.00602358442480571,0.0636139298805445,0.0342880342472554,0.021640915399509,0.0436941683515662
-0.0262529427731032,-0.0200983344383242,-0.0194792406983822,-0.0424941528446502,-0.00114987226505611,-0.0261223966732808,0.00685142041907013,-0.00689616506188194,-0.00157247112913998
0.0196845336605296,-0.00201863949643197,-0.00645817720496555,-0.00539972655707015,-0.0058316552648017,0.0553780006443088,-0.00866331906070621,0.0205037429248373,-0.0146535454299784
-0.00245544625818242,-0.00540418646272002,0.0113548566072481,-0.00257076103512857,0.0063005535327296,-0.0241846416882214,8.84243529348951e-05,-0.000306294180858032,-0.00625696102795386
-0.0488822726838481,-0.0457721647256603,-0.0216975792903489,-0.00571505606364431,-0.0174478801118911,-0.0455108206668542,-0.0213290020714498,-0.0102207410419209,0.0073826404148591
-0.019107625318892,0.0126675662564807,-0.0207015788466038,0.011806919053742,0.00464703675946401,0.0453675552320404,0.0211935842848092,0.0086419974017993,0.0178437843252795
-0.0524162875451,0.0080590150171404,-0.0138641963766446,-0.0343084935852276,-0.00441149348860214,-0.0393026451061632,-0.0236477146895104,-0.0221857412081649,-0.00974985163281051
-0.0667672848505633,-0.0363696005380728,-0.065311279661958,-0.0369959123623325,-0.0069043708113564,-0.0244242884204088,-0.00720845715603523,-0.0158124033747488,-0.0132406144115776
-0.0457604026105126,-0.00826647799454175,-0.00558345980181332,-0.00634777678110543,-0.00777979919318029,-0.0060930531527458,-0.00330075157004483,-0.000600996072752003,-0.00519621391030146
0.0140079404689691,-0.0224230285828268,-0.0215944246176943,-0.0110647293104952,0.00193634484492807,0.0146652910199232,-0.00393604421871564,-0.0123898678320593,0.00521332270328643
-0.0690684448745946,-0.0354373115140725,-0.0452115209705966,-0.0381698855558306,-0.0237078310083594,-0.0806673978450602,-0.0311451387942484,-0.00451338290585208,-0.0279240699350515
-0.0191461406037847,-0.00682043747402234,-0.0110600922075536,0.0191441912793761,0.00139218696650653,-0.00970292853127388,0.0141672327488958,-0.00122227045107038,0.00137452467536443
0.122563557315992,0.0404650649551741,0.0315279321648593,0.0161775107280438,0.0129698742600544,-0.0778589710170247,-0.000427393017115546,0.0244912682839402,0.0350980913868174
0.0427770801375351,-0.00485991124750751,-0.00765650197401961,-0.00147505090788078,0.0066208173955107,0.0354816076244823,0.00711441036218564,0.0170940179920897,0.0119985760752233
-0.0155776253749187,-0.0390356136075946,-0.0228676990285506,0.0110411386245532,-0.00569244743120182,0.0207926468501441,0.00600403506579392,-0.0122357241231198,0.000990387434894205
-0.00346413500336878,0.0160867942963982,-0.00365417578146053,0.00300970482234307,-0.00493354617298106,-0.0078828080078841,-0.0107424374896867,0.00130138643681844,-0.00213985847997791
-0.0525704556085708,-0.00600540794375323,-0.0338827841134914,-0.0348150043574355,0.00197984695590284,-0.0693013334803105,-0.0164417478558187,-0.00210637109791182,0.00057388045680362
-0.0371918049376059,-0.00327482517576354,0.0187948591672642,0.0044363900673092,-0.00293233818814736,-0.0236927649533087,-0.00226159403142224,0.000964227106494174,0.0011957970511591
0.0194502566177181,0.00868133005398686,-0.00203840243545344,0.00464335247975269,0.00306671261870967,0.00149865223066119,0.0119647961214938,0.0290021822996385,0.0078638452214437
-0.055870663699723,-0.0210263090142021,-0.011214008480431,-0.0461294651981164,0.00516172195750072,-0.0284625398909497,-0.0137234698833824,-0.0222448803853654,0.00661328235871102
-0.0331235265674658,-0.00719518185158982,0.00565392072103387,-0.00913978261848988,-0.0126090581965811,-0.0247623277934802,0.00173913742297557,-0.0102285852406957,-0.0233276149093241
-0.0310116110246115,-0.00127231298934355,-0.0454959445651564,-0.0170381420320173,0.0126444462111052,-0.0498631335096847,-0.00105103799809952,-0.00620976518592117,0.00011310281249036
0.0258186633757317,0.00936397153858627,-0.00105720867076455,0.0386198873553317,0.00764652968765609,0.00166183956693656,0.00823522569937858,0.00820127919684157,0.0193107177817098
0.0326547369303009,-0.0093051247360379,-0.00639857651110151,0.0132861916543628,0.0256056303717101,0.0280594599268792,0.0397564141407605,0.0222323148386542,0.0242009607810398
-0.00188209291637166,0.00163713824107631,0.0117244613939691,0.00262969844067657,-0.00634779956914035,-0.00919685766278586,-0.0007632366731243,0.00296716200699006,0.0030021584692885
-0.0467625037222573,-0.028541427402189,-0.00323703391446576,-0.0211484944848047,-0.00739881164090584,-0.0570786538744438,-0.0261078482104466,0.00667236909795749,-0.0115071291403482
-0.0112282621289122,0.0272093693223628,0.00194867572200881,-0.0106277829192255,-0.0174709095990242,-0.0253327109430638,-0.00740797364053675,0.0119868095752031,0.00899000784079841
-0.0296649445077414,0.00720394679031147,-0.0155297932403645,-0.00609602570997186,0.00748738692723282,-0.00231851347179711,-0.000506225592320033,0.00875945165472398,-0.00958608603911889
0.0984160504775098,0.0414524059429456,0.0422905763325297,0.00753212278495486,0.00661715069973354,0.0680870643909384,0.0199589476298667,0.0187039906190359,0.0123241035804968
0.050202161233134,0.0373955794712965,0.0219341696382543,0.0281889953531817,0.00935626458230368,0.0741837492017584,0.0213795413674492,0.0205458728509186,0.0367988527786604
-0.0154663513468507,0.0361099407188511,0.0163946612144193,0.0128875002964739,0.00687872450026962,-0.0351091838135521,-0.00444609034040334,-0.00719683491601826,-0.00864559422327357
-0.0298509890677095,-0.0311684042246259,-0.0175788625711651,-0.0020822861304594,-0.0129015234147947,-0.035114519152547,-0.00779010537525733,-0.0158310516044833,-0.012692782420323
0.021807260169017,-0.00511851737237524,-0.0206225813949041,-0.0122077391458658,-0.00585386897029444,-0.00567288527216498,0.00140206213507822,-0.0228122130135552,-0.0132322918731443
0.0160285235706938,0.0327841736668885,0.0419178539368746,0.0309691068696401,0.000733632944166737,0.00689827665414689,-0.00374927221200345,-0.00018774125791373,-0.014650614704534
0.0464347660106156,0.0221185224941213,0.0217818308942425,0.00331151356127106,-0.00261377534478609,0.0147121791934269,0.0191890692523559,0.0134157541877649,0.020610119940519
0.0298062205592819,0.0459246133118242,0.027222708425269,0.0470403022117724,0.0206135698694177,0.0685875055439274,0.0238485648514967,0.019134786132907,0.0312227271509034
0.0370686156789738,0.033954347907824,0.0427173929467295,0.051912823036331,0.00582766139037149,0.0463013157710796,0.00575827445896777,0.0203206733391603,0.0339230438051068
0.0761367046032655,0.0268613846147811,0.0493045160000037,0.0203837251143638,0.0100798619538337,0.0886286404423179,0.00959843934177602,-0.00811164265396972,0.0228356486484873
-0.0213225332508894,-0.0381266849160389,-0.0292873832712818,0.00430593758916183,-0.00661915679943881,-0.00947219622415211,-0.000409028915511333,-0.0231220448804757,-0.0146434539597409
0.0223611701790984,0.0038086359336733,-0.0206379915290717,0.0211476384032012,-0.0158721618313147,0.0387085936841017,-0.0118990887249911,-0.00060668573309249,0.0135823878976208
-0.0148786319430051,0.00416113315242727,-0.0245773410245131,-0.0115337797206292,-0.00101857969989194,-0.0120712309989302,-0.000517699701055246,0.00630200629909192,0.0226472369881722
-0.0108399388604581,0.0172968736231662,0.0177932956109198,0.0188182410668161,0.0183533906412475,-0.00465246579034114,0.0150107909169338,0.015517873166879,0.0137683068005423
-0.0406434998502083,-0.0381239114362913,-0.0161933342951161,-0.0257477320137051,-0.0148288092189544,-0.0366164203767133,-0.0182872422166805,-0.00368118621126406,-0.00843714938506616
-0.000289245857137834,0.0295864735638948,0.0150071197499547,-0.0247680091343737,-0.0182954633015704,-0.00429331165321083,-0.000787558179862117,-0.0197953139501783,-0.0125221096306749
0.0321368542106412,0.00959817796873689,0.0013848932065634,0.003154477764207,-0.00775546455243138,0.0131414174451534,-0.000758089766472101,0.0202537033126369,-0.000184234971407611
-0.0153258132913,-0.00906412735484611,-0.00967099192922086,-0.00286472035387197,-0.0227587293727689,-0.0411990933694145,-0.0212244624438841,-0.0406783293053581,-0.0405836940597719
-0.0732293903103155,-0.0136834454478505,-0.0300847200484014,-0.0162280372271641,-0.0139331658321218,-0.0486491661448727,-0.0173575450413729,0.00209986474390578,-0.015142798805955
0.0337996516903859,0.0129978450529913,0.00266953718778351,0.0365675386215948,0.0317760268912165,0.0176784319020384,0.0218980873947592,0.030466528254724,0.0375077086953447
-0.0887558849718638,-0.0357302420476564,-0.0716068019344,-0.0627255809213192,-0.0203147380474113,-0.101825651463549,-0.0171241699194794,-0.0196078465919022,-0.0127151151274641
0.0967936064050078,0.017862063192073,-0.00431676447078411,0.0046295535751217,-0.0078020310108804,0.0706120057167739,-0.0122155157025924,-0.00557037686489007,0.000940125287545061
0.0933133758319891,-0.00146363600050984,0.00673969003326972,-0.000109523602340502,0.00150023248984311,-0.0186912235102646,0.0124089596882931,-0.000404759135957638,0.0207010852432952
-0.0659693685568233,-0.060897066359963,-0.072445861332691,-0.0292662795660184,-0.0326492729674362,-0.0479459854313179,-0.00826513524601587,-0.0400256229800821,-0.0517453468885711
-0.0733471175321744,-0.00359916593707168,0.00473250263418778,-0.0110859248830548,-0.0238077093269114,-0.122193415026283,-0.0346584248052895,-0.00733015330362837,-0.0375276953038857
-0.0796544306740814,0.00798911280912752,-0.0216920300759693,-0.0510355494193088,-0.000833480986411057,-0.103140868241745,0.0119253441464188,-0.0270286652489608,-0.0168994273440214
-0.0402046687972753,0.00148277275072809,0.00193180234240087,0.0294234702551085,0.00860806228020069,-0.0311364858613991,0.0113894695764666,0.0374773389316976,0.00496101324226391
-0.015848847346041,-0.0271768758416564,-0.00882286190132285,-0.0147118031728879,-0.0148984064778256,-0.0397000741615942,-0.0290272993036104,-0.033771345000084,-0.0129607243196823
0.00796323608833556,0.0287616662355456,0.0209206860940792,0.0122085519371449,0.00854128629968048,0.00412766821012713,-0.000929473198694067,0.00215377958805267,0.00405991380650669
0.0750736860987759,0.028117290963386,0.0336985245805313,0.0141526966832204,-0.00544552009495592,0.0243224262950992,0.00503427232511871,0.0122727850194519,0.00698607237892463
0.00239141138683125,0.00967329834087914,0.0107051065249472,-0.00402942587918333,0.00435912397719737,-0.0225523335188431,0.00995408951614556,0.00027272015920237,-0.00329698852196109
0.00221235248718841,0.0232361387978778,-0.0184072779039135,-0.00190195556621737,0.0186348208741447,0.0266274385091759,0.00971007845035424,0.0131917269429037,0.0206704026581531
0.0816320306243873,0.0431767215176223,0.0331817568974523,0.0354773363169144,0.00391657128323709,0.0336739720739041,0.00119648817392766,-0.00710188674144554,-0.000766633026731631
-0.0754948879720038,0.0136793172610692,-0.0324515417420895,-0.043408967006073,-0.00721362245654967,-0.0642448403839364,-0.000473675142905219,-0.0022697044420939,-0.0221835763487927
-0.0374914363277557,0.0157928358504883,0.00834508612166209,-0.00086722890992241,-0.0028487755325614,-0.0138669475153907,-0.000918879086908172,0.0154735793799328,-0.00341449810380856
-0.00476593819939266,0.0234620533122047,0.0154662960995615,0.0126051387053466,0.00881912132936024,0.0290539582444446,0.0032805546943112,-0.032080192353164,0.00817662597968012
-0.00801594573929294,0.0194847060080238,0.00422020008982309,0.00601247185210978,0.0131039138084157,-0.0459783693530024,0.0265820726043635,0.00196554528831646,0.0203430000874023
-0.0678436351387688,-0.0296423768298294,-0.0394323396702909,-0.0227473813487544,-0.00119506135573978,0.0645681407378913,0.0059180592263202,-0.0342886430613013,-0.0130268245449302
0.0525124486795868,0.0264263089581556,0.0146053066091737,-0.0144440664776332,0.00910430940201378,0.0403089808879117,-0.0266247115092957,0.019993703954293,-0.00253043154209434
-0.0542514434682192,-0.0100122624546486,-0.0154159199263263,5.80220532720276e-05,-0.000997518276901856,-0.00693289288960798,0.00639014821636467,0.0179722667667802,-0.00421163751592881
-0.0482590211981929,-0.0330370842783396,-0.0209969483318941,-0.045931506860656,-0.00350860553319781,-0.0697339708010462,-0.0362664352237372,-0.0218207622212468,-0.0186003852110312
-0.0128300303013916,0.00539217203730172,-0.00921234980660992,0.00372608247137951,0.0017085822298883,-0.0202007631552622,-0.0104173893559308,-0.0248697289683887,-0.0121445392173174
0.08019765445479,0.00043152352689432,0.00485907252055755,0.0357787486738688,0.0103918741007502,0.00846540667173292,0.000440115238937739,0.0197426301587377,0.0296525719214314
0.0121562750747556,0.017462687384818,-0.000705885324573299,-0.00190900279268955,-0.0172148611237816,-0.0317838153609398,-0.00417517740824352,0.00261706557447889,-0.00676784987896882
0.0975536710167448,0.0290758166258679,0.0179170369573503,-0.00292292781337306,0.02209242699829,0.0564885403611259,0.0250868377707005,0.0202611624473178,0.0284974916129842
-0.0297154620223343,-0.0152945902159279,-0.00809184835697019,-0.00956265374758632,-0.0159461379507393,-0.0488465083241725,-0.0193654818562939,-0.00646789603863952,-0.00876713895572268
-0.0212702366928154,-0.00418434182412271,-0.00604460375536243,0.00825254994754337,-0.0130888176428118,0.00255376699797221,-0.0322301910300251,-0.00134552315929585,-0.0144352365464698
0.0606256139822108,0.0402100003952223,0.0300639832748075,0.04726323957757,0.0098823993154046,0.0513977151476369,0.0155514439859932,0.025561010627617,0.0131508881291557
0.00403564351321053,-0.00673142343846473,0.000382438310130899,0.00722668648253228,-0.015338159827839,0.00334404105911691,-0.00275577905677125,-0.0169648184946449,-0.013956949524479
-0.0471368009274345,-0.0421232813721256,-0.0397853205221786,-0.0408769817827841,0.0150491071260721,-0.0403423985725861,-0.00683714108688239,-0.0376254296833415,-0.00373357948237669
0.0101543950785285,-0.0226358942539758,-0.0197942435978026,-0.00773504814926817,-0.0101545391513481,0.00164494066580459,-0.00767753903457409,0.0016318524807463,-0.0123939752677178
0.00499683328789611,0.0123776622573764,-0.0182390981906685,0.000615521088983001,0.0080476349428305,-0.0208551132343462,3.24844399424276e-05,0.00370007597960983,0.0106393351778824
0.000894305408024589,0.0199133328289141,0.0373501317155551,-0.0188424149935907,-0.0109030536873873,0.00261096140413671,-0.0293643072419469,-0.0151817371852426,-0.0182010736045119
-0.00352616701011236,-0.00347648602284561,-0.00134975709460881,-0.000674925492884195,0.000608796729816702,0.00100614639463265,0.00223049813110013,0.00522429664979622,-0.00498949975302086
-0.0491581516954315,-0.00605678326561751,0.0129240660285098,-0.0483518311622453,-0.0304143670961482,-0.0858320243637686,-0.0500582427190887,-0.0350564255748812,-0.0408292790696802
0.0457143176374682,0.0107419630399628,-0.00291147925108293,0.0240267223519958,0.00365990231536073,0.0299332544363145,0.0127941010359681,0.0302287951953531,0.0114263910484745
-0.0370591078756587,-0.0314588738362199,-0.0305955936595509,0.0237583174794447,-0.0181469898768503,-0.0722739602096518,-0.00389059601730321,0.0105911552071941,-0.0117174506981145
0.0130134469989304,-0.0207691140399526,-0.0092338702062569,0.00927372948896856,-0.00278505389767483,0.0115962853797021,-0.00335154500437846,-0.0282906643886169,-0.0036738719260997
0.0202314952904297,0.0196481156120484,0.0050775248583487,0.0494063471856762,0.00694582283995514,0.0272419788282941,0.0105358471761749,0.0250243087949848,0.0230788846392321
-0.0175371979971145,-0.0404935098048535,-0.0228297783631136,-0.0121275570745799,-0.0261035577835402,-0.000193719460759673,0.00133189452804403,-0.0173473112645721,-0.0304099730737193
0.00294730339478,-0.0248127370750758,-0.0378267002652208,-0.0227028971157838,-0.0189124270351822,0.0104808390729082,-0.0228667413368419,-0.00388427522251101,-0.0046027047540419
0.0334036240257679,0.019421523479512,0.0205264212984953,0.00550538662564152,0.0224552456252181,-0.000311165573873464,0.0301230047655586,0.0462338823980814,0.031145158033112
-0.0178832353250635,0.00698555002423655,0.0196507252015862,0.00292186177459003,-0.010665285727571,-0.0409065770928996,-0.00295010646664045,-0.00167385723711335,-0.011359360231649
0.00164637505044683,-0.00221203634483309,0.00964984357025653,0.00534336878329927,0.00674720260425704,-0.00091329892311077,0.018063582454395,0.00625124217638802,0.038278162795162
0.0177644799785758,0.00798460102638553,0.0277595894165078,0.0162323525498515,0.00811876641694018,-0.00846857851141299,0.0018885205097653,-0.00321979648789642,0.0202961865784493
-0.0767402825857877,-0.0288729457679514,-0.0367014068992957,-0.0248099950603571,-0.00829057453356149,0.042633717423189,-0.00124884912460115,-0.0114328602009126,-0.0302081882784894
0.0237651075547676,0.0265649541331631,0.00976282940122968,0.0411784670681147,0.00469427286069476,0.0211480790197565,0.0175895390886777,0.0189501583033078,0.0187497089207061
-0.0195543939359737,-0.016634485335558,-0.00870006128231547,-0.0173628514225233,0.00159757233850823,-0.0247807382370825,-0.0176962648726818,-0.00228433691903029,-0.0193789672225914
-0.0618162524080104,-0.0198666373182165,0.0122101439110277,0.0201764209297586,-0.00492321884926827,-0.0437739047497696,-0.0165487516302365,0.013672014051772,0.00445116800928566
0.0131951849818529,-0.0115726986672746,-0.00746008707819932,-0.0227038953512719,-0.0125766889332756,0.00328403051115087,-0.00176496526472618,-0.0225706210731647,-0.0129556756886924
0.0428989449458672,0.00879122134662861,0.00907207036267512,0.0222487865801389,-0.00531984394732064,-0.00887633876703349,-0.00877832061551293,0.0155802100526747,-0.00557431305026803
0.0906736438861678,0.0468636606948119,0.0298359942121093,0.0263008339809188,0.0114976386605802,0.0682711414778057,0.00203526409624703,0.0219915942076683,0.0197934316251147
0.0282625652364659,0.0321090380763015,0.00822328337439837,0.0616731900019196,0.00550825211160394,0.0470918024409377,0.0176037971713747,0.00557555803097162,0.00753535018922274
0.0478477827739833,0.0153158393720922,0.002369702890376,0.0064702640346723,0.000685465139734146,-0.0526465049108535,0.0116166256775516,0.0397480725694089,0.00802235230189449
-0.0462515392246871,-0.0372888927460501,-0.0140319564324639,-0.00918367860555382,0.00113289760352306,-0.0654518245362098,0.00584859989227256,-0.005323364417051,-0.00633613243462704
-0.01343390528356,0.0150329153908064,0.0312036812529228,0.0239458897434926,0.0174144892368782,-0.0157977061488092,0.0102039850400376,0.00973445183451121,0.00805431408720323
-0.0046625110850506,-0.010339710652001,-0.0123859991695553,0.0475690594823684,0.00529095069256351,-0.0162173510194207,0.0104365791728974,0.0400233066392863,0.0106027175414114
0.00475258185057263,-0.00168339398268192,-0.00862825773406323,0.00581713448032789,0.00834829090685125,-0.047061272754098,0.0143485657863837,0.0190026034893349,0.0145958788763593
-0.0558726172989183,-0.0559297922771005,-0.0060010141639603,0.0275681126769748,-0.020567851003638,-0.0274576506298336,-0.0134882926430581,-0.00821482210476901,-0.0159677448674884
0.00668927119760332,-0.013994069328237,-0.00607619146031194,0.00786320106124399,-0.00516030226513571,0.0403970465065216,0.00814986212865868,-0.00876559328993936,0.0118781798315666
-0.0471954960169972,-0.0377500848461037,-0.0499545474358354,-0.0297770643206318,0.00248329200484729,-0.0604287693170489,0.0012348809538223,-0.00507108413119113,-0.00560459439894358
-0.00793534511566043,0.0210795697655215,0.0241148111155299,0.0104705420820902,-0.000318906591380394,-0.00942920200855565,0.00512522639096669,0.0253126268135536,0.0105215125010838
0.0605473192222396,0.0385349571541842,0.0349092793639208,0.0470658235895617,0.0238400903764352,0.066439573085446,-0.0198811757932046,0.012933978572899,0.0364104028171824
0.0366497099394795,0.029034357994841,0.00325573287481577,0.0221946403889443,-0.000392024835431058,0.0397963282117005,-0.000738981454089582,0.0144457296223134,0.0141051435124727
0.0260615332196193,0.0157885615703626,0.0187558225008125,0.0165789473565101,-0.0104850654024614,0.0114652331139539,-0.0390798256780729,0.000194803626196348,-0.01591473454277
0.0572762148719638,0.0502984627852085,0.0295195474309762,0.0727693235086471,0.0153003106869011,0.0106517352245676,0.0109499015391595,0.0228084120365178,0.0292395128174652
0.0137183274784831,0.0230303069254209,0.0301451277785394,0.037267888037236,0.0168989044423621,0.0175616493496526,0.0159985501821723,0.0209463027910564,0.0246052038327035
-0.0458289789837949,-0.00725453841167749,-0.0295840371627224,-0.00594154347017987,-0.000639548906491641,-0.0571189079988381,0.013225752500603,-0.00271792788045562,-0.0154398348496954
0.0528461592839401,-0.000509787632477309,-0.0142740793338809,0.0121384524521296,0.00471847461193549,0.0391473239459968,0.0158049541851278,0.0196007321840016,-0.00382853749257803
-0.0728298384971954,-0.00520209341034822,-0.0354685365594302,-0.0286416369978269,0.0066107553558542,-0.0923520522068102,-0.00443941278936776,-0.0150243040900493,0.00646399453168211
0.00276397637584677,0.00882663639688003,-0.00465291680814544,0.0267070231914781,0.00514049860700185,0.0052304415953546,-0.0114990371098922,-0.00181517643592194,0.0207980431379902
-0.00739512790800917,0.0144980142503799,0.0258633870949388,0.0208017581179811,-0.00742706825138111,-0.0057996850323343,0.0242078158099076,0.00476652613566085,0.000290354894679459
-0.0137173327745894,-0.0134824931762016,-0.0184717798902836,-0.0345960956474605,-0.011145985803488,-0.0311670219379684,-0.007300303392648,-0.0101896794708412,-0.0105798376340437
0.0393458835558081,0.0181135595423774,0.00921894069114863,0.0191364031728011,0.000637586487342123,0.00647011304098275,0.0191487292229684,0.00340494023098723,0.00904767089517091
0.0858340026795364,0.0619130379001548,0.046641006028618,0.0424522040059539,0.00961296458149898,0.0888848281333527,0.0135729532125737,0.0401195257644995,0.01817330139669
0.0038787796546644,0.00829340780181676,-0.0184321249250192,0.0168012994581296,0.0233011544784118,0.0380387075049309,0.0305699481545088,0.0173566639040635,0.0346318529009754
0.0215268598696771,0.0433948817784445,0.00899103441783916,0.00168904580218675,0.00158282613321047,0.0281758306336862,-0.0147521650975234,0.0128978349031993,-8.62643271121404e-05
-0.0788429217509187,-0.0359251118889456,-0.0232435166082725,-0.00489966333182469,0.00503624898666012,-0.0208969687180979,0.00114141639662719,0.00429025856768091,0.001264264842002
0.0190427870678767,0.0181986291187929,-0.00762948043890042,0.0461252349160639,-0.00234711407681866,0.0258797958321634,0.00903885928530053,0.00953421471517457,0.0127441239878129
0.0460988977780273,0.0469524772381417,0.0217187448542856,0.00959680350221271,0.00479916009516534,0.0852585697753469,-0.0105155674102273,-0.00769321342424772,-0.00052944380495756
0.0408082881598562,0.0231436513905553,0.00163627928307742,0.0463723589062855,0.00315489521785275,-0.0162478299552662,-0.00387973692427902,0.00853854475040439,0.00588618970149951
0.00748687857971728,0.0140362559008272,-0.000737758468630541,0.014828854025317,0.00485456108753897,-0.0158370561055083,0.0107770995029396,0.0314274638443937,0.0014095141303918
-0.0683671747364077,-0.0279817683390368,-0.026374446258311,-0.0397103796804718,-0.00683464092751376,-0.0154403360835718,-0.00374723233663703,-0.0165135466356894,-0.00668103986487048
0.0247968297350629,0.00479347592256308,0.0162800293767466,-0.00555134845658,0.00239712882212723,-0.0101530855640375,0.00140615309297846,0.00397380916792869,-0.00092257053835315
-0.0287691444509103,0.0145637473856728,0.0283011510133943,-0.0527865246499312,-0.0167274936723749,-0.0462435009782397,0.0114138605727096,-0.0159798179280209,-0.0305092562992207
0.000121249795520148,-0.00829026056177592,-0.0209836836027081,-0.0249613562790458,-0.00847354042753723,0.00377476576366812,-0.0214603785063594,0.00402646288882249,-0.0133417611395783
-0.0152537992012503,-0.0303926664527214,-0.0101841914521387,-0.00837863761524056,0.00302180620835275,0.00239529646671189,-0.0132848573805999,-0.0141536808555118,-0.0228848938818187
0.0273138218436889,0.0326899280111921,0.0226020548275997,0.0329653085623124,0.0178877265480442,0.0152579070058068,0.0109114161231197,0.00700054338934521,0.00837773178783884
-0.0313101823291937,-0.00538931116795487,0.00440053282097284,-0.00993125708299908,0.00285267109576039,-0.0230709572228974,-0.00613677578835081,-0.00711300695862573,-0.00601420414940836
-0.0297055631570771,0.0112959309210832,0.000228064404183916,-0.000187696295052438,0.0167895960663653,-0.029250411085501,-0.00438643730916299,-0.014238564910977,0.0176627586257209
-0.0371550451223903,-0.0325811223016751,-0.00970787879421486,-0.0086903953768961,-0.0044873480598695,-0.0778468392884835,-0.0196012584942084,-0.0114995923684458,-0.0197818296009761
-0.0167267332262697,-0.013294850152093,-0.0289578763869631,-0.0173570353850396,-0.000812182005309683,0.0125073074773259,-0.000655296371137739,0.00147510182671804,-0.0049908761272851
-0.113285368622244,-0.0639019456815593,-0.06598673732935,-0.0629874239636826,-0.0130659491370523,-0.0876602568461525,-0.0182175424313712,-0.0340516165144675,-0.0512524520723407
0.0134211221468845,-0.0161866769932193,-0.0151634560706233,0.00974576341527095,-0.00315233675808614,0.0164273325795948,-0.000352085090895441,0.0128654610535385,0.0107856519048333
-0.116673385146347,-0.0462302167658185,-0.0439198745745404,-0.0470848413197848,-0.0195187644785812,-0.0988778800820959,-0.0205080777191043,-0.0369039728684479,-0.0369733051773401
-0.0225621871781768,-0.00186000194792425,-0.0112364757980657,0.00755960910098876,-0.000385561986572248,0.0239381893027949,0.0090105226708206,-0.0315272184642565,-0.0182529372261072
0.0749025606758941,0.0311517699028933,0.0154532590442489,0.032187349995832,0.0236688080990649,0.0845151184315792,0.0260243713763837,0.0511367653111905,0.022803132178952
0.0820930644096049,-0.0295568534966514,0.0342056624021178,0.0401298983196653,-0.00428533289377178,0.0516591473433226,0.0181554792898052,0.0202002702523136,0.00707341720367481
-0.0182951501673482,-0.0176290015957159,-0.00200072034944598,-0.000330333623412132,-0.00376280287380418,0.0182373088185377,0.00467653667323908,-0.0208333060589974,0.00276083647512199
0.00259644634370866,-0.00937240346958716,-0.00622307260001056,-0.0175478269453933,-0.017103261245019,-0.0216735432510324,-0.0182017242991807,-0.00807382437945985,-0.0126854773443959
-0.0731625241046495,0.0173465113662335,-0.0348148956655849,-0.00150594544816693,0.0197771639944011,-0.0504574132301757,0.0228887807411611,0.015456036346395,0.017946762843303
0.00588684748742992,-0.0176392146410544,0.000418750153830097,-0.0121153964548969,-0.0146074502985018,-0.0198881369092162,-0.0194533110422071,0.0106812474354894,-0.00239945992145775
0.0277461709118928,0.0154808452359283,0.0164910905451427,0.0191004837850671,-0.00211228417104121,0.0221330662346926,0.00248436874585594,-0.0108282231708873,0.0123300478547032
0.0655979492015919,0.00590464108092218,0.0173364157950743,0.000789580959676546,-0.0103912580582894,0.04254164913864,0.00279552019089423,-0.0166684548733718,-0.0109690269684129
-0.0168268045233653,0.0109719437120364,2.39262922496256e-05,1.36809124825623e-05,0.00342779892610297,-0.0120774782267757,-0.00307903844896103,0.00959239990921268,0.00922935080364295
-0.0238511822017608,-0.031984199148394,-0.0354439210923831,-0.0125476697815924,-0.00344688283511506,-0.00890089754542754,-0.0283041316554979,-0.00368830130381343,-0.0108511625247661
0.0269860238294523,0.0195966400440881,0.0180144134793775,0.0112967297060879,0.00591571755969808,0.0354159571234472,-0.0236023057488763,-0.00241420522777532,0.00393456416489345
0.00140989538334657,0.00694399661476504,0.000272521992155578,-0.00993349227167633,0.0139553618820473,0.00861351134159171,0.00225941631584118,-0.00941446253664737,0.0279425806091987
-0.0158191517505903,-0.0513875225588679,-0.0351971398464775,-0.0127517361422121,-0.0110575186730783,-0.0383041869209401,0.0137706893187402,-0.0235098970625777,-0.0271087679856543
0.0672574174955869,0.0203979973264737,0.0153188786744455,0.0157646585099119,0.00260798600744738,0.069698321772188,0.000104127491523513,0.0193122759268355,0.0146683450791199
-0.0281677465768366,-0.031073722183343,-0.0234535434530159,-0.0036565718826718,-0.0163011649906627,-0.0141602419577806,-0.0189975363817688,-0.0236740082240598,-0.0349111882745071
0.0600203102067239,0.0490013327462968,0.0491728299003229,0.00382466698370733,0.010453968182301,0.0544494071564837,-0.0104283670475554,0.0111147845430688,0.0147314570406454
-0.0523914316666541,0.0114320113492232,0.000273569386747261,-0.0184894873026795,0.00918607220283102,-0.0606249357289113,0.00213306077908452,-0.0139425026510162,-0.00845983721431903
0.0568910236311054,-0.0072431691113457,-0.00444946169839918,0.00799609046105277,0.00532496711516321,0.0219157781612377,-0.00772393581450759,0.0208814731136355,0.0253203929783854
0.0328981145469931,0.0106197835479626,0.015241492219123,-0.0103545048436447,0.0032246833058729,-0.0289538763594695,-0.0110337923997349,0.00555651316271744,0.00277669317083124
0.00997634345216634,0.0124029783532234,0.0363955747054784,0.0273734419265354,-0.00337718018255473,-0.0060870778688437,-0.0316006035978469,-0.0033890658150773,-0.00750683564072273
-0.0240913103448522,0.0235483568744114,-0.014753345263136,0.0455901789252285,0.0223871954543915,-0.0241932927805554,0.0250723440974463,0.0158791755501306,0.0151365616472719
-0.00788704558127862,0.0440717825691635,-0.0121528732030254,-0.00325168524630755,-0.00471746621267424,-0.0184483090914733,0.00351956578211956,0.0129214136287057,-0.012941391313388
0.0368386413786958,0.0256649609593363,0.00307324101677985,0.0635350544435433,0.0145162677461017,0.0185192337941596,0.0413836295274474,0.0317911993393034,0.0174114764496793
-0.0242221700415466,0.00348262016867711,0.000522878509569211,0.00979176175208016,-0.0131101254310058,-0.031056693683649,-0.0159436617417803,-0.00495281202785726,-0.0120112138283362
0.0474450772633095,0.0762695949872274,0.0511226894416068,0.0554364588031728,0.0242575897862016,0.0311367379011792,0.00992302941439826,0.0228015445965212,0.0366789130320868
0.0275523936277053,0.0489039531466343,0.0494449661756974,0.0153800883305377,-0.00301615005754641,0.020288036568612,0.00498994673723778,0.010429215721953,0.00143135514905902
0.0342239411609948,-0.0283801267829225,0.0154457184594582,0.00990414433231209,-0.00353127811835006,0.0133101963029507,0.0194214755730667,0.00272896679051661,-0.00227222918464471
-0.021919519360986,0.00761395632215434,-0.0122582996589136,0.00522378546396888,-0.00936978863477327,0.00135527396489016,-0.00201662791466297,-0.0131178611101135,-0.00783112278899537
-0.0534881387329797,0.00405653378166489,0.00515057303796506,0.0125357615227991,-0.0140609484284272,-0.0833680879945086,0.00241935031259249,-0.0126042206462132,-0.0127092859173451
-0.079237161450979,0.00168508282584296,-0.0451626074603263,-0.0331499814907577,-0.0111827967806834,-0.0892964543490783,-0.00335219723373693,-0.000662347292531905,-0.0116413680025452
0.0156097289004056,-0.00996566055357364,0.025393159649901,0.0542234507478534,-0.00570182143798635,0.0174012588098781,0.00361480972549857,-0.000366383008513314,0.00699743779592152
0.0330685085670477,-0.00249774011018466,0.000232923109547883,0.0183054682409495,-0.013913701807593,0.0290703936584993,-0.00676507443042694,-0.0235624031941562,-0.0104061455999916
0.0684745778204186,0.048583835114383,0.0393110075277131,0.0174205559684395,0.0087384303183508,0.0439610512457415,0.0103320408362024,0.0126493842462905,0.0111962633389766
0.0103145723939055,-0.00560855183249197,0.00541058669061462,-0.00469305472512129,-0.0150295615009927,-0.027683224369778,-0.00631510031165703,0.00393635642101803,-0.0107341469759191
0.0103731262260532,-0.00035482675629457,0.000731338849807972,0.000430753049680533,-0.00519093109802169,-0.0359689076016383,0.008727342738855,-0.0258824395966672,-0.00861028004349836
-0.0395438431891343,-0.0462921851817582,-0.0335031419082218,-0.00899771824244696,0.00907462505910122,-0.0485100220415804,0.00931809153566158,-0.0112416083787405,-0.00168122840699392
0.000803254797219662,0.00216063057218529,0.0161651373633761,0.0120711461839307,0.00344161876504339,0.00272935129822096,-0.00586880073867036,-0.00378175863019823,0.00792640343906447
0.0265611823721907,-0.0347455162173582,-0.0221344035135638,-0.0117235846732547,-0.00267794130614417,0.0200899194717447,0.00494071190958389,-0.0281010764223863,-0.00342196676491161
-5.50260671728581e-05,0.0100737924683016,-0.0180806623038306,-0.000801889176739284,-0.00584665803254982,0.0117990759062399,-0.00683075386185879,-0.00354853146682113,0.000463642013626936
-0.0334102152543561,-0.0435278154536229,0.0012406394916026,-0.00643448101842713,-0.0286717260948683,-0.0292057584289854,-0.0161439931199017,0.0107507140910949,-0.0226372321164215
0.0231991560225061,0.00454542386852966,0.0161785401506105,-0.00032261434947734,0.000983062570094939,-0.0132091574638645,-0.00418421559835365,0.0146895249334765,0.00635420698222637
-0.00434562931155411,0.0293281432366636,0.0136575105499929,0.0333511614699111,-0.00296639927520042,0.0251295956174636,-0.00882047787938091,0.00732533223896331,0.000454967784332543
0.0154193889912896,0.0175051560943752,-0.0254736376457643,0.00692436388969294,0.002331115831966,0.0130681059388989,-0.00484593374582123,0.0136040241626088,0.0103197291115192
0.00668335478468711,0.0114318086192258,0.00679394331764672,0.0141954021640084,0.00632018668063558,-0.00713333547377744,0.0071724079462577,0.00113796687239815,0.0102183382197017
0.0413932767515148,0.0319771907130796,0.00826587789071684,0.0479886033463575,0.0126023664705862,0.0659239288431842,0.018301476467649,0.00478083422059139,0.017000335872185
0.0524992504019755,0.0432073040802573,0.0276088820087957,0.0586333530445076,0.0135954244027774,0.052149765036327,0.000878640607962945,-0.0161375970118065,0.0210194245646503
0.0756088680484881,0.0602864378810379,0.0465845275048416,0.053997517332564,0.00748472534658578,0.0822041690386837,0.016430859632289,0.0174790528481265,0.03826088584099
-0.0335709474034036,-0.0293270078210934,-0.0133922165526736,0.0339769213982035,-0.0135820368959119,0.0324932208986406,0.0226497532321588,0.005716688278535,-0.0181873408348094
-0.0124532588873732,-0.0119501101651264,-0.0244535092670337,0.0038168072578778,0.00479065572543599,-0.0333808275082577,-0.0142052777717924,0.00391146743121475,-0.0142225969836852
0.106706666155885,-0.0310042527190883,0.0169770850245418,0.00306210064925586,0.00516311847163344,-0.0304144147181202,0.0221921262320176,0.0150447355798078,0.0228035998899672
-0.0205664232460629,-0.00366954342905199,-0.0517878440328852,-0.0393621608761645,-0.0016431947760282,-0.0102948055366922,-0.010336957002245,-0.0105688805796424,-0.0152313178886707
-0.0152694051478747,0.0372628470040845,0.00588464841110791,0.00817427766622025,0.000642989020333802,0.025990159025609,0.00455614068193636,-0.000559755025862837,0.00452641308491652
0.002623168833456,0.0111059226697111,0.0198435486609559,-0.00247421181434079,-0.0042684221871368,0.0110365466715743,0.000423781318655379,0.0128600049669564,0.00976134146846811
0.0977222041714837,0.0427202277417783,0.031397099882583,0.0212537477164602,0.0134786000697323,0.0838619352982675,0.0216801303079223,0.02029156383044,0.0303451257518405
-0.0399348445036423,-0.0188866312917717,-0.0110693036997083,0.023573663881796,-0.00462483988830242,-0.0465712551189793,0.00947570162999533,0.0137545012663611,-0.00526639417969998
-0.0832425011235498,-0.0267531459287767,-0.0397438568140975,-0.0407568439374576,-0.000899413594709944,-0.0819988454057187,-0.00253742044249026,-0.020879241631314,-0.00276587947597823
-0.00274053180131213,0.0104811589594571,0.01640119195942,0.0408683762206223,0.00814421276076442,-0.0253635890250743,0.0128169799803324,0.0191242105338168,0.0145907040825485
0.0864775869186541,0.0207535799821416,0.0209808665043304,0.0333464585575594,0.00531840812909263,0.0607670474574558,0.00894277102260596,0.0391725986573211,0.0122141227338909
-0.0187200189711828,0.0225005750329213,-0.0017167356935832,0.00106258896737207,-0.00481622455162557,-0.019280700581091,0.00128214305571479,-0.000101803117107601,-0.0142935979217215
0.0399759707407963,0.0140198623740771,0.0139497182079591,0.0289618356161083,-0.00949798694615746,0.0373848032132841,0.0115658138367779,0.00948135534730924,0.000219180999392329
-0.0679323600485077,-0.0429913032148372,-0.053894524989953,-0.0355055130176432,8.23091836793189e-05,-0.0621995419124446,-0.013010594918548,-0.050006742728923,-0.00888091228173433
0.0372615416525738,0.0460571068778417,0.0304633932575512,0.0217801673725733,0.0190672980714196,0.031798141974231,0.0180297541527408,0.0179077409263714,0.039118150434649
-0.00571288788664407,-0.00432871339034809,-0.00418239176410018,0.00375295345466771,-0.00732671012271799,0.040172643129319,-0.000984185852838047,-0.00839832637947653,0.00590872457683879
0.066886118500964,0.0381680292779099,0.0303429821587353,0.0130380371801602,0.00424434644901762,0.0240653461108983,0.000821226966882675,0.000976915109882037,0.0187860842172919
-0.00195918864135955,0.0232784378878508,0.0222903426625978,-0.00572948410757182,-0.0179701921995193,0.00748466932395951,-0.00196221942729335,0.001367450415926,-0.0117799501775901
-0.0360581030121392,-0.0293544192608437,-0.0246936456846087,-0.0106346337853828,-0.0105703792614683,-0.0351310285855297,-0.0457635642181872,-0.0394447421676604,-0.0106495572915418
0.0222748298199833,0.000544184876937929,0.00652693046121771,0.0445349938199667,0.0144795801902121,-0.00177633324912719,0.0095050467675252,-0.00715331540552212,0.0240681824156831
-0.0287267252497811,-0.0108764762874412,-0.0132776663459675,-0.00828437925675615,0.00447592058102234,-0.0107995665632439,0.00378330530294753,0.020201763558477,0.00266626280173829
-0.0066082728199822,-0.0186586184699071,0.0022620794202639,-0.00333046429276522,-0.0161981470871736,-0.00778231735038105,-0.012592057642198,-0.00797106286359583,-0.0166457968828555
0.0362982858218795,0.0462934191563717,0.0109120716631623,0.0267032720613816,0.0244508990242064,0.0623148286352069,0.0213129459171184,0.0353900905522407,0.0393112963043903
-0.0256369836041817,-0.0605586751044155,-0.0206698556920249,-0.0473300457279686,0.000904800129210415,-0.0387596230678492,-0.00395369652857855,-0.0171987174010071,0.00497992803110634
-0.00347556201946031,-0.00862845591963901,-0.00246441053854974,-0.00134347776427153,-0.00944519353949149,-0.0180488142011047,-0.0171020231124772,-0.0417027040912097,-0.0545020228716583
-0.0285982630498792,0.0224955019268558,0.0142760981778372,0.0148823181001278,0.0228292667874043,-0.0305913872757928,-0.00661743895173143,0.00323357743364763,0.00121763915774625
0.0373161662608253,0.00197091774752765,-0.00156884226534492,0.0183256159824335,-0.0163292484188041,-0.00964622869049471,-0.00671799258144578,0.0122888312503389,-0.0143936425058343
-0.000819798612233562,0.0102589027093912,-0.00372822618348488,-0.0166712411061588,-0.0251751083179095,-0.00015368092350092,-0.0057197788668903,0.000433525854530292,-0.00941825300006209
-0.0283662690829112,-0.0120040476147777,-0.00753321261391111,-0.0137116693014213,-0.00424452558172736,-0.016055542415362,-0.0112281476126447,-0.0249945415502325,-0.0479947969146297
0.0114174459864921,-0.0378475739877072,-0.0363296548366033,-0.00971176183145763,-0.00195511835028501,0.0171748834048975,-0.0154885450267394,-0.01345325155122,0.00244507738012997
-0.0371481029201767,-0.0262696794817744,-0.0124578447223582,-0.00952696731680856,-0.00622882965279923,-0.042459167524124,0.00225157009572034,-0.0185159460913697,-0.0162943341959185
-0.0235205273795074,-0.0109275811364678,-0.0196607691007139,-0.0101109323507612,0.00546389508864552,0.00578925521351141,-0.00866612520481701,-0.0201633536344349,0.000597560868622247
0.00356503068467141,0.0192276936321645,0.0125350716836605,0.0204259984660586,0.000860694265144684,-0.0316157668484546,0.0179302995751613,-0.000523928890347251,0.00270463480053426
-0.0105924692759477,0.00894213780641674,0.013476323938284,0.0270254636189648,0.000799632969188392,-0.0214399336572278,0.00232506259250619,0.0231433470900221,-0.00412275173558749
-0.0190476290208583,-0.0174144662047628,-0.0336454427329753,-0.0166172605086388,0.00146268539662225,-0.0433605688984062,-0.0158654801102181,-0.0158851093432193,-0.00786266244333556
0.0186078993548902,-0.000218745025383704,-0.00325799362061996,0.0161597378688828,-0.00934109352891815,-0.00656783550493455,-0.0108112907077791,0.00750199434349434,-0.00778769068770749
0.0503172771525117,0.0161908741353618,0.00867323630967831,-0.00478199622318516,-0.0127287658235394,0.00515775599490742,-0.00292192753861519,0.00501754493796166,-0.0172081406586469
-0.00226620905161513,-0.0183909628262948,-0.00708574860576523,0.00428245979957904,0.0113557702771437,0.00698742573903175,0.00528962526090763,-0.000171221452272629,-0.00852703104033125
-0.101491963049986,0.0118235556471237,-0.0426104180761271,-0.0578580832805701,-0.00701857085889129,-0.0842639699735663,-0.0255625595239108,-0.00684639566426491,-0.010597153831858
0.00377587526503822,0.0282262303273115,0.0215122909508681,-0.0191586399216176,0.0108173988364694,0.0190747737088613,-0.028425947134827,-0.0118288261941446,0.0181979025469821
-0.0211922663967821,-0.0290078694180344,-0.0131875001646371,0.00780505497207811,-0.0126158436020552,-0.00783742362618581,-0.0247087772278624,0.00808479493958694,-0.0157082480332875
-0.0406311649955477,-0.0258414901251772,-0.0315757358832426,0.020521518227523,0.0081655814306853,-0.00800176720621281,0.0244251821247979,0.000947942935785545,0.0196147166456593
0.0828321991781114,0.0241739059043178,0.0390402778570683,0.0461114999760756,0.00618375815777358,0.0306710735383509,0.00413298402005883,0.0028645958968248,0.0279181287730172
-0.00861699861254532,-0.0245311886726408,-0.0152143763656911,-0.0159018803331492,0.00298242999983837,-0.00981239072242897,0.0263645629120073,-0.00200320396829122,0.00161914508460176
-0.0752064606634828,-0.0273831622658845,-0.0180165124315761,-0.0378891776696654,0.00610283480806533,-0.0571730355024666,-0.0193383871170089,-0.0294889405899894,0.00104207868939518
-0.0311176703769274,-0.0150136127555941,-0.0156402607078123,-0.0244432225897531,-0.00182549273942157,0.0181289158376663,-0.014205554020207,-0.0237664627077506,-0.00654490198869149
-0.0719227286360823,-0.016429772024268,-0.0137313669048477,-0.0432488896663317,0.00191117065001475,-0.0773443209138721,-0.0125868716537907,-0.0165706822090363,-0.00692830517455208
-0.0194080189829573,0.0125320159546826,-0.00441890704888281,-0.0168233580259127,0.000956778521199857,-0.00198454873726176,0.0167635199565295,-0.00602789642274686,0.0137318823089539
-0.0429286468062167,-0.0206939344112764,-0.0287689956838233,-0.023174681255666,-0.0121109808699039,-0.112055289101497,-0.0342158724601388,-0.0100051664563328,-0.0149546936293175
-0.00146029047417129,-0.025395551765161,-0.0411966037172585,0.00664435953223061,0.00153499119623619,0.00234589627414835,-0.00232725578733792,0.00412590472586952,0.00300931005811555
-0.0978134069364058,-0.059653251428641,-0.0281816496599791,-0.0325366608962926,-0.0459281559644006,-0.0694408012715834,-0.0144130256383634,-0.0560301840832439,-0.061962846669927
0.0649378110895734,0.0215608660733892,0.00467914320478001,0.0666029705031521,0.0122506355011972,0.104226517822473,0.0115968553751414,0.0259681141700612,0.0229245331736019
-0.010707707501768,-0.0113439687651923,-0.0129182411514042,0.0180278958363714,0.0235494451426164,-0.00762062879875671,0.00302435849123843,0.0114463067260867,0.0217094092305404
-0.091314281079188,-0.0270922203930598,-0.0576862890084478,-0.0650851206174943,-0.00943449541752062,-0.0667100950875592,-0.0114836529349436,-0.0345032865737554,-0.0140259703844093
-0.0434158037701795,0.0119973071187383,-0.0220916976416871,0.0248005639364938,0.00569606754323758,-0.00550648368841997,-0.0126243745143112,0.00253119160198192,0.000830340337903998
-0.0646188584383696,0.0270015267092451,-0.0106359570673456,-0.0434875505683346,0.00948241990928084,-0.0734157251128144,0.0166650822846585,-0.00877205848672995,0.0126095041753118
0.0190930054580485,0.0173796642438016,0.00828849467419675,0.00660483746664711,0.00638840809284075,-0.0107596890680052,0.0139168349652111,-0.0027374090935968,-0.00665979480961747
-0.0629817808547013,0.0126494330393858,-0.040537833958078,-0.00948806306957134,-0.00368614566458464,-0.0833707633514466,-0.00410564508243556,0.0140213774273359,0.00399799874693456
0.0328239965331592,0.00735600005633879,0.00198206285938044,0.0241507397175783,0.00405897630697668,0.0535206904106876,0.00468908912961885,-0.00367870129658835,0.013077290569049
0.0472302400110861,0.0311502567758329,0.0223039841371054,0.00627797602018538,0.0204480444992733,0.0619269085980285,0.0198286250646733,0.016588506889345,0.0193715282485386
0.0156621970774883,0.00578007511899015,0.00538216719133754,0.0169627907920562,0.0109706740719896,-0.0135229579325048,-0.00724615813829734,-0.00379901707143375,0.000312067176280642
0.0389400794452072,0.0446558157367817,0.0107880841885686,-0.0019626676168127,-0.00220196494501272,0.0393533429917052,-0.00713723899573513,0.0140253973287391,0.0118108382096748
0.0448254042287472,0.0249218644943264,0.0176779648571931,-0.00423886086579816,0.00677600578961238,0.00810157982105847,0.00237679268538013,0.0171601833081077,-6.39485831302559e-05
0.0215278742996664,0.0253317767200454,-0.00436618958459343,0.00768594432668594,0.00762125956717681,0.044113794493508,0.00381197557265693,0.0370948137579821,0.00112765986087552
-0.0440514941722337,-0.035862641670847,-0.0105819188085821,-0.0805472944820795,0.00739770642391583,-0.0667287826240462,-0.00406842115314248,-0.0111002157360785,-0.00250139178445828
0.00216067764877938,0.0223726307000518,0.000490743822351438,0.00214371640991218,0.0139623678285455,0.0149026994660334,0.0254085809895252,0.00910724461191031,0.031676876160832
-0.0438528370820396,-0.00765910041097007,-0.00101559080876503,-0.00905854407908761,-0.00189855845052604,-0.00758220186808462,0.00299111475249285,-0.00858956172816745,-0.0280352421742465
-0.00243959284098961,-0.0131384524328375,-0.00540039633052776,0.0241573489615871,-0.00279074020036377,-0.00803235794018375,0.00631340280657501,0.00210461472142729,0.00227814505249803
-0.0596219214612831,0.00267826797170278,-0.037131217372296,-0.0333319724944861,0.00166299487361543,-0.0192474337681141,0.0106777899978221,-0.0148848038182823,-0.00645436575247388
0.0487149619796636,0.00554898760318823,-0.000547399827640118,0.0378130375358166,0.00155654889541937,0.0338483390069177,0.0121777229425941,0.00834548198654781,0.000999846272043372
0.0201665181626709,-0.0108421236046665,0.0326665657910374,0.00524432598882598,0.00709345923230975,0.00902260812092399,0.00533567601117222,0.0107271045808823,0.0123339302956254
-0.0267624584706298,-0.00310402868706211,0.0101585763977233,-0.00307631718677882,0.00921440186569566,-0.0117456494688433,-0.00114728540622544,-0.0153938896401803,0.00803103483933427
-0.00904904238915684,-0.0287103923272301,-0.00898284012307984,0.0225849487946721,-0.0142804571392918,-0.00999899612430617,-0.0128272839592589,0.0026783359350125,-0.0153641530270483
-0.164561185255294,-0.0610505348959183,-0.0486565788787865,-0.0848468680601824,-0.0138319117521764,-0.15094724235449,-0.0058336166210847,-0.025638750804594,-0.0282522068071268
0.063096713263882,0.0111995924882064,0.0119653445649558,-0.00463784772446946,-0.0167540035128706,0.0133867921288985,-0.00582737049078552,-0.00974560515395164,-0.00503288206491419
-0.0493148203631473,-0.0100407489955437,-0.0247861561630084,-0.0274297600388552,0.000682198719722756,-0.087298846583678,-0.00507455811845593,0.0195416931416673,-0.0052190018196187
0.00902796832641819,-0.027553998790721,-0.0296525227660872,0.00263445271586344,-0.00127664561239796,0.0115836896685472,-0.00161140119919409,-0.0189591977688252,-0.0216275087969573
-0.0254509565113012,0.0163333611299733,-0.011091098427086,-0.00750934948794686,0.00419502165607708,-0.0457922886340316,0.00505678875096382,0.00106801274327049,0.00771648213167545
0.147345356722783,0.0029533040837853,0.00528707769261386,0.0100010965329672,0.016906593235507,0.058336034771165,-0.00347806248106651,0.00829167992962834,0.0122785743137726
0.00339503034734758,-0.0150088461479656,-0.0219285457613201,-0.0104134236712318,-0.00308595454414691,-0.00366209245362323,0.00291647769773879,0.0190435076050464,-0.00364112165950138
-0.0183844559319711,-0.001719541236316,4.79977892501086e-05,-0.039245853255846,-0.0119640612550175,-0.0632331181978065,-0.0302484404612166,-0.000363126258038483,-0.00868863875107982
-0.0713665621582442,-0.0235916189601062,-0.0279874294373656,-0.0164721270701245,-0.0184029806255479,-0.0918551254330131,-0.0273184892393007,-0.0211881280892416,-0.0355910268274127
-0.0564238918128082,0.011853942003473,-0.0245297418780207,-0.0301684478952396,-0.00141109931527244,-0.0451610294868389,0.0144493092517127,0.0053964471181357,0.000638540144882543
0.134826594120498,0.0252900312329228,0.0449629586774571,0.0109543637767737,-0.00235981879790903,0.00144876886813369,-0.0217142310987923,-0.00128594803983262,-0.00184340558497765
0.0796617368354382,0.0754386227291195,0.0462304633625808,0.0656372351823349,0.00698186376207653,0.0493970753508047,0.0108636821060925,0.025399004004924,0.0346577085475748
0.0832613084539045,0.0278937435403116,0.0312600022111662,0.0484405316895969,0.0185751036801546,0.0682523035151184,0.0183136519500437,0.0229051031633368,0.0104392059786214
-0.0818024060449732,-0.0136575694381934,-0.0299175832310808,-0.0423434343764564,-0.00184186020207197,-0.0998908825529836,-0.020161968452587,-0.00769451629064662,-0.00775833059922254
0.0281614724824263,-0.016013603815375,-0.0178160181985241,0.0236825538929948,0.00289841902378694,0.0246090648440931,0.00889154394769054,1.79812359880647e-05,0.0150240358634137
0.0116328668787217,-0.00460984501547741,-0.00700090825144927,0.00638982076780495,0.00613270398057575,0.0393866100055772,-6.44196759185487e-05,0.0136772647639082,0.00762761064587994
0.00918288406060776,-0.000723638603017549,0.00987679038871061,0.0163997400446003,-0.016204098779726,-0.00681264954180963,-0.00940396095152593,-0.017088348521421,-0.0111559061698445
0.028888675575079,0.00670812685747287,-0.00380461574905593,-0.0139470099939031,-0.0147077167994894,0.0132224100833053,-0.00280861549870318,-0.00102382359413385,-0.0252092562982032
-0.00898706636091515,-0.0451347465061387,-0.0278346232757842,0.00287777361175773,0.00643604166860635,0.0101936510679839,-0.00815234039490818,-0.0127964902159142,-0.000186880798425212
-0.00691455375324049,-0.0234273043814961,-0.0275928102047364,-0.0107993226646062,0.00677466042503262,0.0315275343380683,-0.00283354204913828,0.00283213610933306,0.0123899551985753
-0.00880239261709104,0.0136011629521917,0.021160083200815,0.0181099784199089,-0.00467868659328145,0.0336589800143921,0.00911679071552562,-0.022193258062733,0.0127113766315538
0.00727563900773063,0.0206550678585692,0.0103015081416463,-0.0122485025833721,-0.0104774011330897,0.0114844142156976,-0.0143611939466992,0.0226234058451931,-0.00443777707110903
-0.012546025098604,0.00588897171706914,-0.0201925407168597,0.00278386819797535,0.00165325104101705,-0.0340952095998107,-0.0061833610038627,0.017205122245535,-0.00510214418943462
0.0808017320728611,0.0390134310182126,0.0323866074666214,0.0389337957967605,-0.00254628326737953,0.0813678028572184,0.0110809444773489,0.00760997024608995,0.00567198639284674
-0.00367902758697073,-0.00557088481644673,0.0100372137821582,-0.0134890926574802,-1.20179867380534e-05,-0.0532333001528475,-0.0164117305831574,-0.021787287149735,-0.0123749277886074
-0.0570283854463761,-0.0164141426414612,-0.0126413677191591,-0.021980001702065,-0.00575675790598852,-0.0480159990925297,0.00692600507979234,-0.00841400384730853,-0.000480074465664937
0.0254003330849445,-0.00307121814028905,-0.0111764862511026,0.00650104066674809,0.0243106678976352,0.0383119683011649,0.00843926189647875,-0.000964760314174562,0.0340657447752369
0.0736192847778558,0.00778995738286335,0.015537405252955,0.0212852203255181,0.00398120668030084,0.0506257152340657,0.00666962564967753,0.0348406455984087,0.02036082732892
-0.0126341059583666,0.0033452277891671,-0.0155025309315577,0.00196896041568388,-0.00662861385615577,-0.0463659313855398,0.00431142672005846,0.0058397338893034,-0.0120097050556097
-0.024863507255229,0.02806232834668,-0.0166431249438644,-0.0108759629190264,0.00749928157319106,-0.0109422664986368,-0.000236155123936373,-0.00401991753946131,-0.00250173426247342
0.039895464924925,0.028610515994669,0.0205798340606573,0.0248391154677445,0.00517415191611833,0.0692321800259413,-0.00443912679634133,0.0191119013101258,-0.000391736815350911
0.10179156466073,0.0209756952212661,0.0244395384715229,0.00894707608265041,0.00338879143334725,0.154013203931677,-0.00183592582028762,0.00558456777517572,0.00906302388423592
-0.00685175396380095,-0.0124286332264478,-0.015570001574817,-0.010035111737905,-0.00482817380390912,-0.00762214112737889,-0.00848292691086101,-0.0161577580525763,-0.0158525193789251
0.0705672245949103,0.0467873617245653,0.0284939148037623,0.0045462549034052,0.000915240951606917,0.0758659280917539,0.0159633971329559,0.0389753246001486,0.0195115717371915
-0.0563534715468939,-0.0135485253719651,-0.0172188940981406,-0.0096667822716194,-0.000897051883093066,-0.0625806712087498,-0.00369714132071922,-0.0148559940092584,-0.0127258327551971
0.0284530898945602,0.00182143917918089,0.0215288330619296,0.037115294309413,-0.00547876865004507,0.0134192373600604,0.00281662687004978,-0.00596781593910839,0.00240597853006128
0.0297376317896664,0.00271968882657478,0.00609602538259753,-0.00300243509240355,0.00443293390546081,0.0250002624795778,0.00261552305000439,0.0033794712393916,-0.0132989053153514
0.0184072742487309,0.0185973235127296,0.0156210760892375,-0.00909821266149868,-0.00348427375661396,-0.0118925554438395,0.00757124550053779,-0.0122437099527029,-0.00434439809357649
0.0216792553001457,0.00194566429294187,0.0113027371686155,-0.00717947980479875,0.010984116079502,-0.0843102336804852,0.0095219044790056,0.00390975362192698,0.00779836181984957
-0.0220027860028302,-0.00875840309306873,-0.00379608899120239,0.0222599724383531,-0.0183928351993833,-0.0285671271467511,-0.0191591477008062,0.00227534619655818,-0.0319734482689342
0.0337107977535937,0.0222422284278143,0.0220412002107521,0.0105335931750238,0.0162805749405082,0.0151002812369189,0.00477693754761055,0.00724976340154119,0.0151413652725219
0.0402989712481586,0.0107547197208418,0.0208496699595197,0.0395324705436477,0.0110695748610422,0.0494741420057961,0.00627322451704343,0.0143148860898479,0.0339696301576055
0.041028220889219,0.0390658736666759,-0.00726394969687577,0.04107182262104,0.0300420784335214,-0.0304523450597278,0.0318947418741515,0.0674977532487245,0.0728497467603678
-0.0927649547831048,-0.00198640473815074,-0.0365198206090158,-0.0188733533018037,0.000364286704226673,-0.0617525649228527,0.00834307838798453,-0.00901538768154993,-0.0264261147297265
0.0373611918160283,-0.0140555053538226,-0.00212852832474823,0.0245588030606696,0.00810532100475725,0.0353112153992227,0.00792202992710138,-0.00838543168578051,0.0138814039181658
-0.0420384106135054,-0.0054568128876556,0.0105359794078069,-0.0124311490037839,-0.0111471148173932,-0.0539579486609422,-0.00357391557381464,0.0127468000102726,-0.00843513493829331
-0.00765930078610763,-0.0365958590662391,-0.0101492522256771,-0.0189113358751463,-0.00886601982134673,-0.0241747427346791,-0.00855914339707498,-0.002792538472998,-0.0131132145621735
0.0517777766695133,-0.0146656654364603,-0.00520023126637269,0.00633629099957441,0.00283202045640148,0.0274182513522988,-0.0096682153935476,0.0171749459237214,0.00341247888319228
-0.0196946362678863,-0.00649576113278662,-0.0126093958167222,-0.0132949099397462,-0.0189293464857146,-0.0460525536249181,-0.00130419419066145,-0.00754206209269352,-0.0221590684440417
-0.0875007265782284,-0.0437620544988503,-0.0348076111600559,-0.0510347972600462,-0.00779224020919915,-0.0510180434072423,-0.016767508860958,-0.0241278070642405,-0.0165700487339202
0.000761597493971217,0.0080032399574148,0.00644004823828978,0.0132485302333033,-0.00296808352655269,-0.0223534088031119,0.00531006794225241,0.00387798225279436,0.0016534267370826
-0.00133177459641967,0.0120719093259607,0.00215398154959294,-0.0218698402971209,0.00254839024325261,-0.00673844796665761,-0.00973093524722258,-0.00608051557363912,-0.00375371544030743
-0.0751577964948099,-0.0175498826936482,-0.0182862494163304,-0.0442154443755172,-0.0251868570180983,-0.0860202747255711,-0.00339657591942498,-0.0319844397710644,-0.0216105666515548
-0.00258164191564121,-0.0159837742771576,-0.0296737235371384,0.0168368962330449,0.00305689196100141,-0.0322362878567644,0.0216591168202472,-0.00548257350057861,-0.0151662622772973
0.0121820786036466,0.00489973010790126,-0.0238666998689296,-0.0201779403292672,-0.00173382435671187,-0.00983230042849927,-3.9606076803016e-05,0.0145425014013395,0.0145146543795488
0.0204713448591592,-0.014368417879699,-0.01047106968042,-0.00601970552707856,0.0131622792453713,-0.00231351426738335,0.0198783031209236,-0.013291414720009,0.0256097963703108
0.00383320375243917,0.0249375789039901,0.0134857338619177,-0.000192781317844799,0.0138802412523376,-0.00031401964753816,-0.00678942694485596,-0.00736327442490473,0.0211677937969269
0.0160516366727931,0.00711420409779981,0.01215314288901,-0.011509086650358,0.00874089154917882,0.0250470311190325,0.00206055138997387,0.00952848735816451,0.010760869546207
0.0455204732826866,-0.0168822255344955,0.00541269001921273,0.0298517142287736,0.0157779228682185,0.010597207520018,0.00726729462888806,0.0203150112071444,0.0108543115215212
-0.0994535379701294,-0.0702634838268613,-0.0430214466372792,-0.064824447068672,0.0103431059906526,-0.095006601726206,-0.00722621920451292,-0.0235027252305969,-0.00690814608912853
-0.087780488839105,-0.0198207569687542,-0.0402519433924321,-0.0411608366132081,-0.0320118226515626,-0.0614716059435217,-0.0212940821010502,-0.0221569544378325,-0.0285996653281802
-0.0577458205778588,-0.00962009947300429,-0.0185399115090759,-0.0330116810906517,-0.0225944441071397,-0.0342658009317472,-0.0209649421554168,-0.0543339740309691,-0.0217464588903274
-0.00704093572107243,-0.0308740660791466,-0.0347684887978165,0.00466276112128972,-0.0153589636906687,0.0030703796190128,-0.015546599435537,-0.0125246525826143,-0.0163266244914483
0.120555764037437,-0.016174035884006,0.012747334615278,0.0353814787680897,0.00670610104788556,0.0917012569096314,0.0381244202172347,0.0258391692875412,0.0162340788025922
-0.116758936417596,0.000936836953447985,-0.0379751100978443,-0.038815211595328,-0.0138887787472061,-0.0878574864699977,-0.0276513894445999,-0.0337229933482771,-0.0151327481849327
-0.0209017179490137,-0.0125152518987337,-0.0339157258161402,-0.0314238376214181,-0.0129235271096955,-0.0185643905584975,-0.0144876846011069,0.00234551806354695,-0.00150464203350277
0.01940358118943,-0.0364885997144903,-0.0393798807351228,0.00522975736173033,0.00885667133319678,0.0170677275901485,-0.0151590347246682,-0.0201815304323779,-0.00221566830693849
-0.0386265469938142,0.00325375343068972,-0.00693312304448906,-0.0017102431550102,-0.00337221663274655,-0.0196370867375892,0.00157726023311146,0.000329012947038803,0.00557694125599519
0.0372669985555516,0.0235105322335346,0.0299184857294874,0.00272360420393525,0.00290068624339716,0.0159907483711748,-0.00542920753714344,-0.0180707389240593,-0.00378720818372585
-0.00779001982716809,0.0253889092507563,0.0301236380572236,0.0209060523558476,0.00394617986486423,-0.0177460785005076,0.0141538695907105,0.00362923359050022,0.00947997868026267
0.0670161191816017,0.0390144619206162,0.0246305436267233,0.0964785272890898,0.0170173621604901,0.0937766872723901,0.031730268197026,0.0652633247062462,0.0323320283655408
-0.0938205829351179,-0.0676959179383353,-0.0642238917213962,-0.0535911366509208,-0.0188462221483205,-0.0673671221328509,-0.0158175414598319,-0.018234898415615,-0.029370555585242
0.0344637064453432,0.0345596605570636,0.0180633181757125,0.0297308423258749,-0.000984102032390401,-0.00483201222053104,-0.00237483598938999,0.00825667902974593,-0.00631065120266729
-0.0662661290327171,-0.0226335511603008,-0.0466084955604412,-0.0454347694173314,-0.00348255596676704,-0.0464929322497778,-0.0247445060219567,-0.00870832623124268,-0.00216660458471362
-0.0414034349057643,-0.00290932227093545,0.000513203069260516,-0.0206542085187801,-0.00246617556321404,-0.0557835540282457,-0.00769829016419708,0.0123654874292584,0.00644959938022619
0.0340502944636219,0.0225758886153485,-0.000805590923002329,0.0376399057528254,0.0118609899504151,0.0118044014069591,0.0334941193745028,0.0233784700319302,0.0439201540885479
-0.0350758021595908,-0.0165786832426584,-0.0321555523035,-0.0189202149489941,-0.0101052764982709,-0.0271157203139051,-0.0151740786006685,-0.0112029035581979,-0.00291920793709767
0.00228344275482001,0.014042469235632,-0.00372679058570936,0.0375962958116146,0.00278695174069794,0.0452061251991196,0.0140441307846719,0.0276359299549603,0.0259801344014097
-0.0809384395629546,-0.0430713178491995,-0.0657770723887441,-0.0616803840655358,0.00318486231521301,-0.0896937272932289,-0.00130283473527579,-0.00956804019827844,-0.00406208242211514
0.0467611687659193,0.0562800546082006,0.0571971192630191,0.0563334647684586,0.0164122099747442,0.0536420259428619,0.000960189775582287,0.0065520339448323,0.0392094160276799
-0.0389770265662913,0.00364841275572547,-0.0273247771342129,0.0116286491187515,0.000282966212235514,-0.0284659872613275,-0.00589833673369342,-0.00500566788330683,0.00140336190469677
0.148744600939252,0.0664420115716151,0.0648044372989241,0.064569836447946,-0.00441290807165529,0.119799099821477,0.0266422155374697,0.0187462895195485,0.0225077964502489
0.0441921842154695,0.00721757124044577,0.00617149549652828,0.0256624680120553,0.00908654974890232,0.0258541705325421,-0.0163192935216987,0.0165328686788301,0.00678870233121489
-0.0491084633052526,-0.045424963016457,-0.0511910068507094,-0.00591559100659829,0.00798712099535261,-0.00363146698231589,0.00885643218728855,-0.0182926193812275,0.0053240347376362
-0.0251021421049732,-0.0270015612423927,-0.0436826132530435,0.00833015212208768,-0.00840727982264484,-0.0378881142238721,-0.0135803817197152,-0.00390269067672935,0.00266659664951552
0.0127357645032957,0.0345930063138497,0.00761505696421597,-0.0227704564229507,-0.00687499174666408,0.0212246252603461,-0.00351337934146707,0.00493454679954938,-0.00276359816615921
-0.0157835654464164,-0.0255547262394548,-0.0466220928514346,-0.00479341678209558,-0.00697736006068113,-0.0369387657226273,0.0054867469214105,0.0221039870165545,-0.00847504234682677
-0.0454965130780201,0.0247472285346239,0.00110176579763515,-0.0001219352661446,-0.00152492220085954,-0.0297307601065236,-0.000906434977188825,-0.00140226157538507,0.00248594174979288
-0.0137874063892027,0.00492834189071254,-0.00317896643632857,0.00728049885663001,0.0122834384123429,-0.0210170940813466,0.0133242104989978,0.00920646392759135,0.0144554045092839
0.0312635040863355,-0.0288738416840729,-0.0264015788855649,-0.00106341618672402,-0.00531676488988332,0.034882820451203,-0.010492065245473,0.0120691112664302,-0.005823645745277
0.0123819387648095,0.0265442677242342,-0.00803740266161265,0.00945618020159556,0.00317926369033768,0.0112524516447978,0.0161462006324283,0.0251669490207024,0.0188330524947197
0.0302384543221987,0.0109418595011616,0.0124957065913577,0.0153835777071248,0.000134525557782076,0.0112174825635471,0.00171726548336229,-0.0141380146037487,0.00490599022405685
0.0111516671929526,0.0138027106578255,0.00863457893349265,0.0321118347114651,0.020473233574932,0.0396621381330582,0.00435319904261316,0.056196684890914,0.0325119430684046
0.0132066347924575,0.00614809468030704,0.00518779399730161,0.0809853053371076,0.0192763227196816,-0.0212396738549708,0.030283398946821,0.0365665160169733,0.0201138573433157
0.0156387259245803,0.0181043614420839,-0.00718353645458679,-0.0237377554329216,-0.0133398475074568,0.0105869103739557,-0.0413497919367332,-0.0117291624790061,0.00493315025749952
-0.0151591780546159,0.00433975886251506,0.00516262796220393,0.013956563367006,-0.0172120472713123,-0.0187032744065531,0.0125367154942255,0.0103280282556601,-0.0137963663162543
-0.0163261085455321,-0.0184044975184356,0.00335231714633469,-0.00464431284508446,-0.0188868191224524,-0.0375364912410182,-0.0176845076455191,-0.00631855412045686,-0.0232457678344208
0.00345632681783513,-0.00912206788587607,-0.00209736830789883,-0.00717208356022884,-0.00408319500911388,0.00749115140599196,-0.000749184577050819,-0.00347797228746195,-0.0142454817042223
-0.0758674152486724,-0.0163335391376738,-0.0326188754933445,-0.0168474140866412,-0.00610766965869024,-0.0631025239355526,-0.00194254382082868,-0.0198464973161643,-0.0202781096745838
0.0209224699750473,-0.0143950325089902,0.00495593940283035,0.0152299957987103,0.00494142996127587,0.0192784352149837,0.0162921750129159,-0.00500927550790585,0.0147738525959177
-0.000979692637624864,-0.0229256410415949,0.0101372745459157,0.00135815282762747,-0.00515922568851472,0.00976796724690119,-0.00192947981147107,-0.00140932410659419,-0.0195159058133871
-0.101375191333684,0.022163267481958,-0.0610877477185534,-0.0529710498496517,-0.0036068900423322,-0.0452648886340494,-0.0181101726383947,-0.0265632241302466,-0.00361369516915584
0.0196606492311536,-0.00653746241741309,-0.0165505881457338,-0.0240830533728433,-0.0157261136037374,-0.0233614035191986,-0.00964961666223454,0.0183685544190461,0.00760386462820029
-0.0663779249736596,-0.0432580334681257,-0.0204846735022768,-0.0633196831229749,-0.00689854738038729,-0.130220955579035,-0.00784083305086674,-0.018893838373637,-0.0211237355502872
-0.0143809441429037,-0.00359172612150358,-0.0108368054665221,0.016378537507067,0.00512752460786328,0.0266589431186231,0.00959639632211511,-0.00231760571676213,-0.000430763984950687
0.0214524959546591,0.0239849571686604,0.0201254277083804,-0.0124613883219458,-0.00436100494166616,-0.0033385574084073,-0.00291074362805103,-0.00423580927818458,0.00669082932742432
0.00787717820826437,-0.00903131253520307,-0.0118805773084068,-0.011851191503271,-0.0165913017691724,-0.0180479820416263,-0.0361561288467381,0.00329953031913671,-0.019590915887743
0.0965386221779628,0.0439487550760307,0.052063188182233,0.0234701450085114,0.00602693072691905,0.0878196219415045,0.0225146564205753,0.0221083688695111,0.0191385221472502
0.0296036444632993,0.014790747194842,0.0048444049530407,0.00791925724751993,-0.00898166415446628,0.00625256196607157,0.00147652524500035,0.0255009203836811,0.00613338486748491
0.0682755676313683,0.0413615327308441,0.0528180034102947,-0.0142526128441444,0.00974764124008903,0.0437104367743706,0.0171141276315728,0.00273043334732567,0.0091818882077131
-0.0301427926412658,-0.0030512492466045,0.00105093245234179,-0.0177648172282855,0.00747728664730247,0.0122808062259282,0.0177106799879472,3.89130014199303e-05,-0.00786070780843744
0.0180086319033781,0.01083645559785,-0.0205575866242067,-0.0147114507109147,0.00108292230502545,0.0040343777864534,-0.0206711252229776,0.0168317594649268,-0.000378598223985194
-0.05093177101786,0.00742042891811059,0.00193278154197652,0.0123747044124153,0.0113951915062813,-0.028495140379791,0.00364863566057031,0.0188275887645619,-0.0139308655568805
0.0106324777345946,0.00283802902975503,-0.00462460658880464,-0.00870465068184634,0.00154507917518713,0.0127759557800564,0.000715291556751605,0.00757244487142588,-0.00700338747011005
-0.0886903755791663,-0.00282334725372618,-0.035009083274017,-0.0334889650496685,0.00347201045524038,-0.0843143360302927,0.00138412508202199,-0.0168214207976527,-0.0207639918811123
-0.0057359955077909,-0.0013893450454532,-0.00681020120982178,-0.0100891575351472,-0.0208396657463258,-0.0211739014102887,-0.00365238322027234,0.00275373555789331,-0.00405657801390481
-0.0252950602081245,-0.0366057932159158,-0.0134001100262314,-0.0412396547632543,-0.00107558021409255,-0.0336284604254279,-0.00881417822697529,-0.0454617803319461,-0.0251855508947324
-0.0611146913495602,0.00301002267428462,-0.0337855962653789,-0.02019300161327,-0.00700364063157792,-0.080924538436829,-0.0110381565138814,-0.0119851418694157,-0.00502742649762614
0.0436244433365419,-0.0106148240567494,-0.0209201719856843,0.00351502013737367,-0.0178273293060252,0.0300967164519006,-0.0207249910575983,-0.0183215973867901,-0.0117362869651676
-0.0085013245863994,-0.00158139079099645,-0.0322699200386868,0.0170187575165092,-0.00877978214154682,-0.02088947128534,0.00106084358847806,-0.0019241933623289,-0.00533789000349708
0.0292336299329849,-0.0236389842236954,-0.0014405462472236,0.0342795651753864,0.00438530114960487,0.0515244713045644,0.0109468912239437,0.00382604086461729,0.00414686150562338
-0.0453141106142427,-0.00481283125624475,-0.0126399480097717,-0.0281693480552206,-0.00782754651226825,-0.0455053542568474,-0.024086309850171,-0.00572408970579256,-0.0102314670553983
-0.0329766494797795,-0.0178867994014674,-0.0333547903729125,-0.00555789187199319,-0.0116026594790885,0.0209503326102192,-0.00389097299007326,-0.0114710178728641,-0.0168212183320198
0.0640194068719798,-0.00706565178023437,0.0124654429109624,0.0233297665750861,0.00970342348578914,0.0729507011982137,-0.00194565563802144,-0.000435526709707449,0.0103018326504707
-0.0684399075795135,-0.0304425403196092,-0.0349268863327736,-0.0374774166716798,0.00666906768322672,-0.0598404149488618,0.0231292886513903,0.00933745456244696,0.0111759515016619
-0.0637995088120265,-0.000501138221447759,0.0028142123701671,-0.0339556333023397,0.0159391121648899,-0.0782147076436119,-0.0302087072742399,-0.0184600199226486,-0.00720764667653616
0.00538575918676994,-0.00946026939084674,-0.0133201638472124,0.00701406556093711,0.00998615960382812,-0.0366992674922201,0.0123524963226221,0.0331519086049795,0.00757756653234299
-0.0106359344240598,-0.0173906099721215,-0.0183107292709511,-0.0248118730190236,-0.00799867749292016,0.00588069183469807,-0.00832656544935786,-0.00448211024494337,-0.0132381003232886
-0.101326787765843,-0.0396500466842011,-0.0241312441864703,0.0214043387497726,-0.0175744872908649,-0.0834611232650997,-0.0323908651649555,0.00537558412902845,-0.0230686254856667
0.00607985555752281,0.0211787090433869,-0.0175338380594505,-0.0215014680915131,0.00870736468775044,-0.00540409134377645,-0.000590799352361957,0.00921696898599001,0.00539760415473183
-0.108576090591693,-0.0641114304590042,-0.0538421896071571,-0.0631458000758987,-0.0162238877918062,-0.110426998804197,-0.0239392063858004,-0.0228692312887051,-0.0172878075912036
0.0183291317120268,-0.00648940512146526,0.0097677553833443,0.0174590767715985,0.000908944736832868,0.0405513211153819,0.00504377875185987,0.00588503795085071,0.000866451423004103
0.00259107528110831,-0.00632897190402092,-0.0411758693588489,-0.0240178860335239,0.00117470670970838,-0.0441350166004922,-0.00905411897666058,0.00404995006171869,-0.00385001157793806
-0.0460530477371513,0.00881038559339272,-0.0291995875019747,-0.0430898683768159,-0.00344487266029101,-0.096806352545081,0.0062782709493841,-0.0101634491731526,-0.0124529484718871
-0.0253638340304895,-0.0110986136620976,0.00749676537504309,0.0272113573808343,0.00326033127433,0.0117909346594156,-0.00566216749179863,0.00647779881001473,0.00707896573713915
-0.0242450372491434,0.00945086989123386,0.00929623254950026,0.0250365846745648,0.00388751916446881,0.0178987672197423,0.0174132615365589,0.0113544411119141,0.00481055239161113
0.0536460891885569,0.0160728421775909,0.0125114306423233,0.031666323939822,0.0155468842922107,0.0418518845895986,0.0288703258384273,0.02462229716023,0.0225588120618325
-0.0262039097393909,-0.0153043291346612,-0.000177060142666172,-0.0195827657366391,0.00213003799750854,-0.00713603579292778,0.00719677463460765,-0.00359423096974415,-0.017920722083431
0.0243616226963428,0.0174694138654718,0.0212784957259337,0.0109484541848253,-5.56040475524042e-05,0.0219635920864485,0.00826388018617965,0.00161838683954106,0.0122477988800505
0.0052012283802797,0.00309938233896164,0.0118334657737911,-0.00796385039030213,7.20179639562323e-05,0.0258651362666033,-0.00718439010267751,-0.00725038226854012,-0.000861831610701289
0.0223945502718214,0.0131613673523787,-0.00389703331810336,-0.000279043428871515,0.00357682897074416,0.00270548789209325,-0.015256333592367,0.00352303866991104,-0.000717645034060044
0.0389080836434194,-0.0116617800854321,0.00393468513243094,0.00268473033172613,0.00214098215764953,0.0495101373564952,0.00398344117552175,-0.0231818252436266,-0.00487242170382115
-0.0243745201827584,0.00576435237468479,-0.0109990333187986,-0.0195770593026852,0.00240234081193278,-0.0322507869749232,0.00317845534963026,0.00703950095964863,0.00385688530608126
0.0208390980579519,0.0144437177305064,-0.00332881438732434,0.00232915568712023,0.00984061345781983,0.0170411751505837,-0.00258278771254069,0.00877861869726699,0.0143603325857749
-0.0303236382724146,-0.00217837511502269,-0.0295983930749316,0.0004008352937586,-0.00444343572371844,-0.0385673360639621,-0.00219560178069966,0.0209294943221674,-0.00833057052137406
-0.0244943758256281,-0.0130479821864578,-0.0072303883881975,-0.00602337709364584,-0.00614215779138636,-0.0338247410818483,0.00351736289328813,-0.0018742335980843,-0.00666564332716937
-0.0216768803469033,0.015018311703341,0.00236713888656897,0.0131373099638063,0.00914273776473412,-0.0203117919376459,-0.00284538249247911,-0.0024372315273658,0.00951664489068402
0.0313438345170439,0.0251166476931949,0.0146253927573059,0.0618552435327574,0.0185012129429754,0.0662348860434343,0.0141766661267507,0.0402610301370574,0.0101233891418299
0.052540499116348,0.0393934103208465,0.0336786729842017,0.0336706524365835,0.00142122374941055,0.0360471424438049,0.00186836511796697,-0.00287406633076709,0.0298503831321433
0.0192331670018779,0.0156696912979535,0.0191015468557887,0.0228673195476807,0.00662176868264054,0.0174085747974545,-0.00279738480016154,0.0281706672941703,0.0171841496393479
-0.0291335304669822,-0.00195500371067918,0.0180798656276348,-0.0169023448812612,0.004663426327553,-0.0777771501596336,-0.00224870663828002,-0.0110840165915713,-0.00662196952272286
0.00883685299313811,0.00749114115417076,-0.00557908082020649,0.0253850949982018,0.00434141323834189,-0.00950718130952189,0.0148498278138141,-0.0221640021841151,0.000607885777351267
-0.11238146041125,-0.038146563712603,-0.030123992197453,-0.0789393617247758,0.00134004611336888,-0.119086163615103,-0.0077381526281874,-0.022612423181924,-0.0204296908053974
0.0197353477693275,-0.0134330936415002,-0.00112907819848851,-0.00752502518952072,-0.0126431716497599,-0.0193390753582495,0.00403629749903927,0.015668223110659,0.00925980259487293
-0.0138686316067355,-0.0186780135356253,0.00264986219872033,0.024249937063532,-0.00878911064987508,-0.02893155403247,-0.00675962646056379,-0.00901962342942243,-0.00989204520511141
-0.006940933860073,-0.0299403892039304,0.00236405348185066,0.00428488691154897,0.0118248969702522,-0.00235832907763009,-0.00383529434914293,-0.000343594710313725,-0.00491468198597988
0.0193579716201832,-0.00323964768595926,0.0160174590005489,0.00905393123700464,-0.0153293744357194,0.0118077186691766,0.00410928830340966,-0.0120607835962941,0.00198233375724907
-0.0377740799344391,-0.0185161866530622,-0.0092744487509386,0.00137114554840511,0.0220373423408662,0.042294694167373,0.00754704036560233,0.0101780157487188,-0.0049841795561979
0.0692624137558681,0.00951869963893648,0.0225343119283834,0.0151508154337083,0.0047521776425916,0.0527924295661338,-0.0104914000524864,0.0198016955030855,0.0128418975266784
-0.0495579125779422,-0.0371016384387927,-0.00453353169603156,-0.0141425851723317,-0.000135049186067661,-0.0562513773727473,-0.0213516716611696,-0.0136205196510365,-0.00218508745223467
0.056346988596321,0.0307369850601561,0.0266707139527266,0.0369074732398691,0.00704883279537926,0.0456156982339083,0.0139146338066418,0.0233023298045357,-0.0029583529829781
-0.034260478816934,-0.0120087865731903,-0.00719020823824759,-0.0279819830289187,0.00791194359705488,-0.089392544157334,0.0105063841924349,0.00691803942422617,0.00371511986252218
0.00736257984671225,0.00881261681714544,-0.00535748505042917,0.0457526790548445,0.0181910873300862,0.0317066057533026,0.0170346889853691,0.0134876745826576,0.0308541726802775
-0.0684917145287082,-0.0200890321500048,-0.00168315762697405,-0.0151165129983563,-0.00597816696504462,-0.0576235543673846,-0.0177265578066199,-0.0256446634605307,-0.0232611476106557
0.0489148929745308,0.0207507420082404,0.0125835328977104,0.0203879608139003,0.00345342809411279,-0.00474053698235607,0.00785361247799533,0.0238614448150247,0.00963408149932272
-0.0273778557512526,-0.0126789867854368,-0.0147435695981196,-0.0207233195638552,0.00491996297219701,-0.0387732991628582,0.0146845909681863,0.00843219690663719,0.0154850636650431
0.0206555831595706,0.0351402882098324,0.0198218158690618,-0.0171158911931227,-0.00414376330750045,-0.0249299401543397,0.0206831789830357,0.0223469063904987,0.000842326991967335
-0.0170354948044571,-0.0180820052689741,-0.00863007899375082,0.0112246272199021,-0.0055399124070825,-0.00890004561949089,-0.0129602073761759,-0.0115452224881382,-0.00714147735739513
0.101875716625179,0.0285605308806106,0.0328067587759909,0.0198931308856338,0.00647919901784479,0.0956574790124729,-0.00289405837578154,-0.0109216946057403,0.0151873400872393
-0.0682816181226985,-0.0410259813235247,-0.02577287637416,-0.0585507651984072,-0.00428833437575376,-0.053022477860027,-0.00947863467737989,-0.023760245578424,-0.0361372791246106
0.0262979383294079,-0.000591811407155058,-0.0024679187459409,0.0116785344072077,-0.00955165593956692,-0.00383068030063364,0.0128611816167617,0.00715581179630342,-0.0057265278378486
0.114824090571131,0.0583858334966109,0.0393378133695198,0.0381922437430342,0.0300083542658042,0.0673697807446626,0.027164596120277,0.0371948878201133,0.0402251285317787
0.0800784609618423,0.0128274920028991,0.0242256083445704,0.0314929401002829,0.0170048016577962,0.0776617086002779,0.0215906354242104,0.00615622101856624,0.0280763779734891
0.0352017957607501,-0.00783552829674954,-0.00750181233775503,-0.00885306617130213,0.00170846225044235,0.00342034193281146,-0.00325725575594121,0.00217549350569325,0.000657027868317333
-0.163188493525374,-0.0687818574767392,-0.0473647421870285,-0.0952408878308855,-0.00920826729670707,-0.164641422621042,0.00417268699215906,-0.0610791738149555,-0.0267019736100074
0.112795646819868,0.031060755711435,0.0377106126546967,0.0309563540875697,0.0199549034423154,0.0587521524370751,0.0325959618041206,0.033700443691911,0.0368013471547021
-0.0095096117967843,-0.00222203718137272,-0.00550317869428358,0.00553281233006979,0.000341350927773834,0.00111000974418688,0.00391654016490422,-0.0142739958817588,-0.00317925538016613
0.0594022630849636,0.0473224283180884,0.0189592232175086,-0.00630118354069243,-0.00757015277961326,0.033735796503444,0.00316874790249916,-0.00311788469267296,-0.0101160149891253
-0.0124339114918956,-0.010743539310271,-0.00117684850748285,-0.0268007670788312,0.00744160314413729,-0.0447946261492899,0.00413251392187144,-4.03738745588145e-05,0.0116198075830207
-0.0304824973549586,-0.00233214335748715,-0.029748615151598,0.0028464552572836,-0.0153067727552492,-0.0186026649718366,-0.00675631528918867,0.00133883964295366,-0.00999594978412171
-0.00151217998972121,-0.00840613671505393,0.00497145347548583,0.009625155989173,-0.00542365829014315,0.000972820839328132,0.00187446993786497,-0.000402580331491907,-0.0071536826033468
0.0126298930010948,-0.00380448312275111,0.00648067171142374,-0.016505770212972,0.00523912769888592,0.00327902390863808,-0.00705474722154522,0.00653096599710275,0.00889952867538312
0.0847022611509575,0.0319108980328313,0.0532248176440029,0.0278321952042853,0.000126837121388125,0.0431273154328151,0.00660719892194335,0.0327537216919738,0.0115926650366033
-0.0789146984435994,-0.0321200723408416,-0.00488695004342002,-0.00366402436278327,0.00343395877423807,-0.0447944396579606,-0.00366427406445133,0.00548125459713458,-0.00714922125418783
0.00644946923064667,0.00653356826362987,-0.00271928157827909,-0.034011686392719,-0.00608712014033474,-0.00601219855330297,-0.0090882627698963,-0.00760893834212214,-0.0151464422390105
-0.0505625890599226,-0.0355290184251331,-0.0415582891978762,-0.0204956175535078,0.00133487074525362,-0.0180075101000177,0.028544432438972,-0.0217528987273768,0.0177397236601947
-0.019363639772171,-0.0166813644944924,-0.00818443651646004,-0.0107520172299437,-0.00547505098828404,-0.059061032535209,-0.015082876053237,-0.0153359046130306,-0.00588156675622995
-0.0204879276042863,-0.0284314986314986,-0.00189518830140528,-0.00332445666918358,-0.0220363632477467,-0.0380429200063655,-0.0356997473600501,-0.0348512755947066,-0.0284797855426197
-0.0581793820089463,-0.0351930327060069,-0.0277468317371768,0.0381832016378665,-0.00387948566285244,-0.0426207730876129,-0.0173783435571753,0.00510399244278517,-0.0177890154341779
0.0681752672297242,0.0320690264673828,0.0109397041852335,0.0127194559132572,-0.0220221997123675,0.0470855351826892,0.00490097222506341,0.0159374122441167,-0.0101345150593569
0.0785769575563716,0.0450545688515208,0.0243750294689347,0.0329300607080729,0.0210837848201133,0.0294204242942715,0.0430953834643397,0.0266863774627844,0.0499582045901259
0.00611704836014503,0.0234182499170361,0.00512153019036797,-0.0152370411839768,0.0079080627852505,-0.0271672857560083,0.00314282485029911,0.0114214628981495,0.0063837618450852
0.015720612661817,0.00479975992579137,0.0201881100429375,0.0160931693868809,-0.00832926525193188,-0.0107002584312794,-0.00694712531809656,-0.00702778325519772,0.00895952765448586
-0.0783534534458735,-0.0267934155650832,-0.0175350641512538,-0.0494202298088111,0.00158822852614062,-0.0829477616924386,-0.00759896421080243,-0.0169379508606718,-0.0100574968078281
-0.00837382599235879,-0.0220727612974034,-0.00293055464664744,-0.0170971576474856,0.014245778863843,0.0227006070934034,-0.00116883896769416,-0.0207700473922897,-0.000273825737541251
-0.0351917696164984,0.0149040201503355,-0.0329446916053751,-0.0077808346218154,0.00243962167808614,-0.0570782960218267,0.000145629407352803,0.000839831314179729,-0.0154371300790595
-0.0456075732883082,-0.0334159988508372,0.0179035867022442,-0.0146605729576982,-0.0171048770242132,-0.0204624003046055,-0.0372568452731272,-0.0363764991741173,-0.00923505444102616
-0.00949563821662173,0.0073184159271435,0.0283747482647773,0.0157494866133624,0.00336553530434808,-0.0027594380931884,-0.00109537822818541,-0.00100306990718425,0.000220681708994408
-0.0623096631631344,0.0204847882598082,-0.0343604586324162,-0.0300706708739815,0.000728121073682164,-0.0443961287413761,0.000254329696953464,-0.00988803178725946,-0.014495771221306
0.0938870398869121,0.0496888220103439,0.0281748637899812,0.0252360054019599,0.0190601202758502,0.0795939882808381,0.00391633155815458,0.0308227860313577,0.0327839132114532
0.0294933076242588,0.0202258956796676,0.0177194895927996,-0.0206882618074908,0.0113642796634731,-0.0360859209449701,0.00392811393081937,0.0175474113044482,0.0176762683336606
0.0587252716505922,0.0408721269069271,0.0513760216097534,-0.00111701336590166,-0.0233836699228648,-0.000585712812994485,-0.0144293271474568,-0.00203217396847961,0.00302033214547893
0.0204104137215127,0.0125795380385138,0.0399013574952264,0.0262005423598078,0.0104091913413112,0.014441778938563,-0.00598497590262637,0.0020929845727665,-0.00762356380812497
-0.030770934132507,0.00865464050142163,-0.024687085019014,0.00806856629816579,0.00604519326746815,-0.0770704881982132,-0.00332947717754287,0.00075634839054612,3.41163813853749e-05
0.0245213333573449,-0.00913664633564123,0.00369986109087654,0.0337356137198257,0.0169157143364069,0.0331048002580287,0.0290655392605378,0.042327940748233,0.0289785892743579
-0.0329569020650401,-0.0165508649028408,-0.0186962894870607,-0.0146905698709313,0.00560282760837444,-0.0320195568417271,-0.00505406363819949,-0.0325968242365009,0.000120326864813106
-0.101214549516868,-0.0619865639732019,-0.0245441902939261,-0.0358420265002088,0.000186592055862676,-0.0130227604705068,-0.0121483100014265,-0.00539698621504396,-0.0259092354007464
-0.0137750670732192,0.014412581432954,0.00804889977317494,-0.0128704822093271,0.000983086040043942,-0.0263056328830245,0.00115152389361345,0.0120963976211311,0.00555295938870618
0.00775019048562389,-0.0119377217744024,-0.00436164440126855,-0.0336052230702319,-0.0275829584447367,-0.0336868078012212,-0.0174275519644116,-0.0329874474233775,-0.0540654690392829
-0.0510470633567168,-0.00106832478767784,-0.0135436187306651,-0.0298130046846185,0.00784829071424398,-0.0364677113132566,-0.00943320150727494,-0.00705668722463066,-0.00927363980130848
0.026142220005713,0.0276675792374523,-0.000370221791747682,-0.0174258470031763,0.0156574102497103,0.00777674859570326,0.00729774466952681,0.00988874553201922,0.0118006925784081
0.00202961284733354,0.0188438739727748,-0.0122511130697976,0.0520117289283565,0.0196017440701224,-0.00267791310498376,0.027056260540829,0.00607504811437338,0.0385710594527479
-0.0708088212862985,-0.0208084843996862,-0.0161835267963471,0.00191622636378552,-0.0214309804822255,-0.0319871571055096,-0.0223983531643817,-0.0118532373394892,-0.0108597002643767
0.00396024429464648,-0.00330230095943928,0.00208494967346136,0.016822410662789,-0.0154483716093207,0.0152185228855481,0.000990645114206075,0.0216479560757891,0.00440948164857777
0.0525406391949849,-0.00978848571732707,0.00443364256898739,-0.00261331761452564,0.000806178683372543,0.0232290763914828,-0.00646501092148013,0.0172852057763891,-0.000865541245464152
-0.0684654303208686,-0.076437188305635,-0.0381886617710264,0.0142127867488896,0.00434904830091768,-0.0588526642896042,-0.000342813816536445,-0.0114820585447979,0.00499448782719647
-0.0311164438907819,-0.00285246985622922,-0.0218978433588599,-0.00408714066582976,-0.00017542309518206,-0.00401302824279631,-0.00252205444839027,-0.0100785489659046,0.00281929568939299
0.0397259386819286,0.00577256152463465,-0.00755121196159115,-0.00589885058727727,0.00482683484728931,0.0295505773837972,0.0213696932933115,0.0116834214315437,0.00215559505606175
-0.0986576655052509,-0.056035490591325,-0.0273158520959435,-0.054183896658453,-0.0223130652135388,-0.0658460619870777,-0.0549805040152616,-0.0114395165568567,-0.0246826454468387
0.0350568013960007,0.0115397163697287,0.0183984402371598,0.0284072801670393,-0.00522404583023077,0.00111878920159598,0.00270483557304198,0.0146418063736774,-0.00474794051664513
0.0394874004380674,0.0374734725086699,0.0108048470374558,0.0203771565290163,0.0029999912176187,0.0333441256752486,-0.000489226049916366,0.0365161515574726,0.0181109725595619
0.0538332895393997,-0.0149016210438338,0.00368066802808307,0.0182322483891016,0.00253320911509488,0.0386405703275229,0.00345129249559554,0.000119251947106502,0.0133574411126892
0.00603587816141634,0.0137556211862713,0.0127125880625948,0.0367627597405833,-0.000928201603134978,0.0311852968670609,-0.0070827373166894,0.00903671621683637,0.00563641718781352
-0.00540125520196163,0.0101540373115905,-0.00584235922113388,-0.0111702839655282,-0.00209919482296164,0.00821505814802008,-0.00559504528697803,-0.0191137926433888,-0.0241748076923478
0.0495489662863576,0.0345625348923901,0.021477766061252,0.0397315383439871,0.00881328858637062,0.0722765800732088,-0.00698219549932719,0.00361825111921441,0.0133908064835248
0.0432329284068049,-0.011414622477494,-0.00179423494418178,0.00051765508029801,0.00132742432369027,0.0641562640427534,-0.0142076702789319,-0.027944742843928,-0.0126798903278128
-0.0179407947563232,-0.0196311188656527,-0.0225714246761538,-0.0341671050771787,-0.00712401878627346,-0.0427635635688312,-0.00515811487318347,-0.0125134277131291,-0.0120563761925394
0.0251159487453779,0.00928222608691144,0.0510182911279979,0.0534918389721735,1.4144975747204e-06,0.0321818929525637,-0.00841992493575942,-0.000322135600573698,0.00891904915008003
-0.0334771137310279,-0.0477687645864512,-0.0224677634759853,-0.0287369468702599,-0.0109099509093257,-0.0632407957158855,-0.0252599490410196,-0.0214309822454939,-0.0104607700085706
0.0399162436277089,-0.0124408085847259,-0.00851023198240648,0.021331072751728,0.0102717494681437,0.0384489765610816,0.00154067359690217,0.0142713143317289,0.00697430681317325
-0.0349342863119562,0.00332566369031764,-0.0130536899324209,0.00299503152737762,-0.00710702013886834,-0.0528985886902274,-0.0164666345876758,0.00513437792689825,0.0062302613964228
-0.0219046713977003,0.0146056584556087,-0.0109821833439991,0.0239127771967329,-0.0120848667419697,0.0183872606518659,0.00283299422048309,0.0227201193484883,-0.0122866576994952
-0.0673986220829061,-0.0276779079642096,-0.0241444952990935,-0.0417816040667693,-0.00707724967194091,-0.059423977580678,-0.00223090752517224,-0.0233192452520952,-0.00612718043011288
0.0564007209441289,0.0181813288029418,0.0131501213926296,-0.0227266041297467,0.0118883516101049,0.0709041921187522,0.0147322336493084,-0.00143912939573402,-0.000106828640409371
-0.059182336276478,-0.0083153338823692,-0.0142313679615699,0.00594751566241041,0.0110208804749767,-0.042764340705635,0.00657271308306356,-0.00720811400940317,0.0076454012756114
0.0153442921988117,0.0128601592957019,-0.00325036846683602,0.025933812403429,0.00161191087821653,-0.0499101858250158,0.0195984582209453,0.0260165096557844,0.0139521701976793
0.0802456514085393,0.052578601884765,0.0249618117833144,0.0146827277400943,0.00126974069080732,0.0711095924696875,0.00399425819976966,0.00508740019284502,0.0219107328169768
0.0215519354410361,0.00845964780540123,-0.017254508720926,0.0356832445337187,-0.00882166050860538,0.0472090046409161,0.00733628877448887,0.00476171043221687,0.0116395151643481
0.0092104627185524,0.00849727177081835,0.00382615576501486,-0.000829808344161284,-0.00745621192226367,-0.0255535972061991,-0.01819287885143,0.0146634772717332,0.00429278323681949
-0.0628460935712715,-0.0501425261174544,-0.0414857768838118,-0.0576232896930476,0.00339429394532715,-0.0771960044865303,0.0111130777616237,-0.035475115819359,-0.0201077696547073
-0.0018658898941266,-0.0203386550100523,0.00648147983409689,-0.0014119407323291,-0.0105879056607968,0.00304466128743732,0.00382105208787787,0.0114736810969668,-0.0199904730662333
0.0211379798638197,0.00319981409036907,-0.00773396030145888,0.0436957471724304,0.0134840691442985,0.0387115998671232,0.0250532851148569,0.0207596044972584,0.0168164819263381
-0.0624759641568487,-0.0233130518235538,-0.030953943302862,-0.0388592132640733,-0.0142564144831714,-0.0680013317812842,0.0179555693879445,-0.0445683159961816,-0.043534538522641
0.0347573009342296,-0.0219709577758883,-0.0177894719766955,0.0180221034399863,0.00123612753909874,0.0326855778155567,0.0157704661491201,-0.00873991097664059,-0.00464200610648711
0.043798246179646,0.0050820471796192,0.0260189593341216,0.0489670073259127,-0.00206934216178999,0.0919169194672632,0.03562015120328,0.0090833450880008,0.0353200067938222
0.0519073873614202,-0.00940818964978584,0.00232440314222552,0.027323608863511,0.0268701944214971,-0.025318000773597,0.0188430571552963,0.0180700978416382,-0.00276011718037902
0.0622436017861886,0.0252812548828285,0.0144259657912178,0.0151882933195016,-0.000965058943300125,0.0169571088407458,0.0163544166165092,0.0163785270405757,0.00169490977199102
0.0151920613329274,-0.00569788567758628,0.0146835695564,0.0159515410320892,0.00125453644340889,0.0518256933732554,0.0106755119198664,0.000652249232904051,0.0102176844013576
-0.0113050355823384,0.0112408468676886,0.00213000515216794,0.00884121121441789,4.65553425293161e-05,-0.00506900494884919,0.00579712115821244,0.00195399801018743,0.00618041561492454
-0.0345713442783844,-0.0356972177110809,-0.0509324810497195,-0.0132811572802754,-0.00925561387237811,-0.0471485741727868,-0.0216813026611115,-0.00556667252518625,-0.00842599122971562
-0.0263141834846258,0.000439235193593266,-0.000116278915458029,-0.0286608175039516,-0.0117193971977976,-0.0146545704457035,-0.0137002182499765,-0.0071235207028646,-0.00595220488911638
-0.0457964162891836,-0.025029504127772,-0.0206417828431101,-0.0282494906789823,0.0099331149769819,-0.00410029891843929,0.00156790967528747,0.00158342958921218,0.00426233702965557
-0.0172914301089438,0.0159539552051835,0.0115723773486072,-0.012999897004604,-0.0095873422904383,-0.0108811691256537,-0.00932251406477439,0.00746075143544546,0.00396231955255072
0.0412151863763145,0.00707012566030347,-0.0106772945471673,-0.00969038889471169,0.0137595756458298,-0.0232457028067501,0.00959003031691166,0.0345543101603204,0.0244893050036473
0.10400780985338,0.0340485143803627,0.0186959314349697,-0.0267066862151143,-0.00971929503495352,0.00373126762620644,-0.0215335877088906,-0.0021006834098899,-0.0110444375088208
-0.00300786598080815,-0.00937246477547111,-0.00544813522180409,0.00502043143718569,-0.0063896829921732,-0.0182987663977192,-0.0239246199437396,-0.0149212232209962,0.00755027110030283
0.0631882912702489,0.0365073972979166,0.0457868234203603,0.00641545361824153,-0.00392829197044337,0.0359200504048128,-0.018599571003022,-0.0166415203052819,-0.014392641699622
-0.0233927628767244,0.01966816624106,-0.0106517315044749,-0.0121882804915656,0.00271923675736182,-0.0225252705523137,-0.00439956855604471,0.0129067240278337,0.000781009431164138
-0.0391520164139512,-0.0248173160159525,-0.0203098093520231,-0.00626614873948343,0.0071632740942581,-0.03155984570638,0.00374473015666313,-0.0117836625017839,0.00620768621437845
0.0532772198905884,-0.0090973058488384,-0.00561421434538989,0.000539746361859305,0.0105174933450414,0.0486894697134557,0.0165452911554618,0.00748854950337167,0.00669373141388682
0.130739852697514,0.0233440718880069,0.0274370215353942,0.0335653693885688,0.0120359358492746,0.0735749571054002,0.018837569800746,0.0238327824014068,0.0197401701708566
0.0123988041763216,-0.0272368827699843,0.000269528704773317,0.0130213972573127,-0.0107650460784619,-0.0227459722283527,-0.00235817818522512,-0.0288775809642279,-0.010062740996893
0.00773566598195728,-0.0418669543055986,-0.0161426064438409,0.00201158306540026,-0.00114623823011331,-0.00154165781032944,-0.00554221077575547,-0.00808102671544258,-0.00900455827909444
0.0190302924115172,-0.0116652395559224,-0.0236660679457692,0.0257453243104257,-0.00116420370543968,0.0259743043496545,-0.00307309269787604,0.00806431643246555,0.0170352366286767
0.0152242550198543,0.0117485107590752,0.0167618740387011,0.024450272447548,0.00576504119815012,-0.0290963569113884,-0.00449097294297225,0.0136659921188668,0.00576008677939262
0.0173563136379633,0.0106377571768102,0.00471214913713258,0.00594875377170679,-0.00460089567231516,0.0201347667669871,-0.0195584754162338,0.0210567102634318,0.0168371130563222
-0.0308363053658838,-0.037737462976169,-0.0175336206048984,-0.0286216402175325,-0.00333282827977851,-0.0459818231153953,-0.00333208907794441,-0.00672886376650866,-0.00804267766739865
-0.0186721219119324,-0.00393142365916552,-0.0239755452608289,-0.0230553111496866,-0.00951969897128407,-0.0558713042899105,-0.000872508432344209,0.0045842421855353,-0.0117422432569337
0.0126550783554618,0.0135708929448316,-0.00403136843566497,-0.00928425970859532,0.0164309831228853,0.00969558597784435,0.0151560484507766,0.0116478498297037,0.0207940430709527
0.0786403325831042,0.004420964120433,0.0171623731312842,0.0180351561729928,0.00981354806232857,-0.00942168852770423,0.00107564069472374,0.00338994522043301,-0.0016112411453509
-0.0695981733249695,-0.0364565367805262,-0.0364606280007379,-0.0191237703048579,-0.00688197827096631,-0.0672138942000401,-0.0235293190380001,-0.010304402302812,-0.0183905416513736
0.0783586535757499,0.0436196566446897,0.0393026683044177,0.113018198477822,0.0105862992441513,0.0372285986392753,0.00390895064436068,0.0320838958170928,0.0389790623060416
-0.046658833991391,-0.0110935948589489,-0.0177430547799354,-0.0223716604297929,0.00450254912410823,-0.04467319470996,0.000945816638740622,0.00644043577748507,0.00696075491190379
-0.0163254752709962,0.00754971667248616,-0.0111094503299972,-0.0225847956540731,0.00296230275135381,-0.0301071663805829,-0.00830181828651659,0.000704009488834812,0.0111479066259459
0.058053402525094,0.00786402638609266,0.00716274595910145,0.0183231835827154,-0.00811966000297104,0.0279372906655221,-0.000498733117418128,0.0206384075920845,-0.000365147651148451
-0.0361617556794546,-0.0121848908076477,-0.0149106286496857,-0.030010732129794,9.07779115139239e-05,-0.0410733971829317,-0.0149287072319001,0.0169148444719862,0.0165897723236355
0.0293123471645481,-0.0318031482907472,-0.0137875448105907,0.00550421579714036,-0.00288627577338271,-0.0629759863793013,0.0040601091024884,-0.010753016571495,0.00286956919054681
-0.0568869713366562,-0.0250070480996973,-0.0172858074528996,-0.03815489823643,-0.00835314187073854,-0.0376631976889666,5.85855337517053e-05,-0.0304869744953977,-0.0146607163788223
0.0267460452792098,0.0142089234728779,0.0250235826145818,0.0350384023130785,0.00421932496203627,0.0486846961016202,-0.0190066362731519,0.0097963292911135,0.00983354027191842
0.00586549109973149,0.00803708259980421,0.00782005379345744,0.0078614061070809,0.00935175688754421,-0.00506379851035426,-0.00311734656783832,0.0046053513806515,-0.00381119679666108
-0.0161260387544122,-0.0100363230603334,-0.00889420332798324,0.0302796483643148,-0.00442931312365543,0.0319638278741097,-0.0083608212403653,0.00196018224238731,-0.00864979366641795
0.0001388683931578,-0.00482206449863804,0.00340892997787816,0.0138058113897133,0.00664502953783725,0.0133350143838644,-0.00234292475733261,0.0106553430484888,0.01856805731684
-0.0475713679165732,-0.0112682692364215,-0.0172895900761222,-0.0356591208314071,0.000769156138709592,-0.048371483660079,0.00790122459130623,-0.0100009200025621,-0.00947456150044283
0.0181352849009764,0.00262151505831804,0.00249889730611555,0.00350705430356551,-0.0102487374949422,0.00469073863736505,-0.0105791489063187,0.00274235021657877,-0.0229347009293149
0.0204304973780882,0.009166376269907,-0.0149270860623478,0.00430318708777603,0.0117350634257654,-0.0119580591007097,0.0219123222029689,0.01204398835213,0.00686044701925775
-0.0808734131399928,-0.0140862457995414,-0.0126987739195893,-0.0403653995203266,0.00310799208831704,-0.0513985974555736,-0.00736054861323041,-0.000879939139080504,0.000410052654267685
-0.0262140605845516,0.00474195624370224,-0.00189967807724984,0.00561503699341112,0.00137033867323926,-0.0165360732379677,7.4337663593429e-05,-0.00217180487298713,0.00104121771273099
-0.00865405461079417,0.00712681240048299,0.0174077306763425,-0.0120749962717099,0.00565650443286992,0.0214751991012975,0.00306686852662203,-0.0274533090911599,0.00273987450633877
-0.0618226917788855,-0.0428326546827688,-0.0202211456406729,-0.0172806015943485,-0.00927345943468939,-0.0241692715110376,-0.0127560521389362,-0.0252008347630949,-0.0313390236789924
0.071372012342214,0.0341450918467938,0.0290130335594133,0.0432761837941551,0.00461819460072135,0.0964960794596543,-0.00194597853587158,0.0203221784466179,0.00519193687532993
-0.0273586369765632,0.0074455407568388,-0.0192948341193981,0.00499140686798547,0.0111071474241714,0.00601792797445066,-0.00588458609109932,-0.00438779450741046,0.00175455990961748
0.131195437972714,0.0493624367834002,0.0449989679123177,0.0151664975120089,0.0085102476204011,0.0490689602677632,-0.000473104235872482,0.00642199540847765,0.00535000839285806
0.0156577065934514,0.0425497998282041,0.0173669572829791,0.0296305624190148,-0.015662160846988,-0.0229374121307064,0.000162834006536579,0.00881757941088439,-0.00957227814312654
-0.00610371221937419,0.0196746592293827,-0.00147151668820937,0.0220289868522303,-0.00434916094706981,-0.0257597791160994,0.0138591701680963,0.00743847952319927,-0.0147861601094105
0.0370539914202939,-0.00977588010347723,0.0150794379941686,-0.00596724443243704,0.0144533690248491,0.0212769570635547,0.0203028835846551,0.0133658815209355,0.0238815670965982
-0.0735150582638534,-0.0229470473785023,-0.0401130363378539,-0.0354637813277422,-0.0116426627248877,-0.0905414762889511,-0.00944974123194057,-0.0204279080844614,0.00148375993256312
0.0141781373916049,0.00588088412718785,0.00484962597767174,0.033383064362959,0.00263273125251692,-0.01173885350755,0.0114398482483296,0.0241072013770518,0.000989460796506676
0.0144370012883619,0.00602033603084924,0.0112902462625706,0.051851970735125,-0.00119898640654485,-0.00298346116428053,0.0117494979762646,0.0245265295813628,0.00719599849857532
-0.0543151315178605,-0.0174493905896155,0.00450788965251892,-0.019584442743535,-0.0322105598772263,-0.0585802173533295,-0.010131385151043,-0.04776726870264,-0.0283985050313295
-0.0495510925861726,-0.016865429014693,-0.0138256416568041,-0.020969884265275,-0.0175916620178912,-0.000548408060219201,-0.0083684639715575,-0.0113826935663974,-0.0239169917200811
0.108037702786973,0.0187288953701853,0.0268396013991798,0.0919309896342056,0.0129391802182985,0.114529789633844,0.00612789260964248,0.0362921342464002,0.018259611568729
-0.0353034180125542,-0.0271462327096433,-0.0307306553938112,-0.0469011383832047,-0.0141330175964039,-0.0184840145917655,-0.0250823731052529,-0.0231493136293906,-0.0292870652610809
-0.0330252563079962,-0.00809966733282033,0.00391045366171723,-0.012946678791249,-0.00425188734223986,-0.0292923597811181,-0.0067976838255137,-0.00141243985097044,0.00420684472579299
-0.0750819926716236,-0.00945473046226717,-0.0121568148446394,0.0217366076224071,-0.00195934172499107,-0.0768822855083048,0.000227306492098614,-0.0084303917971012,-0.00506415880672182
0.0597530228947201,0.031307539450207,0.0164025512280024,0.0727304664639078,0.0204904603762036,-0.0169663123534861,0.0264628100158162,0.0309344296587724,0.0351092872068788
-0.0121835004671231,-0.0194621114405466,-0.0254485708956931,-0.00147959878419967,-0.00032623265543825,-0.00272119598988467,-0.00373814929409954,0.00579037017904972,0.0115473548942628
0.0644676722796899,0.0227424689062628,0.0103026104892909,0.011037842176399,0.0164533801734397,0.0379548763753909,0.032377934464137,0.0275881373435657,0.0226143906625137
0.0445808858875416,0.028422697964744,0.0393125135839819,0.0545094439109492,0.0116443881312904,0.101465967767153,-7.88210328762378e-05,0.00177898952695066,0.0198009624955645
-0.122174145009268,-0.0901032794960081,-0.0215228201069346,-0.0541926317134926,-0.0171955658962957,-0.0809534410151051,-0.0157784133466591,-0.0474627316591547,-0.0455081549751335
0.00503824962591871,0.0270967146083643,0.0216278376992722,0.0506607454964405,0.014612291058778,0.0203065380094476,0.0141362232756002,0.0262110312520367,0.0287750039116307
-0.0355113270987528,-0.045638050946628,-0.00638853916621521,-0.00500474077397521,-0.0101960222554782,-0.0407010947010109,-0.00274361626596219,-0.0126500356952772,-0.0109383409334784
-0.0120005648286477,-0.00040458852059939,-0.0179522462040294,0.0264792959016532,0.0120898867263273,-0.0229294913708397,0.0090012778340986,-0.00424763176254696,-0.00935841095015203
-0.0352126395650331,0.00541339912208387,-0.00654070736934754,-0.00933058766831801,0.00447647545377996,-0.026910877955012,-0.0182624419697083,0.00343355368018675,0.00466631586591315
-0.0268021069107361,-0.00537201345014569,-0.0099842580289032,0.0114216991184268,0.00789109713718068,0.00311267073808287,-0.00371410974177456,0.005121341813787,0.012858631873628
0.00301132532686928,0.00191981895402918,0.0158629664260259,-0.00953907434218509,-0.00786948002658644,0.0074801318604999,-0.0077695473767652,-0.000237603594925017,-0.00560722959009413
-0.0700847321615232,-0.0140176134842965,-0.0414127704731231,-0.0390171560872367,-0.014562409251697,-0.0179468633766585,-0.00550347003696372,-0.0334395734764393,-0.0100970588550538
-0.0366900623494432,-0.0176903362672032,-0.00944213441274779,-0.0200567015122773,0.0114539001974929,-0.0364889647057402,-0.00945358859039455,-0.0215936845757711,0.000953347512244415
0.0520050961073086,0.0336547406476504,0.0369646211255639,0.0291901671990608,-0.00113352620948424,0.0194888100086582,-0.00433715326454653,-0.00499663541839378,-0.00340470405456778
-0.0217749387134285,0.00739504997150583,-0.019354718141996,-0.0269566613511206,-0.00265181063550048,0.00815916122824212,-0.0107705612121756,-0.0249986297090148,-0.0232178832896252
0.027676334732631,0.0132704899886669,0.0118095136353249,-0.0120792741954886,0.0138773499392804,0.0162662209963973,0.00464057524105425,0.00515268961916761,0.0203647436837255
-0.00175607081047197,0.011966163952618,0.0102332744320328,-0.00666031418710182,-0.0285346048324312,0.0195159050333052,-0.00942422562219039,0.000570328515310871,-0.00613775536067792
-0.0157116686739807,-0.0107820281849917,-0.00611710011291567,-0.00244058826886824,-0.0221926557453035,-0.0543818651930836,-0.0132367544929665,0.00276019567577241,-0.0392287603243901
-0.042407220652761,-0.0233523369487353,-0.00643679070175035,-0.0191965670586571,-0.0222906794076732,-0.100531458707666,-0.00960015419605591,-0.00725939126865255,-0.0282734890690585
0.0607865794637805,0.0413294233046655,0.0410434918886752,0.0237885867373618,0.0271216443483409,0.0564949783036165,0.00881997914751698,0.0258491285568212,0.0328614936191553
0.0475334261373382,0.0247997139346952,0.013891263632172,-0.0066884325782643,-0.019799315949749,-0.0082755380138033,-0.0134973094825955,-0.0285848592501891,-0.0157765123190621
-0.153311415971772,-0.0425487994498936,-0.0579931233827326,-0.0803086984362046,0.000429838426270489,-0.120415391954462,-0.000812411073269021,-0.0134532539399196,-0.00858469572508198
-0.0142251566818561,0.00682602159578475,-0.0179673432120613,-0.00452899775561807,0.00314551266548496,-0.0272811936895522,0.0112140924884639,0.0174353968068124,0.00465617785909377
-0.065407964550201,-0.0069166033384874,-0.0229639921754473,-0.0340018911944968,-0.0108310929459238,-0.0977634089598569,-0.0154329133971625,-0.00930936243139411,-0.00324216694564506
0.0124939662373138,-0.0431347432950678,-0.0342007300784128,0.0190595162763687,0.000120033982855856,-0.0145170677443565,0.0220911259222438,0.0041185027224178,0.00404837898399608
-0.0216206569384979,-0.0177283012415137,-0.0315696399800206,0.00567658957634579,-0.00597035034186597,0.00284860395029495,-0.0167577402785311,-0.0119941804807866,-0.0147850491076761
-0.036713460429184,-0.0378845997367439,-0.0383733263213676,-0.00832928674601321,-0.0108900214624506,-0.00132222170136682,-0.0150889319382406,-0.00754636542799715,-0.00821285346604963
0.0104442493772627,0.0345193333154648,0.0435407302960095,0.0212335459704553,0.00241198405863495,0.0195560621930992,-0.0127404629917614,-0.00164763862388978,0.0219262941080192
-0.0736118292279474,-0.0408122444208918,-0.0550925713250552,-0.0557189985875524,-0.00345921890060753,-0.0657344227602822,2.71095475604059e-05,-0.0280522675669035,-0.000330752166260015
-0.0225440966530295,-0.0178600420919133,-0.0097290337969831,-0.0210330152994583,-0.000119322035149641,-0.0391761639074852,0.0131118472812131,0.00536478443778835,0.00454058135775199
0.0701787931668534,-0.0230817782415425,0.0164602035053254,0.017429971970841,0.0082940112695937,0.102282918122908,0.00560897249203694,0.0121579815326164,-7.11758872568107e-05
0.0260094289226441,-0.0153209045054571,-0.0157647395260672,-0.0296314631912285,0.0153840858042801,-0.00365905596653923,0.00414066174116529,0.0257290105995498,0.014389627230577
0.0366084366506842,0.0228261889128036,0.0187960497465198,0.0426646562518135,0.00365099687372472,0.00979445305126615,0.0012357628802016,0.00760098326893948,0.00127872189203915
-0.088613463164601,-0.0367488919105576,-0.0400750326701548,-0.0388820151307964,-0.0131822869633589,-0.0830124991605781,-0.0145263744840078,-0.0199270718964307,-0.0183650665004928
-0.00135001880489992,0.00616294792308632,-0.0076070227468838,0.0222094035720405,0.0139850315400156,-0.00652260521939607,0.00482108073640939,-0.00134609579583637,0.0111702237900755
-0.104152452299973,-0.0661979816617969,-0.0109811277850728,-0.0520833854013709,-0.0207333523163674,-0.0861700367336948,-0.0255301449496651,-0.0482425466779264,-0.076849191698621
-0.0179772766155267,-0.00941149600428306,-0.00028377672258767,0.00506961352177741,0.00461231735888112,-0.0205145362061061,-0.00282826282098082,-0.00082836835739464,0.00720744980683275
-0.0146508842238289,0.00630391138623625,-0.00959241062100276,-0.0188413592539534,-0.0170949418962601,-0.0141049126062765,-0.0155403840262772,-0.0251826913583778,-0.0284561270324548
0.0102953487485872,-0.0237204223606721,-0.0136736395551659,-0.0186513285624779,0.00549273523486414,0.0272540454519544,0.00220693883160455,0.0060759292702052,0.0086910006684488
-0.0451534048360561,-0.0125031226720283,8.18567498304377e-05,-0.0358663807474456,-0.00508229706259345,-0.0520342826005801,-0.0174515796176926,-0.0301458926903272,-0.0183327676747138
0.0216805227571432,0.0185230172695531,0.00604214530913918,0.0292808141800871,0.00342534193899085,0.00707668347385535,-0.0139975317895656,0.0244076030372504,0.0227688114558205
-0.00354025094260889,-0.0245479509535903,-0.0282879284639586,-0.00329841092645371,-0.00601129611210787,-0.0119750092904716,0.00844021684933748,-0.00973697846641279,-0.0159227703510337
0.0233562860341913,-0.0241667917902349,-0.0138439797878538,-0.0211929359060439,0.00467655948531883,0.00671257912830212,0.00975827790602137,-0.00783731820446076,0.00637994577906648
-0.00638860715231309,0.0235048198513049,0.014182211972741,0.0212045789437274,-0.00836967664442478,0.0247925896158092,-0.0156563700849766,-0.00640067257388282,-0.015308800812976
0.0105373431827916,-0.0159883921747361,-0.0189905033301242,0.0376542084735539,0.00674921374802561,-0.0176587355736446,0.00559433855310694,0.00414569022341159,0.00331995235562459
0.0245413201346061,0.0160249344877753,0.0181611445383574,0.0183732166325792,0.00700466667937262,0.073044868747463,0.00182755393221248,-0.0031240769749145,0.00993232404886001
0.00215721919825947,0.0067104765912021,0.0147263201571678,0.023583160428685,-0.0076733835887796,-0.0143732468838303,-0.0148872610472274,0.00602271214353191,-0.0268074051382825
-0.0216406393381271,0.00500175461688795,-0.0167026959645096,-0.0275220015889035,0.0106453028937827,-0.0177056451709289,0.00817310339220228,0.0103602931176884,0.00681161539726436
-0.00109296019422601,0.0182899768195097,0.0104601627640833,0.0347251751557427,0.00745162196530557,0.0212737775356481,0.00670629640783352,0.0245152485652275,0.000279527414050326
-0.0333817174727374,-0.0538310933965098,-0.0115345831538802,-0.0334275875908299,0.000464424031250083,-0.0504411218359868,0.000313270363117666,-0.00826819431639089,-0.00605661767672529
-0.0943122962746542,-0.032262515300845,0.00343222457523887,-0.063326827218266,-0.0292429306485831,-0.104527458070452,0.00808285987595549,-0.0468546298583503,-0.0646231419264207
-0.0215748969429481,-0.00990703469964018,0.00460151053234951,-0.0139632176100185,-0.00536493042492498,-0.0267072499565782,-0.00186490276842219,-0.0237749677446855,-0.0171465158071753
-0.00627349119228082,-0.0196507255545885,-0.0203516217471752,-0.00886340665472095,0.0119519578041442,-0.00424153177183684,0.00474463866277094,0.0122772569261123,0.000816440156612593
-0.022947506398177,0.00404338065134328,-0.0264173312893108,0.00331062734422825,0.00340948696979735,0.0283288504375496,-0.00101840600167142,-0.0099644989998858,0.00398460281091611
-0.011934012322188,0.0186508448143939,0.00308664986345944,0.0103110465949687,0.00323472411451021,-0.0107977315061562,0.009382464597396,0.00755203160598634,0.00865559876128848
-0.0311498833304333,0.00161058727552127,0.00543092978009196,0.0174344274692252,-0.0146445597011807,-0.0369981836498493,-0.0136416701310631,0.0197190623864903,0.0112077577898386
0.0950635771999202,0.0318816186245042,0.034310917013294,0.0165486848443026,0.00299179812134117,0.0778907610058773,-0.00374841830096291,-0.00302700312883902,0.0196621165070693
0.0100959803846282,-0.0214318173971132,0.000638191464637856,-0.0039933878591191,-0.00779606377963155,0.0217922600674741,-0.0206078362718362,0.00763625189892112,-0.00375346324073915
0.0802777093219746,0.0374580183924985,0.0314218543819972,0.016356376263714,0.0217375367471282,0.0769312309936748,0.014133091739361,0.0124104797879528,0.0347054756908222
0.0933654445837137,0.00283299873768424,0.0228511122076442,0.0128804043184178,-0.00508264721498136,0.109847545987027,-0.00072257709914466,0.00412109202249835,-0.00310353994901816
0.12922527723527,0.0295306641179425,0.0358712888183272,0.0275222734876753,0.0210500762113723,0.117966838922306,0.00803581915119629,0.0256163461000752,0.0233717267297675
0.0473350222148643,0.0289007869527027,0.0180754787464758,0.0258732226393624,0.0125330665651558,0.00687169890728081,0.00314281928157403,-0.00398316056792706,0.00493526871287099
-0.037959898220105,-0.012785621677587,-0.0297453193163087,0.00247309375649333,-0.0103727201669963,-0.0744675712959189,-0.000305428355056669,-0.03273331776053,-0.009012289541357
-0.00396927405348385,-0.00626856551963848,-0.0128583302436772,0.0154850516604536,0.010581760879694,0.0567837844336459,-0.00211019014732547,-0.00587365770011484,0.00134852539881167
0.00748868592926964,0.00483199912281672,0.0126811733095824,-0.00406654438475659,0.000984220639307353,0.00461351843465123,-0.0110309807677714,-0.0098538990711205,0.00818836012602035
-0.0212967183831653,0.0120623478321993,-0.0111724434499056,-0.025702476061598,0.000669808037736834,-0.0422749278432822,-0.00696429329339801,-0.0247407209609146,-0.00721389645807071
0.0305006735288412,-0.00443446208375753,-0.0131035994529681,0.0301067831385233,7.3611146013779e-05,0.0200239355008499,0.00416952073896085,0.0187941713986812,0.0103319971907991
-0.0684181399550971,-0.0281185163550459,-0.049915444427234,-0.038090138325622,-0.00728656294425321,-0.0553184631992585,-0.0157438074794601,-0.0236120256973775,-0.0198147549483066
-0.0230273142889516,0.00772849994918739,-0.0102497828830172,-0.0436980358463809,-0.000962046653827395,-0.0202452808702315,-0.00522214063454887,-0.00419748323137947,-0.0220897021035809
-0.0886402677733875,-0.0266894380146208,-0.00766054768295592,-0.0217949910791801,-0.000516824288249301,-0.0614455761404908,-0.0115610226831133,0.00393200808871065,-0.01567942521741
-0.0183342630723023,-0.0184784869374918,-0.015239715225365,-0.0196649023364061,-0.00707146555805595,-0.0435271632246731,-0.00203764999337991,0.0080613043826605,0.0100225227432786
0.0819829250601255,0.074225569775587,0.0633870141167624,0.0401385562462874,0.0201329257391971,0.0517879577613315,0.0182611131817927,0.0259335146930232,0.0161000731045421
0.136874239950005,0.0725870392180392,0.0548002291248293,0.0520639579463292,0.00575136395405971,-0.0316978393849524,0.033527996089008,0.0330878396703012,0.0407464479447116
0.00989124252241938,0.0190671644874643,0.0174600519216661,-0.0152225993894134,0.00784511894329966,0.00811800027035795,-0.000378189558365651,-0.0122363627946723,0.00157937162999598
0.0458229102270718,0.0122904797439727,0.000103685275271506,0.0312434254408234,-0.00312368441956086,0.0176274762429394,0.000604342057438713,0.0353659965918728,-0.000565778117149935
-0.030888986607652,-0.000871495992767381,-0.0133541911716222,0.00592239933890145,0.00740353133721879,-0.00382719594011905,-0.00631414126228213,-0.0220596869248642,0.00861948443616666
-0.0092299026499506,-0.0452376256600134,-0.0367162671977858,-0.01847984678997,-0.0191770896692228,-0.00097357685746299,-0.023303043173008,-0.00368942247676551,-0.0196544096496532
-0.0131575155436722,-0.00114410102900248,-0.0269278490538492,0.00887910342444826,0.00066385268515838,-0.0179694607849514,0.00447386675138906,-0.00409601905221436,0.00304320534584641
0.0200550904809747,0.0189590494314981,0.00167092494658026,0.0371871452328793,0.00933913271539979,0.033865268323055,0.0089192718679716,0.0162208955094611,0.0184956206623512
-0.0594459533629264,-0.0118466862170882,-0.0565906696911296,-0.0162572334562385,-0.0223361050120028,-0.0603815453056927,-0.00450759699793428,-0.00977968955756748,-0.0113939032568551
0.0235826711012797,0.0183074057744687,0.00791653612353296,0.0110625662820311,0.00313340655856184,0.0268311981751597,-0.00568386995110521,0.00992617163762371,0.00475826303493727
-0.0387672725396609,-0.00464043337901562,0.00383486643194474,-0.0230692037365278,0.00286170079223425,-0.0311109920679791,0.00139774717696724,0.00269420773693404,0.000875727870104144
-0.0353194966007057,-0.0160634561245144,0.00470494119613617,0.00210303796691007,-0.00986630497572686,-0.0490424060635884,-0.0137720689828578,-0.014373282553287,-0.0147891394901019
-0.00383577784655355,-0.0148517560787443,-0.0234175521570093,-0.00423963701868956,0.000907845834611146,-4.74209301611073e-06,0.0220442803316905,0.0155789703055289,0.00890080788766796
0.0165747843987351,-0.010188549476039,0.0236052008822796,-0.0134990798577693,-0.0157966261920368,0.0301112240459714,-0.0112346285411005,-0.0124528322233506,-0.0234093898863128
-0.0142824691340672,0.0133786516428411,-0.0184046142284143,-0.00215149081622883,-0.00115235698161415,-0.0093952226426026,-0.00203222433876071,0.00636351981977586,-0.00314034741607627
-0.00428121109316503,-0.0312174239969161,-0.030524691000865,-0.0196572712047496,0.00923468963414805,0.00950387062619227,0.0025782070210395,0.00937403133719524,0.0124630432619186
0.0684694637458634,0.0191318099157167,0.0102283380276898,0.0196294105459492,-0.000498618101447942,0.0657142807807525,-0.00178011454785909,0.0144551675694239,0.0173427859205422
-0.0449072964154766,-0.0227147335984835,-0.0362821083535787,0.0026004676235799,-0.0124571575044513,0.0493609023241632,-0.00205467951732793,-0.00872636341606433,-0.00725317682123765
0.00853171049397587,-0.0375676162231316,0.00369382636521842,0.0105540045272205,0.00507609556739383,0.00155979011792357,0.000507577009755021,0.00555263174816253,0.0043508795878634
-0.0208277495913827,-0.0230479623710771,-0.00930696553050649,0.0079901872837809,0.0110279612817142,-0.016209234340481,0.0152660054766272,0.0176509405061257,0.0190779827986384
-0.0791390195004005,-0.0334077444557569,-0.0506265272634537,-0.0448688334202726,-0.00853363277053473,-0.0728756017104407,0.00280754318135427,-0.0306475653826582,-0.0115561490802695
0.0339809531456835,0.0288305188054689,0.0163156629860258,0.0353632305131987,0.0273059715063883,0.0465810980120076,0.0339613634598205,0.0297135222820005,0.0376125500116651
-0.0432746024750866,-0.0247361156922283,-0.0264136823356431,-0.0199737647556646,-0.0025252844490904,-0.00548773604736716,-0.00333567676615494,0.00632542359492675,0.00181063762838601
-0.000630403215129145,0.0309495369183977,0.029483716295111,0.0193248145599479,0.0129966509901424,-0.0154655103852929,0.0314671962136302,0.0493779608354346,0.0397327376537591
0.0399554775850631,-0.021304690288015,2.03311756033311e-05,0.000397912530324531,0.00435772279891306,-0.0249500196485213,-0.00495051208764277,0.0161059517014423,-0.00360997448195777
0.00217786547783313,0.0074440244407143,-0.012597735193304,0.00238523993024028,0.00359356140037722,0.0058792854242554,-0.0122326723735172,0.0150484036492485,0.0134638954388822
-0.0782317387109073,0.00890573883887574,-0.0585827449917021,-0.0407746381734926,-0.00992462706064618,-0.0667283141100316,-0.00116632045917342,-0.000325035617164481,-0.0107708048824695
-0.00103780240822105,-0.0147038782227022,-0.0187604609158549,-0.0311168704900722,-0.00595190668404055,-0.00522887906299588,-0.00512299472858687,-0.00104284214774395,0.000101221055114691
-0.0648205979631367,-0.0241991451519876,-0.035205347325027,0.0111792014329293,-0.00196681167531617,-0.0468901792026676,-0.00483072925389453,0.00326151081996944,-0.00718984666274897
0.0110146620514405,0.0113363367138897,-0.00013385945823994,0.034421354299208,0.00484891740427388,0.0031431076070829,0.0045589632425475,0.011820289451457,0.0214444687033789
0.0210865416844726,0.0149426092154316,-0.000531861750701642,0.0121020375176262,-0.00168204869002181,0.00827550386578338,0.00680254844733827,-0.00573661274650015,0.00248811589438589
-0.041307826044152,-0.0328661874800529,-0.0119537137547441,-0.0181794590034946,-0.0277324861285458,-0.0186123574433347,-0.029728803169428,-0.0226320060012722,-0.0369601616941507
0.0657408115242903,0.0444743011812422,0.0459843649063749,0.0350370500883898,0.0254986017266662,0.0352453054322475,0.0328267721992137,0.0385452931107502,0.0270502284797493
-0.0546513681805102,0.00103682456251959,-0.0339276405065227,-0.0171829559683861,0.00231867008119959,-0.0635446551888822,-0.00897845925871925,0.00687038216390893,-0.003349229015043
0.0040202515085412,0.0182497463713304,0.0082785726365526,0.0113802732362953,0.013196973191175,0.0361398118335647,0.0228389339511428,0.0148395011746504,0.0114927208164572
-0.113236222887123,-0.00644901937210718,-0.0343788976502178,-0.0304308921939381,-0.00839210912225365,-0.0762847427170932,-0.016379461267555,-0.0335630784768095,-0.0195486495633894
-0.0302019195245755,0.0294420322854531,-0.0152092485129267,-0.0172938245018189,-0.00391011780795844,-0.0363749020126816,-0.0232074320145566,-0.0321376133908417,-0.0384005435976924
-0.0759264444923992,-0.0215972914096392,-0.0393422819436991,-0.0288017426341357,-0.0114241264926323,-0.0754752010368909,-0.0168380175376603,-0.0232672530712007,-0.00811929911725779
0.0671460691628216,0.0494816984873335,0.0343793255121539,0.0104776772769929,-0.00368571261342562,0.0855896433260151,0.0113792998214047,0.0102921501187444,0.0262510496979713
0.0525677445151883,0.00830831622822136,0.0117053493962496,0.0133709430796968,0.00614336481984856,0.0620762125360714,0.002809027978,0.0209612333880561,0.0140523123182235
-0.00110957318948818,-0.00786646767881035,-0.0012075302467653,0.0322879745140025,-0.00492749284223538,-0.0162467561487421,0.00548956840391751,0.00600111791914328,0.000968390099680345
-0.00871877339113472,-0.0293281698787736,-0.0394301791679393,0.00101241438124168,-0.0158687895408585,0.020618606490996,-0.0150650722388201,0.00358997675596555,-0.0243169392992373
-0.0617555718446665,0.0158602217815144,-0.0554491555257128,0.0191375986784551,-0.000323329571826665,-0.0384877235592598,0.008567657612577,0.00353716030415247,0.0183229612418284
-0.0672021914141669,-0.0184539126232122,-0.02299008901355,-0.0190593066565676,0.00458741247876213,-0.0328071080514644,-0.0111919272978726,-0.010808429961145,-0.0154068023669503
0.00719495732841802,-0.00281646080415096,0.00548134221840555,0.0103002325811871,-0.0104301479609673,-0.000102185608274506,0.0108905566609006,-0.00948853816672842,-0.0173135696648172
0.0314257646793296,0.0355939117563961,0.0373848320162132,0.0501987787010022,0.00763687236922571,0.0239632688465913,0.0274544085515428,0.0177211869692449,0.0106137415893481
0.0278493468092774,-0.0128397422239243,0.011551678223974,-0.00382427887009585,-0.0100564835420696,0.0114417399141753,0.00364718703111159,-0.0265012632075432,-0.0180737488402939
0.02741493566739,0.0100075486773211,0.0192657180836288,0.0285066202905281,-0.00488434980697866,0.00882369668373799,0.0082233450353083,-0.0122023823737888,-0.0067236953837812
0.00454836011494112,0.0206852107201035,0.0235772305581095,0.0307221489278822,0.00549755489187944,-0.00274631140507976,0.0268870756936426,0.00656367266165919,0.0180702187672473
-0.052135742403126,-0.0348748961854753,-0.0252470359981828,-0.0201264325208735,0.00498521896337111,-0.00839943014900021,-0.00583203506003537,-0.0199784475392399,-0.00354375237296165
-0.0387888675959145,0.0238735079583615,-0.0310371230479229,0.00308161510239224,-0.00523209088128821,-0.0230090854701787,0.00171748376327358,0.0170895863893098,0.00908248727043723
0.0907334165566807,-0.0109650069892967,-0.0105406469568327,0.0398159964239634,0.00544099037372261,0.0621297477741363,0.0158286355164117,0.0286713222642046,0.00103025961045706
0.013283284706375,-0.0197577820953589,-0.015594611811043,-0.0164865662984357,-0.00512166283576589,0.0061041786864531,0.00650132357390725,-0.00246310856876472,-0.00445406187862959
-0.0208390251373778,-0.0154250712408675,4.02264128143326e-05,0.0190054933724782,0.00477768682582579,-0.0211266343289487,0.00850330763373035,0.0196872288175606,-0.00374298324671429
0.096055537996829,-0.0029990683111352,0.0402861975166287,0.0215038517557505,0.00065688482482085,0.0665633034262645,0.00758997031938508,0.00163491140822887,0.0160771435604227
-0.0141768585632845,0.0238398507916311,0.00454050407530628,-0.0134898199168515,0.00468579885431271,-0.0482478466522126,0.00922750941802857,0.00067744984120047,0.00314700995387787
-0.0320198363724902,0.0291689654380858,-0.0167111918985952,0.0137033559141302,0.0029009429412855,-0.0258839212201575,0.0160816671421552,0.0022697219011734,0.00224961325586023
0.109428545446992,0.0265292314639033,0.0264465691111601,0.0331116995724782,0.018598108501993,0.132171055695975,0.0208945294641874,0.0252170593166066,0.0425727995551555
-0.0591700647700194,0.0136651971176347,-0.0355043400542215,-0.0336144000176857,0.00117978984311616,-0.0459227652966848,-0.0108303775221536,0.0129494987639265,0.0032485354385084
-0.012446289619068,-0.00717405436225459,-0.0156738780016528,0.0241531389705076,0.0209538943929329,0.0236363228737055,0.0106880962536615,0.0132148579683303,0.0162774354675943
-0.001919230830623,-0.0204479099097047,0.0130285897497505,0.000368793274481068,-0.0116188270747407,-0.0215430248299268,0.00633221759972399,-0.0296978890271629,-0.0174073202748483
0.0858569656780141,0.0209696716472316,0.0152239193444371,0.030034589224688,0.0135706458098807,0.0622375454671198,0.0271830562274988,0.0232797776363996,0.0410492631821307
0.0325918045161139,0.0172094522505312,-0.000661218762253915,0.022712280352869,0.0060696815819937,0.0107875658786299,0.00802607029932121,0.00292508256852556,0.0164298744887146
0.00310318537116686,0.0329686063969829,0.0283867302362524,0.00615405690133143,0.00708593336536493,0.00789531819305539,0.000355031478803474,0.00268118767950967,0.0142116382689286
0.0147525380924991,0.0080652414136369,0.00733816450956625,0.0151928626123877,0.00738776044738257,-0.0011669242484395,-0.00152683026951614,-0.0122216190700984,0.0142956850699751
0.0112001897627386,-0.0257608509828513,-0.00505945748936915,0.0292929277617328,-0.00103751858836334,0.0326825081530367,0.0036620241150207,0.00124192638689658,0.0323052224692216
-0.00782559285185036,-0.0177386474078769,-0.0185150545391625,-0.0381073279455959,-0.0039495670577471,-0.0236165702348147,-0.00231759007268219,-0.0150572061833727,-0.00341065276289832
0.00791114475280603,-0.0101192056818747,-0.0067435808468174,0.0107976166240498,0.00616610098035586,0.00407386425114584,-0.00165159924667422,0.00051302039662753,0.0123635447675032
0.00515073892257982,-0.00383744667059144,0.0172387266475952,-0.00770857477941631,0.00695970243829143,0.0319944892779739,-0.00767028103660559,-0.00325776176085207,4.34967025342354e-05
0.021303212551443,0.000377560594486939,-0.0118917806040292,0.00922373519196281,0.00406181034143775,-0.0165865611859585,0.00994404292489774,0.0118077959306908,0.000642938133145805
0.0350285657112862,0.0120885536596444,0.0104295778409547,0.0286550779844341,-0.005606723907593,0.051398230432292,-0.00126081670946682,0.0124231861521219,-0.00858667736191474
0.0329147333354457,-0.020006783512165,-0.00336225060173565,0.0124437825035496,-0.0181639757293609,0.0525060588281823,-0.0130343612439971,0.00131784418325797,-0.0276565087737706
0.0327791038592547,-0.00101936460497547,0.0135135479350535,-0.00545978604872806,0.013082558904693,0.00108659573031393,0.01423396589705,-0.011023586544291,0.0139485387959267
-0.0455028315799667,-0.0204017837231446,-0.0551272266435438,0.00692327648079168,0.00562888812678077,-0.0131250931348016,0.0227255371549107,0.0243412378454154,0.0278419210126478
-0.0619396797247035,-0.0360833062217043,-0.0481867789579834,-0.0335561916096942,-0.0108308843248618,-0.0154724607691512,-0.008542262695981,-0.0369404150788096,-0.0135637542254378
0.000638859470511439,-0.00159153851521625,0.0159793017106994,-0.00504117747312516,-0.00163119934969687,0.00831218441911432,-0.0117491765411939,0.00167948438831701,-0.000983188032018138
-0.100825660743763,0.0118036371907808,0.00286850041515574,-0.0600976803910158,-0.00639231508986559,-0.0915342375296397,-0.0179249692144741,-0.0315757427528613,-0.00989495435995872
-0.0231377774141018,0.0142539582862961,-0.00449162276479359,0.0337129787810318,-0.0120497416019414,0.00146771704138599,-0.0021554239381915,-0.00513450988115148,-0.00563204848483308
-0.0476913026651063,-0.00152046756444397,-0.0372808759800815,-0.0120840087751677,0.00843003322366405,-0.0413889196672843,0.00445818556845994,-0.00767147520860311,0.00472169822686693
0.0364902991703536,0.0443182262073721,0.0382298757212976,0.0112167599156075,-0.024046130900989,0.0331653326740646,0.00377543527954725,0.000333349154886126,0.0255389113097715
-0.0507092201505305,0.00220898219163377,-0.0102793650922722,-0.0220469324099227,0.0119325069650415,-0.0481132650818466,-0.00298704202535142,0.00784739334956578,0.00673609918919737
0.0535877231159269,0.0197213801699949,0.0233606978162936,0.0261244597433768,0.0259190732655757,0.0612194608669677,0.0273676249022867,0.0314756945241719,0.0378247118093947
0.0890840358602287,0.0124299274407841,0.0159406636652297,0.0219870557871461,0.0113209143991931,0.0941310057489081,0.0108073144427862,0.00843349237487427,0.0202483532176586
-0.0258383636904166,0.0055017376483489,0.00171134276057841,-0.0218265130834791,0.00357609482954744,-0.0591258500193846,-0.00838750874083462,0.00371762593259617,-0.0119162417476042
0.00694846977229046,0.00694230354367667,0.00972299273294439,-0.0073839867373536,-0.00438862376507997,0.00435640917005899,-0.00317863271262543,-0.0146807196933986,-0.00463900953643979
0.0196362091146471,-0.00213440043553193,0.00864156243873863,-0.000649726728684082,0.0157580473937513,0.0243154529093629,5.5295391531757e-05,0.00299297254090533,0.0242284938260618
0.0430240061165754,-0.00148545506931127,0.0103470390835995,-0.0198918725277179,0.0231569797646164,0.00680680340981587,0.0212645029353794,0.00519757267936431,0.0192141955386251
-0.0584615706417782,-0.0298672755504173,0.0159529045966186,-0.0262326421814556,-0.00419761862605944,-0.0195099384797926,-0.0213093761952107,-0.038495747345576,-0.0227895294304775
-0.0152768510487866,0.0163876292502489,0.0161692828525052,-0.0130608559391194,0.0170363237784644,-0.0316381241283885,0.0149434517772716,-0.00126438124045755,0.00932901861042435
0.049316458698691,-0.00167020612071035,0.000768707684435715,0.0231465381290145,0.000304611891551394,0.0103851297589254,0.00540307776224431,-0.0101181644198627,-0.0116093832479499
0.0459468138426033,-0.0346755207083277,-0.011294811558669,0.0355541896193735,-0.000596085096095594,0.0269738584491428,-0.00789780531980028,-0.00877937387961646,-0.00187777110576927
-0.0667586503911795,-0.0284517439374052,-0.0282984948076023,-0.0155101690966846,0.00939624850582402,-0.0791396752605622,0.00123666594614913,-0.0220584484102329,-0.00613067189806887
-0.0614727382544765,-0.00749858665605728,-0.0131478410820318,-0.0353360829780549,0.00540055198963517,-0.0412825384441762,-0.0112475183338046,-0.0169133278156471,-0.0187155896833049
0.00976066147642508,0.0223002545876964,0.00963675642223439,0.0353230922167327,0.0151679576103189,0.0291564968311416,0.0199225824129036,0.00757310181237016,0.0114851501477834
0.0213853658568022,-0.000986817700390654,0.00666444959343852,0.0129381199508226,-0.0141378556887778,0.00895732357598186,-0.00744873574990059,-0.0166767951912644,-0.00941249197878565
0.00387846270893172,0.0388698666615482,0.022623993463294,0.0373273629590512,0.0225985520291862,0.0208305542225439,0.0252030691363982,0.0398726536553356,0.0150219112741067
-0.0259848495020571,0.0133142331834621,-0.0207670950773995,-0.00244000788602693,-0.000211628776841985,0.0016887693737479,-0.013673905494577,-0.000152872275155871,-0.00882552555300812
-0.0125218912803705,-0.00433662095180004,-0.00741734328033607,0.0237550488805881,-0.00598348407161603,0.00224579771863355,0.00289350155753655,-0.0119315002969254,-0.0141915129619829
0.0192198958288369,-0.00313747704706372,0.00559372488877492,0.0350307786551794,0.0156898164048488,0.0348107202718271,0.0257696967556314,0.00563564941839727,0.0261200623193654
0.0465764412606369,0.0296723830452603,0.0199449763746432,-0.0140067850346293,-0.012687544066482,0.0401837024302379,-0.0126822749475234,0.0263133205416859,-0.0158679221254804
-0.0382442198088791,-0.00907151902872041,-0.00254978689395689,-0.00633226665391929,-0.00914178164637171,-0.0365922767407531,0.0111068664445865,-0.023368503403332,-0.0257240875035476
-0.0636275540377354,-0.0457288318562699,-0.0446613095185862,-0.0520006202838886,-0.0184001242715056,-0.0242784651506088,-0.0344656962097971,-0.0165457137019553,-0.00661845359218615
0.0824985919510584,0.0739530647352685,0.0684267547858003,0.0195213391754142,0.0209060211066206,0.0707702813657127,0.00481215530396334,0.00254375904641611,0.0375249263649504
0.0221437038989274,0.0297013648138588,0.0105956919075793,0.0018952301338426,0.0040592665724265,-0.0288283512708035,-0.0177924077640216,0.0101719894997747,0.0131707294068747
0.0203976536734225,0.022848302233546,-0.0140235520385408,0.0318284484387383,0.00781506311352888,-0.00856362284784476,0.022346759153533,0.0129200993901678,0.0233100588142031
0.0207734655670394,0.00579426729652205,-0.00902071879173653,0.0181249612199193,-0.00244719729008103,0.0297377429872754,-0.00341531671732562,-0.00893584390372808,-0.0224534794370476
-0.044851703483512,-0.0033145308987594,-0.0315137288101361,-0.0260238085898263,-0.000183767750927784,0.0242872408990738,-0.00882830602786497,-0.0320998068717385,-0.0079298189107188
0.00736698781505678,0.0182345408504542,0.0170036203540307,-0.00457927310737416,0.0231432685522293,0.0076537946608144,-0.00922267185050838,0.033180560629046,0.0288161795529512
-0.0192424646953843,-0.0446027578682273,-0.0277654264394785,0.00286895497213137,0.00543331794455455,-0.0363586388855541,-0.00497337423356015,-0.012959531728626,-0.0118458204759472
0.0301910858489057,-0.0150838008295859,-0.0160418172149228,0.0141974104988971,0.00107807799287744,-0.0334609883443442,0.00684471873478483,0.0199063069239768,-0.00245582550877124
-0.0143999194743004,0.000299248137427053,-0.0381188299901355,-0.0125535047680643,-0.0088415717862802,-0.00195002101395075,-0.00117188509739577,0.0076373715972327,0.00654160028090301
-0.018340925906725,0.0143045763829415,-0.0198509066516833,0.0446968853393488,0.00199130547901185,-0.0248865627086658,0.0145026829045952,0.00839051227033012,0.00941172292189305
0.00594331613846383,-0.00863391249583275,-0.0066729805934732,0.0356915844618892,0.00212424838493196,-0.00857419573874371,0.00213788271032497,0.010114114249,0.0021260606351812
-0.0639171868768435,-0.0329711569606926,-0.00979917834619387,-0.00907532475833955,0.0116684175686483,-0.0306438901294694,-0.00652086224847277,-0.0105763839798287,0.0218008294046397
-0.0314004996554809,0.0183783082434093,0.0109569748502073,-6.25456926510289e-05,-0.00490485282806271,0.00879289687703936,-0.00206397757728332,-0.00013258183480791,-0.0116717969105466
-0.00552254210330133,0.0199932663575741,-0.00548436208718531,0.00377516176378019,-0.00886551818828543,-0.0415226595080282,-0.000806505616323829,0.000187716013231444,0.00868350871028908
-0.0327916255192402,-0.00233047971904835,0.03548572065242,0.0384372561344143,0.000976370521859738,0.00299291508293799,0.0299038312776687,0.011775693414321,-0.000894250811306339
0.0396724151643999,0.0225980630316166,-0.00429524086414744,0.0130379356521318,0.0145241366622225,-0.00290876521599071,0.0294101620469324,0.0240863568575391,0.0273763966937697
0.0390660482027395,0.0114687366649756,0.0242917782397594,0.0559176874975662,0.0191708551868277,0.0646005275610093,-0.00229686866695669,0.0256243977910786,0.0315363997174494
0.0861874847049807,0.0280894698257824,0.0272634461496203,0.0161152326399847,0.00677356162346325,0.0961090921189659,0.00710513259838837,-0.00607645730070956,0.0143486152484749
-0.0942114252992576,-0.0425362267106932,-0.0314099422654373,-0.0562199710755816,-0.00903294510902766,-0.106516093268064,-0.0349603586588299,-0.0204669089405618,-0.0208560583747988
-0.000789577051926943,-0.0016769323567762,-0.00769980927130075,-0.0235911932322657,-0.0171930799887001,-0.0252990461879545,0.00927640049013916,0.00456748957552012,-0.0121339499495356
0.0112801509560313,-0.0111726693303107,0.00145937414786918,-0.0379955719142545,0.00251325415683736,-0.00576195467120522,-0.0197464223719193,-0.0254806577477827,-0.00776759089862257
-0.00671308787326594,-0.00972486244471872,-0.0416918137686034,-0.00356887854983076,-0.00570039442494734,-0.00866820304297273,-0.0439331052623998,0.00177305699385638,0.00230452637737586
-0.0132314695619188,0.00752116737269859,0.00976390220706616,0.0166602040323789,0.00754384750836465,-0.032474615870091,-0.00421113098469475,0.0208425333647095,0.0153469171255918
-0.00801595538107254,0.0182265621006655,0.0217683718519475,-0.00642586423796607,0.00243207484584307,0.0102380503123602,0.0122015198019931,-0.00285807727405266,0.0140483687878625
-0.0347585824921775,0.00624120468086489,-0.0153104577895651,-0.000497660800159359,-0.00248789530541877,-0.0245704595299797,-0.0281035710563262,-0.00343618359856737,0.0065778263952033
0.0721176529108037,-0.00494816691600817,0.0136571288353486,0.0133957644523214,0.0115519395880004,-0.0143506186447283,0.0161745870345941,0.00854859586146046,0.0189239502143003
0.0885046208958644,0.0543043815641887,0.0451586385570201,0.0734325922993016,0.00810626479770367,0.0874434263939201,0.0125195864098556,0.022585148059942,0.00734769859519884
0.00571789538605647,0.00185851305893328,-0.0118500249600318,0.0144839205009423,0.00570476080579937,0.0194357985945213,-0.0154132323058557,0.00538634376996285,0.000850804869894166
0.0633891364735215,0.0250150477394221,0.0235476015963849,0.0388552677784255,-0.0013477134861838,0.0356644432800497,-0.000932517834966937,0.0335096434694612,0.00610843297236125
-0.0357015537188003,-0.0179420602152925,-0.00289514755320367,-0.010541754211515,0.0056061331492699,0.0903368476954216,-0.0120105849117137,-0.0165170347389074,-0.0254735779121172
-0.00629829030959183,0.0203366853594302,-0.00260976514448389,0.0137106004145874,-0.00206073868703591,-0.0180031546234329,0.0164194697254125,0.000139878325041929,0.0275143588183915
0.00766384012223284,-0.00765085627284633,-0.0202869146264693,0.0279361961860144,0.00950321877009295,0.01227267003088,0.0422333727377146,-0.00516090852049678,0.0261095468712351
-0.034009830648048,-0.00162438800853828,-0.0284649781802581,-0.040256143937442,-0.00174431331710756,-0.0206977957981127,0.00476911463117837,-0.0136222651822556,-0.0107379885300842
-0.0500105426307384,-0.00275575462748108,-0.0139995560188957,-0.0232004814836419,-0.0117377844739058,-0.0555172777927164,-0.0109862815127943,-0.0103762751756808,-0.0123591803678268
-0.00411203247342041,-0.0125728485752323,-0.0233261843799151,0.00438419372327392,-0.00357725606474411,-0.0704258749750777,-0.0139277407554163,-0.0190664204104662,-0.0159274691672087
-0.0159198217059377,0.000452792156062547,-0.0104908964553806,0.0230310469272738,-0.00279521313522248,0.0302578810401968,0.00486931020725997,0.0262397029365731,-0.00596742294865214
0.052407612830422,0.0125976268112141,0.0200306815102427,0.0178958833982873,-0.00211151599881117,0.0124291945230009,0.0133144221148492,0.0396224011692434,0.0129317615148896
0.0490586801030473,0.0362662460484409,0.0266847399438782,0.0546638877568108,0.0280442542709327,0.069817916704928,0.012732169792693,0.0166222615193928,0.0456630269525239
0.073948778931892,0.0445184380127036,0.0351477467729617,0.00787970423493325,0.0120376831222238,0.0478646149578312,0.0150780805760557,0.0193923118816956,0.0204334167959558
-0.00313934699817494,-0.00518991246800404,-0.00390348833354603,0.0113067328047888,-0.0115053111976175,-0.00132599699826208,0.00732446563121019,0.00865020597497348,-0.00676750589272268
-0.0115018156983121,-0.0214547508572152,0.00591156189567749,-0.0263269492406115,0.00445470342923421,-0.0168708250261835,-0.00662712353026357,-0.0239297872479993,-0.00333140321147558
0.0105585103539281,0.0488607980280712,0.037349331160473,0.0202125590934696,-0.0133921038185581,0.00529294786071066,0.0103245730521322,0.0348535296022388,-0.0182000609984827
-0.124281302540853,-0.0234746683786557,-0.0416002418145279,-0.0696697428969213,0.000782568865983487,-0.0956728139495969,-0.0134660772518548,-0.00429211051290629,-0.010878876058917
-0.0303775525972131,-0.011386461342267,-0.00138800193762861,-0.000937019201850294,-0.0132716165458436,-0.0187983758436383,0.0112780748998985,-0.00856233130876154,-0.00435424989284611
0.00968339801425282,0.00933433695522651,-0.0134332627260704,0.0179057618875134,5.88716515268671e-05,0.0097802795357898,-0.00573575916353878,0.027338117473817,-0.000455273466003012
0.0544909716738424,0.0233797603133402,0.000487982939376799,-0.0159931318727566,0.00623826982975871,0.0477405117678401,-0.00695125569598732,0.00440432639041205,0.000890322879803187
-0.0656967351009932,-0.0262973014168565,-0.0269676509675341,-0.0357811361518205,0.00964246928004456,-0.0399155259919286,0.00290252184030855,-0.0197194608364347,-0.0045601987822835
-0.0508980916056216,-0.015077829743969,-0.0316851885927756,-0.0350742504125846,-0.00226725764573086,-0.0508669557496026,-0.0159973908362965,0.00877393384712268,-0.00264196437544348
-0.00137888649127363,0.00381370818493,0.00249375672157865,-0.0194296458975903,-0.0010905390660166,-0.0254038406845363,0.000131212032834136,0.0187754448736666,-0.00542269873954351
0.0243323364561095,-0.00161395375087414,-0.00421671200661955,-0.00523614042684937,0.00672742293419839,0.0429259753805461,-0.00680541047517897,-0.0201560158244648,0.0177775898945609
0.0416495705743379,0.00967833318309149,0.0396297267403511,0.0295561538281881,0.0130194962927119,0.0691775476477957,-0.0116341784905347,0.00234185233889751,0.0273039235144665
-0.0453022276128417,-0.0201718259484806,-0.0365591885672825,-0.012055547392156,0.00443225454160746,0.00176530328919609,0.00516742033725836,-0.0134500696866083,-0.0180127794235995
-0.0714682084065195,-0.0236393055018099,-0.0122173499219013,-0.015723398750248,-0.00915063223249227,-0.0545242147580083,-0.00804455973769587,-0.0138587274828185,-0.0439384515854882
-0.0160283563941193,-0.00307547022645769,0.0012590287364296,0.00827314690005055,-0.00194752629071457,0.000697166630791632,0.00952335070020376,0.0137037969261922,0.024604224862389
-0.0404602012915903,-0.00389161666748554,-0.0254026365325664,-0.0223228895765419,-0.00508071424163464,-0.0480269541002254,-0.0136377633906602,-0.00933791458700687,-0.0167011311731061
-0.0304178233459748,-0.0625786832577209,-0.0150018094738095,0.033343962120182,-0.0042679708419407,-0.0133347631175263,-0.00758827585809439,0.00141188177002978,0.00895703990561066
0.0360725846275459,0.000489267358848391,0.00459366849714043,-0.0107978931710824,-0.00504494721617953,-0.00266805584525495,-0.0187652670979666,-0.00679177776131833,0.0031910492300938
0.0247712176588793,0.00778487094716437,0.00115398648663633,0.0537615016275602,0.00279300113150718,0.0255605098364105,0.0375101255960351,0.0109064319570327,0.0585140764752556
-0.0200937056392803,-0.0315904018848754,-0.0367755519105791,0.00953507264129236,0.00343486894446291,0.00895580297197693,0.0197739333289477,-0.00747341464193326,-0.0022334027814291
-0.113599152668039,-0.0531108780792837,-0.0152570204143529,0.00147447606111455,-0.00640767790857239,-0.0889179134440442,-0.00842361204550372,-0.00105445980936204,-0.012309586782216
0.0291663790077769,0.0276240594628563,0.029449826781852,0.0379963366476827,0.0273644216478193,0.00423376000493454,0.019202421589536,0.017387806592397,0.0336280420411684
0.0475453188539711,0.00683850569390415,0.00375474687365445,0.0234595308486624,-0.00869001666463139,0.0279249560218593,-0.00960257839148872,0.0141769142146182,-0.00780073474052818
-0.0608346810207442,-0.0175041142526945,-0.0227026990466983,-0.0320705826129662,-0.0199871830208916,-0.0348480209079488,-0.00452978577908993,-0.00840048839518572,-0.0149629117792993
-0.04064065448393,-0.0112045044389024,-0.00626746920282186,-0.0248911530068527,-0.020862932824377,0.000584899421434215,-0.011334314016168,-0.00977682913058136,-0.00853055964451541
0.00317374170680147,0.0228612894522641,0.00068292329326563,-0.0035024051166178,-0.00509622644401854,0.0135238414138318,-0.00251892719954376,0.0115034112651288,0.00560052297386638
0.0754299155961105,0.034277645751944,-0.00103065371635642,0.0260492349105552,0.00324515644061341,0.045963044018132,0.00544242805140856,0.0132288029537288,0.025532650378654
0.0289412468431483,0.0429968930669125,0.0365373555430322,0.0422221088467813,-0.00238110588816272,0.0380807456662193,0.0106226293959716,0.0227513721279369,-0.00272371654334005
-0.00305152287790197,-0.025514945776436,-0.0104505459915287,-0.0421391768448965,-0.0123451610497001,-0.041185887412049,-0.000266905785513372,-0.0156608480649228,-0.0112822460953941
0.0460695378950215,0.0455533176250268,0.0413780628333281,0.057725987825304,0.0164177194077985,0.012969682069099,0.0274764448729419,0.02809016389915,0.0316357700465482
0.0191144157957581,0.00735581706200648,-0.00593128200648515,-0.0292553332594867,-0.00718072239497499,0.00748491367557186,-0.00691025117344201,-0.00632588943978254,-0.0150277500174009
0.0025805203949847,-0.0119242120579329,-0.0262427034898748,0.0161083827386124,0.00886007774152469,0.00487703030519804,0.000582644450740337,0.00379476868633529,-0.00322315016887783
0.0534610178427938,0.0212044952535625,0.0279109730014954,0.0397179210140685,0.0110158457383792,0.0495044980027385,0.00268482791727949,0.00911526179335794,0.0134751465209598
-0.0198461366956129,-0.0144425094511447,-0.0124042201129283,0.0411988752225411,0.00313683981580942,0.0180376597185189,0.0136405911499207,0.0110674563117741,-0.000167540712651717
0.0119404786548959,-0.0102466473184362,-0.0149306179321465,-0.0178968064044604,-0.00151466818518856,-0.0278679919874896,0.00878427867938168,0.0167992831268427,0.00821145954698287
0.0137439845092448,0.0351561459614264,0.0236381365252715,0.0644195654539016,0.0263132302253308,0.0633146792646532,0.0149741960026079,0.038338436305308,0.0274447735841932
0.0339184913056396,0.00962620864557134,-0.01774460737135,-0.00592806874643088,0.000229852101832943,-0.0122154562043566,-0.00769480025406878,0.00370444421258842,0.00634768463929842
0.0134312385700593,0.0426763783128577,0.00868304626750308,0.0339961341201749,-0.00580359175088247,0.0135766812439245,-0.00307514547094147,0.0230988742746635,-0.00934529093207822
-0.0134351876873004,-0.00765422883534922,-0.0103229407377561,0.00276170368399758,0.00123604641416637,-0.0234410927241589,0.0122474064333739,0.0123312340661722,-0.0141785989069436
-0.0305106920846138,-0.0163368651036029,-0.0109605907317013,-0.0175340991010468,-0.00255494325400283,-0.0736249054859927,-0.0082951283587658,-0.0225513345055345,0.00089793898764069
0.080381635025787,0.00174764987255792,0.0105140810568418,0.0615290289736051,0.0161631649444343,0.0653790069904778,0.00779858489964291,0.0402047902249241,0.0107629973904354
0.0840232770168245,0.0345707517991504,0.0443900466860356,0.0263157799071683,-0.00319807791966851,0.0436908408108639,-0.00333417636015391,-0.00298150440961211,0.00470742878165833
0.0196210337707994,0.0275617239158734,-0.0016432344451469,0.0163494332495542,0.0028145262504904,-0.03796489928398,-0.0200303290550976,-0.00801020971958741,-0.0163435603356176
-0.0184778729431803,0.0158140238190932,0.00224804395868752,-0.0141993675120003,0.000506051495521249,-0.0375606998113456,-0.00433563858792676,-0.00546901026193135,-0.00161293416566151
-0.101898002466349,-0.0655115142074552,-0.0574034417616353,-0.0903090379407276,-0.0139260785493753,-0.105824195001194,-0.0278000536807352,-0.0297377720769187,-0.039261868480314
-0.0959692448810999,0.0192375589471989,-0.0234974672675643,-0.052439807728496,-0.0148407246899268,-0.056663517837293,-0.0136486758654578,-0.0300529593359487,-0.0121416489520081
-0.027208371657429,-0.0269058166225685,-0.0247470970805313,-0.016009719703871,-0.00472774026166074,-0.0375244136835217,-0.00765375176819399,-0.0154423384011377,-0.0303824568646095
-0.0695583343883307,-0.0302494213706071,-0.035128100233141,-0.0404127245051245,0.0125468361004947,-0.0331018153907808,-0.00427317260781304,-0.0459234115506027,-0.00199482797781562
0.0278417712739605,0.00117000881298072,-0.00837033540353627,0.00944767170575256,0.0135769252145871,0.0120219028763959,0.00843582792249441,0.00880966060890663,0.0234319688543401
0.0168904907773075,0.0259800787431737,0.00764973537582125,0.00468364738549441,0.0018192341731215,-0.00525078220849246,-0.00157986848917583,-0.00215922585618443,0.0102847792386413
0.0148182116284697,0.0190122784985872,-0.00782897288725623,-0.0266503150921326,-0.00571854670899046,-0.01262729369482,-0.0098556882095336,0.00285342866145119,0.0125204944979991
-0.0126165802983633,0.0146664592152055,-0.00190851610311058,0.0157780770460857,0.00980583109520867,0.0198667974029674,0.00166528539352702,0.0251469090781996,0.00348563328114275
0.052792703044198,0.00908172376649048,0.00457378645029724,0.022647480235426,0.000566523272019709,0.033674252665267,-0.0009944312844914,0.0169723809071964,0.0119117842990226
0.0702061409039692,0.0166002821895267,0.0128576633932332,0.0373481152336297,-0.00170033562954124,0.0425791483546553,0.00666609201792978,0.00997148125571961,0.0190548046493305
-0.122363944339866,0.0176246977839651,-0.0443974138449683,-0.0365995855950274,0.00729292359085868,-0.0757865044698564,-0.012159221123954,0.00666311787755736,0.0152949777578568
0.0280120389533644,0.0416292572944943,0.0321844954943821,-0.00430557755287605,-0.0152173926752527,0.000574115667560944,-0.00785550604114993,0.0141126117316121,-0.00835741836653541
-0.0188584500313427,-0.00851028901513857,-0.0405597452645592,-0.0438590076604965,0.00596805225029666,0.00105694938722216,0.00816669867419642,-0.028680284936539,0.0134953183797504
-0.0743865494438535,-0.0198312115728328,-0.00220665743051578,-0.0356415982320752,-0.00409801676354093,-0.0161953798728145,0.00960866274186625,-0.0291776575726091,-0.0448969956337223
0.0338888920513646,0.00461197026086646,-0.000802339153883296,-0.0088444561269076,0.00907696076237933,-0.0233223012927946,0.00905936434512211,0.00646088593601601,0.0205050865435409
-0.0696546567084521,-0.0283988413356879,-0.0256848426813853,-0.0536542542361189,-0.0137554863747601,-0.0414775473876275,-0.0124685045593037,-0.0399059449001163,-0.0211539103909113
-0.0311893398500038,-0.0668084814747941,-0.041744961691324,0.00135399967329826,-0.0169239468756637,-0.0516434972530587,-0.013135536664687,-0.027152627778819,-0.0442448501963789
0.0384800820947368,0.00208112792101805,0.00363656826384407,0.0235633064396785,-0.00383784313241238,0.0308056085067981,-0.000634019042944547,-0.016238148846162,-0.00945565650691847
0.0329185839370747,-0.0208286780820061,-0.015158121947755,0.0274068090273926,0.00832137413271707,0.0264424682198263,-0.00977447094871037,0.0146967521590708,0.0179196988243276
-0.0264896362066437,-0.00749226234615389,-0.0208173128516574,-0.0214621508912846,0.0126469164285065,-0.00447241574598456,-0.0259709835521813,-0.00410595686352295,0.0199407511693201
0.0126903076458947,0.0180389096929162,0.00536277464468748,0.031601039107068,0.0172075511144213,-0.0327366249509294,0.01134958279407,0.0200971393356924,0.0158639810181723
-0.0568084515862663,0.00877406150670735,-0.0151958022170944,0.000729406070937091,-0.00570759001204064,-0.00903460498642897,-0.00791176672959507,-0.0268119392847336,-0.0193841407350503
-0.0282506006177785,0.00424199908777803,-0.0293798637749786,-0.00882353831702817,-0.0196912695015991,-0.0143878086112504,-0.00910865937232274,-0.00548737441637015,0.00177310258017925
-0.0409732823251393,-0.0166107967472883,-0.00262769115736489,-0.0179101149189247,-0.00422651377737982,-0.0306611693490354,-0.00990344865556509,-0.0257958539651684,-0.0110134057037214
0.0234705594700164,0.029975048173193,0.0138233996860902,0.013883282349091,-0.00893652851160313,0.0472758833725043,0.00703002911548568,-0.00469626747150952,-0.00867385114036365
0.0215898366624326,0.0239016096689738,-0.0127938453644548,0.00279869564059758,0.0131808719095527,0.0135522306127125,0.0142866112298926,0.00262864895960543,0.00174776348150821
0.0172590092798962,-0.0136649478114271,-0.0129308527444587,0.00522760043462302,0.00778081990423983,0.00551185243391467,0.0116991715329863,0.00441982617361336,0.0157200472707438
0.0366483703005685,0.0383276571959621,0.0331586165383237,0.0176033608715841,-0.00991813001629464,-0.00711066112297734,-0.00241586313777831,-0.000214818133191614,-0.00505305491549181
-0.0729235246766115,-0.0296550636844686,-0.050730862805239,-0.0473924549347497,-0.0296932348028011,-0.0969827929662944,-0.00011308195178026,-0.0149919951875037,-0.0266603740582149
0.0451009996204491,-0.00951500146615481,0.0131659511021629,0.00445219129788521,-0.0144843235471264,0.0632798324463473,-0.0116672255666378,-0.0104042723475878,-0.0118206173399371
-0.0476096793019351,0.0103412001385148,-0.0124017327562233,0.000447673369473763,0.000916423532017688,-0.0274897446522866,-0.000641907248620618,-0.0141277773486304,0.003473610275082
0.0148172537532311,-0.00224645341634713,0.0142892867804434,0.00802668599431524,0.00477035107115376,-0.0699352809727359,0.0141821569726826,-0.00178632337041803,-0.0171406010886546
0.0557917009953614,0.00484697044981422,0.0168789317423721,0.00194607344363453,-0.0180653315447676,0.0225700341614049,-0.0204161493858134,0.00792329652923655,0.00675538616752979
-0.101285516158246,-0.0195166827480149,-0.0442509105420305,-0.058005368588067,-0.011304079347582,-0.0659706232101164,-0.0270299758147507,-0.0195753041232191,-0.0366976396586183
-0.00707666356401658,-0.0102347595973758,0.0102414706671487,-0.027473233144537,-0.0113909317801518,-0.0181715095160665,-0.00934288734729009,-0.038267257749002,-0.00347372934914967
-0.0499998263918016,-0.0339643926072617,-0.0195980700685421,-0.0316989772914721,-0.00840849916501006,-0.0554289186031651,-0.0127150120827773,-0.00929441136982584,-0.0151898624376947
-0.0030892891986073,0.00184879653714169,-0.00344049573238305,-0.000484129170154049,-0.00781761982070837,0.0322957861641991,-0.0012003916932308,0.00310862765160114,-0.00934203439318021
0.0134072364090231,-0.0162206636231351,-0.0153063406505859,0.0288239480185836,0.015490078623257,0.0102521324340234,0.0102149362944788,0.0171794492481054,0.0210818532874422
0.0267270010430999,0.014684139567263,-0.018350854823523,-0.00740428742649171,-0.00772860350277992,0.0140472206610355,0.0111591936648739,-0.0136079116894904,0.0150200849871192
0.0190155300142897,-0.00625233438388728,-0.0228964416659034,0.0108103032703404,0.00418835100396313,0.00248896027336666,0.00283489821926791,0.01534715722721,0.00980391975991612
0.0109634875534259,-0.0177375797278107,-0.00470350782444479,-0.0217306263515427,-0.00680947675219788,-0.000459023094132476,-0.0319237743589448,-0.0354769351524038,-0.0197339265782732
-0.0875910423212753,-0.0278160302015094,-0.0531807998647293,-0.029939588194176,-0.00254158155929268,-0.0623170151789412,-0.0176322232256848,-0.0192446142431828,-0.0125237404848539
0.0455804725727854,0.00205870310767766,0.00706611531729654,0.0213367423793489,-0.00751847488860403,0.0571600192031798,0.00806995546471686,0.0168373823660076,-0.0084714121589091
-0.0230958650344531,-0.0242060259256448,-0.0176594289215016,-0.00146411907898512,-0.00397012987697968,-0.0139880821931666,0.0141241322544181,0.00541656232655916,0.00831762166379937
-0.0426305935805608,-0.0145577891636345,-0.0330666250262837,0.0564272716054347,0.00189329524441013,-0.00973445007804755,0.0111195421997131,0.0159056559454212,0.01111325563188
-0.0477002143365675,0.00621628957626629,-0.0168883319687637,0.00596014390599446,-0.0152017663937903,-0.0522590405905069,-0.0122892461306675,-0.00579100113272704,-0.00981198167635307
0.0128403646877285,0.00300459407390759,-0.00235826447477786,0.0129253329490367,0.0114570108414132,0.00645827476788352,0.0227167132652404,0.000965961560464424,0.000445279807380144
-0.0180210192360979,-0.0171207532959677,-0.0319192241628019,-0.00467372812189364,-0.00608567409767964,-0.0462207923590216,-0.0116330465223356,0.00869033366132103,-0.022938652087737
-0.115233161201429,-0.0040113883698938,-0.0177069472823076,-0.0370459676482723,-0.00220295933331254,-0.0754261083202217,-0.00744095646228756,-0.0311884912577152,-0.00232782417951824
-0.0213760691293776,0.0340471353857095,-0.00160193320615975,0.00480424837847279,0.0170113545119882,0.00448482117595342,0.00212291664036963,0.00619779550830356,0.0354092111881817
-0.000979827185514745,0.00515759568190785,0.00867841598018627,0.0010964359949756,0.0029513855030132,-0.0131128999362452,-0.000498336416292186,0.0210573788990189,-0.0061950835234614
0.0108554100585552,-0.01675646211659,-0.0139026176260117,-0.00336286599025781,-0.0155373431895908,0.00988721282534705,-0.00131344325357991,-0.00444937979943554,-0.0266758674221015
-0.0787504717243778,0.0199348472347333,-0.0614454862981456,-0.0160898099976831,-0.00665904259517544,-0.0659272382289681,-0.0244039132213361,-0.034860572756913,-0.0272053648066837
-0.0262725846364715,-0.0219666125586787,-0.00725321227259064,0.00999759392431287,-0.0046379065450271,0.0342684950201894,0.00856594283948115,-0.00303545147220466,-0.0139869451252652
-0.0480730180784369,-0.0157482908133729,-0.0364088736887764,0.00042188113950381,0.0108834400772358,0.00170001812553968,0.00570046424924775,-0.00209600284345673,0.00409353671208834
-0.00725559348416628,0.0154535353825816,-0.00399160327938673,0.00861955251299636,0.00707463382021096,-0.0426230563224168,-0.000194994762934783,-0.00937656320354048,0.00147570601579313
-0.0126337804409132,-0.0238428915739858,0.0114704409549678,-0.00833037499666064,-0.00815706530456177,-0.0105631205646461,0.00222013519160181,-0.0158059917079234,-0.012278490142351
-0.0141027593786349,0.00621865995648096,-0.0176555664891835,-0.0166118268377794,0.00175380155739495,-0.0674588115355352,0.0100860703180901,0.0182166629691756,0.0103882612963494
-0.0629028240772734,0.00589330658350616,-0.0231843299828774,-0.026645743801871,-0.00979631829157252,-0.0671100428887622,-0.00500891509470442,0.00138126252180526,-0.00441515203949898
0.0150741556987822,0.0331498134903487,-0.0196394311692109,-0.012109093508951,0.00116186928361425,-0.0183268998340068,-0.0110612197961919,-0.0133528356124876,-0.00240873052109033
-0.0613308870506624,-0.0209051582535373,-0.0260138718095686,-0.0307248855051709,-0.0060152427649045,-0.0573763124781579,-0.00326917843870438,0.00911288971414319,-0.00673743087734546
-0.00415159293998679,0.0148792089784625,0.0158215809548626,0.0287016736814978,0.0120840514719933,0.0107308309092787,0.00620261794035878,0.0218938753760742,0.00668221237508761
0.0125356839622064,-0.0276146443604835,0.00695185820469262,0.00795501798846274,1.579243003643e-05,0.0251845122810362,0.0227243375579852,0.00800671872678563,0.00372089359192742
-0.0595464924190001,-0.0311169415074921,-0.0370844466835077,0.0156953101581809,-0.00544496427505516,-0.0790725226198581,-0.00601380086700983,-0.00854762366586775,-0.00157946259627763
-0.000328311249097403,0.00655025098180237,-0.0189922860985797,-0.0268865513463531,-0.00349259839047076,0.0138118526201725,-0.000946043079724548,-0.00338416095543751,0.00136528240772164
-0.068370761741985,-0.0414654736378942,-0.0454749079885788,-0.0269359848210622,-0.00694334667863661,-0.0532525669745207,-0.0330066144106592,-0.043429406535701,-0.0133379274643616
-0.00680361358672922,-0.0411285090841245,-0.00711535512367098,-0.000826208922011284,0.00457226490801891,-0.0192705030517625,0.00921008005460005,0.0117804707219777,-0.000987529503121578
-0.0109358679128773,-0.0411953021515137,-0.0447833645735088,0.0222486928134781,-0.00489914666670626,0.00390475337469471,-0.00644357595595722,0.0192754340571332,-0.0242100832825141
-0.0446983239887734,-0.05246000818373,-0.0370489679639014,-0.0398987370411398,-0.000121340944966813,1.8124076189137e-05,-0.00326692928016596,-0.00518146914455559,0.00210283835142396
-0.00503109005345211,0.0224638706407434,0.0319046003812812,0.0134070531429592,0.0014634466971273,-0.00702411819655371,0.0148815982427982,-0.0124671180770178,-0.00920517349573962
0.0245649600901615,0.0332706447821673,0.0158831121140886,0.0235743591515293,0.00837981762683899,0.0183074981354805,0.0293313474449321,0.0323037574958315,0.0307266705679593
0.000914280681095469,0.00293783152978392,0.0085185836045017,0.0425393080722665,0.0123085832952671,0.0159883142026105,0.0268021527316558,0.00784743267198931,0.0341223412535918
-0.0641828098320516,-0.0134469717521694,-0.00490704306925171,0.00848675857914092,-0.00732432851968117,0.00970565703653694,-0.000280714876533174,0.00888171587880653,-0.0161115390803634
-0.0250248406681303,-0.000753457042442114,-0.00639651795859413,-0.0302066926859412,-0.00619719562623744,-0.0164780122495455,-0.000544461529743482,-0.0271760129126378,-0.00104424270816318
0.015932610526972,0.0136034445645058,-0.00902650698788766,0.0096289268444133,0.0116159889167601,0.0320062686683979,0.013961466331134,0.0186099616261616,0.0096275554631014
0.00229846230398862,0.00906401569953829,0.00233734688948879,0.00286017736911753,-0.000943170566076511,-0.0136421994115761,0.00755186233953694,0.0102137601279368,-0.0026107397555819
-0.0350709729685771,-0.0148370731390953,-0.0115431652117784,-0.0180461820844016,-0.00832982345386198,-0.0378861317066368,0.00073444317298352,0.0029177101128884,-0.00822707003651296
-0.029255691902058,-0.0173597549352108,-0.041810547841089,-0.0173107548636159,-0.0116246202852542,0.0152409284867023,-0.00263632568871887,-0.0161353604810556,-0.00400485523599249
0.0446557140842538,0.0328439994695006,0.033864961346054,0.0404079868136309,-0.000454940857661751,0.0315297652714697,0.00484097898075186,0.030149423116703,0.00159257997546564
0.075861197199551,0.0108967235357876,-0.0037821162636821,0.00691341848321915,0.0171084409266032,0.0696745497237539,0.0200183758951218,0.0356184373125783,0.0315582638553453
0.0224710588249924,0.00883135561121072,-0.000863137907933487,0.0334967024628554,0.00674242320643858,0.0111046446077982,0.0055774093126296,0.00066222986225509,0.0014786099707494
-0.0325013426672385,-0.0254002218077811,0.0241289601962973,-0.0401243875240929,-0.00448235894481142,-0.031532368618882,-0.00634307782010376,-0.0283436595362146,-0.0310039732737531
0.0115033322929979,-0.00835429876505801,-0.0124151867514075,0.0271955121742059,-0.00621919434925809,-0.0249926534491109,0.00448558443618485,0.00648110917730292,-0.00105031931678847
-0.00226279347688798,-0.0389957862350089,-0.0351418748397325,-0.0144971452688004,-0.00657599086451748,-0.0810387797353601,-0.00538536651546989,-0.00820060384737181,-0.00713795137372038
0.022315200118871,0.0150010468470507,0.0303439147487053,-0.00663827020175568,0.00334576804531162,0.0141235563537155,0.0113813737546961,0.0192923375710049,0.00413366767140062
0.00942735079268607,-0.0173631441746927,-0.0124632037611948,0.000485894276123822,-0.0161111115239928,-0.0169980132754205,-0.00541174359559459,-0.0054273489665744,-0.016473158015997
0.0241193080931583,0.039950895748485,0.0108457038646148,0.00524564851987189,0.00477598390474357,-0.0274093962936812,0.00866973925816386,0.00718359038941607,-0.00341507513674639
-0.0229669564805165,-0.0136615200431043,0.00672105224645554,0.00653904878324832,0.00786762829516992,0.00262222529894808,0.0373190433416136,-0.00338979235516166,-0.00174839837170807
0.00374758156772033,-0.0257429406026188,-0.0230687111312304,0.0139894303720518,0.00464132474048237,0.072319563474688,-0.00460164500711042,-0.0179774886536777,-0.0251041283178305
0.0344729722721086,0.037137753543206,0.0360212221000112,0.0354562251095258,0.00598952479829193,0.017294722367405,0.0120971905020499,0.0233576188138256,0.0226723020369717
-0.051285269390811,-0.0167811195954223,0.00398572119111731,-0.0131387171283934,-0.00533598743004954,-0.0177055984747168,-0.00670098323438428,-0.0241258349118883,-0.0276461813419516
0.0606842175731076,0.0130923525564344,0.0193583329836206,0.0176348122026387,-0.00228924342168845,0.0161788805756917,-0.00865723078027606,0.0104786114141521,0.0011113666335705
0.0541392486822237,-0.00130554047942839,0.00347437176437171,0.045201876990055,0.00198141694176321,0.0240349967306841,-0.0165101090337366,0.0311397611747126,-0.00693229526337737
-0.00156293363672822,0.0155262082489515,0.0119991209415411,0.0278513788821837,0.0125977303654742,0.0142794701809798,0.00869518540921229,0.0341401362319508,0.00891356344960049
-0.0204837197115353,-0.000147605788095277,-0.00749428689132531,-0.0118514735127342,0.00163940169757282,0.00046762964850759,-0.00811949427123757,-0.0125864112565203,-0.010979533920385
0.0259010462361069,0.0120765799462466,0.0113601344717835,0.0194337314448678,-0.00902995960032726,0.0467208726466248,0.0116985830037709,0.0201178496901604,0.0110525170532978
-0.0345562503498653,-0.0108031017718241,-0.0290488382121182,-0.0425504809056713,0.0258309656295494,-0.0647875570017663,0.00672797011452885,0.00272894715189166,-0.00091247348956878
-0.030487108845168,-0.0156757095796981,-0.0228678948053461,0.0218966174655522,-0.0172731458716213,-0.0366133342020765,-0.00575641141139892,-0.0163329479051281,-0.0232568932869786
-0.0173637653389088,0.00969794428622449,0.0179891867619265,-0.00186729714540126,0.00161430006707753,-0.0304637389791857,9.13879235770683e-05,-0.000592062926295679,-0.00464458965482302
-0.0423828557387267,-0.0184601959582715,0.0199802530970037,0.0310420023152998,0.00821968096643173,-0.0367257770173572,0.000599798879550621,0.0355789366894332,0.0162311808949862
0.0172636355111245,-0.0181987883581677,-0.0150855244990488,0.00385924885124205,-0.00476026816918411,-0.0194865951920223,0.00563481241118284,-0.0068211348977737,-0.00783845766176182
-0.0164442758870097,0.00514820968799164,-0.00323975163679717,0.0121566002690918,-0.00138945697053861,-0.0302511235751188,0.00511806937174836,0.00563549750323906,0.00656686117472293
0.0616751808796577,0.0466442639002109,0.0340748451780567,0.0235275345758713,0.01881857804992,0.0365963883098639,0.0153226296762267,0.00300707488555591,0.0364674946529285
0.0444676418066127,0.0195969545303705,0.022563480755829,0.0233991374785834,0.00896732516321799,0.00409996084213796,0.0109921024855758,0.0234226491146212,0.0133972865145133
-0.0123512695519785,0.0156926396896147,-0.0198558867906984,-0.0105475341137218,-0.0139731225642302,0.00788360416330117,-0.00417008693186602,0.0027950372455998,2.3054890128614e-05
0.0725633324881386,0.0608282726777822,0.0482926403982475,0.0582149348514639,0.00777310904959767,0.0818468418004706,0.0169734547666054,0.0233550643274376,0.0246462575265106
0.0536923209693776,-0.0156134046825581,0.009480957322501,-0.010892121821592,-0.00473354210853023,-0.0133686475814779,-0.00681858474308048,-0.0214950655386507,-0.0148474594125415
-0.133924643709746,-0.0656923812508664,-0.0504928131467093,-0.0426753792265793,-0.0320813284255416,-0.119378956409932,-0.0159792257100807,-0.0376148739181813,-0.0400712404030775
-0.0146591189617701,-0.00455640758561496,-0.0302543410524883,-0.0110215401291877,-0.00256997342179926,-0.0317924717347339,-0.0173564000783084,-0.00267033752639348,0.000800112851341349
0.00827169654453895,-0.0177697432466208,-0.042121390186309,-0.0147528648102054,0.00102365584539213,0.0131306810279999,-0.0236628239739907,-0.0114225297458802,0.00535863623610968
0.0227377182570331,0.00191667468335425,0.0236196431506567,0.0359210305248704,-0.00668034727594818,0.0632794670659358,0.00310764362935448,0.0219565741033943,0.000718559090280245
-0.00726868810086429,-0.00598309566831605,0.00378064650376774,-0.00177623537733431,-0.0131146476987101,-0.00309745569628447,-0.0252938321020817,0.0112433956930578,-0.0149812657733814
0.0247396934677358,-0.00773874010056652,0.00723344768413958,0.0158252498411229,-0.0156782369210182,-0.0448021102495646,0.00489119454999414,-0.00193620636961515,-0.0274017942640721
0.0053869070712235,-0.0133070278197543,-0.00936756867974081,0.0271815074600966,-0.00341661217363937,-0.00744148580911543,0.004729175522788,0.0257991896828841,-0.00191237381115694
0.0401145329129879,0.042307538165315,0.0431683758817237,0.0368712986941303,0.0318850971133319,0.0363721421441307,0.0243890067607828,0.0238163638809139,0.0395395450743104
0.00797194203568182,-0.014786804883316,-0.0342211426166746,0.00390750901798595,-0.00367401604323502,0.0026098128394184,-0.0189647623814308,0.00035078947084037,-0.00532274105696997
0.0530905862150076,-0.0426965842417366,-0.0180018096251567,0.0141283528150586,0.0044808855018765,-0.00397383989292598,0.00522140638057352,-0.0013087717857697,0.0168728506077023
-0.0128363566357419,-0.0128349337635487,-0.0395324944979313,-0.0211033581451789,0.00785124294500022,-0.0244775732393809,0.0123141089567412,-0.0127445631768676,-0.0150835739730769
0.0184534400739476,-0.00888612426387856,0.00372223054968482,-0.0126926029381193,-0.00644187041464192,0.0428131179818673,0.00196733228568277,0.00876536942337286,0.0145844754368114
0.0842120065067821,0.0226212057955016,-0.0204755629121066,0.0593584629623605,0.0113529454354692,0.054087250730888,-0.000637667516369023,0.0149887280082653,0.0172731586460069
0.0278221180788699,0.00681710729607413,-0.0111892152283782,0.0116296838024688,0.0147858564247181,0.0397348810723808,0.00739430349888464,0.00790224299720448,0.0139346222169638
-0.0478903807127454,-0.000761761800277918,-0.0108316097053909,-0.0266481586595317,-0.0106489724404434,-0.0642809598652648,0.00793170832993307,-0.0111657486584348,-0.0167407919323237
0.0142372158115747,-0.00545352039137481,0.0203267425202834,0.00204633974214496,-0.0214821954784854,-0.00724454635762915,-0.0105059801540937,0.0100176317273265,-0.01103155189721
0.0107074091801437,0.010391589957946,0.0163715664156264,0.00846927137468251,0.00592965390840894,0.0120713475846255,0.00571715160145529,-0.0177603776407649,-0.000127697647723568
0.00117807296117979,0.0202668330273832,0.0174388931836865,0.0755286351100351,0.010425431589232,0.0362358521555677,0.0192769717133152,0.0220207137135581,0.0260151859225502
-0.0465281527877802,-0.0226552354987903,-0.045207780988682,-0.027957029638486,-0.00165509171466191,-0.0269626653587415,0.00269946361119548,-0.00826875218110607,0.00727820502201624
0.0763280863612995,0.0224049793827358,0.0263389529229477,0.00217102930096178,0.00922671140578771,-0.00286241930335985,0.0317010875474672,0.00782234634587904,-0.0145747084430305
0.0467896425556567,-0.0048533791022072,0.0150091319211409,0.00291574419289956,0.00750124739292879,0.00593329182263808,0.0167100091934935,0.0113674832440031,0.00488373272223096
0.0137342172453067,0.00939814845625756,0.0135453240106024,-0.026053919567464,-0.00560140596419097,0.043020512133933,-0.0404792258008185,-0.00157546583905524,-0.0252876310088481
-0.0476093893287491,-0.036269671129698,-0.0285158535292482,-0.035341193151674,-0.0138131390433027,-0.0295202292198512,-0.00689498179627238,-0.0189802639868224,-0.0145564677998837
-0.0235794045542475,-0.024982267613932,0.0102714441868629,0.0126432690946532,0.00766513459736991,-0.0241437866531595,0.0184073436747946,0.0121239280740248,0.0177745370393231
-0.0207660935869361,0.00175208315468218,-0.0383420051787494,-0.00503880077517559,-0.00203411622537131,-0.0475224307003045,0.00679827933610336,-0.0136125188317477,-0.0265168482357112
0.0964526660103592,0.0654983708847718,0.0433203305225874,0.0341621053690741,0.00971150873419679,0.0516280188021831,0.0152778577339498,0.0272355375092357,0.0231951621898223
0.0494012605583726,0.00468702927051099,0.0152243913799676,0.010635918230602,-0.00800870352497061,0.0137873183233317,-0.0118967847056887,0.0152080933468378,0.00838364392700916
-0.0217834936619761,-0.0018167947479079,-0.0281265228148709,-0.019831321530649,-0.00998097029163223,-0.014775602262306,-0.00289803787748553,-0.0101880669672655,-0.0137531410624596
-0.0374944299772868,-0.043590755333719,-0.0302970641542739,0.0103603930325353,-0.0230141891357779,-0.0294846881921032,-0.0188415192916096,-0.0170515466077049,-0.0206912832420927
0.0401214494603329,0.00256643805117563,0.00132593529694479,-0.0173961961260554,0.00572726827260574,0.0124996422797943,-0.0111698540451334,-0.0020019403698614,0.0107121604241802
-0.0132023638550701,-0.0322432660399898,-0.0113828593488754,-0.00909401489315762,-0.00473133329740531,0.00286387928045679,0.00406067181449322,-1.86745626406491e-05,-0.0215018348834317
-0.0369355802454367,0.0221557841375945,-0.00426302940774549,-0.030572181178924,-0.0284186632675385,-0.0387940060178484,-0.0223768900683485,-0.0378697435107885,-0.0324287091788083
-0.0437546769199136,0.0170691826012897,0.00306590980495282,0.0147581625415726,0.00190744458786236,0.0416390553599872,0.0302742929291937,-0.0118029596649941,0.00477646860980697
-0.040687401088397,-0.00123520707285267,0.00994602112912436,-0.0135912076472143,-0.0224493797397523,-0.0315049119590085,-0.0316228831756952,-0.0304017632383757,-0.0240663425035295
0.0247565746640293,0.0413786357287844,0.0308553287859526,0.0797616465178545,0.00399308767058329,0.0212846064317917,0.0233758386846232,0.0333134154115987,0.0191699402375922
0.0625303259158887,0.00502835788834515,0.00778832142942435,0.0237882325439281,-0.00191906689059004,0.00936983599488406,0.00385913008498735,0.000712500932231196,0.0120756454954187
0.00261052229357466,0.00466892271557723,0.00228152741432703,0.01796660098772,0.000312535141687898,-0.0219286227659698,0.0083624635534807,0.00297857664041848,-0.00882434774266366
-0.037213327439218,-0.0142515579381789,0.00937786933297567,-0.0298833594536784,-0.0051458541637829,-0.0311934787180363,-0.0279875431840144,-0.0252164094468027,-0.00953946999320154
-0.0428955877443917,0.00228696650995899,-0.0119974855370177,-0.0168073545453171,0.00336176489438432,-0.00045999002321002,0.000215587074862582,0.00403526523934329,0.00395471273727176
0.0385124837175927,-0.0596120589118225,0.0136218838834622,0.0332316786655758,0.00781906551839423,0.0108799225638271,0.00778185185623342,-0.00365877013739082,0.0120302409845666
-0.0578100098862201,-0.0179214418418913,-0.0290003838530568,-0.0117585723564279,-0.0182277665674142,-0.0572579902156083,-0.00255365986840058,-0.0199289184758305,-0.0341650174303434
0.0507574214042648,-0.00114868759363103,0.00438254992311183,0.041867104570784,-0.0184121593355517,0.0505205842994421,0.0031649502267689,0.0127295360482709,-0.027665104262159
0.0701185708092723,-0.0137837584884702,0.00296326576264341,0.00976536166215258,0.00284975192876283,-0.00829642097221452,0.00887348574761665,0.012930801937524,0.00310892227960249
-0.0093359160241951,-0.0088480653147229,-0.00298009205664028,0.00566375679580073,-0.0117508038210123,-0.00529916098102418,-0.00572096056260903,-0.00594547492677772,0.00276466904785338
-0.017874603182367,-0.0294031894989933,-0.00554719310262644,0.0239277649182464,-0.00145374689080506,0.00980724402856811,0.00241943914161401,-0.00139651229383149,-0.01346307903509
0.0422750439971683,0.0379512494370891,0.0359255170191746,-0.00451228454061163,-0.0172408234277695,0.0571961211459028,-0.0232825103749572,-0.00300059988038086,-0.0111316679255188
0.0325775188736208,0.0179758229168204,0.0328597783730758,0.0348137667378629,0.00223834139086575,-0.0253046750428527,0.00901656432474726,-0.013524481067689,0.00390530523311738
0.0758976714181755,0.0481273266616599,0.0541508556104818,0.0201516493934379,0.00736573217790559,0.0688193795853424,0.00786401141819484,-0.00500992783729108,0.00750219147323223
0.0485228054658838,0.00062460808086086,0.00507491154398177,0.0174937608235596,0.0220163361703361,0.0542946988142513,0.00537458807788887,0.0112897774069164,0.0131859205428634
0.00912284631882265,0.0517612631240614,-0.000786385936451263,0.0852580673791341,0.0295885835996322,0.00755286111594188,0.0590356976781462,0.0447029428512385,0.0432778466520679
-0.00539728993614312,0.00553109061978403,-0.0131617980928351,0.00401655712576167,0.00906268785701889,0.0215573395387133,0.0137590481983829,-0.00863697704243911,0.00350925689572289
0.0388844936972837,-0.0470697912413893,0.00359408850717426,0.0102759321515621,-0.0250802936048253,0.0321278124983864,-0.0132051234868379,-0.025076542482473,-0.0202046343757479
-0.0239866946424081,-0.0297895713161777,-0.00487368744697733,-0.00591612726260408,-0.0251433098624171,-0.00477910920864461,-0.0136629877398537,-0.0122675783795487,-0.0268071466784298
0.0104361044686024,0.00540682419115179,0.0334602363041389,0.0142534143644618,-0.0058783873807573,0.0168961991978683,-0.0163018519389683,0.000628135287299322,-0.0106599556093094
-0.0217501310006705,-0.00336219438061232,-0.0333616032027146,0.00391004358832769,-0.00305187439922877,-0.0103569618568418,0.00347797610382422,-0.00770335346253298,-0.00476629822679545
-0.000370927747365337,-0.0154330847203009,-0.011595366971796,0.0031534711036726,0.00948444897009133,0.00112849267141011,0.00618268498630363,0.00103151518263906,-0.0203020093456097
-0.0099922524572385,0.00959083691564329,0.00140903747175071,-0.0199279148680923,-0.0032608920722792,0.0142924939481831,0.00923385995333795,-0.00288261702301134,-0.00156347466623838
0.00991808492896185,0.00937343503865035,0.00388809594826425,0.013395459711017,0.00407513888621401,0.0112675456112756,0.0247106445790976,0.0113929512218618,0.00644220603597969
0.00113252518574294,-0.0238172698045626,0.00825706247816499,-0.0182826774270474,-0.0135700146171905,0.00735011360926181,-0.0307368866914438,0.00251947827963868,-0.0143483859090114
-0.0226437489097287,0.00207225666707455,-0.00333069392121157,-0.00527521776363762,0.0109157336152842,0.0262370870526891,0.00231498821808516,-0.00688396398068788,0.00430208205887012
-0.0428620171332948,-0.00115682786290587,0.00919187536709514,-0.0288420808959114,-0.0135309524466832,-0.00677145513614595,-0.014829255792391,-0.037718980618392,-0.0233047893098751
0.0959830383192363,-0.01071869289119,0.00636521805811042,-0.0153674914823847,-0.00503197747899849,0.0521451666618295,-0.0190806635730876,-0.00464806610292985,-0.013302074672237
-0.00930151012342548,-0.0240433924475043,-0.0494017778140359,-0.0190009723265642,-0.00210738788059591,-0.0337295400663142,-0.0364774683224952,-0.0109718402031175,0.0171949178510701
0.0212083700407948,-0.0165675958910701,-0.00406744558936471,0.0300941089840133,-0.00885242370426339,0.0335492702936169,0.00645860567884967,0.00398662500607406,-0.000146605528516301
-0.00991203208994426,0.0103279333783364,0.00439880244216612,-0.0383258098722925,-0.0028480837245025,0.000902626324696926,-0.00826626701752549,-0.0087804690523563,-0.00132443297939675
-0.123162381487519,-0.0598731375610572,-0.010857644851862,-0.072851061808169,-0.00984842673206009,-0.172270928700338,-0.00812346468825111,-0.0117173841306976,-0.0183591512525642
-0.00964818359116138,0.0174007957879325,0.00365207679051989,0.0132538994580461,-0.0224513028569471,0.00342781514967047,-0.00292832697062309,-0.0035082353439276,-0.0286056223852911
0.0198345853119545,0.019898131177192,0.00742488667081056,0.00623354097642458,-0.0012230785443806,-5.43950354834569e-05,0.00230731372771885,-0.0134763375437793,0.00894151783411974
0.017933870977813,-0.0104195462929494,-0.0155217120377311,0.0254935119371128,0.00328706478735418,0.0410538112040432,0.00710687212801115,0.0176376815533019,0.0132252067123818
0.0732880275792362,0.0148169281309515,0.0133371192206453,0.0329020029721391,0.00618473637552015,0.0657786927419711,0.03475916828416,0.0218299479834892,0.0443664491296137
-0.0265398136222282,-0.0202417732093867,-0.0195516853039401,-0.0430541841077129,-0.00117229913701593,-0.0267709818268311,0.00695443803659568,-0.00695299175585956,-0.00158962995038077
0.0199517807646227,-0.00202219394550341,-0.00647099678053603,-0.00547266414884825,-0.00597389553332449,0.0572845566450572,-0.00876846234746206,0.0206829782766193,-0.0148699373007164
-0.00245526128525737,-0.0054339352111682,0.0114236050753138,-0.00260655096511681,0.00646879351156606,-0.024772475757455,0.000100703007127329,-0.00030634628996402,-0.00634546759834852
-0.0494421084179937,-0.0461142443672796,-0.0217801819375395,-0.0057921343046356,-0.0178873958744393,-0.0467672575817881,-0.0216040805370912,-0.0103062103943889,0.00750187361620502
-0.0193083062205013,0.0127776403802901,-0.0207796206868868,0.0119599250610395,0.00477296092381493,0.0469602710321567,0.0214890303864569,0.00871903869089305,0.0181223473763434
-0.0530187521137744,0.00813343234101216,-0.0139109290128051,-0.0347610374648854,-0.00451738982446411,-0.0403644478181936,-0.0239539032692451,-0.0223742942066849,-0.00989155714013966
-0.0675428574319304,-0.0366389316449084,-0.0655935947361585,-0.0374837452276797,-0.00707406337597785,-0.0250196357196151,-0.00729408059393538,-0.0159460473141579,-0.0134354864477017
-0.0462825809810077,-0.00831837256522623,-0.00559227394023807,-0.00643316339313815,-0.00797189519851644,-0.00611369290225738,-0.00333394541159207,-0.000603587165986093,-0.00526856463002707
0.0142067140206435,-0.0225844537339298,-0.0216765549071199,-0.0112120550857597,0.00199289859947273,0.0152954517724508,-0.00397776176718061,-0.0124940251490212,0.00529951582145071
-0.0698717750556719,-0.035699429411922,-0.0454017968104198,-0.0386731340771143,-0.0243075476984738,-0.0830260381865893,-0.0315519201414903,-0.0045496809020463,-0.0283425803019288
-0.0193472860936232,-0.00686114389145343,-0.0110939845104146,0.0193935443453366,0.00143481495736592,-0.00983674246698755,0.0143684064529038,-0.00123021409150262,0.00140225046738123
0.124071776246202,0.0407902109743341,0.0316890555941307,0.0163879077710678,0.0133087915148672,-0.080129563604146,-0.000422035072763822,0.0247048578895484,0.035639448466397
0.0433228796476778,-0.00488544888676933,-0.00767480882413765,-0.00149645286851731,0.0067972533759983,0.036764386388551,0.00722095650975497,0.0172438770903642,0.012188112901237
-0.0157357258716892,-0.0393255719115067,-0.0229556597960295,0.0111840890294873,-0.00583112517592275,0.0216149080041927,0.0060956833334414,-0.0123385534254296,0.00101226257335731
-0.00347611727571512,0.0162233233132593,-0.00365415549421598,0.00304719300645534,-0.00505280256959417,-0.00795955884932875,-0.0108754762607881,0.00131518519085115,-0.00216565897005673
-0.053174779819925,-0.00603980840007099,-0.0340211842923775,-0.0352741993223444,0.00203751399051063,-0.0713036332422027,-0.0166512541435769,-0.00212193164740273,0.000589411930100281
-0.0376106251314428,-0.00328809885309701,0.0188976763099794,0.0044926123153574,-0.00300038086428156,-0.0242651780610553,-0.00228084552007257,0.000975121087222465,0.00122080070822116
0.0197146777695489,0.00876056228857885,-0.00203098332596543,0.00470229238895336,0.00315219407074681,0.0017160221043526,0.0121364197837121,0.0292546353784857,0.00799040747687522
-0.0565147964659792,-0.0211769276129547,-0.0112486055845849,-0.0467372324101539,0.00530081763828903,-0.0291844915118941,-0.0138965050978385,-0.0224339428934487,0.00672079774941261
-0.0334932734064169,-0.00723878770196734,0.00569656391180453,-0.00926183156795939,-0.0129247417163559,-0.0253682730571423,0.00177356365662409,-0.0103141221743253,-0.0236761183539417
-0.0313558830136398,-0.00127009303913648,-0.0456875228151371,-0.0172639057782607,0.0129750353054962,-0.0512560209699793,-0.00105404748417493,-0.0062606782484002,0.000121616350325041
0.0261599030381116,0.00944848543537128,-0.00104529655594923,0.0391249793355139,0.00784921508500581,0.00188432557125434,0.0083568098006581,0.00827452350818209,0.0196116231587335
0.033078436304885,-0.00936505541550018,-0.00641112316786158,0.0134586222597464,0.0262679143562412,0.0291095449169345,0.0403009173054594,0.0224264425843238,0.0245763476572991
-0.0018749919044105,0.00166186889260004,0.0117949023272088,0.00266219669174277,-0.00650324869467827,-0.00931480563286471,-0.00076238473541375,0.00299531213727782,0.00305467415522153
-0.047296769875105,-0.0287501911877805,-0.00323510348398742,-0.0214282320181335,-0.00758115764016767,-0.0586977570789615,-0.0264470443452897,0.00673244118821245,-0.0116755990974914
-0.0113338987019589,0.0274319547617081,0.00197435214625619,-0.0107693710718016,-0.0179110147184637,-0.0259565384442019,-0.00749627398654012,0.0120926678663363,0.00913372226643581
-0.0299929724156419,0.00727174836986063,-0.0155841528467027,-0.00617810653281302,0.00768599963803005,-0.00222081659971231,-0.000501925342824403,0.00883750486295417,-0.00972529729269766
0.0996329916079044,0.0417851911133796,0.0425009832156116,0.00762899566345259,0.006793492844331,0.0703920657107332,0.0202378286397908,0.0188677203270992,0.0125185983966633
0.0508375253223217,0.0376969765888764,0.0220513620646065,0.0285571173896664,0.00960270449475183,0.0766798893475912,0.021677482451016,0.0207254711702166,0.0373661135318047
-0.0156231096075764,0.0364013907269367,0.0164864875594177,0.0130546956129837,0.00706176068546994,-0.0360395161784386,-0.00449465116600191,-0.00725625201069722,-0.00877048119062104
-0.0301812611265469,-0.0313974931801317,-0.0176426051146464,-0.00211166180745984,-0.0132246915298984,-0.0360450187870995,-0.00788353277399386,-0.0159648562064488,-0.0128793106281254
0.0221001125296336,-0.00514605587185932,-0.0207002614962685,-0.0123700739915688,-0.00599667771871165,-0.00568035222401272,0.00143196583730872,-0.0230061633373531,-0.0134270371517351
0.0162516702803986,0.033049891898489,0.0421265540788728,0.031373735057066,0.000759407613494343,0.00728493162381694,-0.00378848384473182,-0.00018677198236636,-0.0148669619384666
0.0470246861291777,0.0223017195666153,0.0218983257429978,0.00335296485093268,-0.00267366555074302,0.0153438099498528,0.0194576208217207,0.0135339234541278,0.0209308160356954
0.0301955598822533,0.0462920003766823,0.02736411771255,0.0476559641938833,0.0211481000207063,0.0709081963306131,0.0241796327666033,0.0193022273304526,0.0317050599778202
0.0375455571915213,0.0342291198889944,0.0429297542748868,0.0525924669773067,0.00598379939571047,0.0479233061521806,0.00584662536218187,0.0204983314673644,0.0344465041655313
0.0770849025093188,0.0270812776632956,0.0495470405640427,0.0206493547249913,0.01034481973839,0.091577646307741,0.00973831364927525,-0.00817894121256462,0.0231902409559346
-0.0215499313417117,-0.0384096107520823,-0.0294047405520084,0.00436044684194718,-0.00678155033727558,-0.00959877640846142,-0.000403424580428961,-0.0233186645396737,-0.0148596921309934
0.022660704044771,0.00385016766969599,-0.0207157421953106,0.0214232990984321,-0.0162713527519741,0.0400925425670491,-0.012047646259227,-0.000609325845208698,0.0137960471811597
-0.0150283008749646,0.00420539219300945,-0.0246731304501756,-0.0116872646823041,-0.00103764661087608,-0.0122792942303541,-0.000513553399413736,0.00635888755381503,0.0229989596666592
-0.0109408913082239,0.0174427651390477,0.0178915264725596,0.0190633140211377,0.018830079634545,-0.00462794129308593,0.0152232826215631,0.0156541530964923,0.013984797746767
-0.0411039558993118,-0.0384068158136576,-0.0162507323364721,-0.0260878629731431,-0.015201299282204,-0.0375940065256125,-0.0185215094600128,-0.00371031447337398,-0.00855886160546144
-0.0002629312265634,0.0298274508851937,0.0150925923741936,-0.0250952751741488,-0.0187566699072932,-0.00425752721678082,-0.000787032563250457,-0.0199632723850584,-0.0127060383837563
0.0325543066571199,0.00968450394298189,0.00140798800225126,0.0031938669882008,-0.00794693780016377,0.013723802822186,-0.000757168772832873,0.0204307844651273,-0.000180250076408705
-0.0154808763204688,-0.00912219341461331,-0.00969852337332456,-0.00290437031724271,-0.0233341572202246,-0.0423203521474754,-0.0214981383037366,-0.0410262039402766,-0.0411950185229421
-0.0740829116369953,-0.0137772516117277,-0.0302057284309961,-0.0164431633395899,-0.0142827351243124,-0.0500039941836688,-0.0175793385589961,0.00212054273354604,-0.0153666423155898
0.034237161528076,0.0131104745753108,0.00269851452416723,0.0370456808365556,0.0325962199811424,0.0184030584550404,0.0222029857984987,0.0307315973066622,0.0380857657732163
-0.089796693675005,-0.035994626376948,-0.0719179449691178,-0.0635512747532216,-0.0208276207273789,-0.104847629977075,-0.0173428322484369,-0.0197741899144932,-0.0129019834765458
0.0979909769046568,0.0180123276334876,-0.00431977825756049,0.00468831228839109,-0.00799469595962777,0.0729961671597849,-0.01236831873034,-0.00561578132072814,0.000961234901658989
0.094468766266742,-0.00146289633466511,0.0067873050934913,-0.000112994575088491,0.00154562551725697,-0.019106831929977,0.012586542682915,-0.000405659563194756,0.0210231667976666
-0.0667353163225093,-0.0613561688062864,-0.0727608465222228,-0.0296526132145494,-0.0334778137041469,-0.0492787678600403,-0.00836493610964923,-0.0403678742679989,-0.052526670396114
-0.074202058936148,-0.00361494906977127,0.00477092653971442,-0.011233528981245,-0.0244099820433495,-0.125853948842765,-0.0351123438304802,-0.00739071899381838,-0.0380924749697868
-0.0805854536506583,0.00806298929295717,-0.0217746073126339,-0.0517077393172886,-0.000847810961581899,-0.106204080474705,0.0120964384823911,-0.0272589421305348,-0.0171500254192541
-0.0406598314740881,0.00150630906174854,0.00195740150139524,0.0298078024064883,0.00883535464584113,-0.031942269090757,0.0115533740956065,0.0378028091467216,0.00504336352747882
-0.0160102194409744,-0.0273750819618403,-0.00884650965509878,-0.0149070193396443,-0.0152726776325904,-0.0407743367801878,-0.0294056656469092,-0.0340597129809684,-0.0131513334523743
0.00808909576926125,0.0289962619439759,0.021033237656285,0.0123668318590238,0.00876686977427762,0.00442746107984721,-0.000930851652639936,0.0021749220773698,0.00412853977639723
0.0760090614102143,0.0283469010789541,0.0338695874158996,0.0143365055240408,-0.00557787862264746,0.025255350525921,0.00511290930828406,0.0123811071125964,0.00709926559782605
0.00245006127873537,0.00976020552859918,0.0107708797085316,-0.00408436980305075,0.0044776800494434,-0.0230889926500721,0.0100987355738892,0.000277656508805992,-0.00334041283571274
0.00226884249224896,0.0234279829741753,-0.018474813861741,-0.00192896328971718,0.0191187120620122,0.0276326278057299,0.00985145061721651,0.0133079661177585,0.020992016897313
0.0826465155588865,0.0435228478819116,0.0333504533908843,0.0359411628867453,0.00402380181104324,0.0349000791634869,0.00122363369502946,-0.00716048581657707,-0.000771518423110551
-0.0763757367233656,0.0137972193987779,-0.0325833880884598,-0.0439810108605955,-0.00739122920472155,-0.0660886126535438,-0.000468938164775262,-0.00228667217891504,-0.0225146553612945
-0.037913870806606,0.0159270904828517,0.00840005248540512,-0.00088064944914059,-0.00291467972308187,-0.0141313087444156,-0.000920115399898836,0.0156094776994339,-0.00345971216294336
-0.00479362339184859,0.0236556454106196,0.0155538713480315,0.0127686262803487,0.00905181499223221,0.0301352220221221,0.00333566208818767,-0.0323539903233126,0.00830795208423093
-0.00808283394562263,0.0196475249914742,0.00425627809982547,0.00608938991728295,0.0134462613233588,-0.0472494645141404,0.0269498159303874,0.00198506605781251,0.0206596277779742
-0.0686321911285629,-0.0298596587660162,-0.039596151937572,-0.0230481141568583,-0.00121864467994071,0.0667628193238018,0.00600855395809847,-0.0345814677884878,-0.0132184404259325
0.0531756804674503,0.0266428357848706,0.0146889392822765,-0.0146357669450547,0.00934430142784826,0.041743103945978,-0.0269708423871822,0.0201685450999755,-0.00256218070736812
-0.0548760444911114,-0.0100776643259999,-0.0154697580929397,5.67511530596643e-05,-0.00101604619651774,-0.00697986268345431,0.00648697695531058,0.0181296923577065,-0.00426899251336108
-0.0488113390000448,-0.0332806313894267,-0.0210763427048966,-0.0465366746456905,-0.00359139569932516,-0.0717498342934168,-0.0367419288878855,-0.0220061707681009,-0.0188768899522698
-0.0129549881034254,0.0054459557430018,-0.00923778107277285,0.00377297754094649,0.00175930721951167,-0.0206636975635332,-0.0105460669636659,-0.0250814056811116,-0.0123227173337827
0.081194837315929,0.000446926222530644,0.00489807600495454,0.0362465331442851,0.0106648167139695,0.00890119316141835,0.000457112521693244,0.0199153081951921,0.0301109902893858
0.0123327130277437,0.0176098618175683,-0.000692364457518776,-0.00193610305460438,-0.0176484136034458,-0.0326098931937488,-0.00422010340123575,0.00264219947273727,-0.00686413761025294
0.0987602097485143,0.0293128429457933,0.0180158344456328,-0.00296334210950164,0.0226648031786771,0.0584299131950103,0.0254345195652051,0.0204383078634763,0.0289383173760062
-0.0300440992946136,-0.0154008619603493,-0.00811214871100989,-0.00969025549491164,-0.0163472220241,-0.0502075232913812,-0.0196142158161771,-0.00652103300994321,-0.00889387712635355
-0.0214970039596576,-0.00420465251840277,-0.00605552952791544,0.00835888288639621,-0.0134167788800266,0.00280421606211173,-0.0326515304982645,-0.00135452867506224,-0.014648303434596
0.0613867103220834,0.0405331729555852,0.0302184031044449,0.047881828990857,0.0101423037539587,0.0531794841336819,0.0157711896204681,0.0257838165257108,0.0133579753978316
0.00411412685290539,-0.00677144114582346,0.000400942743188927,0.00731954862128337,-0.015723684887904,0.00361926622059172,-0.00278166101458886,-0.0171083909882265,-0.0141627317982276
-0.0476755820170469,-0.0424371292556553,-0.0399507491316187,-0.041415777677937,0.0154412348675598,-0.0414367988787365,-0.0069177825855866,-0.037947002268975,-0.00378365335307038
0.0103066854785333,-0.0227989663670535,-0.0198681306398661,-0.00783865127443814,-0.0104074080845106,0.00186689686807028,-0.00776945613329567,0.0016484983425292,-0.0125759524532681
0.00508691091948404,0.0124854933663292,-0.0183058640331785,0.000621570810201384,0.00826058518650144,-0.0213385623501698,4.40125496033786e-05,0.00373454048043586,0.0108081699038429
0.00093489655214517,0.0200794681389076,0.0375379157031579,-0.0190918709768844,-0.011175078157862,0.00286320358568174,-0.0297471952130362,-0.0153099476629424,-0.0184714965769878
-0.00353889753968307,-0.00349131996936265,-0.00133918459453029,-0.000685820860889872,0.000631376665245672,0.00120807558371655,0.0022715169401164,0.00527189297025345,-0.0050587020851613
-0.049721315203001,-0.00609158121769442,0.0130000000969565,-0.0489887806667387,-0.0311857134555348,-0.088352582317958,-0.050718780748542,-0.0353558650801517,-0.0414443439481488
0.0462955473923247,0.010837138588258,-0.00290805806629128,0.0243401888232126,0.00376056432411436,0.0310420852683943,0.0129768514632312,0.0304918160742694,0.0116072131340063
-0.0374763274194365,-0.03169021018278,-0.0307189413944113,0.0240682594773687,-0.0186043968392927,-0.0743694556017802,-0.00393170378829069,0.010684989332938,-0.0118891239858379
0.0132002245349573,-0.0209177426966897,-0.00925940001694155,0.00939347172246898,-0.0028493273621427,0.0121302289005082,-0.00338542034027087,-0.0285318139380406,-0.00372303641288183
0.0205053400851749,0.0198121989111712,0.00511752866251206,0.0500530781355029,0.00713057616582215,0.028266434745773,0.0106882986631198,0.0252424907749021,0.0234371815849277
-0.0177189357167996,-0.0407947479905193,-0.0229175654872633,-0.0122888390348933,-0.0267645844835776,-2.94075929116967e-05,0.00136085679309794,-0.0174941790986271,-0.0308663453204149
0.0030126586994662,-0.0249926516284209,-0.0379831601148039,-0.0230030457933181,-0.0193894226085877,0.0109798119327395,-0.0231624516149897,-0.00391515318419984,-0.00466601595328267
0.0338363568043774,0.0195838536137207,0.0206371674743538,0.00557564606229999,0.0230369068433848,-0.00015053579110613,0.0305382566972949,0.0466347940184363,0.0316263094332187
-0.0180691470985014,0.00705166184720267,0.0197574614587415,0.00295819647563465,-0.0109312253823118,-0.0420186651135038,-0.00297859571086579,-0.00168569149282076,-0.0115255795746895
0.00169603798786756,-0.00221708712374309,0.00971078457670352,0.00541150073414551,0.00692687295958346,-0.000771546786976452,0.0183170333931674,0.00630768607626079,0.0388679543771175
0.0180085665545138,0.00805844260212232,0.0279034571470042,0.0164434697308315,0.00833353701484712,-0.00856369400345816,0.0019249510128681,-0.00324494967819065,0.0206121012696198
-0.077636153832243,-0.0290842745427184,-0.0368527138939893,-0.0251378124249773,-0.00849574199659122,0.0441407239295536,-0.00125451263803056,-0.0115287724836457,-0.030661487214907
0.0240815763277414,0.0267825536708042,0.00982428778350878,0.0417171562247544,0.0048214058631591,0.0219814834245625,0.0178366297984688,0.0191160088523308,0.0190420697773332
-0.0197604639562477,-0.016751123976155,-0.00872314671715374,-0.0175928789869451,0.00164545642923923,-0.0253872606915764,-0.0179226029865243,-0.00230143072096238,-0.0196673302611594
-0.0625321034683804,-0.0200082834265899,0.012282808843456,0.0204393283913611,-0.005042210955176,-0.0449758871407089,-0.0167596935851854,0.0137923911075834,0.00452575302857502
0.0133841547209988,-0.0116501737822461,-0.00747749452067227,-0.0230040571368184,-0.012891544078181,0.00355737426559152,-0.00177755349658755,-0.0227624899780134,-0.0131462079275358
0.0434462144426831,0.00887130382061972,0.00913036567548538,0.0225389066527429,-0.00544898624604217,-0.00898423806191294,-0.00888500687549585,0.0157170270414925,-0.00565242245945104
0.0917971927184553,0.0472383132587235,0.0299893700521595,0.0266441622263454,0.0117988793405232,0.0705819138484874,0.00207366345468893,0.0221836480410957,0.0201016890398109
0.0286332843130859,0.0323695327195259,0.00827769198857956,0.0624809991001482,0.00565621598529586,0.0487385755849277,0.0178510791815348,0.00562618061999431,0.00765690925718594
0.0484547473193962,0.0154464034372648,0.00239730724912366,0.00655319345241798,0.000710007127356007,-0.0541266546060439,0.0117835779448974,0.040093106135819,0.00815132872058805
-0.0467796419000532,-0.0375653365042683,-0.0140794572622795,-0.00930630396122862,0.00116889001574213,-0.0673334372947175,0.00593816268975667,-0.00536664075392628,-0.00642584483570669
-0.013566147290019,0.0151612904461852,0.031363319897917,0.024258294786997,0.017867150425747,-0.0161225991176248,0.0103519839403022,0.00982090509055062,0.00818377730413736
-0.00468894869437058,-0.0104076460212471,-0.0124259629613089,0.0481916646725547,0.00543335351801919,-0.0165554003888721,0.0105876987833157,0.0403707114661266,0.0107709945575683
0.00483971321438472,-0.00168435460527884,-0.00865101437173989,0.00589148753487594,0.00856893535852975,-0.0483663183147107,0.0145521724316028,0.0191689058762951,0.014824974269631
-0.0565167736303433,-0.056350462450675,-0.0060117403344842,0.027928081789895,-0.0210872111993301,-0.0281480976938544,-0.0136581724898667,-0.00828300959891245,-0.016204152828309
0.00679976375624609,-0.0140902788186661,-0.00608726187679943,0.00796442138891993,-0.0052853616683371,0.0418339305337831,0.00827030090886485,-0.00883852591581025,0.0120658829465089
-0.047734985112478,-0.0380300968915319,-0.050166542169462,-0.0301701051768557,0.00255384290470474,-0.0621529029032677,0.00126254158997267,-0.00511218696440306,-0.00568316501225254
-0.00800126108197907,0.0212547283617864,0.0242419889638516,0.0106059998798456,-0.000320067885718248,-0.0095544342695016,0.00520508370275049,0.0255332927777721,0.0106885527130267
0.0613074711364382,0.0388451697454308,0.0350858863923809,0.0476818206975351,0.0244571917150356,0.0686929234566005,-0.0201368288068289,0.013047997134183,0.0369717472312995
0.0371215984275907,0.029271063545389,0.00328739447239179,0.0224840494580447,-0.000395057328235588,0.0412143789560854,-0.000737804084660737,0.014572772572058,0.0143267646952328
0.0264057024843901,0.0159227831322135,0.0188584608898945,0.0167946157370561,-0.0107463929661929,0.0119950679794823,-0.0395930665375148,0.000199068691203364,-0.0161503351227589
0.0579969092933252,0.050699690740084,0.0296714742228113,0.0737228379579964,0.0156988670800057,0.0111560658961961,0.0111079083840098,0.0230075031084565,0.0296916400335606
0.0139136075914671,0.0232205585609142,0.0302999191787071,0.037755226667998,0.0173383710928572,0.0182826146210472,0.0162242946302417,0.0211293509872992,0.0249867475867596
-0.0463519845525288,-0.00729860350941457,-0.0297027528576201,-0.00602159575857909,-0.000648915887606816,-0.0587392732213735,0.0134142943856815,-0.00273875725585848,-0.0156682024064722
0.0535134164352194,-0.000501667950947945,-0.0143226888738464,0.0122958118848966,0.00484622697117461,0.0405450275808804,0.0160281011601386,0.019772187708095,-0.00388005763393049
-0.0736785402549725,-0.00523027854559933,-0.035614198091215,-0.0290197683509665,0.00678693383462767,-0.0950770213297453,-0.00448788402241702,-0.0151511582136131,0.0065692361741924
0.00282712030976585,0.00890699288048849,-0.00465746987727043,0.0270556851814483,0.00527905115246974,0.00556480781383371,-0.0116422271607703,-0.00182822821758571,0.0211216014225283
-0.00745452753784969,0.0146222507246819,0.0259985718848794,0.0210728769961571,-0.00761013737695541,-0.00581112731799914,0.0245437037868956,0.00481017856535365,0.000301568094029096
-0.0138529936075362,-0.0135747445532109,-0.0185396112105346,-0.0350524160822071,-0.0114242272477024,-0.0319737625121798,-0.00738715912940131,-0.0102748812144539,-0.0107341843540334
0.0398502944705258,0.0182657698350112,0.00927790854101732,0.019385653971715,0.000660903193064704,0.00684334453659897,0.0194167395510828,0.00343686200982198,0.00919226356566051
0.0868991736406841,0.0624041289290694,0.0468713340572514,0.0430076188344369,0.00986597380713464,0.0918418658088544,0.013766153481653,0.0404677595606761,0.0184568832015266
0.0039553708338189,0.00836963864499122,-0.0184997746603718,0.0170198875846411,0.023904463691133,0.0394016546038205,0.0309911967154587,0.0175087858103489,0.0351661088730167
0.0218163299191174,0.043742696069453,0.00904895865722341,0.00170919217204219,0.00163033284785564,0.0292295639934661,-0.0149390022921084,0.0130115420711525,-8.07872771284604e-05
-0.0797641559515673,-0.0361910039447621,-0.0233331982900587,-0.00496603450226577,0.00517213363805769,-0.0213817300565926,0.00116782302095421,0.00432980774649853,0.00129031130689836
0.0193022931435979,0.0183514976028429,-0.00764766355412978,0.0467288809827625,-0.00240018004674229,0.0268615455795173,0.00917122571999754,0.00961894284191609,0.0129450159808989
0.0466847665069171,0.0473278169841095,0.0218349508244078,0.00972078807945469,0.00492897730914027,0.0881019196373947,-0.0106455622706684,-0.00775690703424128,-0.000530716659210725
0.0413303392391821,0.0233347799829722,0.00166052520611813,0.046979250003133,0.00324263338634208,-0.0165868348781367,-0.00392069899906408,0.00861469475020843,0.00598263101036105
0.00760699222781383,0.0141569197067928,-0.000724383552570818,0.0150215416114123,0.00498579609064886,-0.0161631827455339,0.0109327878668274,0.0317008117716205,0.00143777283397725
-0.0691620458900461,-0.0281862019891449,-0.0264784648469379,-0.0402338567108298,-0.00700254900656089,-0.0157540250461363,-0.00378641660040432,-0.0166532312272287,-0.00677600542463888
0.025125743592687,0.00484262745939316,0.0163713308086484,-0.00562627702315056,0.00246547468523246,-0.0103010124954932,0.00143611168349742,0.00401063199844174,-0.000929830961832816
-0.0290863668263236,0.0146884924435041,0.0284474986201673,-0.0534817069227439,-0.0171485737350709,-0.0475229083531736,0.0115780923452874,-0.0161149042161399,-0.0309671406923444
0.00015251600438131,-0.00834233914044856,-0.0210630172349058,-0.0252911611954111,-0.00868339024453629,0.00406349469267039,-0.0217372196466191,0.00406373935389071,-0.0135381737044544
-0.0154079935649356,-0.0306157534511912,-0.0102140728991403,-0.00849069183096925,0.00310613844233501,0.00264077727806377,-0.0134520077411512,-0.014273034183747,-0.0232266544046886
0.0276730967621238,0.0329549170551768,0.0227223055812891,0.0333961492379318,0.0183524985437646,0.0159066470235167,0.0110689066100244,0.00706344284291206,0.00851212086126435
-0.0316580558160193,-0.00541894482483047,0.00443743659643654,-0.0100636990278921,0.00293267492487664,-0.0236238758671281,-0.00620802050188439,-0.0071717018392329,-0.00609901337873709
-0.0300340810249097,0.0113953925716441,0.00024586194039162,-0.000192193767673805,0.0172262653621344,-0.0299970634708557,-0.00443419777140759,-0.0143586495520252,0.0179385645406864
-0.0375734219032417,-0.0328211415915149,-0.00973557914775,-0.00880654334060459,-0.00459518562065131,-0.0801170515304791,-0.0198531558638427,-0.0115960795776346,-0.0200763284888121
-0.0168986947650489,-0.0133856497171504,-0.0290737248156771,-0.0175869865780134,-0.000825966909666858,0.0130698127000466,-0.000652996200867485,0.00149039721389053,-0.00506009942247763
-0.114622062696744,-0.0643842971654311,-0.0662721454061839,-0.0638165561042898,-0.013393325137115,-0.0902381322148468,-0.0184508745142803,-0.0343423991555429,-0.0520262684795445
0.0136128172390355,-0.0162998508980145,-0.0152161381746022,0.00987170401227621,-0.00322600950633279,0.0171127355769811,-0.000345716741822326,0.0129788893067893,0.0109567151272485
-0.118050946959512,-0.0465758403997053,-0.0441042358087604,-0.0477051537497738,-0.0200112770779917,-0.101807442212167,-0.0207721418615111,-0.0372193297919071,-0.0375296411303639
-0.0228045385174188,-0.00186232900317147,-0.0112711757827937,0.00765684290731115,-0.000388429086005644,0.0248590672150176,0.0091425089138101,-0.0317962523254333,-0.0185241501143997
0.0758358717975591,0.0314048580710731,0.0155407745944604,0.0326079751557479,0.0242815260838397,0.0873351601480572,0.0263846320378043,0.0515799173861904,0.0231572292399665
0.0831131105354725,-0.0297734737306626,0.034379047483118,0.0406548185289888,-0.00438800060298022,0.0534491125613399,0.0184101632063137,0.0203768910559029,0.00718794073959703
-0.0184860306379594,-0.0177533349033528,-0.001993128689113,-0.000336704092784933,-0.00385209830657396,0.0189794568739684,0.00475037392535603,-0.0210102072443716,0.00280967667418729
0.00265756945703162,-0.00943285469101971,-0.00623481560306239,-0.0177802834571139,-0.0175339577271858,-0.0221826511892221,-0.0184348441505724,-0.00814079711728003,-0.0128718942912636
-0.0740152388618811,0.0174927869340615,-0.0349575640963901,-0.00152775309064185,0.0202902893456815,-0.0518689321158495,0.0232069712548403,0.0155917835250825,0.0182268943224414
0.00598766085996116,-0.017763626967996,0.00043742086322727,-0.0122765187318972,-0.0149742754763605,-0.0203412700868984,-0.0197032234042662,0.0107758577447055,-0.00242921430596836
0.0281106610140806,0.0156126859671874,0.0165833584517492,0.0193492629199551,-0.00215934051415657,0.0229973512419518,0.00252879373109625,-0.0109189262443662,0.012524633205932
0.0664190240258826,0.00596238980842924,0.0174325545485899,0.000797916292775865,-0.0106501849604506,0.0440457691871394,0.00284411988794662,-0.0168094740663087,-0.0111293012885473
-0.0169999731659435,0.0110688986426988,4.07890552683488e-05,1.18277606702243e-05,0.00352252108343199,-0.0122857373167413,-0.00310925757064036,0.00967762932654043,0.00937671057424717
-0.0241090819633288,-0.0322195999869355,-0.0355894699069569,-0.0127144683184185,-0.00352809343078757,-0.00900956678925742,-0.0286727952750239,-0.00371749086551983,-0.0110096416947473
0.027341344704722,0.0197603250718381,0.018113656866572,0.0114430363240898,0.00607410904597283,0.036696677660777,-0.0239078850778945,-0.00243241790129839,0.00400128098032332
0.00145670579948654,0.0070097869350438,0.000290523105054028,-0.0100659635672392,0.0143194991479686,0.00905394110112066,0.00230082311947984,-0.00949298545143027,0.028374954726053
-0.01598016564425,-0.0517730487589474,-0.0353415586197766,-0.0129212143116064,-0.0113334961192861,-0.0393346866984587,0.0139665426086275,-0.0237098582359006,-0.027514860787284
0.0680985095529928,0.0205678825318528,0.0154057788806351,0.0159696343152257,0.00268172800180523,0.0720538380609952,0.000116616834366757,0.0194812462756424,0.0148985441785728
-0.0284777146277871,-0.0313020785748762,-0.0235441868732132,-0.003706619792766,-0.0167113347041582,-0.0144337983407524,-0.019241333625647,-0.023875383285945,-0.0354361168805866
0.0607741051074408,0.0493925246824999,0.0494147514577298,0.0038728565844707,0.0107284998701993,0.0563268505698774,-0.0105571919427276,0.0112131299617815,0.0149626173752588
-0.0529935964128402,0.0115325258670193,0.000291575295792659,-0.0187343089281501,0.0094281566534701,-0.0623552193817375,0.00217277227338032,-0.0140600365877776,-0.00858189498472837
0.0576070717070741,-0.0072871462437231,-0.0044530831218851,0.00809905578365399,0.00546824046860595,0.022773250910924,-0.00781647541776296,0.0210639627741968,0.0257128295162591
0.033324749648946,0.0107140137818896,0.015328038063342,-0.0104925045320111,0.00331420744946312,-0.0296912320038622,-0.0111707402729919,0.00560697167197156,0.00282577487741866
0.0101264861154989,0.0125110053352213,0.0365789876606859,0.0277308547823568,-0.00345660698953965,-0.00610753028560219,-0.0320134959059276,-0.00341567733376001,-0.00761437859336431
-0.0243521066372157,0.0237426167117081,-0.0148041494199559,0.0461867990742084,0.022967115173197,-0.0247813980725411,0.0254198314306688,0.0160185682558806,0.01537389198171
-0.0079523789374669,0.0444248341060697,-0.0121917694826858,-0.00329641651619732,-0.00483119281989408,-0.0188563018350803,0.00357787998228732,0.0130353239375666,-0.0131317059921452
0.0373128088405453,0.0258755971640604,0.0031040669619905,0.0643673120230416,0.0148947593801619,0.019270220556288,0.0419499650037229,0.032067681004975,0.0176834551778965
-0.024484544820865,0.0035216294896706,0.000542026035344449,0.00991830636162831,-0.0134386319644201,-0.0318599753267095,-0.0161464852195536,-0.0049928958957981,-0.012187361314655
0.0480471841985389,0.0768717640658937,0.0513735396424905,0.0561623722475136,0.024885375520544,0.0322832994711548,0.0100672587394681,0.0230005765024972,0.0372443470268994
0.0279145463034511,0.0492943916475986,0.0496881338781361,0.0155800142747461,-0.00308633759702553,0.0210944775482852,0.00506798900500567,0.0105216546690636,0.00145994650519678
0.034666568964043,-0.0285876425702576,0.0155331994804168,0.0100321646580007,-0.00361464850774621,0.0138978731119238,0.0196931453327138,0.00275506476609939,-0.00230004576442292
-0.0221541185596424,0.00768493018450783,-0.0122976786991101,0.00529034714445736,-0.00960257470103426,0.00156814874751993,-0.00203259269853497,-0.0132282904037039,-0.0079436048403667
-0.0541035324399632,0.00409998352695162,0.0051909113386081,0.0126983380933746,-0.014413787856565,-0.0858113984084911,0.00246290294700275,-0.0127102247052828,-0.0128960654838634
-0.0801631511434968,0.00171018442918611,-0.0453526593192498,-0.0335873127369878,-0.0114619802694584,-0.0919256265913325,-0.00338608132057571,-0.000665466953031918,-0.0118118825026107
0.0158278239254396,-0.0100307018615771,0.0255261912113034,0.0549334359623739,-0.00584073907669474,0.0181171956337752,0.00367440181147337,-0.00036695280883164,0.00711080411732469
0.033497199036273,-0.00250500140634261,0.000250742894357106,0.0185438078818523,-0.0142627729880834,0.0301521727073193,-0.00684474901245196,-0.0237628167304886,-0.0105578468802551
0.0693303517985632,0.0489717968316382,0.0395077706036339,0.0176472756650348,0.00896905898502332,0.0455096713562985,0.0104817578581514,0.0127609509044884,0.0113735804336887
0.0104687949228177,-0.0056398817752734,0.0054521156253287,-0.00475671288029754,-0.0154071890968405,-0.0283807434575586,-0.00638873760123582,0.00397285657993455,-0.0108908439249528
0.010528055056925,-0.000345508127705002,0.000751440940780149,0.000434376548104629,-0.0053167743360358,-0.0369261934011652,0.0088555295631827,-0.0261028412490063,-0.00873462915351354
-0.039991034698137,-0.0466382882711821,-0.0336398036593762,-0.00911790171870631,0.00931385742094673,-0.049860487735696,0.00945420442306671,-0.011335872944393,-0.00170004367048276
0.000842747649008678,0.00218941153374136,0.0162559126908052,0.0122276218058248,0.00353669459144325,0.00298530515358089,-0.00593645003709955,-0.00381175336715078,0.00805391849578593
0.0269113786237977,-0.0350022816290983,-0.0222190064318861,-0.0118795619983505,-0.0027394736090916,0.0208901492283535,0.00501809359479673,-0.0283405925895673,-0.003467294576487
-2.58861749450959e-05,0.0101637983172356,-0.0181467026491868,-0.000814451728014204,-0.00598928224295156,0.0123393771680769,-0.00691130966331114,-0.00357651685099263,0.000477494485589242
-0.0337834202577673,-0.0438525303511334,0.00126307373202286,-0.0065210061596002,-0.0293984758257129,-0.0299510108967438,-0.0163495044391872,0.0108459228855629,-0.0229752205936911
0.0235087980403112,0.00459265620298888,0.016269376851029,-0.000328883455657424,0.00101522049355617,-0.0134528961378238,-0.0042292628565356,0.0148186682851614,0.00645777649079936
-0.0043682445541841,0.0295671218316128,0.0137368031499151,0.033787068850374,-0.00303531362234771,0.0260878256335569,-0.00892772976240766,0.00739102988879848,0.000468688142286885
0.0156351880530047,0.0176526591115768,-0.0255735313224311,0.00701325617538533,0.00239777233002186,0.0136481929069313,-0.00489985926123308,0.0137238154561492,0.0104836960345933
0.00679377597696694,0.0115323215684807,0.00684180681024171,0.0143797717782792,0.0064889290992767,-0.00718658939767395,0.00727973224608426,0.00115035769627602,0.0103807608952543
0.0419223842193546,0.0322366652406953,0.00832048155035757,0.0486167176434751,0.0129318786853699,0.0681611131112553,0.018558119224949,0.00482460992061784,0.0172660526689169
0.0531623229864359,0.0435536670647468,0.0277520596317821,0.0594012454897002,0.0139503503635306,0.0539551117432657,0.000901521575551548,-0.0162740426349026,0.0213463546285791
0.0765506989589188,0.0607649437506588,0.0468145969114604,0.0547045357742365,0.00768326994379946,0.0849517595513194,0.0166624043663498,0.0176322291880446,0.0388504142839872
-0.0339460912283688,-0.0295418497172183,-0.0134367879359401,0.0344210457463168,-0.0139226203059116,0.0336823099365304,0.0229647367192239,0.00576852676561744,-0.0184575546485019
-0.012573671907652,-0.0120305053488081,-0.0245487316520504,0.00386489365114903,0.00492025530065599,-0.0342569737038702,-0.0143847773916529,0.00394775316073052,-0.0144324252365462
0.108023612322412,-0.0312320716187591,0.0170715783588503,0.00310027685251939,0.00530224989117803,-0.0311975600983969,0.0225009697481024,0.0151769392246838,0.0231577040745168
-0.0207847008069648,-0.00368587107911101,-0.0520082336541207,-0.0398810653819473,-0.00167824646328677,-0.0104471755696103,-0.0104645554509328,-0.0106573493046457,-0.0154565096000191
-0.0154237877573208,0.0375632171579219,0.00592834813197279,0.0082795827974835,0.000666443984456614,0.0269753687994999,0.00462836258379531,-0.000561990809659295,0.00460214413438145
0.00268461428515,0.0112039142083315,0.0199511678801329,-0.00250873393891673,-0.0043706571276329,0.0115529416716877,0.000440559449576535,0.012973386213664,0.0099168037939558
0.0989307758239533,0.0430628221702394,0.031557624214956,0.0215308017524197,0.0138305363318719,0.0866614988924276,0.0219821043864192,0.0204689711676494,0.0308140921534197
-0.04038675244169,-0.0190206950001655,-0.0111032381831098,0.02388118115968,-0.00473619605790592,-0.0478609380032489,0.00961392916842654,0.0138755889851658,-0.00533981378939327
-0.0842168049768273,-0.0269480736102612,-0.0399090955561861,-0.0412940622806708,-0.000915430877845503,-0.0843992283223639,-0.00256037268778091,-0.0210565385714907,-0.00280121466245996
-0.00274378565502526,0.0105743166417378,0.0164930482094923,0.0414029935178358,0.0083596345663168,-0.0259883845933716,0.0130000373738681,0.0192915606180069,0.0148197206604318
0.08755052107467,0.0209262163643994,0.0210936936399384,0.0337823041832232,0.00546151362887808,0.0628425569326401,0.00907384824328301,0.0395126742673383,0.012406942472082
-0.0189160243953231,0.0226867280823013,-0.00170784363304632,0.00107450921837058,-0.00493247852331944,-0.0197147898570048,0.00131043780640386,-0.000100093447346598,-0.0145045075638535
0.0404879820430059,0.0141403993417646,0.0140303488622098,0.0293401059589198,-0.00973405378709798,0.0387272495806245,0.0117320843628197,0.00956562806775808,0.00022931017522245
-0.0687219862770089,-0.0433118670660494,-0.0541245613589601,-0.0359737751776005,9.14155640216369e-05,-0.0639791914726011,-0.0131740655059272,-0.0504349856759368,-0.00900938329220477
0.0377408103226823,0.0464255190580411,0.0306196420339724,0.0220641339209664,0.0195622569576286,0.0329654394034453,0.0182827512179647,0.0180646105993033,0.0397207355605525
-0.00575199560082381,-0.00435014110118851,-0.00418479024194502,0.00380020137201293,-0.00750721094295467,0.0416024918251818,-0.000986298385211536,-0.00846809484223178,0.00600550910612937
0.0677227317873336,0.0384754029132252,0.0304986795581218,0.0132072092239219,0.00435996520325871,0.0249902105508452,0.000843337616963792,0.000987918403241516,0.0190789990927326
-0.00195301759178747,0.0234706093362367,0.0224091660484539,-0.00580675180583714,-0.0184230746613117,0.00788970844993469,-0.00197745421373637,0.00138181833968245,-0.0119525753719842
-0.0364632479969904,-0.029569473241889,-0.0247899676834247,-0.0107763118979309,-0.0108338901265664,-0.0360620458118123,-0.0463664806445507,-0.0397819889164017,-0.0108049658860881
0.0225733222104425,0.000560459244171373,0.00657357126953813,0.0451177581410434,0.0148571329382361,-0.00166163833720963,0.00964366802899459,-0.00721235756081504,0.0244415469933125
-0.0290434359462182,-0.0109485646635397,-0.0133217131899356,-0.00839519574880293,0.00459746564225228,-0.0109677614965856,0.00384515809022608,0.0203783972275441,0.00271366258383805
-0.00665818105924782,-0.0187909180213783,0.00228919095808061,-0.0033762300246699,-0.0166056804279614,-0.00785591768185202,-0.0127499127245257,-0.00803715026655751,-0.0168925320054696
0.0367659352784227,0.0466636597071805,0.0109787925652322,0.0270518847945789,0.0250836318132059,0.0644388630196589,0.0216099934910532,0.0356975782206553,0.0399168231642631
-0.0259164244841302,-0.0610151593853605,-0.0207477522681331,-0.0479535779817249,0.000934955206989527,-0.0398044013480553,-0.00399565091768068,-0.0173443050347257,0.00506256640053934
-0.00348768212947775,-0.00868315114801106,-0.00245894217186664,-0.00136315201398281,-0.00967990932307434,-0.0184442822715947,-0.0173203882982323,-0.0420594041575016,-0.055325332300996
-0.0289134241790175,0.0226816157251309,0.0143582233655798,0.0150757077327323,0.0234204997319476,-0.0313800809709266,-0.00669513271191994,0.00326402284794398,0.00124297548393033
0.0377960938368743,0.00199823088288778,-0.00155927298285163,0.0185642201870013,-0.0167401368266332,-0.00977826501405697,-0.00679703546738129,0.0123972915886955,-0.0146060758903685
-0.000799883741279197,0.0103503407738936,-0.00372854498201804,-0.0168921870094845,-0.025812374693297,1.18862034338202e-05,-0.00578542874227872,0.000439847614677166,-0.00955490805012052
-0.0286786317992477,-0.0120848601176453,-0.00755095490708667,-0.0138937525280574,-0.0043461489745587,-0.0163885188791963,-0.0113677031453421,-0.0252072935772748,-0.0487189971697993
0.0115849718595412,-0.0381283403159106,-0.0364792595334856,-0.00984132154420416,-0.00199815259950806,0.0178837230718158,-0.0156852622139701,-0.01356657037837,0.00248910836812017
-0.0375663959611456,-0.0264608665373047,-0.0124981375036173,-0.00965410045910821,-0.00638123417123631,-0.0436199312302115,0.00229287162680334,-0.01867288221938,-0.0165357163191312
-0.0237744386378411,-0.0110000649156513,-0.0197340449468566,-0.0102457336443374,0.00561072380387701,0.00614114094993557,-0.00877130614154412,-0.0203344828902107,0.000613453009594321
0.00363783728638339,0.0193885240863806,0.0126092244997933,0.0206921831757707,0.00088972061197186,-0.0324365761465779,0.0181819622605955,-0.000525856016507136,0.00275261901248738
-0.0106904366372374,0.00902338793543315,0.0135547868627222,0.0273783071082176,0.00082709667176925,-0.0219417176374147,0.00236735017073544,0.0233453237721594,-0.00417875294626899
-0.019247586220853,-0.0175371396316438,-0.033782756096876,-0.0168374975829017,0.00150711754123353,-0.0445495926844905,-0.0160672546268312,-0.0160193796759602,-0.00797562486362536
0.0188621596246136,-0.000208373519479281,-0.0032561591671798,0.0163699015332545,-0.0095731452471546,-0.00660336028528449,-0.0109452532809309,0.007569214013689,-0.00789951124065854
0.0509540298203194,0.0163282084278514,0.00872970531295694,-0.00484682228538027,-0.0130475128294649,0.00548984342732977,-0.00295003870680857,0.00506336000309192,-0.0174634406332556
-0.00226374141665209,-0.0185211915005551,-0.00710144190694276,0.00433666076123103,0.0116533803460811,0.00737687564594326,0.00537168830856437,-0.000170109851462085,-0.00865011221528336
-0.102686399903051,0.0119270995804502,-0.0427887831501238,-0.0586198611139497,-0.00719118596297763,-0.0867353674274826,-0.0258944395329348,-0.00690279357337859,-0.0107517642885116
0.00385122516639115,0.0284566833171156,0.021627551543511,-0.0194122483120668,0.0111012312247832,0.0198431773541661,-0.0287962451498493,-0.0119281498949912,0.0184818590429244
-0.0214180931517764,-0.0292202421099346,-0.0132311341267182,0.00790551177286128,-0.0129317007698775,-0.00791275160951864,-0.0250292020593737,0.00815703568872282,-0.0159407036929114
-0.0410914722562338,-0.0260293642388673,-0.0317035718082964,0.0207889572246294,0.00838155009048602,-0.00808224756988479,0.0247639865006547,0.000958696621347413,0.0199202521179883
0.0838611610711668,0.0243730056740471,0.0392358012289712,0.0467149656867743,0.00634900917907461,0.0318030359380561,0.00419952843867651,0.00289186237575859,0.0283501304729143
-0.00869113698178685,-0.0247089248591766,-0.0152672916398808,-0.0161127236199642,0.00306575454139104,-0.00994963643711141,0.0267293879154703,-0.00201787568838587,0.00165059660043761
-0.0760838302783691,-0.027582964443783,-0.018082259026882,-0.0383887401645426,0.00626601488729358,-0.0587950976911108,-0.0195867575473956,-0.0297404138066174,0.00106474111841483
-0.0314632217002986,-0.0151177105506397,-0.0156951261580904,-0.0247662237982249,-0.0018652096873686,0.0188676656352311,-0.0143850573464862,-0.0239686343049589,-0.00663779408235156
-0.0727604884375613,-0.0165448267784751,-0.0137774912987366,-0.0438188315161353,0.0019670801615865,-0.079598778565436,-0.0127446571558307,-0.0167108590482262,-0.00702703674164906
-0.0196123233644617,0.0126410413128947,-0.00442238855892044,-0.017046301404232,0.000988263798967408,-0.00187638164582368,0.0169995279865421,-0.0060772426072526,0.0139478184870939
-0.043416667298393,-0.020841981396065,-0.0288839792048748,-0.0234810250167142,-0.012413917891974,-0.115397979770823,-0.03466385377065,-0.0100887785406044,-0.0151756721779326
-0.00144810149647757,-0.0255799756112807,-0.0413684947637238,0.00672957502968008,0.00158127374772096,0.0025898283266082,-0.00234738825826359,0.00416403792532892,0.00306193466727751
-0.0989634714350732,-0.0601027303603582,-0.0282939436523065,-0.0329659385180316,-0.0470965219502771,-0.0714474735261862,-0.0145953126065918,-0.0565103215800242,-0.0628997891727343
0.0657509230389333,0.0217397485050351,0.00471732277100363,0.0674755134474943,0.0125711464269163,0.107664536989984,0.0117635423847926,0.0261944274410671,0.023280479248682
-0.0108070649169914,-0.0114196741751232,-0.0129606421437861,0.0182625906234478,0.0241591084618424,-0.00768915998840712,0.00307602850652568,0.0115475083516442,0.0220468481980905
-0.0923859502763,-0.0272897715259738,-0.0579336883250684,-0.0659417979951251,-0.00966893742115035,-0.0686311562288333,-0.0116266365766988,-0.034797960547541,-0.0142328038895848
-0.0439097005629436,0.0121021953837518,-0.0221761050046391,0.0251241918625735,0.0058488378773725,-0.00550873373889347,-0.012782663191372,0.00255558565886437,0.000849777857677442
-0.0653685157597226,0.027222504050494,-0.0106679072039261,-0.0440606263179335,0.00973208831357078,-0.0755470162874006,0.0168997695786821,-0.00884504681306456,0.0128083458233611
0.0193531172899787,0.0175261963186013,0.00834320189883383,0.00668953399265132,0.00655889639315025,-0.0109266337911323,0.01411464908789,-0.00275840630806796,-0.00675443679373394
-0.0637116910294902,0.0127593668647672,-0.0407067084178669,-0.00961468535311101,-0.0037734793318031,-0.0858141576412731,-0.00414963816180485,0.0141447643995744,0.00406568171123974
0.0332497375911787,0.00742497808649141,0.00200789216738174,0.0244658346834222,0.00416985117916675,0.0553690173724323,0.00476309479775557,-0.00370780815008471,0.0132832569002546
0.0478297554853186,0.0314033332368045,0.0224228699889289,0.00635838046897226,0.0209783386240703,0.0640387811957385,0.0201057575397248,0.0167340107910573,0.0196733598075003
0.015880924996646,0.00583686006778392,0.0054235659897154,0.0171834994907021,0.0112584289886601,-0.0137765346504253,-0.00733228740941307,-0.00382916049731425,0.000323611067435513
0.0394395953730725,0.0450133859939392,0.010854237336945,-0.00199047256131241,-0.0022513163449764,0.0407575055858036,-0.00722190690120957,0.014148818934165,0.0119975156690494
0.0453959115208812,0.0251267512909152,0.0177756676053149,-0.00429655491864008,0.00695641325886943,0.00852595987605408,0.00241977432508074,0.0173106124491672,-5.81316502269427e-05
0.0218173565856053,0.0255398350465718,-0.00436942969496423,0.00778483706387898,0.00782329826668378,0.0456672032992279,0.00387421302828756,0.0374169883533599,0.00115162574535926
-0.0445530589409471,-0.0361280503886353,-0.0106136214974175,-0.081607008482392,0.00759402408479117,-0.0686504296433665,-0.00411191479990496,-0.0111932621430241,-0.00253269865582429
0.00221654432931461,0.0225577938319408,0.000509744199494004,0.0021698331423721,0.0143266843864687,0.0155403032754172,0.0257605796054282,0.00918829420673472,0.0321661259649093
-0.0443520055619545,-0.00770629564343322,-0.00100348812070884,-0.00917952627049217,-0.00194014525254794,-0.00764952832456531,0.0030423387372987,-0.00866097776607715,-0.0284554457647632
-0.00243921663720539,-0.013228041933843,-0.0054083721991007,0.0244725307146185,-0.00285515918529662,-0.00811379736228835,0.0064092018541154,0.00212533363417618,0.00231963355537356
-0.0603113035410455,0.00271105394312774,-0.0372844925213077,-0.0337716934977503,0.00171255321882242,-0.0196804800871134,0.0108321459283542,-0.0150104560867321,-0.00654587892189449
0.0493323868203262,0.00560398460585942,-0.000533153236261158,0.0383075346239868,0.00160338313867656,0.0350799127217092,0.0123522034390947,0.00841996866722618,0.00102186547458918
0.0204395791748526,-0.0109139461907859,0.032832903161869,0.00531115739068945,0.00728199078062433,0.00947586358500613,0.0054183569206906,0.0108221099692191,0.0125285747788892
-0.027055475321176,-0.00311598089569286,0.0102218469535276,-0.00311874566672167,0.00945721131216037,-0.0119435053050399,-0.00115158624157142,-0.0155239279029423,0.00816014349857411
-0.00912839225959047,-0.0289204634105417,-0.00900722043654833,0.0228794830745738,-0.014638914103361,-0.010142092155768,-0.0129882950676954,0.00270399770389946,-0.0155913679017157
-0.166516390679744,-0.0615108247429234,-0.0488626300568675,-0.0859630405446585,-0.0141788898103788,-0.155509245243124,-0.00590079385501403,-0.0258570529727008,-0.0286757149064665
0.0638876170851938,0.0112983087591352,0.0120368885314694,-0.0047007809464598,-0.0171757619995842,0.013976870314473,-0.00589446392052767,-0.0098269810054567,-0.0051027451371509
-0.0498798736767799,-0.0101063712699755,-0.0248829017785322,-0.0277919780148068,0.000706657115073,-0.0898653912807973,-0.00513155108183945,0.0197126400189024,-0.00529169961364115
0.00916667127376371,-0.0277551227470856,-0.0297715520648742,0.00266701339618348,-0.00130231679220792,0.0121172382977822,-0.00162192906550515,-0.019119952701549,-0.0219501185483319
-0.0257281534510085,0.0164717978579131,-0.0111251327111892,-0.00760998892286604,0.00430937811965299,-0.047057549927867,0.00513572783649907,0.00107980088210142,0.00784079995388362
0.149152504567475,0.00298821803580868,0.0053280410646369,0.0101303899556702,0.0173462566530078,0.0603353289054945,-0.00351363529904615,0.00836570308234053,0.0124723756903604
0.00346578633056073,-0.0151129070633139,-0.0220122060320117,-0.01055219703346,-0.0031579284783896,-0.00360651849214385,0.00296670027889034,0.0192101623986365,-0.00368978733897334
-0.0185764136478153,-0.00172078153365758,6.49707785749412e-05,-0.0397632305050718,-0.0122632383979813,-0.0650451716895972,-0.0306431908274603,-0.00036366800004435,-0.0088141813138579
-0.0721976132361651,-0.0237620856062751,-0.0280988340717228,-0.0166904583707586,-0.0188669387504624,-0.0945645152693165,-0.0276739285171019,-0.0213680862197115,-0.0361263098053844
-0.0570746978587803,0.0119577210389331,-0.0246253133414148,-0.0305666280805034,-0.00144021135400788,-0.0464065000032167,0.0146542675696988,0.00544552658925733,0.000655056426195674
0.136482735169681,0.0254977665706387,0.0451856027236198,0.0110961747253686,-0.00241320989947296,0.00166457483493994,-0.021994478173471,-0.0012944402902047,-0.00186469090963925
0.0806524552236156,0.0760343624962686,0.0464589114665225,0.0664970968801939,0.00716753942571418,0.0511161217336715,0.011020532146784,0.0256204141459664,0.0351923583174954
0.0842954464509184,0.0281216240481728,0.0314198987566634,0.0490745803401444,0.0190574666212312,0.0705624852917011,0.0185704580655121,0.0231050272711096,0.0106049926100795
-0.0827593388409065,-0.013751175396919,-0.0300378262739051,-0.0429014865278479,-0.00188199601635548,-0.102852203599428,-0.0204213888548915,-0.00775822112539712,-0.00786970397942402
0.0285309721339864,-0.0161254386365067,-0.0178808467064046,0.0239915010254588,0.00297959360657607,0.0255509755581352,0.00902193385587666,2.07228997052329e-05,0.0152596523588697
0.0118029912528891,-0.00463344786848133,-0.00701621305834806,0.00647169387035425,0.00629664845384175,0.0407918155628883,-5.41917265608051e-05,0.0137976870568733,0.00775057489905233
0.00932345566936472,-0.000717173506818154,0.00993877061218183,0.0166130552212768,-0.0166117844326778,-0.00685584955370884,-0.00951904141356872,-0.0172329852795559,-0.0113190267786194
0.0292669470687288,0.00677209223097112,-0.00380528434468056,-0.0141321835220583,-0.0150771079378049,0.0138073346825963,-0.00283520636185213,-0.00103005752915227,-0.0255864183333422
-0.00906566864936162,-0.0454718943822747,-0.0279453281921828,0.00291352938310204,0.00660774897896037,0.0106836202184525,-0.00825062789260745,-0.012904150760399,-0.000182936201048124
-0.00696815648721987,-0.0235964997101181,-0.0277024078297359,-0.0109431633368386,0.00695503346452221,0.0326863478735768,-0.00286046735124355,0.00285912293317297,0.0125854529766072
-0.00887876728998512,0.0137184604025679,0.0212737309914261,0.0183457510483476,-0.00479142077562446,0.0348846170838338,0.00925020275443718,-0.0223818758222027,0.012911769861656
0.00739320459162437,0.020826942043143,0.0103654331992524,-0.0124113727012013,-0.0107385325574133,0.012014850433171,-0.0145427854903076,0.0228209030088594,-0.004498576317244
-0.0126675571055379,0.00594659920921545,-0.0202682516097691,0.00281839088021893,0.00170256002787505,-0.0349937525829493,-0.00625523075016591,0.0173559385549569,-0.00517306216771081
0.0818062015827082,0.0393273456073234,0.0325516628743094,0.0394430097658905,-0.00260444625636899,0.0840891722259006,0.0112407095222998,0.00767812017533773,0.00576516524960276
-0.00369360198774535,-0.00560192332593695,0.0100999286038172,-0.0136682531896448,-5.32557104905102e-06,-0.0547318466254931,-0.0166208341298558,-0.0219724072943848,-0.0125566148689827
-0.0576864831592174,-0.0165290764696447,-0.0126825008744931,-0.0222706579081889,-0.00589708144600137,-0.0493509765386142,0.00703002339800266,-0.00848390737822278,-0.000480595393601293
0.0257365266642024,-0.00308291649059397,-0.0112109115364147,0.00658437421805797,0.0249398119753298,0.0396834824737044,0.00856358354674192,-0.000970485393517147,0.0345913785618489
0.0745371164637911,0.00786229298218896,0.0156253061188683,0.0215626876340424,0.00409009131861591,0.0523832810405533,0.0067702041309456,0.0351433995611518,0.0206777265396752
-0.0127567004351947,0.00338317409223267,-0.0155567657004753,0.00199278239533788,-0.00679124941334431,-0.047649177109519,0.00438036530029534,0.00589263246748592,-0.012185829562364
-0.0251336181248108,0.028291513211247,-0.0167025826311882,-0.0110208099684057,0.00769819868466924,-0.0111149352565196,-0.000228231345151597,-0.00405196411831652,-0.00253304634999659
0.0404065051307362,0.0288439422392875,0.0206908248200359,0.0251632496210063,0.00531356569698971,0.0715730821779005,-0.0044875941922287,0.0192791453450355,-0.000390912304904095
0.10304922272108,0.0211500501302872,0.024568203285817,0.00906252897074655,0.00348251533420032,0.159012099055634,-0.00184946612829782,0.00563526798703749,0.00920785039047631
-0.00690459917922492,-0.0125127307886379,-0.0156245452999984,-0.010168917417197,-0.00494473357373644,-0.00769071973045585,-0.00858564988027373,-0.0162943773717495,-0.0160871723825504
0.0714482409946574,0.047161423956076,0.0286411450993254,0.0046039198066368,0.000945663224681988,0.0784148066861365,0.0161886699333691,0.0393137006089287,0.019815536247214
-0.057003428152787,-0.013641287646363,-0.0172809883022978,-0.0097957513495691,-0.000913008726714335,-0.0643722696572817,-0.00373565351447313,-0.0149813980687558,-0.0129128643405397
0.0288261071630222,0.00184759578461878,0.0216441694029066,0.0376006292041278,-0.00561197805491659,0.0140103327449141,0.00286550975493301,-0.00601664450428909,0.00244941401779272
0.030126143764869,0.00275279527509952,0.00614069302426781,-0.00304389341310166,0.0045533788773431,0.0259544377372392,0.00266170772953976,0.00341117359185957,-0.0134946651588719
0.0186591144905855,0.0187532767332841,0.0157093600940645,-0.00921971574828766,-0.00356644123843554,-0.0120950169692705,0.00768392099469594,-0.012346608056385,-0.00440377511872066
0.0219705636099905,0.00197278203991829,0.0113712469754464,-0.00727578766079649,0.011272214996007,-0.0867830815604779,0.00966075192000384,0.00394602458623527,0.00792392672158589
-0.0222383896001766,-0.00881410373510004,-0.003796718541768,0.0225502393944997,-0.0188565336886059,-0.0292923577112383,-0.0194051132800507,0.00229753603473187,-0.0324536332334381
0.0341472357961959,0.0224263826249012,0.0221588827430851,0.0106698789081702,0.0167042176713949,0.0157440794862164,0.00485212187595955,0.00731480999319156,0.015378768769216
0.0408148787239049,0.010849993968792,0.0209618963302268,0.0400495458199754,0.0113598607876847,0.051195604526354,0.00636848449339333,0.0144408017660278,0.0344938000576947
0.041552924893418,0.0393801940095534,-0.00728045900247618,0.0416091114100114,0.0308178973492934,-0.0312366796044753,0.0323337651620974,0.0680818623037645,0.0739660854699468
-0.0938541226415715,-0.00198970978382676,-0.0366702960980487,-0.0191232155416604,0.000380609284997977,-0.0635182011856669,0.00846610954631704,-0.00909047239403116,-0.0268218102897536
0.0378416625100375,-0.0141521901806338,-0.00212152191264508,0.0248792563806328,0.00831974751569948,0.0365886521502282,0.00803941188787708,-0.00845508905517826,0.0140996174051479
-0.0425156926869595,-0.00548696881176657,0.0106009781377965,-0.0125964174850431,-0.0114253851546577,-0.0554792137863352,-0.00361077445054445,0.0128592059473668,-0.00855681647738793
-0.00772188698486469,-0.03686694075686,-0.0101789736817205,-0.0191616968710952,-0.00908591373677066,-0.0247622664591241,-0.00866288896133772,-0.002814010650892,-0.0133061462178733
0.0524321465219351,-0.0147670711299532,-0.0052072905548246,0.00641746119298236,0.00291149580667902,0.0284482336376885,-0.00978684135138704,0.0173255022510927,0.00347124400899951
-0.0199023979525692,-0.00653395549843773,-0.0126503825688348,-0.0134715206232583,-0.0194067750516011,-0.0473259745573704,-0.00131060026757468,-0.00760445346865902,-0.0224897741856264
-0.0885263950112885,-0.0440885817261667,-0.0349502462342263,-0.0517069772812856,-0.00798465459759279,-0.0524471387622942,-0.0169813858766616,-0.024333091799203,-0.0168156301642336
0.000800587857129933,0.00807722574433647,0.00648629120236728,0.0134204662997039,-0.00303704097605548,-0.0228838313913977,0.00539240526889657,0.00391397949303038,0.00168540038420588
-0.00131803540394133,0.0121773747953579,0.00218059809414096,-0.0221590499537618,0.00262060709837839,-0.0067793216647642,-0.00985040271590236,-0.00613031509486452,-0.00380409599439812
-0.0760345791011874,-0.0176736038508031,-0.0183532311700251,-0.044798078231342,-0.0258244240592096,-0.0885467345681265,-0.00343105543407328,-0.0322574127913473,-0.0219329183633207
-0.00258297916998776,-0.0160953783043106,-0.0297928499168291,0.0170559517872946,0.00314212208862719,-0.0330765512780284,0.0219608089612612,-0.00552722149249665,-0.0153904631504666
0.0123588278100976,0.00494970374348481,-0.0239592351824965,-0.0204449333391159,-0.0017711953821139,-0.00997017033779946,-2.90452039542206e-05,0.0146703780817717,0.014742512672272
0.020748082824414,-0.0144675237405302,-0.0105022647776448,-0.00610078417569036,0.013506120413746,-0.00221566066387936,0.020156102125318,-0.0134033392529346,0.0260066407052035
0.00390924517510685,0.0251425872844634,0.0135642398755382,-0.000197345562827094,0.0142424560759334,-0.000153479343611642,-0.00686942826400935,-0.0074241254678649,0.021496983618267
0.0162750621828549,0.00718131132958835,0.0122255468068408,-0.0116622473628273,0.00897158320220189,0.0260026726330476,0.00209929002745658,0.0096131661412508,0.0109315553175987
0.0460993648020662,-0.0170007809646108,0.00545422858532372,0.0302416697298103,0.0161887020272409,0.0110998286787296,0.00737589202116237,0.0204926205536348,0.0110264204733998
-0.100623386447412,-0.0707950551373472,-0.0432016938609402,-0.0656777014944308,0.0106148005595019,-0.0978147943541346,-0.0073120809554107,-0.0237026246154886,-0.00700657062058214
-0.0888095318870422,-0.0199620480964934,-0.0404195087246249,-0.041703359857866,-0.0328240501402033,-0.063228433784851,-0.0215686920462484,-0.0223452594258884,-0.029028465440938
-0.0584125723073655,-0.00968246714201017,-0.018608054812278,-0.0334471962891256,-0.0231656676641185,-0.0351696921701968,-0.0212351360375025,-0.0547994979452814,-0.0220708803269883
-0.0070960629296807,-0.0311008777123829,-0.0349109447259423,0.00472195588889925,-0.015745021150776,0.00333702514614264,-0.015744095537441,-0.0126299711284376,-0.0165684984163204
0.122039764086063,-0.016287111983335,0.0128224594091352,0.0358440466149789,0.00688471955670967,0.0947465932107996,0.0386470269568376,0.026064371642672,0.0164881250186697
-0.11813753018765,0.000956149307200424,-0.0381322495340622,-0.0393269340104339,-0.0142372121116085,-0.0904415452383479,-0.0280112952368314,-0.0340109447587902,-0.0153564386172414
-0.0211240399814222,-0.0126000196378423,-0.0340542768390806,-0.0318385025579454,-0.0132472583302279,-0.0189760226037939,-0.0146709732669286,0.00236831246267334,-0.00152076777464191
0.0196674393218093,-0.0367588515292894,-0.0395434527865733,0.00529639746029658,0.00909032595335807,0.017773207785933,-0.0153513308797224,-0.0203528162891214,-0.00224262342871345
-0.0390626736744958,0.00329099198793014,-0.00694811745469869,-0.00173473346790278,-0.0034515164155269,-0.0200823491729631,0.00160951456421089,0.0003344342833316,0.00566867251509835
0.0377463330492129,0.0237044994179818,0.0300722393082069,0.00275733554869121,0.00298191884751754,0.016662463898132,-0.00549095882365531,-0.0182238393999662,-0.00383809885351911
-0.00785418281623021,0.0255974096171151,0.0302783310533494,0.0211785407406665,0.00405416811782175,-0.018132055421593,0.0143548640015312,0.00366308775353577,0.0096311556722204
0.0678543005930984,0.0393283844859171,0.0247600830768037,0.0977433716137989,0.0174598603102151,0.0968870909561393,0.0321670847454126,0.0658281831939814,0.0328312565527866
-0.0949224842425322,-0.0682076237469619,-0.0645012275142503,-0.0542968844305425,-0.0193215234457707,-0.0693087819079741,-0.0160186727846707,-0.0183894131964688,-0.0298110968450348
0.0349092264022259,0.0348391158998617,0.0181627855034467,0.0301192106359282,-0.00100228661148322,-0.00481311673231118,-0.00239560684279691,0.00833040063458308,-0.00639997550843981
-0.0670356564531919,-0.0227966051446395,-0.0468051683164498,-0.0460334144524773,-0.003564679487936,-0.0477801596124425,-0.0250654102258801,-0.00878076547665999,-0.00219281243491334
-0.0418730576242248,-0.00291976801747739,0.000532306290020358,-0.0209274554930155,-0.00252228848364469,-0.0573620542047432,-0.00779048568034957,0.0124746081937166,0.00655462177545934
0.0344908276641799,0.0227626243730899,-0.000792526619983398,0.0381321294160034,0.012171529299729,0.0123448696300196,0.0339546014737419,0.0235824723997997,0.0445958767725495
-0.0354690982014849,-0.0166948901371471,-0.0322860432783094,-0.0191706925376797,-0.0103568847310145,-0.0277954474274608,-0.0153665765990625,-0.0112968346650985,-0.00295687841318796
0.00234079028181368,0.0141631811147608,-0.00372710281046608,0.0380879468247076,0.00286527371929903,0.0467937799623057,0.0142436528324452,0.0278766121795526,0.0263826192191544
-0.0818849508169175,-0.0433925007812598,-0.0660615203843697,-0.0624923532270592,0.0032733673837744,-0.0923353545477591,-0.00130922257240724,-0.00964788625097134,-0.00411715960071364
0.0473550260974225,0.0567275627088017,0.0574757850152548,0.0570711569615906,0.0168392214308707,0.0554941569279235,0.000984164886485199,0.00661106929575086,0.0398133911863893
-0.0394173808850241,0.00368870482975792,-0.0274331474032537,0.0117793142310467,0.000297207687505738,-0.0291880469617196,-0.0059663823158914,-0.00504620712727936,0.00143152690598696
0.150568627080305,0.0669681437012443,0.065117937883679,0.0654156819385121,-0.00451884060868257,0.123725339248692,0.0270107657998497,0.0189103836509154,0.0228573953609967
0.0447550533305651,0.00728547823366345,0.00621650872500939,0.0259974137576156,0.00932608728029288,0.0268351168941481,-0.0165271568424605,0.0166778932333197,0.00689888947924015
-0.049671027449705,-0.0457643563253786,-0.0514086634820548,-0.00599530250846891,0.00819852260219286,-0.0035749328733442,0.00898635100178948,-0.0184476314531391,0.00541191407022847
-0.0253751314925925,-0.027198410936822,-0.0438658880388781,0.00843750406923587,-0.00861543393778611,-0.0389055695929407,-0.0137514971235563,-0.00393372729551288,0.00271400151632845
0.0129191925114845,0.0348727196559445,0.00766668043584989,-0.0230714922340588,-0.00704393245979458,0.0220604294871895,-0.00354942600495387,0.00497964679985689,-0.00279889860684701
-0.0159441500824947,-0.0257403816336446,-0.0468188278710888,-0.00485839280973091,-0.0071489205226132,-0.0379264578082624,0.00557145474587172,0.0222970091625911,-0.00859733170103785
-0.0460155082974374,0.0249507641561571,0.00112356411855687,-0.000125569218711772,-0.00155694712695639,-0.0304924720448675,-0.00090750432784438,-0.00141175591712057,0.00253059512802386
-0.0139239124807688,0.00497853689838518,-0.00317677010782072,0.00737406761547158,0.0126047888105881,-0.0215056215028226,0.0135140733927858,0.00928836833968924,0.0146823603889435
0.0316704218012422,-0.0290851773906282,-0.0265057217177848,-0.00107941289682501,-0.00544582839120441,0.0361468264755126,-0.0106217447779079,0.0121756786221928,-0.00590555264937698
0.0125610987720277,0.0267617072091588,-0.00805745370220572,0.00957831822865141,0.00326762548223237,0.011775615540532,0.0163739261032073,0.0253863599077937,0.0191266827267837
0.0306330074380602,0.0110385816674186,0.0125696791499555,0.015583549470973,0.000144968228409056,0.0117395501340906,0.00175139826169792,-0.0142572329604562,0.00498750247384303
0.0113159871258301,0.013921567501999,0.00869087091995423,0.0325314682664208,0.0210041723235211,0.0410759818477387,0.00442269808114509,0.0566834303592913,0.0330139114705652
0.0133957426442319,0.00620772703150331,0.00522830273723463,0.0820467053410416,0.0197766308399485,-0.021735179435553,0.030700802883614,0.036884139099055,0.0204269950447151
0.0158571707244154,0.0182565005681396,-0.00719967753819171,-0.0240514930236001,-0.0136742329511595,0.0110892087040365,-0.0418934888814807,-0.0118276275338859,0.00501507617180306
-0.0153122310566032,0.00438539994723162,0.00520302146380806,0.0141377967455098,-0.0176455277405433,-0.0191192606371972,0.0127160125855697,0.0104195954290294,-0.0139997028059995
-0.0164932375740096,-0.0185348309118983,0.00338442101501157,-0.00470733096175174,-0.0193631593534374,-0.0385429227821809,-0.017910688012914,-0.00637040444661046,-0.0235930246962311
0.0035278221859123,-0.00918058223705112,-0.00209021921029691,-0.00726829429479131,-0.00418068972620879,0.00789639375348644,-0.000748144102689073,-0.00350534977381734,-0.0144556585058764
-0.0767527575871462,-0.0164478493288704,-0.0327514880812696,-0.0170706733494776,-0.00625697352286321,-0.0649104831310578,-0.00195751462011037,-0.0200148967178566,-0.0205801672223735
0.0212046496089629,-0.0144943442897435,0.00499538645243715,0.0154279508505319,0.00507488806076134,0.0200532239076376,0.0165218590186147,-0.00504984583312303,0.0150056586416987
-0.000961706478410024,-0.023090954953169,0.0102004475579554,0.00137395418153547,-0.0052842575406097,0.0102445906679529,-0.00194427533123841,-0.00141887929508751,-0.0198063545134543
-0.102568219635181,0.0223468107506852,-0.0613507227274124,-0.0536686551564878,-0.00369219544696367,-0.0465136152668392,-0.0183420641432504,-0.0267894910354835,-0.00366194312580298
0.0199276082308025,-0.00657597942987571,-0.0166096220958285,-0.0244013251336945,-0.0161215669453145,-0.0239234280243726,-0.0097679930813219,0.0185293941993174,0.00772646721447844
-0.0671488009257208,-0.0435806610367157,-0.0205617221066643,-0.0641531782191502,-0.00706809091523864,-0.134133163005821,-0.00793494106166516,-0.019054030206932,-0.0214386725159347
-0.0145246097467193,-0.00360745169164142,-0.0108696753122976,0.0165915742693594,0.00526574513048776,0.0276651201247686,0.00973624321846634,-0.00233498614376086,-0.000430533883023675
0.0217410689939982,0.0241825950240231,0.0202343376859247,-0.0126270538812022,-0.00446560920476519,-0.00327284021160518,-0.0029387047419725,-0.00426971585764747,0.00679952580759155
0.00800199982136254,-0.00908912470358484,-0.0119182267121195,-0.0120088444569056,-0.0170088964899575,-0.0184434240228578,-0.0366301425327525,0.00333054394603727,-0.0198825070387675
0.0977329169462273,0.0443008547375033,0.05231834504099,0.0237763029612061,0.00618816831420019,0.0907432640475589,0.0228278273168134,0.0223014287671041,0.0194368048756615
0.0299905402247085,0.0149172485718203,0.00488334127286596,0.00802121365919297,-0.00920451757064987,0.00661897295868458,0.00150742801707132,0.0257232085783607,0.0062335911153421
0.0691289410614814,0.0416936148065797,0.0530766166595862,-0.0144417992990159,0.0100040970303998,0.0452511998023766,0.0173548397567318,0.00275654395792901,0.00932852509291001
-0.0304765845625657,-0.0030627930956768,0.00107249800120621,-0.0180001230789528,0.00767564087776332,0.012836210346225,0.0179593960424094,4.18350013401106e-05,-0.00797364045839932
0.0182556635467284,0.0109323622440667,-0.0206349691066283,-0.0149066622494286,0.00111763577922933,0.00433124588269168,-0.0209373769700098,0.0169793590926779,-0.00037757360446754
-0.0515163286982276,0.00748990544050407,0.00195838518484459,0.0125351661127249,0.0116938104197892,-0.0292181140675404,0.00370868158834129,0.018992383324051,-0.0141362505552763
0.0107905349769123,0.00287205108770457,-0.0046290300219995,-0.00882098583456187,0.00159161989220897,0.0133468834688869,0.000735980873861128,0.00764027150335764,-0.00710326258813895
-0.0897303940793313,-0.00283312780337021,-0.0351526409134482,-0.0339307475507835,0.0035678640476388,-0.0867873125241715,0.00141378812322243,-0.016963757858118,-0.0210734497227522
-0.00577538195621396,-0.00138803058341243,-0.00682463274603253,-0.0102236728996516,-0.0213659820627008,-0.0216673449410434,-0.0036902948956176,0.00278004692710868,-0.0041115713568788
-0.0255703766583679,-0.036876951767999,-0.0134447175546713,-0.0417832129834035,-0.00109610584821968,-0.0345123702280735,-0.00892134558770999,-0.0458508664642052,-0.0255623518815573
-0.0618220798732837,0.00304537546344557,-0.0339235514093137,-0.0204601923955837,-0.00717587365019683,-0.0832912404630871,-0.0111751629403579,-0.0120858122973428,-0.00509720647811652
0.0441804641125859,-0.0106848880046146,-0.0209992147904798,0.00355914370897101,-0.0182765557059042,0.0312106720261527,-0.0209919655212999,-0.0184768591167399,-0.0119082471411725
-0.00857406764489282,-0.00158156220518274,-0.0324009347172354,0.0172402011244126,-0.00899746911373372,-0.0213739975697782,0.00108616916928342,-0.00193818437191573,-0.00541239853988507
0.0296160624171287,-0.0238098173394206,-0.00143038948169318,0.0347276635940885,0.00450452713242529,0.0533102142574093,0.0111048576794637,0.00386159060735227,0.00421681174405972
-0.0458309056152819,-0.00483800463312944,-0.0126810746640841,-0.0285412776961899,-0.00802086443850014,-0.0467616197928724,-0.0243983830511316,-0.00577081846416846,-0.0103805078707549
-0.0333446246229927,-0.0180131273152846,-0.0334907728043826,-0.00563290636134394,-0.0118925878434779,0.0217775374134803,-0.00393208581889575,-0.0115672589004275,-0.0170706252344481
0.0648214406275688,-0.00710825544411111,0.0125392768884948,0.0236340811929903,0.00995874768171988,0.0754081837202461,-0.00196066818848315,-0.000436692212885916,0.0104655269991042
-0.0692356560685496,-0.0306660131969379,-0.0350700675824353,-0.0379715722578574,0.00684673845628303,-0.0615461028770353,0.0234507060541929,0.00942048751546018,0.0113529592342225
-0.0645392827794566,-0.000492951618601339,0.0028438521917689,-0.0344035437093213,0.0163540163841991,-0.0804964530266042,-0.030602924541224,-0.0186164742225519,-0.0073106327916933
0.00548052821283073,-0.00952140043928196,-0.0133644052923963,0.00710413573562091,0.0102487194137621,-0.0376794510036023,0.0125293217495599,0.0334401133688855,0.0076997685819593
-0.010734426080996,-0.0175130988210581,-0.0183778231208709,-0.0251397150434613,-0.00819637490108237,0.00623544422553735,-0.00842719052062258,-0.00451813881365214,-0.0134329340682553
-0.102519232202313,-0.0399447589153563,-0.0242249908805726,0.0216833702240326,-0.0180172431087815,-0.0859073504531902,-0.0328143603943835,0.00542448385648481,-0.0234131843572717
0.00618299707789885,0.0213546346896884,-0.0175973744302285,-0.0217858405855939,0.00893719834134379,-0.00540313126396477,-0.000587633827067901,0.00929896390370482,0.00548660399615851
-0.109855979292759,-0.0645954027465541,-0.0540719863260949,-0.0639770118820963,-0.0166320798733456,-0.11371864050092,-0.0242493059029485,-0.0230636728495788,-0.0175443209436705
0.0185800293643911,-0.00652755031005131,0.00982923632229334,0.0176863022918796,0.000939205880936859,0.041993041847925,0.00512254328253509,0.00593832684309762,0.000886438937482851
0.00265213360632261,-0.00636587580552115,-0.0413476654601707,-0.024335302070167,0.00121176907562236,-0.0453483203074184,-0.00916450561693868,0.00408742887892931,-0.00390185878321609
-0.0465787561212906,0.00889061634298659,-0.0293165427552186,-0.0436577220890884,-0.00352603181276905,-0.0996709696511244,0.00637359863360115,-0.0102484249314175,-0.0126358238567011
-0.0256399800606891,-0.011172420736224,0.00754784717513418,0.0275666418749495,0.00335076769945519,0.012330980682806,-0.00572704439668686,0.00653619459317267,0.00719357378074147
-0.0245076878627316,0.00953605612885103,0.00935555432816858,0.025363311831966,0.00399400620778899,0.0186303015653017,0.0176579871344704,0.0114548512755139,0.00489061106274175
0.0543229954445732,0.0162092632455798,0.0125854752032587,0.03208010741165,0.0159517508498737,0.0433343796418521,0.0292687706056871,0.0248370156362201,0.0229091879726671
-0.0264901891305955,-0.0154106762300245,-0.000161117720924871,-0.0198419434004536,0.00219154863162299,-0.00718937437526544,0.00730442586173376,-0.00362261007487834,-0.0181868751246159
0.0246852868961222,0.0176166403416437,0.021392685741868,0.0110901875334914,-5.00270603207335e-05,0.022822563863527,0.00838584874405233,0.00163491668900699,0.0124411315272841
0.0052937715149608,0.00313542651236036,0.011904405851315,-0.00807045795939365,8.08609775449297e-05,0.0268464264179245,-0.00726969063347394,-0.00731026069679682,-0.000868166941829901
0.0226944867827871,0.0132752620623053,-0.00389812510499256,-0.000284740397353212,0.00367536501603838,0.00296069359930808,-0.0154499352041009,0.00355597791782295,-0.000721784312272807
0.0394072136239151,-0.0117399444318217,0.003969455734793,0.00271795121658214,0.00220277286817912,0.0512327283770968,0.0040479791812191,-0.0233789599364819,-0.00493984086309408
-0.0246387326761825,0.00582101567510816,-0.0110326460255977,-0.0198361620342756,0.00247082005717074,-0.0330915049619896,0.00323219287893743,0.00710273604951572,0.00392241902327571
0.0211202720233014,0.014567534107462,-0.00332730423076981,0.00235770745652169,0.0100994485376434,0.0177458228936034,-0.00260634864945461,0.00885683703785004,0.0145858404598039
-0.0306596116328958,-0.00218316545379117,-0.0297171745072936,0.000404065936677785,-0.00455014950619921,-0.0396060859019367,-0.0022139678528334,0.0211123977061884,-0.00845065947814917
-0.024760034070292,-0.013136871710549,-0.00724674401249243,-0.0061045039542673,-0.00629234425526967,-0.0347148045328137,0.00357564753734688,-0.00188779418271645,-0.00676037438791365
-0.021908552727539,0.0151465737685987,0.00239473150443202,0.0133077855765805,0.0093837132262943,-0.020778207239514,-0.00287246665754152,-0.00245564258240862,0.00966838033225742
0.0317517212127763,0.0253230415459479,0.0147091174073187,0.062665443209075,0.0189816849164022,0.0684818192153848,0.0143779663981733,0.0406104830545422,0.0102843656827688
0.0532040692608608,0.0397102648460176,0.0338496449167013,0.0341107551111505,0.00146459483228962,0.0373476514440271,0.00190452519663962,-0.00289624090638086,0.0303118142901658
0.0194949695237157,0.0158029931491835,0.0192057683586496,0.0231655616893966,0.00679822900790066,0.0181247409868707,-0.00282382498128536,0.0284159565119795,0.0174526660362143
-0.0294551482260579,-0.00195806580361447,0.0181794087281596,-0.0171263254503718,0.00478976992394959,-0.0800451775587696,-0.00226778521707171,-0.0111769234358879,-0.00671603540375461
0.00897325062365895,0.0075611647838705,-0.00558787490674302,0.0257163985081716,0.00445951606792843,-0.0096348583207714,0.0150601598801753,-0.0223523678915502,0.00062393517322493
-0.113707251149157,-0.038429643352789,-0.0302451804119843,-0.0799779616670392,0.00138133974663107,-0.122649281146281,-0.00783088297810632,-0.0228046522300009,-0.020734057029848
0.0200032078154485,-0.0135249628096038,-0.00111749518296282,-0.00762587046493384,-0.0129597281806704,-0.0197749947577013,0.00410154467681875,0.0158057983699985,0.00940762616555121
-0.0140061174724377,-0.0188104631485675,0.00267874944094135,0.0245663346078023,-0.0090070363516801,-0.0296682098435091,-0.00683922794730192,-0.00909474463470169,-0.0100359164106376
-0.0069948548024508,-0.0301599768902434,0.00239163197127107,0.00433911974405052,0.012134512649557,-0.00226188047544821,-0.00387566013891522,-0.000343968179597108,-0.00498274479612532
0.0196212795899693,-0.00325264919170319,0.0161075580908323,0.00917078725960478,-0.0157146746652721,0.0123482908926284,0.00417551479713974,-0.0121621057103801,0.0020193168666781
-0.038199923784221,-0.0186473841959987,-0.00930016437570401,0.0013871175120973,0.0226083088275736,0.0437910718633059,0.00765939110001941,0.0102682904995261,-0.00505330085836997
0.0701276909559987,0.00960441068177291,0.022654252479116,0.0153477307537282,0.00488079250967817,0.0546179246237869,-0.0106210706600422,0.0199748824130013,0.0130442786727086
-0.0501258981763009,-0.0373766333925983,-0.00453753808623947,-0.0143303268337944,-0.000131505311410077,-0.0578445444063378,-0.0216270542841771,-0.0137352795651366,-0.0022115768082171
0.0570564742835092,0.0309868639984963,0.0268095955903271,0.0373900791982486,0.00723622229055182,0.0472161936328621,0.0141124183964266,0.0235056761914489,-0.00299661966291863
-0.0346439400717018,-0.0120896357418305,-0.00720637987275959,-0.0283514523455842,0.00812142130878181,-0.0920247289373385,0.0106584403752016,0.00698022807048671,0.0037784944021916
0.00748119414907047,0.00889286482993003,-0.00536526442304277,0.0463514330226387,0.0186636227539029,0.0328710334055232,0.0172743352840313,0.0136064634742965,0.0313308921890983
-0.0692880879358477,-0.0202323989483765,-0.0016741118083951,-0.015317043483581,-0.00612415667356566,-0.0592597408956692,-0.0179533023600633,-0.025863016568723,-0.0236086387162023
0.0495347294703878,0.0209233564328239,0.0126579076236237,0.0206536460442703,0.00354880613781469,-0.00471877362902938,0.00797007648342327,0.0240696082193255,0.00978760557485106
-0.0276782957932326,-0.0127650213569608,-0.014794328990983,-0.0209974740478176,0.00505287170130891,-0.0398185062060438,0.014892706055574,0.00850743067381833,0.0157277019060155
0.0209345434878688,0.0354242359240891,0.0199293355711471,-0.0173426758777688,-0.00424280805234208,-0.0255411402787792,0.0209717769884389,0.022542021391898,0.000861947076076656
-0.0172111807605753,-0.018209843509183,-0.00865284397119663,0.0113699870470188,-0.00567468656649511,-0.00900868815435869,-0.013123001915053,-0.0116421028205232,-0.00724345567189825
0.103134389763368,0.0287935703856401,0.0329737381075146,0.0201523184140431,0.00665201078532533,0.0988268479103305,-0.00292179562405543,-0.0110132029760159,0.0154254438094903
-0.0690754572550038,-0.0413313392920523,-0.0258741403012801,-0.0593216387642771,-0.00439107889709788,-0.0545144147855495,-0.00959471703509229,-0.0239623636123769,-0.0366808818711627
0.0266449592161165,-0.000584326351383752,-0.0024624664437652,0.0118298545723162,-0.0097890962453585,-0.0037803917826636,0.0130448320626411,0.00722004895428176,-0.00580695557468657
0.11623895266495,0.0588496342090628,0.0395346991926434,0.038691720257014,0.0307833101328017,0.0696522943094989,0.0275401551509731,0.0375179245967746,0.0408445736354597
0.0810742060588836,0.0129388034874426,0.0243532935468503,0.0319044468373183,0.017446978366632,0.080266887198494,0.0218914087519023,0.00621184627010937,0.0285107899089728
0.0356562188741075,-0.00788408856857103,-0.0075194108452553,-0.0089713501948554,0.00175918416962335,0.00369795922375929,-0.00328986601514676,0.00219682306979261,0.000673825729371811
-0.165127140941183,-0.0693019653030183,-0.0475648778881191,-0.0964935460830687,-0.00943691980527601,-0.169632755485051,0.00423976410464413,-0.0616028105397502,-0.0271018706755597
0.114186040937059,0.0313131396941457,0.0379000473282682,0.0313608148158903,0.0204725773954766,0.0607644923896852,0.0330443933438076,0.0339933743225919,0.0373686458987739
-0.00959451725706054,-0.00222716533770769,-0.00551162521577394,0.00560343189865088,0.000357086549841633,0.00131519518143156,0.00398018056127429,-0.0143943857759287,-0.00322088654357498
0.0601486028307027,0.0477006304108023,0.0190627930031573,-0.00638595832839462,-0.00775688363904494,0.0349638418675562,0.00322235518721049,-0.00314215986881914,-0.0102632973963646
-0.0125540911354194,-0.0108145991403138,-0.0011654842379995,-0.0271547256336036,0.00763904418368012,-0.0460286094548361,0.00419905203319251,-3.8134965332023e-05,0.0118035755249183
-0.0308203869432456,-0.00233812341579515,-0.0298680844690802,0.00288179978160817,-0.0156914945760835,-0.0190154969686902,-0.0068358723500163,0.00135296107253933,-0.010141403522218
-0.00150061692608248,-0.00845911183856255,0.00501097156591412,0.00974951286808792,-0.00555545734357249,0.0011737052298509,0.00191071192476637,-0.000403461987387174,-0.00725584681147875
0.0128120439408711,-0.00382185481407428,0.00652710069531484,-0.0167245432878457,0.00538020430121403,0.00355221069971972,-0.00713830833677458,0.00658981983854897,0.00904186504600554
0.0857537805502853,0.0321698596476651,0.0534852937450421,0.0281956320329952,0.00013708303413917,0.0446497968648191,0.00670693982523511,0.0330384959035828,0.011776019580322
-0.0798367984461406,-0.032356524443216,-0.00489257477913187,-0.00371417013275187,0.00352883857072453,-0.0460284171167663,-0.00370234527898062,0.00553106472132986,-0.00725131751314547
0.00655706919297324,0.00659618306065954,-0.00271498029701835,-0.0344603328430449,-0.00623589811349737,-0.00603030340824531,-0.00919910751666628,-0.00767190588587114,-0.0153703412404392
-0.0511426935058773,-0.0357918458680892,-0.0417318364460518,-0.0207667820408783,0.00137603193358354,-0.0184016832343846,0.0289385047019549,-0.0219377226009101,0.0180167018013987
-0.0195674088322047,-0.0167983658436076,-0.00820516084291866,-0.0108952367258931,-0.00560816525297437,-0.0607422858330543,-0.0152741503891408,-0.0154654433097306,-0.00596435583402429
-0.0207052583163899,-0.0286394118877197,-0.00188711339701683,-0.00337014351388824,-0.0225933047324201,-0.0390652287336849,-0.0361676377861097,-0.0351489476442605,-0.0289067598102901
-0.0588513635462579,-0.035453260595449,-0.0278571346454656,0.0386825594183156,-0.00397176717192627,-0.0437866033337373,-0.0176004161280087,0.00515055229052015,-0.0180531624996482
0.0690274307924788,0.0323292115369776,0.0110065516199754,0.0128844446083483,-0.0225787787322959,0.0487321118401588,0.00497782072383916,0.0160773066841472,-0.0102820792343871
0.0795545908619438,0.0454152242995114,0.024503398888677,0.0333604385376951,0.0216303484318079,0.0305131772488903,0.0436846855039839,0.0269188788823912,0.0507258906088491
0.00622063851639016,0.0236115031044099,0.00516173550028719,-0.0154391543467707,0.00811744118155769,-0.0278486295117841,0.00319608432601276,0.0115224504833953,0.00648778149294487
0.0159400452153285,0.00484896008255303,0.0202973070504989,0.0163024589283846,-0.00853542286473653,-0.0108653399283276,-0.00702924247271211,-0.00708574389677794,0.00910277784757411
-0.0792687834655262,-0.0269886548165799,-0.0175986061364549,-0.0500712086506264,0.00163587349560165,-0.0853778943420419,-0.00768982707291299,-0.0170812918779782,-0.0102038879460903
-0.0084450311069891,-0.0222314763971535,-0.0029272208104071,-0.0173236963385301,0.0146173483078492,0.0235826852287033,-0.00117342898668074,-0.0209464035769186,-0.000271205366673398
-0.0355864645086309,0.0150313979309605,-0.0330787961448186,-0.00788503897750003,0.00250905499300243,-0.0586973880072095,0.000158675580450252,0.000849653571410558,-0.0156654564404659
-0.0461279081646067,-0.0336624776600661,0.0180023226001762,-0.0148551164111633,-0.0175356148564368,-0.0209335373704068,-0.0377456272462258,-0.0366873116837986,-0.00936891926095968
-0.0095803751214561,0.00738710316530837,0.0285214328822963,0.0159542631937379,0.00345866404822647,-0.00267556476900203,-0.00109898262611241,-0.00100912504022272,0.000230833741582587
-0.0630314659600592,0.0206553449749059,-0.0345010461408956,-0.0304675671313613,0.000753754686509669,-0.0456176186461494,0.000268834299347029,-0.00997063470574758,-0.0147097600908834
0.0950493501086587,0.0500853331164714,0.0283206331122318,0.0255653511892729,0.0195548954721985,0.0822597463056082,0.00397996915565267,0.031090924397967,0.033290023891207
0.0298788724544076,0.0203944493182114,0.0178173824877253,-0.0209619559416658,0.0116621074995473,-0.0370468752616943,0.00399190961214166,0.0177011765820026,0.0179522800100375
0.0594634452292477,0.0412004224031836,0.0516280318493797,-0.00113371387032942,-0.0239750908759301,-0.00043369043549836,-0.0146118328326594,-0.00204709527764272,0.00307312462801479
0.0206864167087083,0.0126889310796154,0.040100823855294,0.0265425536576815,0.0106825771270165,0.0150649323029507,-0.00605418392056971,0.00211360328675974,-0.00773288460471261
-0.031112302971489,0.00873366623640304,-0.024783376975746,0.00817248331419138,0.00620689821878842,-0.0793163608457255,-0.00336305642990803,0.000765451406320062,4.14269058301742e-05
0.0248469240570423,-0.00919527348167082,0.00373355640545381,0.0341765694128408,0.0173556111756788,0.0343130630869886,0.0294666032018113,0.0426952009936663,0.029426742459576
-0.0333246390062908,-0.0166668565641843,-0.0187651488640021,-0.0148855072193303,0.00575321180173952,-0.0328530254699084,-0.00511078162761078,-0.0328750732135414,0.000128950429541671
-0.102405640086438,-0.0624540959663418,-0.0246398279183701,-0.0363147074800283,0.0001983671812366,-0.0132606553615591,-0.0123002113318207,-0.00544089683551812,-0.0262970585611092
-0.0139114243225535,0.0145361569054094,0.00810250986368274,-0.0130415196549678,0.00101524456413411,-0.0269599627248938,0.00117806612999605,0.0122032000606289,0.00564432538877611
0.00787348031721344,-0.012018021107925,-0.0043648636986933,-0.0340485321766006,-0.0282818450836275,-0.0345725468683372,-0.0176502847633179,-0.0332690617879463,-0.054882129477162
-0.0516330117437533,-0.00106452656132309,-0.013588883402879,-0.0302065174803113,0.0080561394593804,-0.0374406352438039,-0.00954867428918454,-0.00711489688639585,-0.00940809230072599
0.0264873625498242,0.0278937098905585,-0.000355163880639843,-0.0176567017740473,0.0160651053217186,0.00819094477847955,0.00740675060929901,0.00997652809492708,0.0119872155133904
0.00208389856685057,0.0190017347777245,-0.0122904592017304,0.052692671620624,0.0201103801793867,-0.00259148386868749,0.0274303660355367,0.00612997402627517,0.0391653120363717
-0.0716331446496303,-0.0209574176686469,-0.016240879927976,0.00193935588299433,-0.0219724293724404,-0.0328196099607361,-0.0226877790891466,-0.0119527713529,-0.0110183094695415
0.00403781813595552,-0.00331578721952833,0.0021112501126708,0.017041276004376,-0.0158367171435258,0.0158660281609769,0.00101502884368981,0.0218370493182374,0.00448343175818194
0.0532042110291875,-0.00985215620674532,0.00447069795800548,-0.00264966636271301,0.00083380989996449,0.0241277227116842,-0.00654065955827766,0.0174367120400303,-0.000871933076680549
-0.0692614866763853,-0.0770165261557646,-0.0383467790862726,0.0143973846433124,0.00446734652246925,-0.060527384977829,-0.000336321074987586,-0.0115783946925203,0.0050773479515487
-0.0314619804197402,-0.00286247573022296,-0.0219813630395245,-0.00414284245307798,-0.000172912445512431,-0.00396845656482652,-0.00254480052849,-0.0101627932722019,0.00286902625933018
0.0402349339879743,0.00582928834003316,-0.00756903667596416,-0.00597834226765119,0.00495736029700503,0.0306474108033751,0.0216675022454931,0.0117866659027369,0.00219521704484644
-0.0998179138204114,-0.0564569785628252,-0.0274241814961509,-0.0548974280777521,-0.0228770878897922,-0.0677400345912847,-0.0557070839117959,-0.0115354861869722,-0.0250517868650617
0.0355094755238487,0.0116410642115281,0.0184994421294842,0.0287782685411927,-0.00535073652070957,0.00132424988600113,0.00275221855665351,0.0147705386093522,-0.00481346374856869
0.0399935183913783,0.0377754722920999,0.0108710769449516,0.0206426998863526,0.00308376517537672,0.034559891660548,-0.00048469771794963,0.0368333407279753,0.0183936050567188
0.0545124538880085,-0.0150048523483375,0.00371427545529652,0.018469626566787,0.00260503746384855,0.040022386591691,0.0035086906746416,0.000122866101755163,0.013567674314172
0.00613848920718624,0.0138741136947178,0.0127875537477704,0.0372434654396326,-0.000944955611802215,0.0323333808224018,-0.00716667397438428,0.00911715817906459,0.00572905430304098
-0.00543660386625883,0.0102446640225209,-0.00585235889142003,-0.0113189957982031,-0.00214591619129234,0.00864299589295198,-0.00565902161478142,-0.0192758794777515,-0.0245362144198145
0.0501764512521137,0.0348420124741944,0.0215928685602354,0.0402512276158771,0.00904583298116483,0.0747129280402431,-0.00706478318976113,0.00365201066351473,0.013601547860745
0.0437842265583523,-0.0114908745419273,-0.00178569776211879,0.000522419705122266,0.00136839494764337,0.0663380297702131,-0.0143872019990059,-0.0281829121297847,-0.0128662221808782
-0.0181274008368217,-0.0197709427453237,-0.0226580287674169,-0.0346177923585722,-0.00729933245078878,-0.0439338704782237,-0.00521622891563156,-0.0126186495518519,-0.012233211530279
0.0254487119562219,0.00936610751134999,0.0512686632763337,0.0541922172591461,8.45066938609746e-06,0.0333612214632207,-0.00852180260911507,-0.000322324190355009,0.00906168282989984
-0.0338511256931543,-0.0481262921113845,-0.0225538928900324,-0.0291163297547028,-0.0111821518893882,-0.0650530899076365,-0.0255877689321251,-0.0216130326694479,-0.0106133032531856
0.0404275344753305,-0.0125250003488227,-0.00853244816584256,0.0216091421568165,0.0105416179234527,0.0398247861168942,0.00157243704594149,0.0143968546183869,0.00708732083505385
-0.0353258753277372,0.00336345862408679,-0.0130967111612094,0.00303232703377979,-0.00728189878414361,-0.0543866415326442,-0.0166764747801454,0.00518119955870727,0.00633194313519467
-0.0221390914937228,0.0147307277833805,-0.0110157188927188,0.0242247474333518,-0.0123871354668619,0.0191341098880652,0.00288209670573224,0.0229184497407718,-0.0124670003704872
-0.0681818101303835,-0.0278799906176528,-0.0242383026716487,-0.0423322787219822,-0.00725136644919282,-0.0611166096674979,-0.002249747293671,-0.0235175638776974,-0.00621371035977615
0.0571108547744216,0.0183340634328001,0.013227090596023,-0.0230270641084016,0.0121995911826848,0.0732975139772335,0.0149409879574576,-0.001448941369671,-0.000101664797946327
-0.0598664158872808,-0.00836760645571169,-0.0142797819209781,0.00602358077601969,0.0113099202439506,-0.043934671979255,0.00667199129064487,-0.0072676282783449,0.00776863649134637
0.0155591854101368,0.0129717235302017,-0.00324849909689129,0.0262723212216394,0.00166016191229887,-0.0513045484352639,0.0198725025527258,0.0262432398748096,0.0141714614999344
0.0812434132299485,0.0529974714930539,0.0250928681504869,0.0148734965153098,0.00130923510965177,0.0735093538905152,0.00405894133723362,0.00513381709117789,0.0222512380703028
0.0218417079629968,0.00853716486331902,-0.0173167660087632,0.036149774921867,-0.00904041920697012,0.0488594522229996,0.00744581185963461,0.00480532137254382,0.0118235832651956
0.00935136699315605,0.00857507992894053,0.00386042939823227,-0.000842737507111319,-0.00764002687527101,-0.0261843497727348,-0.0184258800236519,0.014792396211558,0.00436495595567491
-0.0635743670266407,-0.0505184196614715,-0.0416589920893011,-0.0583819844090431,0.00348815866318305,-0.0794458122293841,0.0112732739381138,-0.0357781625219857,-0.0204072328160704
-0.00185859343421707,-0.0204839531642706,0.00652791251847978,-0.00143251398174992,-0.0108518650510472,0.00331050051214912,0.00388341132290535,0.0115751185645568,-0.0202881497262373
0.0214227590723688,0.0032366353137953,-0.00775262184265869,0.0442674911928428,0.0138361453677306,0.0400956429977334,0.0254005167341465,0.0209410442070349,0.0170793985109888
-0.06319977294917,-0.0234813631692516,-0.0310789319642288,-0.0393715134731098,-0.0146142561619332,-0.0699628748358331,0.0182075711178781,-0.0449497045471562,-0.0441908062165741
0.0352063623563796,-0.0221288852120949,-0.0178541789262046,0.0182567221660502,0.00127476175022412,0.0338806974875404,0.0159931503989416,-0.00881262233828606,-0.00470591589022613
0.0443563634416784,0.00513343141975368,0.0261548565082259,0.04960796922398,-0.00211529955863127,0.0949690170640151,0.0361091582228754,0.00916418877810065,0.0358647437856515
0.0525633206347543,-0.00946891775230349,0.00235180006792877,0.0276803673523008,0.0275648403745313,-0.0259413670922056,0.0191069662882791,0.0182283662895434,-0.0027953646034479
0.0630242150033448,0.0254889223170878,0.0145087772409502,0.0153857007684693,-0.000982756183021365,0.0176591209979889,0.016584935716378,0.0165222218751666,0.00172751523201874
0.015405118268898,-0.00572990680483692,0.0147675606050362,0.0161589708258572,0.00129364176422742,0.0536208800212187,0.0108298372854787,0.000660455389457635,0.0103800971188425
-0.0114115982303935,0.0113398823276813,0.00215651190588236,0.00895527397163755,5.47467319058871e-05,-0.00505753948420377,0.00588599326670063,0.00197341929489325,0.00628133817086294
-0.0349585553284522,-0.0359613465279346,-0.0511489538600473,-0.0134575873751098,-0.00948547804625642,-0.0484563567439547,-0.021961107935696,-0.00561204506653726,-0.00854753350433534
-0.0266017930460259,0.000454697555129434,-0.000100058169100863,-0.0290392007198125,-0.0120123130442181,-0.0149436246557389,-0.0138729414977997,-0.00718230616392097,-0.00603606983042942
-0.0463190290724384,-0.0252110958284524,-0.0207195508702361,-0.0286224726873486,0.0101943173004813,-0.00405846328719121,0.00160003855016672,0.00159965826686283,0.0043340460334858
-0.017470203268759,0.0160894564333421,0.0116421218705462,-0.0131726338195047,-0.0098256958600247,-0.0110519224031553,-0.00943650175580293,0.00752761578016779,0.00402945910011984
0.0417421456400766,0.0071368918530223,-0.0107094339730846,-0.00981966795553104,0.014118702467234,-0.023804099947375,0.00972979180071687,0.0348545972195498,0.0248690835451058
0.105292201233566,0.0343240149365012,0.0187982955755927,-0.0270594093769209,-0.00996102546043159,0.0040186328332537,-0.0218114110953441,-0.00211619495749107,-0.0112058603792642
-0.00301434453643936,-0.00943291647123312,-0.00545632969255384,0.00508432283889136,-0.00654620397327843,-0.0187020707876039,-0.0242345237549286,-0.0150471892583359,0.00767205742319536
0.0639802997455685,0.0368019224654151,0.0460132400431659,0.00649766331042098,-0.00402182250141474,0.0372165749079049,-0.0188380287545277,-0.0167823074452773,-0.0146050598412435
-0.0236451329836873,0.0198324046738094,-0.0106837538741174,-0.012350359822133,0.00279582581451993,-0.023061081225108,-0.00444750519992798,0.0130205077794363,0.000799695609972902
-0.039594481536841,-0.0249972659969993,-0.0203860572322448,-0.00635046347882657,0.00735359230285597,-0.032378901805547,0.00380606538208743,-0.0118825970979073,0.00630902411882461
0.0539496766836333,-0.00915562861377412,-0.00562316931260208,0.000544801071327428,0.0107936507309944,0.0503863317592578,0.0167783712146484,0.00755565334045967,0.00680247209466959
0.132346697682385,0.0235367511529041,0.0275794121884157,0.0340040895722466,0.0123509523096289,0.0760520108444054,0.0191014053100186,0.0240406988666304,0.0200476163798591
0.0125781676215175,-0.0274355531694888,0.000287516111045575,0.0131903507992153,-0.0110335387405683,-0.0232887021795043,-0.00237872554125506,-0.0291237870535347,-0.0102092120074773
0.00785878061262445,-0.0421788189621974,-0.0161997721962096,0.00203596473083478,-0.00116857210201958,-0.00141960552481235,-0.0056054782241318,-0.0081480615044991,-0.0091349124964442
0.0192896477712229,-0.0117434306685646,-0.023757684541411,0.0260813580571387,-0.00118699733906918,0.0269590170592812,-0.00310323204554923,0.0081363807504146,0.0173014849860424
0.0154377002901718,0.0118514740629543,0.0168553818957872,0.0247693006322529,0.00591957666489988,-0.0298381795023713,-0.00454013595742159,0.0137863172931244,0.00585460746085429
0.0175954767327963,0.0107321264744158,0.00475047984152608,0.00602483514315486,-0.0047116390758324,0.020936402543364,-0.0198097987662908,0.021240709667752,0.0171003438661539
-0.0311784627413037,-0.0380173773649872,-0.0175971559799256,-0.0289995089893062,-0.00341112005933566,-0.0472530265563788,-0.00336570337411744,-0.00678424908754213,-0.00815838183360482
-0.0188675495807736,-0.00394977750151097,-0.0240685789906549,-0.0233600874401205,-0.00975632145341445,-0.0574525555487616,-0.000873122591324569,0.00462632416023983,-0.0119142941510359
0.0128375330920092,0.0136879561932773,-0.00403307535936055,-0.00940820581306301,0.0168584750102157,0.0101699401540156,0.0153704890724108,0.0117507878361779,0.0211175404319355
0.0796187303459958,0.00446723349796547,0.0172577149223203,0.0182699462968724,0.0100716905007026,-0.00954668523146558,0.00110116480796471,0.00342173781077307,-0.00162899045850245
-0.0704078933225424,-0.036726540521351,-0.0366108324396338,-0.0193769208160152,-0.00705109777905738,-0.0691507500845076,-0.02383391910599,-0.0103905924331894,-0.0186638503422462
0.0793336536031293,0.0439692100402499,0.039499393194023,0.114500228238928,0.0108642174696127,0.0385661477944711,0.00397248921230744,0.0323628991893836,0.0395795290316231
-0.0471918496345559,-0.0111673631021172,-0.0178075491794672,-0.0226674595780424,0.0046247756471216,-0.0459033709853779,0.000969598905595703,0.00649850966197463,0.00707356252974186
-0.016492596660639,0.00762019350655087,-0.011143568649691,-0.0228833935197921,0.00304511220837468,-0.0308806791345453,-0.00840211132566423,0.00071266158235687,0.0113244872172807
0.0587834717241981,0.00793693506435188,0.00721229824374996,0.0185617558469992,-0.00832045352333126,0.0289835454937897,-0.000494332341558332,0.0208188031381584,-0.000363918170884493
-0.0365681509681606,-0.0122671025115252,-0.0149621530262207,-0.0304068413206011,0.000100101018485068,-0.0421907152256148,-0.0151179130882588,0.0170631599129709,0.0168492359773985
0.0296957291704031,-0.0320371483215567,-0.0138339264499278,0.00557445985943643,-0.00295313964768711,-0.0647799784614159,0.00412567576000602,-0.0108430717076263,0.00292006545775881
-0.0575433632505918,-0.0251884660559495,-0.0173482080614289,-0.0386579499564916,-0.00855991051972274,-0.0386736016384895,7.04638411905277e-05,-0.0307470462053331,-0.0148772174676545
0.0270984714281384,0.0143309232242963,0.0251549218378872,0.0354964651605182,0.00433430338131471,0.0503814084886175,-0.0192505556100643,0.00988331564817642,0.00999010223092631
0.005966046862164,0.00811133023047381,0.0078726159704511,0.00796260286488663,0.00959808144175816,-0.00505216981723752,-0.00314807966867129,0.00464761522019243,-0.00386245282822802
-0.0162907544534741,-0.0101019110908829,-0.00891817776280993,0.0306752231464675,-0.00453566548898339,0.0331363197670985,-0.00846190592079345,0.00197965680692551,-0.0087747445939452
0.000170347125257491,-0.00484730931399867,0.00344129308358128,0.0139850652165319,0.00682208514102209,0.0139234692712519,-0.00236326745846984,0.0107497301802185,0.0188576515044495
-0.048115390943472,-0.0113433889518874,-0.0173520080057423,-0.0361294000435588,0.000795839896432618,-0.0497176059996629,0.00801832740736804,-0.0100844955017997,-0.00961207416463794
0.0183838442882353,0.002653861927046,0.00252709326177206,0.00355107327434751,-0.0105040170958988,0.00500818448141111,-0.0107099968382368,0.00276856349615955,-0.0232772200450749
0.0207067426231424,0.00924936135327582,-0.0149786857993727,0.00435766022322645,0.0120423801386101,-0.0121625742491282,0.022217411594804,0.0121503392631313,0.00697172688433783
-0.0818191400167719,-0.0141831684681094,-0.012740169944882,-0.0408974777355657,0.00319452993990586,-0.0528396236642451,-0.00744821265872854,-0.000884933447351662,0.000423088926333851
-0.0265004624196948,0.00479070916786934,-0.00189162373208987,0.00568673626903032,0.00141240753561585,-0.0168841149545021,8.64273169975824e-05,-0.00218792916272175,0.00106386702853055
-0.00872863996571053,0.00719401718391042,0.0175041959893542,-0.0122355880465427,0.00580826229149455,0.0223188591368765,0.00311910889808046,-0.0276872444629068,0.00278839544133843
-0.0625386205137663,-0.043151991055176,-0.020296987519,-0.0175095491212882,-0.0095037803015486,-0.02475662370566,-0.0129161075316709,-0.0254153640952973,-0.0318095459550333
0.0722627364441235,0.0344213396319897,0.0291626409627594,0.0438424184513904,0.00474338065375797,0.0996917395485384,-0.00196099541864634,0.0204998495419731,0.00527780427378482
-0.0276588451932685,0.00751521157192061,-0.0193664343048511,0.00505491714278383,0.0113983948854273,0.00637698289288588,-0.00595244718124053,-0.00442301050529015,0.00178807387903434
0.13280777842664,0.0497564226159362,0.0452217768491369,0.0153636187562567,0.0087350367716412,0.050777719825294,-0.000468359597895942,0.00647991042122083,0.00543828332067572
0.0158763803464246,0.0428910756396634,0.0174632358896743,0.0300176139353372,-0.0160559775477796,-0.0234861439663786,0.000176111013347256,0.00889613341484869,-0.00971127909370095
-0.00614753422776714,0.0198389478990013,-0.00146150174008683,0.0223162206945531,-0.00445346210572733,-0.0263969957478494,0.0140562106035129,0.00750515198577476,-0.0150045717857381
0.0375307565286303,-0.00983945306206034,0.0151652417724244,-0.00604763420485514,0.0148302509923713,0.0221144019590139,0.0205863791754078,0.0134836211127255,0.0242520894046823
-0.0743720254424608,-0.0231125269129441,-0.0402799655977858,-0.0359314955012746,-0.0119336148284707,-0.0932096815531448,-0.00956543592695722,-0.020601316591128,0.00151314944675623
0.0143789639330763,0.00593844904488085,0.00488858620520242,0.0338193906661242,0.00270710651241927,-0.0119364962817131,0.0116044286969561,0.0243174820803165,0.00101132182168004
0.0146409503594925,0.0060789799012047,0.0113586988720269,0.0525308156134444,-0.00122267017830361,-0.0029066112484124,0.0119182329881992,0.0247404229782833,0.00731238902528382
-0.0549405007738916,-0.0175723342297889,0.00454528502794321,-0.0198436424284327,-0.033027873330345,-0.0602463964834496,-0.0102562254469112,-0.0481762176133261,-0.0288242413453153
-0.0501189959188047,-0.0169838544885345,-0.0138721977462235,-0.0212472764352631,-0.0180348573611724,-0.000395216131258247,-0.00846965119433502,-0.0114781736418991,-0.0242744717469434
0.109370704500104,0.0188858665747342,0.026979256392894,0.0931361194132723,0.013277311969512,0.118290829482181,0.00622120267111918,0.0366073934109786,0.01854450793217
-0.0356994596565221,-0.0273442017409958,-0.030854621592744,-0.0475190385764573,-0.0144877013756796,-0.0188931267482372,-0.025407810464095,-0.0233461682206422,-0.0297263349103391
-0.0333938177680526,-0.00815027127352512,0.00394511330523413,-0.0131187167880922,-0.00435369913285293,-0.0300403273114546,-0.00687779592704577,-0.00142202188294776,0.00427770854667663
-0.0759578608990972,-0.00951581865548435,-0.0121957291735551,0.022020002179783,-0.00200248405629921,-0.0791222577620257,0.000241448524771527,-0.00850043651728352,-0.00513449824355255
0.0605035936588551,0.0315618328222126,0.0164944137023305,0.0736834706743217,0.0210218399828104,-0.0173278426137139,0.026828953198421,0.0312035298834688,0.0356508148058914
-0.0123006595432304,-0.0196006276936703,-0.0255483497886692,-0.0015010604638289,-0.000327581434035468,-0.00263612372710176,-0.00377721169089312,0.00584284346754023,0.0117300193358061
0.0652751132088876,0.0229304935115831,0.0103665405946807,0.0111807492950716,0.0168814452327219,0.0393151952617055,0.0328234407359967,0.0278284078141615,0.0229656130706502
0.0451484436923882,0.0286546710433739,0.0395092835563172,0.0552231845538107,0.0119493843361116,0.104817440177998,-6.87863061949755e-05,0.00179690303795892,0.020109334610189
-0.123618059396258,-0.0907883531954745,-0.0216046225106154,-0.0549062778343911,-0.0176286245840129,-0.0833210491739668,-0.0159790196904996,-0.0478690568516324,-0.0461944820980803
0.00512882683950889,0.0273184284274561,0.021743627394499,0.0513239481790743,0.0149932400641519,0.0211135590328317,0.0143369809262152,0.026439437358659,0.0292200563627871
-0.0359098766331458,-0.0459790929371636,-0.0064010398607549,-0.00507249173545739,-0.0104499527994855,-0.0418067405871805,-0.00276933503589407,-0.0127564344707893,-0.0110981478858587
-0.0121155172549903,-0.000395654903520428,-0.0180176985164798,0.026824967563082,0.0124062838653306,-0.023477974880612,0.00913314003932553,-0.00428164019782069,-0.00949415456787565
-0.0356075861996222,0.00546734706376095,-0.00655390486055669,-0.00945514211366714,0.00459803471498237,-0.0275841829999818,-0.018496376468695,0.00346572197624914,0.00474417772337214
-0.0270956020181258,-0.00540151327293087,-0.0100132239564957,0.0115696467325553,0.00810004135874713,0.00338064214560537,-0.00375284960044516,0.00516805113384917,0.0130612678943647
0.00307745289213061,0.00194673673315648,0.0159523580760611,-0.00966636646404122,-0.00806387109029193,0.0078850287312223,-0.00786269894930679,-0.000237063904954612,-0.00568584033903392
-0.0709003212448092,-0.0141140051381037,-0.0415856513733977,-0.0395315302722661,-0.0149280817659652,-0.0183391351590833,-0.00556621770173492,-0.0337250831023017,-0.0102440525483609
-0.0371028303045073,-0.0178151441270359,-0.00946861789050915,-0.0203221025131269,0.0117540215487905,-0.037462554957184,-0.00956933490533147,-0.0217771367505979,0.000974658509217839
0.0526622079863147,0.033927194538909,0.0371506398133892,0.0295714358054969,-0.00115553476294478,0.0202701942187677,-0.0043842524838932,-0.0050370968437785,-0.00344976894412733
-0.0220077939170133,0.00746433013457189,-0.019426592543656,-0.0273126669819909,-0.0027126742179189,0.0085853465336176,-0.0109039773186177,-0.0252114169573113,-0.0235647154521512
0.0280399824402487,0.0133852289908252,0.0118803440330999,-0.0122399221445181,0.014239490770118,0.0169465729406574,0.00471392999945917,0.00519966901411731,0.0206817025430457
-0.00174744966469409,0.0120708112599886,0.0102968870392017,-0.00674980478476624,-0.0292578454377581,0.0202981387069121,-0.00953957797485538,0.000577828889487576,-0.00622444635323375
-0.0158713860597118,-0.0108533858071246,-0.00612835785508816,-0.00247466887654138,-0.0227535969743031,-0.0559164206411365,-0.0134032594581761,0.00278656270169448,-0.0398194482883127
-0.042888951474382,-0.0235209522471888,-0.00644951234592712,-0.0194506734772543,-0.0228541291997422,-0.103512862631608,-0.00971786697836734,-0.00731934731333766,-0.0286973213107314
0.0615496174397662,0.0416612569467122,0.0412481882207411,0.0240989262064275,0.0278227252578442,0.0584365529751894,0.00894940887241815,0.0260744167153599,0.0333687858976718
0.0481365987753673,0.0250036556407684,0.013971626615826,-0.00677829240364708,-0.0202990082549838,-0.0083646014406301,-0.0136673103081337,-0.0288285434154556,-0.0160100076870092
-0.155130921753719,-0.0428659396073247,-0.0582419277311908,-0.0813652793883594,0.000447838567592773,-0.124020182485345,-0.00081221890735902,-0.0135665727876493,-0.00870865516971798
-0.0143669431091093,0.00689089913210367,-0.0180328646555437,-0.00459050164883174,0.00323301072129336,-0.0279661086039773,0.0113756439772306,0.0175881970310725,0.00473388530828567
-0.0661671404149636,-0.00695805380037237,-0.0230523938809321,-0.0344504090222899,-0.0111012758400473,-0.10065803100223,-0.0156288841760933,-0.00938697986336051,-0.00328475629205561
0.0126744775689536,-0.0434564169558446,-0.0343405861704585,0.0193077574594344,0.000130105793745519,-0.0148018110697508,0.0223986143194855,0.00415657215041933,0.00411682927123157
-0.0218516511277654,-0.0178534028399691,-0.0316974479911937,0.0057490971101482,-0.00611614001203138,0.00310829652803051,-0.016971486229388,-0.0120949287802559,-0.0150034438627434
-0.0371265106221301,-0.0381656525366945,-0.0385322892380009,-0.00844069292648489,-0.011161712420002,-0.00119328981463055,-0.0152802875258148,-0.0076087938790556,-0.00833114951748908
0.0106000361267237,0.0347984766425532,0.0437568617858103,0.0215103347336066,0.00248071008808767,0.0203395548447603,-0.0129003092252654,-0.00165924699491621,0.0222670363696671
-0.0744699637002922,-0.0411159486866438,-0.055328093693627,-0.0564526877100235,-0.00354074519350629,-0.0676248953326831,3.85655424133631e-05,-0.028291363224706,-0.000328998820968944
-0.0227862297764367,-0.0179861629818776,-0.00975683102184331,-0.0213112364545606,-0.000115375680631318,-0.0402340012730065,0.0132988609025717,0.00541359112123855,0.00461652819898892
0.0710551241366511,-0.0232483002015057,0.0165523299764281,0.0176568153106797,0.00851326662918817,0.105660002966866,0.00569532021418004,0.0122653145441196,-6.54690307744138e-05
0.0263529696825723,-0.0154273798460432,-0.015820174979961,-0.0300225921324893,0.0157847861201939,-0.00360338680732624,0.00420730917159122,0.0259532638899882,0.0146155812806068
0.0370798272823155,0.0230148612677895,0.0188988723410419,0.043222860829452,0.00375143097973054,0.0102719068359843,0.00126343534913801,0.00766905577149618,0.00130498854696726
-0.0896525539135475,-0.0370211576308725,-0.0402417879066802,-0.0393946147553,-0.0135126402116451,-0.0854446614121775,-0.0147101822511023,-0.0200961654829453,-0.0186379871886769
-0.001336499682052,0.00622269519523687,-0.00762510302561593,0.0224990064991884,0.0143499280941176,-0.00655671197274488,0.00489685733291155,-0.00135510624511397,0.0113471442859596
-0.105378981139195,-0.0666980977947623,-0.01101465850026,-0.0527693346245779,-0.021256947922888,-0.0887011918057571,-0.0258615900530888,-0.0486555903137191,-0.0780128626678926
-0.0181643227561835,-0.00947224968838041,-0.000268322969017075,0.00513415074239829,0.00473735300505196,-0.0209873077987554,-0.00285511729180281,-0.000832918361099809,0.00732401474422133
-0.0147978059630866,0.00636474930612901,-0.00961958223175942,-0.0190908013741376,-0.0175254254746182,-0.0143767343436795,-0.0157377967361775,-0.0253970643773095,-0.0288827409660258
0.010449339393473,-0.0238918855710207,-0.0137194996085147,-0.0188982753550231,0.00564030200990661,0.0282788796734382,0.00224764154603905,0.0061308627736452,0.00883016102540661
-0.0456682613336382,-0.0125877965661545,9.89847834449295e-05,-0.0363393815273236,-0.00520536020320285,-0.0534952383473721,-0.0176746347950727,-0.0304030258331435,-0.0186051964313174
0.0219718463556093,0.018678395575626,0.00608656622741415,0.0296632730885496,0.00352000121857197,0.00746893172432215,-0.0141742440863404,0.0246204718306098,0.0231223857904769
-0.00355315135873963,-0.0247258168314906,-0.0284007091198274,-0.00334375575976428,-0.00615813364198993,-0.012180055848906,0.00856455131218129,-0.00981827999527744,-0.0161584933214737
0.0236678234229925,-0.02434170860338,-0.0138906198498008,-0.0214732570077736,0.00480323917765143,0.00709341224426158,0.00990029676387646,-0.00790225333939803,0.0064839073058229
-0.00643586568812065,0.0236987428385066,0.0142639072441563,0.0214809873355721,-0.00857686844146964,0.0257402540649554,-0.0158553389771701,-0.00645323038599293,-0.0155351726383532
0.0106942528704935,-0.0161000319310026,-0.0190607099479591,0.0381466199483642,0.00692893557134316,-0.0180419741828406,0.00568048993202657,0.00418399388348086,0.00337730824379408
0.0248671519235615,0.0161609848894045,0.0182610598248785,0.0186124458899582,0.00719092590166153,0.0755053035419801,0.00186316644814051,-0.00314840550024765,0.0100903905473781
0.00221304416145034,0.00677446014481404,0.0148105069659933,0.0238908024074567,-0.00786275626947401,-0.0146534812422542,-0.0150759108210756,0.00607718715843253,-0.0272089079928096
-0.0218718745638478,0.00505251762581612,-0.0167624264347665,-0.0278854308054579,0.0109247311054336,-0.018090354455686,0.00829385399990915,0.0104521382667845,0.00692215152580278
-0.00107634031787001,0.0184435520694217,0.0105248143204601,0.0351791249603003,0.00764931940054077,0.022111122748862,0.00680736689982394,0.02472904477132,0.000290575704009916
-0.0337545787234297,-0.0542355257369284,-0.0115706482083692,-0.0338685641333481,0.000483309266735214,-0.0518521299657241,0.000328565771079296,-0.00833684163519755,-0.00614207289094738
-0.0954201288436533,-0.0325000694979697,0.00346469434973036,-0.0641604161248585,-0.0299842983054864,-0.107634141658794,0.00820239968847163,-0.0472557159910765,-0.0656006024114919
-0.0218053391551146,-0.00997162241382726,0.00463933460914448,-0.0141486039633344,-0.00549522654987492,-0.0273741710047076,-0.00187883185948188,-0.0239772126164617,-0.017400877196252
-0.00631936114897807,-0.0197907011330795,-0.0204280610914287,-0.00898182646104633,0.0122648251484834,-0.00420412397024275,0.00481938963772177,0.0123856175466648,0.000835665967818103
-0.0231945056265522,0.00408672862960777,-0.0265215462536991,0.00335206699681239,0.0035037404984687,0.0293873811628779,-0.0010209776649981,-0.0100477607164493,0.00405208174662833
-0.0120481619630595,0.0188072121343577,0.00311753720940635,0.0104444100284179,0.00332450521648298,-0.0109658689081233,0.00951944117669614,0.00761968236881655,0.00879421992477034
-0.0314958232205532,0.00163511249969533,0.00547255186828161,0.0176613293150251,-0.0150123345607268,-0.0379877385631042,-0.0138136078401157,0.019891537376404,0.0113852499523199
0.0962400793298512,0.0321403537017667,0.0344847840679326,0.0167639558422861,0.00307536240626868,0.0805031206884476,-0.0037876184767864,-0.00305049532104633,0.0199683739093191
0.01024756616102,-0.021585573452852,0.000657867022428865,-0.00404785856117787,-0.00798857601855788,0.0226458603677606,-0.0208732388724603,0.00770462825596334,-0.00380383995367063
0.0812758578399714,0.0377598986059595,0.0315824920682272,0.0165691220226815,0.0223008307879968,0.0795135081894886,0.0143338073742259,0.0125199881810206,0.0352408529845987
0.0945214630945468,0.00286698187578485,0.0229725034253028,0.0130475064563466,-0.00520571931648171,0.113461791539506,-0.000721179632861212,0.00415918375843882,-0.00314401791843891
0.130813852747799,0.0297712096362417,0.0360523010048295,0.0278816406778475,0.0215957771724685,0.121835634639024,0.00815472781938566,0.0258396287371725,0.0237344838460405
0.0479358016179147,0.029136459051374,0.0181750017589394,0.0262109358423396,0.0128608052981162,0.00725752063076996,0.00319607868257223,-0.00401489046959123,0.00501722689259205
-0.0383879834914041,-0.0128724812934293,-0.0298647735417611,0.00250353560291351,-0.0106311726585064,-0.0766318391866795,-0.000298434013627338,-0.0330127426882537,-0.00914276151072937
-0.00398734953421408,-0.00630500205118858,-0.0129004568967418,0.0156863558972746,0.0108595629620406,0.0587344135448625,-0.00212741025353034,-0.00592167505138444,0.00137585520537397
0.00760882137840779,0.00488144871731678,0.0127559951427914,-0.00412197571848479,0.00101640819938477,0.00492854332708979,-0.0111678909174267,-0.00993620792151164,0.00831986494905443
-0.0215238050837507,0.0121677393234084,-0.0112068502227404,-0.0260420127568819,0.000693949338148132,-0.0434299154009549,-0.007046640790345,-0.0249512862139137,-0.00731697776136035
0.0308983896475788,-0.0044567079823122,-0.0131468492235081,0.030500087995895,8.24949313669234e-05,0.0208220965760154,0.00423655536989927,0.0189586780531249,0.0104961509644934
-0.0692136258735171,-0.0283240080375802,-0.0501272601034387,-0.0385923396714935,-0.0074660363418574,-0.0568823821865011,-0.0159439495171729,-0.0238128667530151,-0.0201097553100432
-0.023275276195047,0.00780036004649437,-0.010279964681141,-0.0442738755165225,-0.000979666804834105,-0.0207096109655096,-0.00528111370917088,-0.00423105961538992,-0.0224193513518514
-0.0896796818512608,-0.0268838727819049,-0.00767887305886618,-0.0220832178771005,-0.000523050574173282,-0.0632015879143756,-0.0117050443930077,0.00396847078486559,-0.0159114418872866
-0.0185256153398976,-0.0186093927941378,-0.0152927465292683,-0.0199251585508799,-0.00724543431171712,-0.0447214099548549,-0.0020538968300006,0.00813334275049909,0.0101819630250606
0.0830016426369382,0.0748119240364822,0.063694024148746,0.0406635901444232,0.020655155532741,0.0535819613498475,0.0185172143858107,0.0261595298745852,0.0163520783289351
0.13855508059969,0.0731607160119284,0.0550679192262329,0.0527455864673493,0.00590554940094093,-0.0325212217615212,0.0339889327113498,0.0333754924526532,0.0413738330733486
0.0100403586610782,0.0192267529123962,0.01755675682001,-0.0154245229143711,0.0080528865183669,0.00854289512733193,-0.000372171452334739,-0.0123391975994135,0.00161021737091857
0.0464054498732884,0.0123976363135146,0.000120913264353127,0.0316516557553965,-0.00319662391425894,0.0183505052711945,0.000623542767656921,0.0356732766804088,-0.000567604365998451
-0.0312317794472752,-0.000866174883276998,-0.0133985884320541,0.0059981346454898,0.00759999806579923,-0.00377679818301349,-0.00638776568431742,-0.0222471539112702,0.00875755555559563
-0.00931143413603469,-0.0455755695219629,-0.0368676422395896,-0.0187245418241113,-0.0196608583308148,-0.000833714511266251,-0.0236046073028995,-0.00371862169786131,-0.0199469678508999
-0.013286423616079,-0.00114088909064511,-0.0270344017410383,0.00899366375118292,0.000687841579740489,-0.0183624410248783,0.0045449847858061,-0.0041287212784825,0.00309634620171586
0.0203268074036742,0.0191178013599432,0.0016953295163188,0.0376734236151635,0.00958513419933399,0.0350973727934477,0.0090500338010291,0.0163632322803048,0.0187841115938186
-0.0601332128384436,-0.011926281199832,-0.0568330520339306,-0.0164727429496687,-0.0229007173090289,-0.0621041983590692,-0.00455698305694832,-0.00986135906093626,-0.0115606487120552
0.0238969392458766,0.0184611158738655,0.00796954010482524,0.0112057980574402,0.00322059480210647,0.0278427755964992,-0.00574903803739293,0.0100142766426017,0.00483752530603629
-0.0392050967134894,-0.00466427289710201,0.00386917995236316,-0.023374162453051,0.00294193570395396,-0.0319159760344758,0.00142759298550359,0.00272000624825215,0.000895856670749588
-0.0357157321916435,-0.0161756766577108,0.00474323889449309,0.00212862054332212,-0.0101117975918775,-0.0504095626741816,-0.0139457562503185,-0.0144945278450301,-0.0150075965442851
-0.0038522430375881,-0.014954601573263,-0.0235080307686943,-0.00429734126333653,0.000938078856265275,0.000165494455759137,0.0223511402027166,0.0157157766133894,0.00904316374150396
0.0168045203457133,-0.0102553152968674,0.0237300451634964,-0.0136783715336808,-0.0161938840496935,0.0312256344517565,-0.0113742710282667,-0.012557532005748,-0.0237591388156409
-0.0144249468892116,0.0134942275020209,-0.0184721379889483,-0.00218177523256925,-0.00117484744095731,-0.00951938960719171,-0.00204839837949763,0.00642093104005731,-0.00318138598654076
-0.00430304929504105,-0.0314468922230696,-0.0306477140638464,-0.019917427213443,0.00947801827307578,0.00997221428215696,0.00262389103226886,0.00945737941492634,0.0126596542174624
0.0693251760358016,0.019291898508485,0.0102919280304641,0.0198851351145204,-0.000504378465504282,0.0679448923153171,-0.00179290603730531,0.0145822918311606,0.0176137184484798
-0.0454191842455377,-0.0228784156990797,-0.0364314953293449,0.00263258203946008,-0.0127689536723635,0.0510788146366194,-0.00207115483868142,-0.00879895805962205,-0.00735685638934554
0.00866442736207346,-0.0378462164914424,0.00372749404605452,0.0106905582855522,0.00521299994870613,0.00177907674217047,0.000525479425544571,0.00560305681735325,0.00442393715095385
-0.0210491793850764,-0.0232142226944294,-0.00933283005355182,0.00809307509068562,0.0113171822584685,-0.0165470292417202,0.015481921389159,0.0178055977324836,0.0193753434744139
-0.0800638253617417,-0.0336541593999448,-0.0508415990742633,-0.0454600470467109,-0.00874502043491424,-0.0749899593291274,0.00285630419059432,-0.0309090206524726,-0.0117253656421558
0.0344206499209053,0.0290656472327915,0.016407127588549,0.0358255587389276,0.0280117696065187,0.0482118599223473,0.0344281145622515,0.0299721038621386,0.0381922038892096
-0.0437667960360081,-0.0249154374186355,-0.0265178805910297,-0.0202380766988496,-0.00258291004885376,-0.00548939833543978,-0.00336933919825853,0.00638250659977119,0.00184500569698938
-0.00060820377397328,0.0312010603907122,0.0296354790118265,0.0195765394231206,0.0133362534990519,-0.0157799885942473,0.0319004831312406,0.0498059600499636,0.0403446833323992
0.0404672416898558,-0.021457462749201,3.71774761466236e-05,0.000401104793904449,0.00447624301304062,-0.0255618492906518,-0.00500584072827178,0.0162472981817171,-0.00365816577018153
0.00223393948548764,0.00751368352391381,-0.0126386685500068,0.00241452815205837,0.00369252565202513,0.00623399372233782,-0.0123857055919257,0.0151806388961276,0.0136757500072001
-0.0791456005541374,0.00898670734561301,-0.058834249289065,-0.0413120901760618,-0.0101716122207889,-0.0686499464408414,-0.00117087668738887,-0.000325249191841708,-0.0109280601546456
-0.00102051719450092,-0.0148055795721623,-0.0188296141415567,-0.0315275045852593,-0.00609722435512159,-0.00522242585524745,-0.00518063756485923,-0.00104923993581892,0.000109553626256507
-0.0655726887549636,-0.0243743122861745,-0.0353498036813666,0.0113239647657592,-0.00201014517313515,-0.0481898607627491,-0.0048844507709864,0.00329219689245791,-0.00729256167241841
0.0111773293683171,0.0114361109879186,-0.000117719215321767,0.0348713145767333,0.00498000797760965,0.00341203324917541,0.00463122301463753,0.0119247130997771,0.0217778724588396
0.0213707004231816,0.0150702855633292,-0.000517544008582662,0.0122589187792524,-0.00171809470346029,0.00870533666087627,0.00690491035073836,-0.00578344939628247,0.00253280238621651
-0.0417762954866639,-0.0331084123463324,-0.0119916980591206,-0.0184202095908722,-0.0284351993906864,-0.0190254933115023,-0.0301165815740286,-0.0228244037637987,-0.0375162974635981
0.0665636096164657,0.044830467042993,0.0462116860956188,0.0354950951795208,0.0261581466979853,0.0365206758219266,0.0332783005166856,0.038879964212449,0.0274690115082964
-0.0552807932703782,0.00105691052992798,-0.0340662460882764,-0.0174106212928173,0.00238500807502914,-0.0653664757617324,-0.0090878307742945,0.00693216022228095,-0.00339344898460277
0.00409854918313677,0.0184030103544326,0.00833323442697516,0.0115276768796165,0.0135417022263062,0.0374432261370653,0.023156455671582,0.014969936636452,0.0116745531463805
-0.114572324144248,-0.00648685209230341,-0.0345195695931975,-0.0308325185831132,-0.00859987499788398,-0.078505981244016,-0.016588131857585,-0.0338496521516118,-0.0198395969715149
-0.030536424660229,0.0296818920508215,-0.0152621403060563,-0.0175229456611661,-0.00400318323660936,-0.0373449162535684,-0.0235077133317248,-0.0324119060680393,-0.0389786172961266
-0.0768124988674552,-0.0217523277535756,-0.0395056818257207,-0.0291819763635617,-0.0117094859473761,-0.0776710594021055,-0.0170528405666644,-0.0234651237617007,-0.00823617027669107
0.0679451829959973,0.0498627193627433,0.0345515612740192,0.0106042604555435,-0.00376717366231267,0.0882094539086044,0.0115344540809907,0.0103774684980778,0.0266312744917661
0.0531995175266629,0.00838197756314245,0.0117749173899402,0.0135330046446222,0.00629655901876154,0.0640192731125971,0.00285524314745535,0.0211323940332466,0.0142587993871896
-0.00109394823813188,-0.00791355120079421,-0.00119643177455948,0.0326820043100057,-0.00503859962840375,-0.0165579420922541,0.00556985666234758,0.0060519111272335,0.000988532401370952
-0.00879049248273323,-0.0295354651337838,-0.039592152857334,0.00102293070764168,-0.0162411042283277,0.0213684581567067,-0.0152460596890836,0.00362137018850579,-0.0246569175136752
-0.0624360866414047,0.0159902581357639,-0.0556836631431088,0.0193703732885601,-0.000324518506552317,-0.0394390362016101,0.0086870723122518,0.00356812878135364,0.0185902720505335
-0.0679452265495781,-0.0185800314839152,-0.023077621971592,-0.0192949178285543,0.00470346052793306,-0.0335949244939752,-0.0113236821341047,-0.0108928845191144,-0.0156198799956688
0.00730590783976137,-0.00282584599514291,0.0055227279064086,0.010424639861667,-0.0106726228138957,5.12921678027019e-05,0.0110394983713183,-0.00956237302106831,-0.0175538039903147
0.0318148543671964,0.0358712602222583,0.0375706767121017,0.0508124379657658,0.00782572193726865,0.0248093846555336,0.0278138979536786,0.01786627855873,0.0107712556018003
0.0281973837205332,-0.0129239512696091,0.0116205503945673,-0.00387307201736644,-0.0102900376883085,0.0119274682978779,0.00370405627155781,-0.0267119805689406,-0.0183248098436925
0.0277579860853966,0.010093894792459,0.019369519428177,0.0288542816035405,-0.00499442661452515,0.00923407405686706,0.00833838308280991,-0.0122980525189439,-0.00681310584886323
0.00462893102073171,0.02085126564513,0.0237005544319639,0.0310969779421639,0.00563533129703629,-0.00266893533296089,0.0272393535712818,0.00661899212308789,0.0183339299491112
-0.0527058336633961,-0.0351235977849561,-0.0253447884126015,-0.0203751292184586,0.00511076407672289,-0.00848475888071895,-0.00589565882711848,-0.0201366830460485,-0.00358787322760401
-0.0392057535290043,0.0240633635410052,-0.0311610929776064,0.00311750479842991,-0.00535046951253243,-0.0235149008767482,0.00174982401303415,0.0172295961902729,0.0092181927437579
0.091803283455798,-0.0110352211254396,-0.010571808838869,0.0403023378457115,0.00557741638143729,0.0640743491710131,0.0160403465096878,0.0289045174331103,0.00105128307449291
0.0134641215545121,-0.0198936343493326,-0.0156486580469025,-0.0166906294956796,-0.00523740515444039,0.00643628446078426,0.00659447253146888,-0.00248041759233862,-0.00451114760803572
-0.0210498694669898,-0.0155285797828545,5.69747274125581e-05,0.0192366480543059,0.00489827740448265,-0.0215782701122798,0.00862190436306843,0.0198481389626582,-0.00378994160147194
0.0971864961527618,-0.00300981666823975,0.0404851795960561,0.0217656423106949,0.000679097115052877,0.0686355088653274,0.00769695736611039,0.00165057460086824,0.0163124688248701
-0.0143112296042461,0.0240294551233274,0.00457762964801805,-0.0136571358073344,0.00480419573830477,-0.0494800695292856,0.00935531167607029,0.000685409403798699,0.00319818075015376
-0.0323590223452329,0.0293983516419304,-0.016770294009304,0.0138694936586327,0.00297672892823234,-0.0264724784915195,0.0162965944902432,0.0022904927089404,0.00228800308507955
0.110713008899961,0.0267389120381202,0.0265828853505296,0.0335158302157191,0.0190486419969752,0.136131545628398,0.0211706344332268,0.0254224618672709,0.0431854831352274
-0.0598209011991233,0.0137788475998709,-0.035648537543361,-0.0340284915855989,0.00121448574714378,-0.0470880690229325,-0.0109575365994268,0.0130561978770227,0.00330115218825986
-0.0125607959062849,-0.00721596901476191,-0.0157282831548384,0.0244474161484699,0.0214606689263803,0.0244730287121884,0.0108344644339794,0.0133236921322829,0.0165156133436826
-0.00191289973011986,-0.0205889139718675,0.013104149376014,0.000371417260577138,-0.0118896799513331,-0.022006644924547,0.00642321700458766,-0.0299343260869193,-0.0176488898219496
0.0868708570575333,0.0211378500747506,0.0153094194235238,0.0304009871059632,0.0139011557816145,0.0641852494350348,0.0275390963953715,0.0234695930325883,0.0416402481441487
0.0329942788739712,0.0173495606181596,-0.000647646591542098,0.0229888891442281,0.00622111669837275,0.0112544662024685,0.00813860073322119,0.00295112633585423,0.0166702234426678
0.00316716748949591,0.0332263569429115,0.0285318315255661,0.00622762211171523,0.00726163004806829,0.00827897551181164,0.000370053221645177,0.00270526909549327,0.0144203945012779
0.0149502401206115,0.00813708819363887,0.0073879578892576,0.015377265285781,0.00757066282250258,-0.00104409116592595,-0.00153572939060495,-0.0123174439915879,0.0145056383196499
0.0113571153022737,-0.0259415161813427,-0.00506580054445204,0.0296502310925117,-0.00105575777035677,0.0337795760797802,0.00371908195373438,0.00125442766544947,0.0327716724329051
-0.00788705935482953,-0.0178594268095446,-0.0185823245402516,-0.0385765135988267,-0.00403732725631892,-0.0241398699175761,-0.00233654075981731,-0.0151758459256574,-0.00345287797681098
0.00803031619453651,-0.0101831059062879,-0.00675754961278382,0.0109281230272695,0.00631983797277251,0.00434753468617326,-0.00166208434065823,0.000519656978071756,0.0125459799511887
0.00523822437905315,-0.00385445352707543,0.0173333497745346,-0.00780499872194126,0.00713238553709808,0.0330717550421989,-0.00775727125550994,-0.00328146447626036,5.04664217249537e-05
0.0215761080790248,0.000392018792003081,-0.0119290604194775,0.00933494202944484,0.00416531038693128,-0.0169075272021043,0.0100809532380528,0.0119053090288627,0.000658445259699304
0.0354590110212622,0.0121904344892028,0.0104933691407998,0.029004559745267,-0.00573404636965129,0.0530339634853253,-0.00126633445879477,0.0125256506120613,-0.00870262092138202
0.0333209145097777,-0.0201444945631783,-0.00336090870370783,0.0125944748534097,-0.0185910847235661,0.054173676759281,-0.0131895357664869,0.0013309562880172,-0.0280440500420189
0.0331837281778752,-0.00101533446228129,0.0135913034520725,-0.00552863444137158,0.013401416495574,0.00127428832537205,0.0144254066047895,-0.0111097722283699,0.0141535478942554
-0.0459967853707918,-0.0205424434530538,-0.0553602765669,0.00700627417035581,0.00576979992617877,-0.0133464331735417,0.0230249165679228,0.0245395936332346,0.02824480342699
-0.0626223078482246,-0.0363410286092059,-0.0483884025328965,-0.033969569402749,-0.011082926188673,-0.0157613613895423,-0.00864033691435686,-0.0372351247034255,-0.0137505826628762
0.000674554228590074,-0.00159177965412398,0.0160682221612846,-0.00510489271942202,-0.00166361181571523,0.00870783974120464,-0.0118880147263153,0.00169550621023223,-0.000990840635150185
-0.101954650995557,0.011903391117225,0.00289805515497565,-0.0608365205709231,-0.0065383924243722,-0.0940123043480104,-0.0181423096043045,-0.0318272888163337,-0.0100295307551048
-0.0233750085271181,0.0143720038741158,-0.00449539466413537,0.0341244825512285,-0.0123308819501554,0.0016663788502472,-0.00217231328684586,-0.00517331270469682,-0.00570591141883584
-0.0482103773500334,-0.00152017815828659,-0.037433117624232,-0.0122340860452624,0.00863781837931498,-0.0424237328630518,0.00452536363508698,-0.00773069017503011,0.00479529616042324
0.0369375233410054,0.0446607017318728,0.0384195467752438,0.0113524060220754,-0.0246136679861078,0.0342762969777533,0.00383393471886589,0.0003385401213594,0.0259089936355816
-0.0512629367304656,0.00223711196213358,-0.010309343889976,-0.0223191790478669,0.0122239087011167,-0.0493416145097672,-0.00301450230097364,0.00791304148589522,0.00683838676736142
0.0542312041982046,0.0198802400943016,0.0234830412298518,0.0264429100477706,0.0265443843846427,0.0631378629109959,0.0277260111735112,0.03173145336261,0.0383697718365893
0.090134969944519,0.0125343566276245,0.0160294091627376,0.0222547715838391,0.0115977152323794,0.0969966488994083,0.0109551980384011,0.00850385619924168,0.0205430859808554
-0.0261065941354877,0.0055544478576805,0.00173565789031783,-0.0220960568511855,0.00366799910783122,-0.0606711573166113,-0.00848361583898654,0.00375004641631599,-0.0120796058656943
0.00705659091666754,0.00700576758588129,0.00978358461528576,-0.00747643045104573,-0.00448686581824668,0.00463821165001409,-0.00320852835033773,-0.0147963302669583,-0.0046987293405276
0.019889969540519,-0.00213869404186453,0.00869725760450171,-0.000659592243611047,0.0161407784680439,0.0251717050769143,6.65071062642786e-05,0.00301956254345505,0.0245799128308159
0.0435462290210023,-0.00148490429467199,0.0104104566479356,-0.0201376929565352,0.0237163498287559,0.00715913172376892,0.0215453107392951,0.00524190065118631,0.0194941995477979
-0.0591042744498536,-0.0300785952324339,0.0160417055210661,-0.0265562156723935,-0.00429130070312136,-0.0199150434554549,-0.0215697367160066,-0.0388029710018636,-0.0231077538594852
-0.0154238486192596,0.0165216027043514,0.0162590635377366,-0.0132229117011589,0.0174495718838668,-0.0323922955497155,0.0151439109557976,-0.0012720454363167,0.00946823524992353
0.0499109110403857,-0.00167103451375532,0.000788754562370694,0.0234284719634976,0.000318414166396854,0.0108404473984299,0.00548226661426338,-0.0101970651775092,-0.0117683770040988
0.0465025869016858,-0.0349227339687001,-0.0113293882981662,0.0359882710557698,-0.000603785681133358,0.0279066233119805,-0.00798768766264735,-0.00884750287641133,-0.00189816460355831
-0.0674965942337954,-0.0286524966676133,-0.0284100642280917,-0.0157022593196007,0.00962710067747951,-0.0812610089349826,0.00126289438796787,-0.0222334193743666,-0.00621163636189927
-0.062150006477515,-0.0075429239440447,-0.013190808339564,-0.0357712865133601,0.00553601258842891,-0.0423142898369246,-0.0113799798030332,-0.0170469017076238,-0.0189757919579921
0.00990106304272481,0.0224783658246841,0.00969695782654442,0.0357543398440357,0.0155366011300779,0.0301520811332797,0.0201863326947923,0.00763654302927982,0.0116550749971629
0.0216592044009485,-0.000982544594862516,0.00671119239186123,0.0130948740648447,-0.0144688467917353,0.00937154692126804,-0.00753290984553635,-0.0168084659678644,-0.00954019701390397
0.00395134403549516,0.039171670150026,0.0227430010794014,0.0377831877585342,0.0231445904251681,0.0215865060456452,0.0255339411420333,0.0401959734997134,0.01524220763426
-0.0262547614199091,0.0134252637178676,-0.020844562318475,-0.00247182654696642,-0.000210151013914217,0.00189379338337014,-0.0138372094405005,-0.000151593392617979,-0.00894487085316447
-0.0126372653795225,-0.00435735414722628,-0.00743436284272989,0.0240444445181095,-0.00611980114687685,0.00246685379686996,0.00294079049396953,-0.0120249909548021,-0.014387282109532
0.0194688775020732,-0.00314925862619523,0.00563561944553082,0.0354584418162817,0.0160709185612986,0.0359690411725481,0.0261077713212798,0.00568350210728715,0.0264984215554036
0.04713944165016,0.0299055272645005,0.0200518534008625,-0.0141804401588506,-0.0129839110416486,0.041496665405132,-0.0128329740039504,0.0265275434891132,-0.0160875671468091
-0.0386548538707544,-0.00912759826611192,-0.00254476616010539,-0.00641181375388054,-0.00935349858546122,-0.0374890357257755,0.0112585577283493,-0.023554014925278,-0.0260841067041879
-0.0643295568343618,-0.0460585581493083,-0.0448469697672057,-0.0526401710633155,-0.0188328709763759,-0.0248208151111574,-0.0348932903444204,-0.0166763298113669,-0.00670636517514133
0.0834739334263443,0.0745167645035067,0.0687531573139063,0.0197588193654926,0.0214116527334281,0.0729635696178906,0.00488383277756651,0.00256673472679333,0.0380657167665737
0.0224262472095104,0.0299347253821719,0.0106602353719497,0.00191657190128548,0.00416270588905187,-0.0295016534299885,-0.0180080631286787,0.0102563410800365,0.0133646607330212
0.0206601545246331,0.0230305046494301,-0.014070484515451,0.0322168433415934,0.00800816673222347,-0.00865367727914054,0.0226413238148563,0.0130265619591492,0.0236483972185314
0.0210402802658698,0.00584916124139609,-0.00904499843875158,0.0183453184631243,-0.00249909054666239,0.0307500563811058,-0.00344822091072807,-0.00900523184105884,-0.022766917750946
-0.0453381831431645,-0.00332763418593414,-0.0316398568108018,-0.0263448212794562,-0.000181624845621777,0.0251426810848134,-0.00893001622195814,-0.0323555694972419,-0.00803640731405043
0.00747991301990487,0.0183823015105042,0.017097178919628,-0.00463732429697045,0.023702311280669,0.00803050058853934,-0.00932939493738749,0.0334500366319049,0.0292329376215449
-0.0194349825202219,-0.0449240780123284,-0.0278745821262954,0.00290223694430874,0.00556956078393223,-0.0372486734405546,-0.00502608332595427,-0.0130612938138824,-0.0120081816351951
0.0305660029775097,-0.0151847617859476,-0.0160978883969363,0.0143696065389879,0.00111034567110422,-0.0342676243923869,0.00694223268298675,0.020068979747327,-0.00248445181407784
-0.0145368509738223,0.000313121731991098,-0.0382748658902031,-0.0127093391864383,-0.00904612164182703,-0.00184972657097229,-0.00117627241246447,0.00770132992173441,0.00664111775288665
-0.0185230952007584,0.0144229998351501,-0.0199242253913924,0.0452430781797364,0.00204537516495618,-0.0254464145824731,0.0146975393483627,0.00846053028152241,0.00955211745861724
0.00603989938400233,-0.00868672499788499,-0.00668662968147902,0.0361273506889827,0.00218149189372424,-0.00866455447288852,0.00217556676709896,0.0101980001713849,0.00216269079448181
-0.0646225142939911,-0.0332056471356746,-0.00982698285821988,-0.00918850833759913,0.0119535145458921,-0.0313694460811608,-0.00659324188801089,-0.010658971521456,0.0221176729545663
-0.031732576422081,0.0185271421278925,0.0110231542038108,-6.5210958071404e-05,-0.00501541911608444,0.00920238778789263,-0.00207970452601208,-0.000131139697627539,-0.0118316795789985
-0.00555757248182883,0.0201541559138686,-0.0054926291103681,0.00381955600730834,-0.00907063973013086,-0.0425613219267714,-0.000806248491992277,0.000191735231528425,0.00881353182279341
-0.0331396706601739,-0.00233623705838451,0.0356629661716913,0.038906690889427,0.00100621007883334,0.00323547426233137,0.0302944559679266,0.0118729482191911,-0.000900636746430211
0.0401561660223125,0.022778397410388,-0.00429812354620566,0.0131959137463406,0.0148774098722917,-0.0028360647957791,0.0297945115713841,0.024282661901075,0.0277726489845592
0.0395428387309799,0.0115659905570269,0.0244183375856525,0.0566014743170595,0.0196350621945245,0.0666162415169459,-0.00231555595858613,0.0258330777421284,0.0319918998990751
0.0872051700270068,0.0283107975885384,0.0274034612083757,0.0163109457848145,0.00694180087498863,0.0990316674107129,0.00720595673906455,-0.00612283892917863,0.0145593223441011
-0.0952644924514535,-0.0428421201875608,-0.0315356003206088,-0.056911261227692,-0.00924206373054225,-0.109425359219067,-0.0353942405843313,-0.0206290745538673,-0.0211467457848693
-0.000770278947592163,-0.00167781096121292,-0.00771810783975549,-0.0238823762161437,-0.0175970102276091,-0.0258707699234057,0.00940482421608861,0.00460674796826518,-0.0123004147268581
0.0114379943494428,-0.0112444336670494,0.00148254836368223,-0.0384633871701801,0.00257978462530838,-0.0057713731046125,-0.0199869157554135,-0.0256831634303507,-0.00787186880662607
-0.00676178421905883,-0.00978581889454954,-0.041864028139901,-0.00361453987587907,-0.0058299531374178,-0.0087612674411389,-0.0444810422457601,0.00178983169062306,0.0023436982941587
-0.0133549887268151,0.00758895263678812,0.00982467932751415,0.0168625998351257,0.00773047624012615,-0.0332528627143679,-0.00425415099283262,0.0210127389626196,0.0155718423071906
-0.00807960700633641,0.0183742631993015,0.0218835052132356,-0.00650655906906473,0.00249666727369259,0.0106891347960465,0.0123671255266212,-0.00287856417221511,0.0142547996920002
-0.0351292058239568,0.00629943501593914,-0.0153632173759611,-0.000505661621644883,-0.00254076016924801,-0.0251212135043778,-0.0284502944626716,-0.00346132187637979,0.00667785980932767
0.0729738342692028,-0.00497346530565051,0.0137355344867115,0.0135581303868791,0.0118342558190757,-0.0146072310520003,0.0163906955130737,0.0086198857957707,0.0191998204708788
0.0895489040254952,0.0547214037971041,0.0453796830504071,0.0743311539104139,0.00830632044254962,0.0901165914917927,0.0126892351668979,0.0227693745432626,0.00745869673790718
0.0058118910850251,0.00188402657529822,-0.0118871157059162,0.0146596298416582,0.00584748395752593,0.0201516073654174,-0.0155986453147965,0.00543219057313487,0.000869272490864913
0.0641451254471198,0.0252134249232389,0.023670791310295,0.0393298283599702,-0.00137335813029801,0.0368473355440971,-0.000933862486716138,0.0337817672365154,0.00620178115810539
-0.0360830011736333,-0.0180643580947628,-0.00289169061248308,-0.010672919737225,0.00574650170593503,0.0930932895767135,-0.0121527459307611,-0.0166474201005491,-0.0258300292872434
-0.00634222530133186,0.0205001385405914,-0.00260501599216222,0.0138768269940618,-0.00210340579397326,-0.0183648922150228,0.0166386909753437,0.000143512646582188,0.0279125760031612
0.00778017281801061,-0.00769633025441779,-0.0203622076103714,0.0282768627297392,0.00973662470470734,0.0127823137660488,0.0427807216314666,-0.00519992374457923,0.0264877563434103
-0.0343718592508804,-0.00162487436910667,-0.0285773014374905,-0.0407516792347104,-0.00177942621826163,-0.0211370889981374,0.00484024500291389,-0.0137293595476979,-0.010884571646427
-0.0505562392719569,-0.0027646866465075,-0.0140463798418243,-0.0234868734032609,-0.0120114772892583,-0.0569587252449849,-0.01111542232871,-0.0104572526639669,-0.0125288529378263
-0.00413087197637155,-0.0126550652582614,-0.0234152391778401,0.00443605616110118,-0.00365612786774525,-0.0722964130744618,-0.0140942712713792,-0.0192173178477068,-0.0161479622736487
-0.0160741997704453,0.000467811957627892,-0.0105218330671368,0.023311564562293,-0.0028554147752645,0.0312851647475308,0.00494171419260925,0.0264533335648789,-0.00604606237668831
0.053037547731664,0.0127033078748402,0.0201379466093323,0.0181134315973118,-0.00215539534186713,0.0129433432558427,0.0134941742478505,0.0399437075097521,0.0131222893955344
0.0496501734708507,0.0365486134937437,0.0268221346208236,0.0553322999807182,0.0287203010647177,0.0719837945466167,0.012904520755771,0.0167585112760566,0.0463197223889469
0.074825979312738,0.0448624081195074,0.0353234619464424,0.00797443002544454,0.0123315957895022,0.0493986455279249,0.0152802510583902,0.0195508491576932,0.0207307852848053
-0.00314702129589032,-0.00521701548961247,-0.00390459716007102,0.0114434821949311,-0.0117734540440514,-0.0012077422559052,0.00742807777458544,0.0087223134530368,-0.00685754031895004
-0.0116054806134376,-0.0216032709929672,0.00595489561846123,-0.0266516791625553,0.00456758323854603,-0.017199972560259,-0.00670085388627439,-0.0241198147977801,-0.0033724997317924
0.0107080702213346,0.0492371838779044,0.03753501510848,0.020458515299578,-0.0137052911559953,0.00560170525720854,0.0104663203887313,0.0351364661287194,-0.0184529209738813
-0.125679534044076,-0.0236382672105738,-0.041772041548,-0.0705259595486589,0.000807781683988719,-0.0982699948879921,-0.0136267394356406,-0.00432413548415622,-0.0110274657336399
-0.0306978872188531,-0.0114598216376311,-0.00137772064127342,-0.000950407612377119,-0.013581927420965,-0.0191830010338268,0.011431942461577,-0.00862871400499812,-0.00440991407289179
0.00982291269323458,0.00941565754090334,-0.0134775223728612,0.0181234312205371,6.68072275586434e-05,0.0102181887249567,-0.00579815914113685,0.0275605858241976,-0.000455407366768727
0.0551448209129238,0.0235659300669127,0.000506758695612644,-0.0161911443790517,0.0063937297508383,0.0492709704714831,-0.00702910618539195,0.00444227199018693,0.000909353326984354
-0.066422489492384,-0.0264819712209898,-0.027073194326862,-0.0362217971077476,0.0098791996225844,-0.040907932820559,0.00294992543604474,-0.019875612564831,-0.00461879614224509
-0.0514539761921868,-0.0151787461261414,-0.0318120929633697,-0.0355062432518955,-0.00231485509915871,-0.0521745603144171,-0.0161902292455,0.00884703682598273,-0.00267324172095131
-0.00136635291772,0.00385381724439873,0.00252161462188262,-0.0196697983179719,-0.00111004403652444,-0.0259785805547587,0.000143388744941347,0.0189290189058348,-0.00549358005771933
0.0246400025142903,-0.00161436221964775,-0.00421923910999591,-0.00530224638712575,0.00689456069012197,0.0443178648741744,-0.00688140708573995,-0.0203156800260885,0.0180371333766886
0.0421560166883192,0.00976222170263056,0.0398257363199784,0.0299166849426296,0.0133368483534002,0.0713249947565485,-0.0117715549037037,0.00236320350020147,0.027699143622589
-0.0457938787225627,-0.0203107690422507,-0.0367081624106902,-0.0122052756573503,0.00454459841564716,0.00197253005383976,0.00524361368272529,-0.0135557785861072,-0.0182629720840368
-0.0722602120486792,-0.0238041333508197,-0.0122561039152831,-0.0159181036807477,-0.00936256046674081,-0.055937080442658,-0.00813630751644162,-0.0139677243978199,-0.0445578846972805
-0.016183980300268,-0.00308678892430904,0.00128129578818147,0.00837269724241474,-0.00198749061266593,0.000873650902070144,0.00965491347841241,0.013816565039009,0.0249609951304227
-0.0408962720323128,-0.00390902790331464,-0.0255010935062344,-0.0225985201120081,-0.00519547897084888,-0.0492528193752439,-0.0138006079243284,-0.00941053754065685,-0.0169326429835732
-0.0307386202251342,-0.0630341937904765,-0.015053171500573,0.0337509408599926,-0.00436333247812329,-0.0135621377568038,-0.00767422368654763,0.00142575049082812,0.00909095872355281
0.036515013960895,0.000504559448016852,0.0046310347983644,-0.0109321995755063,-0.00515885805851799,-0.00258842746673899,-0.018993288746051,-0.00684391477922459,0.00324284724568057
0.025083921520983,0.00785462475998674,0.00117577790706111,0.0544188484306124,0.00286621016122752,0.0264525965144787,0.03799743599212,0.0109966927802051,0.0593538000428889
-0.0202959946389587,-0.0318145847151034,-0.0369255054472465,0.0096500972235215,0.00352340165554872,0.0093699825521155,0.0200357940913147,-0.00753103603491157,-0.0022588612819543
-0.114874766533059,-0.0534957113907519,-0.0153095380363038,0.00149065837326401,-0.00655412200853131,-0.0913206787312768,-0.00852017806272301,-0.00106043500056706,-0.0124785530269245
0.0295295337913281,0.0278419129345184,0.0295997417725269,0.0384603646710029,0.0280242384043783,0.00451203246734421,0.0194570177084905,0.0175302158401834,0.0341133319598108
0.0481194407390374,0.00690119488455033,0.00378831453760737,0.0237453027254815,-0.00889094835714437,0.028885094826588,-0.00971413057523493,0.014293488976894,-0.00790548469211336
-0.0615046251496658,-0.0176231428629808,-0.0227889307029156,-0.0324657432723104,-0.0204578184967721,-0.0356945777274101,-0.00457685629624333,-0.00846556892121109,-0.0151696673979302
-0.0410787966002196,-0.0112765064249138,-0.00627928213517352,-0.0251982766191761,-0.0213544755815912,0.000758152482631471,-0.011467878769264,-0.00985298354218204,-0.00864570396023802
0.00323853372307605,0.0230435888178123,0.000702581739461041,-0.00354725131875147,-0.00521136150500796,0.0140694956422614,-0.00254043713845182,0.011598475317893,0.00568663736771803
0.0763241175620106,0.0345451682843489,-0.0010187543471872,0.0263667627778603,0.00332916003542114,0.047442344669973,0.00552211709581081,0.0133377493174941,0.0259026435345857
0.0293018173927542,0.0433295048317558,0.0367193628652886,0.0427379549846596,-0.00243142130649834,0.0393331825521936,0.0107681654089977,0.0229369360317534,-0.00275615822538599
-0.00305818906523383,-0.0256937752911166,-0.010481299896377,-0.0426578026473597,-0.0126333541171739,-0.0422148570505242,-0.000259789658844761,-0.0157843446431296,-0.0114365806755298
0.0466267196717907,0.0459050131142173,0.0415819888791177,0.0584319487491086,0.0168161992134419,0.0134993868028225,0.0278362143848393,0.0283186831320245,0.0320926854873401
0.0193621866909499,0.00742236798505513,-0.00594157268314771,-0.0296159722014654,-0.00734562183285842,0.00785675896816414,-0.0069875804430465,-0.00637427797169919,-0.0152354290797964
0.00263850297710483,-0.0120015866655492,-0.0263449642868856,0.0163040118872027,0.00907812959856125,0.00517381700245047,0.000600559444871824,0.00382780985213324,-0.00326270492001467
0.0541030445079808,0.0213744266406825,0.0280539200619595,0.0402030597957816,0.0112853634910642,0.0510857267409982,0.00272946434549346,0.00919111105918245,0.0136734134381722
-0.0200455839153568,-0.0145386831635982,-0.0124438202545706,0.0417021740590831,0.00321825750521486,0.0187132280625176,0.0138244893075242,0.0111590127191238,-0.000163576645540123
0.012105901779339,-0.0103114988954152,-0.0149816576035957,-0.0181181625318305,-0.00154429863534941,-0.02851365363957,0.00890644690920721,0.0169369571798126,0.00833475960733131
0.0139301096113777,0.0354302265030569,0.0237617361813569,0.0652076057128005,0.0269479512813621,0.0652933846764037,0.0151750459794652,0.0386494120063026,0.027841999717193
0.034336194358348,0.00970970805513155,-0.0178083887875163,-0.00600265940944106,0.000241869592999472,-0.0124106155975033,-0.0077821021435117,0.00373675863764464,0.00644444031214398
0.0136137737423674,0.0430065974331787,0.00873892927205071,0.0344111100547738,-0.00593561415277383,0.014123856277874,-0.00310372565377029,0.0232872341423798,-0.00947203887167119
-0.0135610452799188,-0.00769972799311958,-0.0103531168459909,0.00279367049783863,0.00127208536383686,-0.023959341914397,0.0124135954356346,0.0124329586897818,-0.0143741841290198
-0.0308325549800275,-0.0164471801921327,-0.0109936541192303,-0.0177510075659037,-0.00260940879226935,-0.0755875162368329,-0.00839006118439144,-0.0227302711767642,0.000917077905494398
0.0813326764995334,0.00177233579458516,0.0105782549872646,0.0622816243141759,0.0165555676242147,0.067417126692446,0.00790822370385929,0.0405307824034648,0.0109226371444699
0.0850161199580132,0.03484046236992,0.0446076109952843,0.0266365762561895,-0.00326789738360761,0.0451047442202509,-0.00336604915608791,-0.00300298438887789,0.00478082348590756
0.0198746200028205,0.027779112052311,-0.0016341088416344,0.016548018256246,0.00288824916182,-0.0389011642995238,-0.0202744312547779,-0.00807215010648522,-0.0165699795252801
-0.0186616142168591,0.0159437153052818,0.00227478927155428,-0.0143753841598447,0.000524662854485456,-0.0384853313907482,-0.00438024124656374,-0.00551050443860342,-0.00162955578395249
-0.103039301851692,-0.0659889183404832,-0.0576467983874801,-0.0914183419110876,-0.0142520137742545,-0.108713547135261,-0.0281429189939722,-0.0299745300312894,-0.0398146964277051
-0.0970424895900685,0.0193928071432347,-0.0235872976344372,-0.0530847440006198,-0.0151884957908806,-0.0581379557095495,-0.0138116591106041,-0.0302922532522012,-0.012308223380611
-0.0274923280699537,-0.0270950289962879,-0.0248425857714356,-0.0162079356168081,-0.00483407823899515,-0.0384480008965176,-0.00774053187900677,-0.0155640768747185,-0.0308088218245696
-0.0703284150801327,-0.0304635937734169,-0.0352705941082989,-0.0409101798561514,0.0128529040711672,-0.0338981139299899,-0.00431698124414104,-0.0462903973728883,-0.00201688863131036
0.0281897212276038,0.00119038264110414,-0.00839167011444559,0.00956162454263508,0.0139075850981796,0.0125243291759284,0.00855356689860382,0.00888305104134689,0.0237720435345098
0.017112733811858,0.0261856598891037,0.00770093954845439,0.00473918184430214,0.00186919590130509,-0.00524548837084363,-0.00158944179370916,-0.00217408987300899,0.0104376080801134
0.015016667506132,0.0191658449747503,-0.00784785630858864,-0.0269790102559184,-0.0058485387814318,-0.0128343063571327,-0.00997045774201562,0.00287889590935588,0.0127051650022952
-0.012733041308286,0.0147875841248833,-0.00190059169499591,0.0159696558537185,0.0100464614688022,0.0205950109330344,0.00169696213540705,0.025351747207792,0.00354162684264601
0.0534270582964995,0.0091611585932291,0.0046110627256093,0.02292329442174,0.00058657830866328,0.0347998644106758,-0.000996562935180808,0.0171114476857928,0.0120877853876442
0.0710403805099621,0.0167358430990704,0.0129324490649218,0.0378041945058318,-0.00173439862593633,0.043961055672821,0.00676133539264666,0.0100542195687907,0.0193325385702473
-0.12374016698373,0.0177679059619405,-0.0445818791739274,-0.0370502827064806,0.00747356187087727,-0.0778113291161721,-0.0123032714989073,0.006719237464212,0.0155191632048996
0.0283619433657038,0.0419516596502606,0.0323467930655085,-0.0043602725777458,-0.0155741561887737,0.000747058356972631,-0.00794485070619475,0.0142286691232101,-0.00847009675723859
-0.0190465598510782,-0.00856217866718104,-0.0407268336294547,-0.0443987227186092,0.00611706111088771,0.00124378871832887,0.00828101667417195,-0.0289085344661506,0.0136938725900443
-0.0752120519687035,-0.0199676119782874,-0.00220008300638842,-0.0360805481180321,-0.00418932098775863,-0.0165050871339786,0.00974130994497597,-0.0294099089075285,-0.0455300805897099
0.0343062553418814,0.00465803835142245,-0.000789405976331676,-0.00895480870235822,0.00930019039315384,-0.0238371314965559,0.00918502926474714,0.00651537838680035,0.0208034757723651
-0.0704258430592779,-0.0285991991476634,-0.0257845774845489,-0.054314082538691,-0.0140773489540346,-0.0425149114153351,-0.0126164863213419,-0.0402245148502075,-0.0214488398901427
-0.0315189927677589,-0.0672955674760934,-0.0419174167164258,0.0013687046556317,-0.0173214519441781,-0.0529734517876359,-0.0132919972558658,-0.0273685859476303,-0.0448686471202519
0.0389501464694326,0.00210830325863648,0.00366960081502925,0.023850350854441,-0.00392293608112657,0.0318486565902308,-0.000631569394185879,-0.0163662903227066,-0.00958397630294832
0.0333248093114679,-0.0209725245808125,-0.0152101917574303,0.0277409840133291,0.0085265652070735,0.027359938915508,-0.00988820810618041,0.0148175094800448,0.0181812662603585
-0.0267653424406446,-0.00753655242313073,-0.0208950074788243,-0.0217272267035674,0.0129553736747065,-0.00444471941365396,-0.0262905990503331,-0.00413648406306585,0.0202311029807539
0.0128643378635754,0.0181852099652258,0.00540362345869414,0.031986645425436,0.0176248870290023,-0.0335224127894844,0.0115043593123219,0.0202613475755547,0.0160962703639048
-0.0574321796678569,0.00885119963286894,-0.0152480426430365,0.000736452035861521,-0.00583732050892158,-0.00913821495404738,-0.0080018265397743,-0.0270251563115419,-0.01965386469506
-0.0285465205072349,0.00428530534135306,-0.0294963296343583,-0.00893363438989949,-0.0201548404629646,-0.0146454913986935,-0.00921393321513305,-0.00552901634900099,0.00180470581517392
-0.0414152425904696,-0.0167231567371478,-0.00262302317403296,-0.01813163424064,-0.00432088568509362,-0.0313872226212604,-0.0100188252842548,-0.0260008956816961,-0.0111639113861165
0.0237683334128504,0.0302104517893916,0.0139025582118969,0.0140516264237456,-0.00914334532394852,0.0487929694095989,0.00712989859506795,-0.00473154424501956,-0.00879103625241632
0.021866022274123,0.0240916750310524,-0.0128352097293103,0.00283111606465577,0.0135020765836339,0.0140987019226938,0.0144787211269839,0.00265230765485025,0.0017790058301902
0.0174854824431155,-0.0137553170216714,-0.0129728374787569,0.00528980506401402,0.00797310601500291,0.005826910215608,0.0118583917701579,0.00445789648293232,0.0159502866730252
0.0370974089288796,0.0386254130875935,0.0333253249297228,0.0178173220419934,-0.0101483811688299,-0.00715889724775296,-0.00243606300095959,-0.00021403766018714,-0.0051186716661154
-0.0737322335181929,-0.029864799203659,-0.0509440059922974,-0.0479754985413538,-0.0303955884639849,-0.0996176769653537,-0.000104010527917642,-0.0151101102493165,-0.0270337281057931
0.0456470637966274,-0.00957439130254756,0.0132421327006563,0.00450488754926059,-0.014823586077561,0.0652575349170676,-0.0118050220503095,-0.0104854750980274,-0.0119826195492894
-0.0481278170533671,0.010430036963771,-0.012441321635114,0.000451264614950157,0.000944831939847161,-0.0281245198076801,-0.00063955786902083,-0.0142389390091424,0.00352943260167352
0.0150156986356911,-0.00225158349883991,0.0143705548431023,0.00812321413414559,0.00489076651909851,-0.0717916990784438,0.0143729391228893,-0.00179818705501967,-0.0173783719487988
0.0564604809702259,0.0048947928181615,0.0169719257179121,0.0019680386721461,-0.0184900855493273,0.0233760506930418,-0.0206651558541738,0.00798955537416805,0.00685794843606792
-0.10241978497152,-0.0196507351939441,-0.0444347125040059,-0.0587185520009769,-0.0115674180697269,-0.0677129328223058,-0.0273630524557516,-0.0197302959826193,-0.0372139471639708
-0.00712953330121839,-0.0102995224324472,0.010304410217675,-0.0278120192597282,-0.0116563439806293,-0.0185380926010949,-0.00945113852651894,-0.0385726430032265,-0.00351685291690372
-0.0505454000240822,-0.0342062972921813,-0.0196702439641547,-0.0320895811772346,-0.00860271002750801,-0.0568678229521919,-0.0128661272699633,-0.0093666843013942,-0.0153998503491285
-0.00309638889577601,0.00187423751961436,-0.00343950812832173,-0.000491964061362043,-0.00799772427902971,0.0333817236816616,-0.00120514136350476,0.00313614820240037,-0.00946873595226335
0.0135894960667267,-0.0163301112669305,-0.0153590815945759,0.0291755005315448,0.0158664123241775,0.0107036222212151,0.0103552900080001,0.0173201820757073,0.0213884569845939
0.0270621548373114,0.0148053964608728,-0.0184173813282684,-0.00749698007538096,-0.0079065828230826,0.0146079384891535,0.0113115500943721,-0.0137148905683149,0.015240355336798
0.0192621658251474,-0.00628736839134029,-0.0229835505887375,0.0109409652423082,0.00429487202784688,0.00271701491603463,0.00288144223249819,0.0154731476355416,0.00994990007033162
0.0111176960494624,-0.0178583511592405,-0.00470823913937706,-0.0219989943176616,-0.00696551322823246,-0.000315815608804224,-0.0323190574235491,-0.0357598697791358,-0.0200086322830887
-0.088568115807924,-0.0280120373249438,-0.0534050363672601,-0.0303086177447635,-0.00259572810609692,-0.0639541687516167,-0.0178458424404766,-0.0193969454083245,-0.0126957567646522
0.0461320404950915,0.00208571104393274,0.00711467685819344,0.0215964837720569,-0.00769143768702416,0.0589615847381028,0.00818304373506308,0.0169753629612487,-0.00858571408010688
-0.0233326150460933,-0.0243750843459484,-0.0177228246496308,-0.00148397099973684,-0.0040583809836225,-0.0142342602853451,0.0143141768364207,0.00546265226490068,0.00844243371379596
-0.0430915776935553,-0.0146548234398191,-0.033199784541312,0.0571173071497609,0.00194502507536364,-0.00985820258352985,0.0112713946084968,0.0160361399727676,0.0112778838587437
-0.0482193913162686,0.00627433391993832,-0.0169482361697439,0.00603133127740984,-0.0155581568520604,-0.0536067113384718,-0.0124349492893579,-0.00583508601238987,-0.00994537635204543
0.0130161173714188,0.00303866309178339,-0.00235237652737582,0.0130819302637113,0.0117370607836425,0.00680057193144223,0.0230159805153562,0.000976242456497102,0.000457971830473101
-0.0181995164041206,-0.0172369201144595,-0.0320471882465017,-0.00473293755678389,-0.00622443081450921,-0.0473946737283212,-0.0117704085467444,0.00876276400231763,-0.0232590003620563
-0.116527531428188,-0.00402969370218512,-0.0177705581735836,-0.0375021384756008,-0.00224902175595687,-0.0774405602523798,-0.00752503167325199,-0.0314369215384197,-0.00235462745519258
-0.0215930780482057,0.034312937156876,-0.00159262059062925,0.00486126169505504,0.0174240065116571,0.00477031953621387,0.00216041045929894,0.00625017116255814,0.0359198690006891
-0.000962712913304221,0.00520773686943787,0.00873427801879204,0.00110798262812208,0.00302837573439725,-0.0133338890373756,-0.000494162068228276,0.0212293131203738,-0.00627696535512258
0.0110083779609545,-0.0168699094992873,-0.0139490025118788,-0.00340600110762533,-0.0159017450667055,0.0103281997067913,-0.00131962995343092,-0.00448267014199851,-0.0270494421303684
-0.0796260665854814,0.0200953006919325,-0.0617071453024221,-0.0162890080099441,-0.00681148766961273,-0.0676682991596478,-0.0247036092561229,-0.0351385481998725,-0.0275864807602482
-0.026545799391583,-0.0221189537450396,-0.0072694886497501,0.0101182901281297,-0.00474209987011103,0.0354112099063898,0.00868533574220198,-0.00305736550357899,-0.0141798007622257
-0.0485964743759612,-0.0158542121913679,-0.0365571669063856,0.000425156110305583,0.011149796833028,0.00190536589024945,0.00578343326295868,-0.00211035817490225,0.00415818819905718
-0.00731051711168734,0.0155805358204735,-0.00399311109040329,0.00872335062000319,0.00725006074234055,-0.043693389727732,-0.000186964555416321,-0.00944949711969134,0.00150307364829389
-0.0127504388868278,-0.0240092391942205,0.0115389452831916,-0.00843442370298529,-0.00834527354115415,-0.010710723386224,0.0022588647823606,-0.0159306560958544,-0.0124470135002842
-0.0142362798542026,0.00627672199505522,-0.0177189447282184,-0.0168174260300252,0.00180220117491639,-0.0692439533259484,0.0102247859806286,0.0183657411038435,0.0105425639573412
-0.0635965078859484,0.00594893985723947,-0.0232727424640656,-0.0269743829106611,-0.0100236613623836,-0.0688851466211002,-0.00506207595679106,0.0013948848835135,-0.0044716836044278
0.0152755494922936,0.0334089167482939,-0.0197117923478951,-0.0122594783781181,0.00119613735976492,-0.0186979552735609,-0.011191313173305,-0.0134577621773631,-0.00243668608681498
-0.0620065270003856,-0.0210495756772735,-0.0261150964566874,-0.031103544686535,-0.00615231803381005,-0.0588712655947374,-0.00330022502812445,0.00918871989448027,-0.00682703696705051
-0.00417088654731152,0.015001922066373,0.0159097872458353,0.0290517268174675,0.0123790711176916,0.0111960983199454,0.00629196996819282,0.0220725399557139,0.00678373248263644
0.0127079392945755,-0.0278091481374313,0.00699990238936187,0.00805066730644411,2.26995509092663e-05,0.0260657772142832,0.0230237017225898,0.00807364877750676,0.00378023779455573
-0.0602016497638206,-0.031337589953221,-0.0372357988957658,0.0158858740450189,-0.00556842495589188,-0.0811919235456971,-0.00607973510941863,-0.00861388802603369,-0.00159560750340334
-0.000303718393799544,0.006610788349329,-0.0190617170042607,-0.0272181433338925,-0.00356944911187298,0.0143657962210625,-0.00094755965459178,-0.00340888066480788,0.00139107735726051
-0.0691272105942394,-0.0417633739367819,-0.0456642522112255,-0.0272681829817068,-0.00710257910881588,-0.054628832825957,-0.0334156617539405,-0.0437763258690358,-0.0135215396158474
-0.0068533490537958,-0.0414238939406384,-0.00713100728363386,-0.000838238532417237,0.0046879513304766,-0.0196687167350048,0.00933766076319408,0.0118777639645376,-0.000995243938662049
-0.0110330364596104,-0.0414911856186682,-0.0449695774874402,0.022519616908386,-0.00500957672823916,0.00417355655799327,-0.00651497318810617,0.0194330309470606,-0.0245485396245932
-0.045183043044838,-0.0528399827476035,-0.0372001595285104,-0.040389889671614,-0.000117707688432872,0.000175064536228445,-0.00329794727991127,-0.00522064979714883,0.00213913777266376
-0.00506047918088689,0.0226432032725284,0.0320656305872822,0.0135695575039717,0.00150491450521408,-0.00706986349272566,0.0150812711839808,-0.0125649182564078,-0.00932992584481855
0.0248752963749293,0.033530650046416,0.0159715970181619,0.0238615390990801,0.00858640395651705,0.0189908328131948,0.0297146951352311,0.0325661788375011,0.0311706383675211
0.000953136928083637,0.00297140216487556,0.00857372192207991,0.0430590438343435,0.0126089633189853,0.0166048994657177,0.027153351130093,0.00791308112470263,0.0346146711156215
-0.0648911862664671,-0.0135357137698505,-0.00491269599181126,0.00858892831363903,-0.00749265634959908,0.0101414184839611,-0.000273774281030752,0.00895568605999174,-0.0163346537604078
-0.0252837328926368,-0.000747441898231222,-0.00640891522373652,-0.030578997578999,-0.00633861476098939,-0.0167958540727978,-0.000540873490723599,-0.0273921592356535,-0.00105276486854475
0.016143858301638,0.0137166340635701,-0.00905081284385598,0.00974510230454593,0.0118998342344881,0.0330838734602455,0.0141494432217025,0.0187622041983938,0.00977102394538948
0.00235320721416389,0.00914331833545306,0.00236449656604324,0.00289335170680418,-0.000959157323190857,-0.0138784225049869,0.00765836498521556,0.0102984477900602,-0.00264157239158869
-0.0354451821499156,-0.0149361922717977,-0.0115788664966642,-0.0182693699163054,-0.00852215604562489,-0.0388201296791906,0.000754287722558093,0.00294369456225311,-0.00833789197096265
-0.0295631489746586,-0.0174777059023439,-0.0419832998402895,-0.0175249245918027,-0.0118956114665103,0.0158360029251114,-0.0026593279122157,-0.0162626749337649,-0.00405554324261469
0.0451966669428206,0.0331008198239834,0.0340348680668771,0.0409015874591099,-0.000459271824699242,0.0325936556173208,0.00491302284006379,0.0303945109218494,0.00162161215858447
0.0767603497355371,0.0109897073464685,-0.00378267551745161,0.00699629529006092,0.0175234107263743,0.0718363012596625,0.0202833438343946,0.0359075282020318,0.0320140754319503
0.0227573597581856,0.00890892143819908,-0.000850480027151795,0.0339055541660444,0.00690991907253307,0.0115806709087774,0.00565881414108757,0.000670066966583383,0.0015060189621639
-0.032846055726321,-0.0255781949073616,0.0242547823020586,-0.0406183071713454,-0.00458283879211261,-0.0322834962461179,-0.00641319759271819,-0.0285692006150269,-0.0314391900389047
0.0116637375273081,-0.00840502394896708,-0.012454836549991,0.0275270961533326,-0.00636113867224227,-0.0255555587654329,0.0045531107773795,0.00653576434205351,-0.00105892802187745
-0.00226040604322733,-0.0392752503029228,-0.0352844310863117,-0.0146768133870005,-0.00672645319697618,-0.0832147723396626,-0.00544331255543721,-0.0082640761243976,-0.00723326178491553
0.0225997119902494,0.0151246694553661,0.0304978781698645,-0.00672156964002337,0.00343217359912235,0.0146864712317214,0.0115365543766204,0.0194500704647383,0.00419889071437145
0.00956392637177213,-0.0174811204425184,-0.0125030709808077,0.000489954201696064,-0.0164892113042529,-0.0173308214683429,-0.00547002492190541,-0.00546850794106445,-0.0167014229709572
0.0244245288538056,0.0402607691254487,0.0109113793831744,0.00530807446212712,0.00489653382858098,-0.0280418589089498,0.00879045154580231,0.00724389764042822,-0.0034573633353063
-0.0232022267841751,-0.0137518636650379,0.00676805134170189,0.00661733491859002,0.00806198683283401,0.00285411549873554,0.0378039248384386,-0.00341455737415236,-0.00176694930794578
0.0038189605434825,-0.0259234721000165,-0.0231566000902363,0.0141590760763624,0.00475865986824427,0.0745574422711387,-0.00464962894673875,-0.0181196246662478,-0.0254553178916775
0.0348970400685574,0.037426626797078,0.0362008923699392,0.0358891052657881,0.00613904628543466,0.0179489079169759,0.0122614700681596,0.0235480605115323,0.0230015573363834
-0.0518455982911286,-0.0168947510463439,0.00402033470682372,-0.0133017276555824,-0.00545684644366542,-0.018058771976819,-0.00677565244147372,-0.0243174398395242,-0.0280335755241162
0.0614091574815786,0.0132017267506554,0.0194625536884536,0.0178491590418911,-0.00233736575425581,0.0168009506102595,-0.00875676638969365,0.0105654300404784,0.00113354524581758
0.0547890605839669,-0.0013036466413185,0.00350666988977636,0.0457542622407226,0.0020352505529412,0.0248831769702247,-0.0167094647454181,0.0313928171305161,-0.00702467666449584
-0.00155251269280087,0.0156537511902179,0.0120700191328449,0.0281910053620908,0.0129050133643567,0.0148468724808549,0.00881622114989788,0.0344173328741501,0.00904686306406972
-0.0206904855819723,-0.000137067960710857,-0.00751165485440435,-0.0119986993421217,0.00168507018110564,0.000637507518723651,-0.00821219456351528,-0.0126851712556597,-0.0111295571916591
0.0262267191085094,0.0121783713919641,0.0114281393322303,0.0196701373537962,-0.00923900694706671,0.048221984685052,0.0118577957599853,0.0202822245632478,0.0112162802248592
-0.034924551163264,-0.0108721072845672,-0.0291638051876862,-0.0430741502835889,0.0264541733040862,-0.0664958162845577,0.00682400003880515,0.00275341283531624,-0.000919118957016618
-0.0308087010346698,-0.0157810891383572,-0.0229548744679902,0.0221632242712517,-0.0176789875696397,-0.037510699250808,-0.00581907390541796,-0.016461852124433,-0.0235817740387325
-0.0175347180592751,0.00978197920276368,0.0180872079724067,-0.00189209299740354,0.00165936928487417,-0.0311841099243532,0.000103058420443152,-0.000594317723239471,-0.00470438893246961
-0.0428409961330484,-0.0185863617241077,0.0200872898562286,0.031420753500179,0.00842244426104014,-0.0376263783303584,0.000617931928360005,0.0358677097612347,0.0164687000009118
0.0174901617776566,-0.0183230027147331,-0.0151372655874626,0.00390467420438182,-0.00486738270405936,-0.0198910283146368,0.00571694690626532,-0.00687350811995813,-0.00794374487341786
-0.0166046740255469,0.00519828080902193,-0.00323785506343277,0.0123037710751433,-0.00141609818098693,-0.0309653751463303,0.00519363540347566,0.00568334896983634,0.00666673841920456
0.0624114957998672,0.0470041033097558,0.0342457022529111,0.0238141403416841,0.0192743749418744,0.0378061032783567,0.01552790868965,0.00303377835401345,0.0369932248254405
0.0450064358321009,0.0197548856165463,0.0226822143703854,0.023684168787662,0.00918793739995287,0.00437438237419881,0.0111423349729897,0.0236136140389472,0.0135944445284062
-0.0124646851283978,0.0158214250425635,-0.019929228080478,-0.0106787705149122,-0.0143001808980725,0.00826692433560789,-0.00421258521772342,0.00282003468262039,2.97334714852951e-05
0.0734246296872456,0.0612939957961933,0.048527875652569,0.0589268914399235,0.00796521107467019,0.0843589292278244,0.0171997178732519,0.0235454854720289,0.0250036264351418
0.0543370027033877,-0.015718319134794,0.00954045326845775,-0.0110275836955435,-0.00484001859670903,-0.0135969974638574,-0.00689474881539584,-0.0216655035864109,-0.0150525707272659
-0.13543356863448,-0.0661711355574361,-0.0507048784448685,-0.0432005801578311,-0.0328406944263491,-0.122658433870561,-0.0161718332173528,-0.0379150101641422,-0.0406355956448126
-0.0147990257452335,-0.00457878148955404,-0.0303747665451472,-0.0111585889823641,-0.00262479778395059,-0.0325510854998628,-0.0175665132289681,-0.00268931389127732,0.000817858502841308
0.00839500666712287,-0.0178907547789075,-0.0422955496797078,-0.0149356686640455,0.0010546242722303,0.013665019540919,-0.0239530998188714,-0.011511925282906,0.00544130561346693
0.0230270801049439,0.00194262237658724,0.0237431590687383,0.0363596103116676,-0.00683330096934589,0.0652571590204877,0.00315765458474891,0.0221357431500705,0.000735143231006023
-0.00732376203810687,-0.00601611980717535,0.00381433144125075,-0.00179991459339238,-0.0134212111657995,-0.003030186056669,-0.02560484014131,0.0113363676892413,-0.0151882827945717
0.025052035471795,-0.00778487013542829,0.00728276690602543,0.0160174071004995,-0.0160460024356346,-0.0459351599284677,0.0049638767132623,-0.00194927599627759,-0.0277857078192205
0.00547710344085105,-0.0133947251551576,-0.00939341886311485,0.0275129197077987,-0.00349164883215919,-0.00749924353923865,0.00479979821749668,0.0260092759901941,-0.00193326013005687
0.0406033587262967,0.0426350038917674,0.0433804084653376,0.0373215310505728,0.0326528385687026,0.0375754029887922,0.0247095309949435,0.0240104965907737,0.0401090282217537
0.00809181135371286,-0.0148855487631936,-0.0343595297875723,0.00395352615665771,-0.00375519785314007,0.00284134579095329,-0.0191953198691085,0.000356120760169974,-0.00539219875073214
0.053728360791256,-0.0430036747885157,-0.0180667556531773,0.0142997020421166,0.00459439037094449,-0.00393179383789457,0.00529828595753298,-0.00131679314305463,0.0171195085476325
-0.0129553404014528,-0.0129191069140485,-0.0396949314711597,-0.0213640342968212,0.00804521030572725,-0.0250256538141255,0.0124811458331812,-0.0128445956488943,-0.015292048095383
0.01869362379962,-0.0089408195282612,0.00375565097971661,-0.0128501430340762,-0.00658913081206508,0.0442017592789257,0.00200284842895046,0.00883840349382515,0.0147985417171814
0.0852070158250198,0.0228017129351413,-0.020551710095482,0.0600844419514273,0.0116305109641017,0.055800377615542,-0.000635264244362748,0.0151118345346807,0.0175255178815418
0.0281698424385651,0.00687963674755477,-0.0112233138276717,0.0117703933473487,0.0151453778219788,0.0410349263297642,0.00749880337066573,0.00796833244774208,0.0141394331116021
-0.048411740563141,-0.000755808651133067,-0.0108640890668081,-0.0269768273802756,-0.0108966714166738,-0.0659746385614007,0.00804303930280359,-0.0112530781631859,-0.0169728686020756
0.0144290025883798,-0.00548259124768009,0.020435348183683,0.00206953447624693,-0.0219885222510397,-0.00729663589002409,-0.0106290157269131,0.010100741361996,-0.0111823160226121
0.010858678218702,0.0104808029435003,0.0164622630408702,0.00857122667406173,0.00607774606318585,0.0125751969732381,0.00580033273270454,-0.0179007668020995,-0.000123166124879849
0.00121995721158911,0.0204297647604752,0.0175344226647395,0.0764528992392596,0.0106808540436133,0.0374351903803695,0.019532515459463,0.022200398820455,0.026392051480513
-0.0470338759758146,-0.0228127172594454,-0.0453959156602223,-0.0283017482604393,-0.00168807457692137,-0.0275822704218464,0.00274428607775313,-0.00833277277209985,0.00738821341841567
0.0772325981973326,0.0225838723909338,0.0264747818761965,0.00219575302847336,0.00945351612024385,-0.00278838498181609,0.0321145576580736,0.00788779295678261,-0.0147759351645046
0.0473550902277557,-0.00487796990026256,0.015093659442734,0.00294959991327906,0.00768685910750716,0.00626047922979619,0.0169329235707697,0.0114614536349192,0.00495963839499765
0.0139202302315406,0.00947994539516453,0.0136232234096976,-0.0263753014899857,-0.0057286014679121,0.0444151225298831,-0.0409832595693403,-0.00158563298724337,-0.0256414340777679
-0.0481275237516539,-0.0365287847323328,-0.0286284071500706,-0.0357764593499789,-0.0141363779980626,-0.0302134446111969,-0.00697211697261051,-0.0191304682189922,-0.0147574347331732
-0.0238217049910925,-0.0251571206829997,0.0103345194574921,0.0127964076291498,0.00785465888592386,-0.0246822603748563,0.0186518333389951,0.0122239847365132,0.0180340370418588
-0.0209761007541256,0.00177680217118653,-0.0384990516161137,-0.0051024868774484,-0.00207614775889077,-0.0487337750737581,0.00689520298029498,-0.01371953477913,-0.0268881581496156
0.0975881826961444,0.0659989563137384,0.0435330511568441,0.0345791165097332,0.00994988729553764,0.0532703654915721,0.0154825676388612,0.0274571805125486,0.0235318642052778
0.0499966863187024,0.00473365767701501,0.0153098935964313,0.0107644418232297,-0.00819336983503017,0.0143405557922376,-0.0120374991789173,0.015332964862544,0.00850939628397695
-0.0220051793017385,-0.00181871742591622,-0.0282373135461443,-0.0200763994588404,-0.0102127216663889,-0.0150444463029939,-0.00292436679682599,-0.0102675301530894,-0.0139426667985735
-0.0378964573954253,-0.0439045208729537,-0.030417683097146,0.0104855380246127,-0.0235570900785655,-0.0301768806620828,-0.0190705102023671,-0.0171862325928198,-0.0209796238800528
0.0406103546669015,0.00259723623176725,0.00134850530161542,-0.0176114135692908,0.00587052875809904,0.0130158185993487,-0.0113013283021593,-0.00201553888503117,0.0108710761443593
-0.0133255489230782,-0.0324723225049718,-0.0114178347687834,-0.00920742765835091,-0.0048377570533592,0.00310272462579117,0.00412279697411068,-1.63159401265688e-05,-0.0218017196176075
-0.0373311927719058,0.0223328169018233,-0.00426576623632299,-0.0309489678385576,-0.0290905883456252,-0.0397541339053051,-0.0226508200525367,-0.0381719304093476,-0.0328842174189642
-0.0442285640951059,0.0172082438551624,0.00309635841452736,0.0149372347482472,0.00195951221427191,0.0429939054636815,0.0306696266597227,-0.0118954160991403,0.00485084659800532
-0.0411260797968803,-0.00123278819544943,0.0100076228840861,-0.0137597667947349,-0.0229787966613096,-0.0322552493444927,-0.0320143415294466,-0.0306438635923106,-0.0244027516504664
0.0250691104429788,0.04169916719309,0.0310116078899699,0.0807378175317197,0.00409494706002662,0.022053626523752,0.0236834842598122,0.0335839603493676,0.0194493139507702
0.0632764568250061,0.00507753431498686,0.00784015311973462,0.0240780350928465,-0.00195835178482972,0.00979593203473733,0.00391869339207121,0.00072074251203736,0.0122539803396219
0.00266884925973645,0.00471541595654227,0.00230842434028731,0.018185016354206,0.000326526572864334,-0.0224033409180315,0.0084792699748527,0.00300505081514255,-0.00894367626812578
-0.0376121281539568,-0.0143463061964661,0.00943689849649619,-0.0302516995048847,-0.00526217401601626,-0.0319348526115657,-0.0283327917280601,-0.0254167890167205,-0.00966898348362479
-0.0433596136569204,0.00231567843385332,-0.0120352439844227,-0.0170153513767804,0.00344855235022081,-0.000316810367476901,0.000228836301409971,0.00407024141385004,0.00401738705555622
0.038982920022145,-0.0600454235764048,0.0137001299456762,0.0336372805406053,0.00801226468881397,0.0113494810445219,0.007891277962118,-0.00368569932191562,0.0122079291654171
-0.0584452345967407,-0.0180435858050831,-0.0291151314272777,-0.0119046589945545,-0.018656398477174,-0.0587495378490572,-0.00257561130384599,-0.0200867554772641,-0.0346452546433293
0.0513684141845229,-0.00114562284780704,0.00441896027939236,0.0423785975037626,-0.0188451933604636,0.0521310574475711,0.00321568962213523,0.0128344653656462,-0.0280527679496832
0.0709518052207757,-0.0138750146211166,0.00299324959997481,0.00988321014077325,0.00292431580307396,-0.00837878495320688,0.00899678791310074,0.0130373506180196,0.00315955062089582
-0.0094147191366135,-0.00890247646882646,-0.00297701974464744,0.00573130974952723,-0.0120248074547649,-0.00529525955330893,-0.00578317243110742,-0.00599080268552979,0.00281039444129341
-0.0180514196783418,-0.0296110447759092,-0.00555574462465913,0.0242192784691346,-0.00148192293168621,0.0102459292942172,0.00246070213987381,-0.0014052396015556,-0.0136484736291746
0.0427886697589527,0.0382461954425888,0.0361047539364783,-0.00456951428951897,-0.0176458934734002,0.0589987257461232,-0.0235679519487436,-0.00302223349969585,-0.0112838579305375
0.0329798292502792,0.0181216522459757,0.0330251336252057,0.0352387688117456,0.00229830870794638,-0.0258765607847597,0.00914168520150382,-0.0136307886729432,0.00396727587633334
0.0767972426322925,0.048498237143433,0.0544126168644009,0.0203968587003607,0.00754810865941373,0.070956518107458,0.00797448187694116,-0.00504772828746842,0.0076153899453924
0.0491081476671931,0.000640910489314372,0.00511445691381356,0.0177063780341962,0.022548474990538,0.0560137963500165,0.00545341478966915,0.0113831225852479,0.0133800682252869
0.00925592656973489,0.0521593009628785,-0.000773380522728069,0.0863016377113796,0.0303014990602652,0.00792666203258125,0.0597966255603522,0.0450651266691045,0.0439005717040317
-0.00543088257740803,0.00558401994921985,-0.0132048285477148,0.00406391145609328,0.00928557674247249,0.0223342092776864,0.0139444520962143,-0.00870396033000614,0.00356558691114934
0.0393592002082682,-0.0474095278041167,0.00362692871001314,0.0104000414504219,-0.0256725198540271,0.0332089154946609,-0.0133624686153136,-0.0252757966982406,-0.0204860440286234
-0.0242336702569344,-0.0300003109356291,-0.00487918933527286,-0.00599057149434732,-0.0257370405351663,-0.00476023995070265,-0.0138261529071844,-0.0123637730845669,-0.027182591101455
0.01058425927048,0.00545882587096772,0.0336283104298951,0.0144262971464273,-0.00601219542196036,0.0175389146833805,-0.0164985604372555,0.000635698070442395,-0.0108054273596398
-0.0219714336790644,-0.00337565347595915,-0.033496098378982,0.00395609180691813,-0.00311820346200348,-0.0104986311373723,0.00353269445748463,-0.00776282491787096,-0.00482783091091915
-0.000346824075839314,-0.0155366530829591,-0.0116313046262611,0.00319024192683464,0.00971740680241939,0.00131739112006714,0.00627178364085873,0.00104232351587704,-0.0205848058392042
-0.0100785894859794,0.00967407227503175,0.0014319837630847,-0.0201741772625515,-0.00333221113479673,0.0148602710906158,0.00936174293478624,-0.00290330136528412,-0.00157939186893015
0.0100602935183962,0.00945504749174967,0.00392226741685242,0.0135578219087145,0.00417895713176228,0.0117482604350006,0.025035257240314,0.0114871265253154,0.00654030790818145
0.00117388660500722,-0.0239834261581381,0.0083110166280333,-0.0185087652597511,-0.0138874493219745,0.00771807916407751,-0.0311170828994177,0.0025422585996476,-0.0145463892836003
-0.0228753091971966,0.00209936578073017,-0.00332920913452833,-0.00534180290589991,0.0111828613333793,0.0271486465860505,0.00235492351183565,-0.00693684271873558,0.00436970370520428
-0.0433256576974531,-0.00115382388423985,0.00925006234990271,-0.0291976523715649,-0.0138474545976887,-0.00680992842981046,-0.0150072457147369,-0.0380199544953668,-0.0236303522097716
0.0971131642701033,-0.0107870682911432,0.00641060593608413,-0.0155578321351361,-0.00514557868730336,0.0538023976027035,-0.0193126943127922,-0.00468295505355091,-0.0134851761985376
-0.00937991829939918,-0.024211236807938,-0.0496089029040008,-0.0192358681795861,-0.00215116867069923,-0.0345439054151593,-0.0369306346475359,-0.0110576095418494,0.0174461627599925
0.0214801768957034,-0.0166796333862841,-0.00406929681437529,0.0304612367204634,-0.00905723263392178,0.0346712848684754,0.00655121163746039,0.004021209826635,-0.000142343296836741
-0.00999744828981736,0.0104166711671499,0.00443528638985602,-0.0387976746385879,-0.00290954757468713,0.00108502401840785,-0.00836083297867914,-0.00884860686079011,-0.00133694568558055
-0.124547769185091,-0.0603084511792902,-0.0108902421004274,-0.0737462890690975,-0.0100770138177951,-0.177072712407471,-0.00821621544959501,-0.0118091520335445,-0.0186142770344906
-0.00973057114229341,0.0175423325361919,0.00368517956431681,0.0134145257871119,-0.022980765690193,0.00368289137200104,-0.00295504090298386,-0.00353395334212691,-0.0290066811868986
0.0200906228469364,0.020058310548806,0.00747507272846455,0.00630808085243508,-0.0012457477064771,0.000100458221301567,0.00234715146890472,-0.0135822577915563,0.00907521558251169
0.0181680907040835,-0.0104856885617891,-0.0155754281834031,0.0258042253062993,0.00337206888435106,0.04239181714792,0.00720771838032834,0.0177821012674314,0.013419913919082
0.0741576433660382,0.0149391762919694,0.0134140758684119,0.0333035622315129,0.00633891826149877,0.0678283159687614,0.0352115105028031,0.0220080982103873,0.0450046783531818
-0.0268160958298172,-0.0203812384598705,-0.0196236491693297,-0.043584030096436,-0.00119375601296461,-0.0273850699650542,0.00705334665711692,-0.00700642588376393,-0.00160591966371997
0.0202091635559234,-0.00202564992972865,-0.00648373128579837,-0.00554167045792358,-0.00610998369586751,0.0590897065448183,-0.00886941185202142,0.0208519001119094,-0.015075368751618
-0.00245508313983675,-0.00546285986398816,0.0114918973306655,-0.00264041184412782,0.00662975685776826,-0.0253290440464205,0.00011249191059066,-0.00030630224240199,-0.00642949124077322
-0.0499812801497632,-0.0464468477669771,-0.0218622364361108,-0.00586505808496838,-0.0183079019178758,-0.0479568669980123,-0.0218681871260922,-0.0103866241491816,0.00761506756135923
-0.0195015798231928,0.012884665246267,-0.0208571446439244,0.0121046841567618,0.00489343867828102,0.0484682732968681,0.0217726922207554,0.00879169998938785,0.01838680098799
-0.05359897921435,0.00820578816668766,-0.0139573515326332,-0.0351891895613355,-0.00461870598420676,-0.0413697752559585,-0.0242478791033631,-0.0225518064312197,-0.0100260851511601
-0.0682898029845339,-0.0369008017794589,-0.0658740363762331,-0.0379452842593723,-0.00723641648144068,-0.0255833176240875,-0.00737628882521086,-0.0160718385740311,-0.0136204880606764
-0.046785485313726,-0.00836882955984246,-0.00560102958831205,-0.00651394772940676,-0.0081556827621195,-0.00613323486260225,-0.00336581527187518,-0.000605934685689875,-0.00533725072842954
0.0143981506752719,-0.0227414071082943,-0.0217581401824777,-0.0113514401097894,0.00204700631890281,0.0158920954686297,-0.00401781535480289,-0.0125920418197414,0.0053813431898349
-0.0706454536519036,-0.035954286156783,-0.0455908099856379,-0.0391492578721946,-0.0248813257379252,-0.0852592269176898,-0.0319424764645337,-0.00458377825620518,-0.0287398927868746
-0.0195410071362062,-0.00690072266545764,-0.011127651904999,0.019629457463923,0.00147559922337723,-0.0099634390930218,0.0145615560716439,-0.00123760338225417,0.00142857192604777
0.125524325561815,0.0411063498443904,0.0318491098132944,0.0165869645677827,0.0136330500876369,-0.082279387674056,-0.000416890837269082,0.0249061393240903,0.0361533853806378
0.0438485332441415,-0.00491027908595488,-0.00769299419056287,-0.0015167012791722,0.00696605823442826,0.0379789365808692,0.00732325292012693,0.0173851282972705,0.0123680495367237
-0.0158879907476845,-0.0396074978314334,-0.0230430368585681,0.0113193345124384,-0.0059638048991873,0.0223934346455426,0.00618367608598127,-0.0124353191878296,0.00103302971871181
-0.00348765727242749,0.0163560702225768,-0.00365413534159696,0.00308266060493863,-0.00516690094732591,-0.0080322274589505,-0.0110032086005719,0.00132827590165109,-0.00219015264485509
-0.0537567979222231,-0.00607325589980607,-0.0341586660519447,-0.0357086440154287,0.00209268683896333,-0.0731994344738752,-0.0168524039896947,-0.00213649559914163,0.000604156721959102
-0.0380139863237319,-0.00330100482489557,0.0189998111613063,0.00454580422547046,-0.00306548059212782,-0.0248071456002543,-0.00229932913706083,0.000985475679796001,0.00124453791022688
0.0199693389168348,0.00883759964299779,-0.00202361344945918,0.00475805548027597,0.00323397832115674,0.00192183048635193,0.0123011980040453,0.0294925238202968,0.00811055925371417
-0.0571351537563223,-0.0213233737965558,-0.0112829731034226,-0.0473122414152128,0.00543389722125619,-0.0298680438941313,-0.0140626385687392,-0.0226119350447306,0.00682286740032303
-0.033849372582147,-0.00728118558923598,0.00573892412367631,-0.00937730216856594,-0.013226771448143,-0.025941989240423,0.00180661675338273,-0.0103945995864257,-0.0240069698227508
-0.0316874476373368,-0.00126793458567654,-0.045877829757759,-0.0174775010241618,0.0132913259233336,-0.0525748233856137,-0.00105693693282795,-0.00630854209827189,0.00012969867071776
0.0264885472608577,0.00953065814012309,-0.00103346348956048,0.03960284722841,0.00804313403345889,0.00209497796658646,0.00847354435561798,0.00834360828660215,0.0198972874398141
0.0334864965833036,-0.00942332590374375,-0.00642358656539432,0.0136217589819642,0.0269015535603324,0.0301037778761524,0.0408237022250045,0.0226093921409125,0.0249327208906205
-0.00186815299670437,0.00168591445910787,0.0118648758165879,0.00269294331091145,-0.00665197441126381,-0.00942648017391217,-0.000761566778391014,0.00302192096396161,0.00310452988002081
-0.0478113158200799,-0.0289531718284663,-0.00323318586378621,-0.0216928919035817,-0.00775561690015306,-0.0602307432520352,-0.0267727111835385,0.00678911854256963,-0.0118355359177206
-0.0114356361412717,0.0276483741706473,0.00199985818254409,-0.0109033277267979,-0.0183320846282178,-0.0265471857426319,-0.00758105235381867,0.0121924730126456,0.00927015744245925
-0.0303088925407503,0.00733767171962845,-0.0156381517243696,-0.00625576325950297,0.00787602204976186,-0.00212831603912999,-0.00049779661459591,0.00891111932718781,-0.00985745738589794
0.100805014429452,0.0421087575160201,0.0427099938451062,0.00772064716484804,0.0069622079254145,0.0725744683780261,0.0205055861034529,0.0190220367973763,0.0127032418961702
0.051449437594757,0.0379900244460701,0.0221677768056315,0.0289053979183736,0.00983848550958417,0.0790432645289501,0.0219635397515052,0.0208947348986363,0.0379046420780043
-0.0157740817905751,0.0366847670280585,0.0165777045476225,0.0132128792245584,0.00723688027981183,-0.0369203659277038,-0.00454127507739392,-0.00731212613712466,-0.0088890425340458
-0.0304993425691154,-0.0316202359457453,-0.017705924664575,-0.00213945415701474,-0.0135338821369866,-0.0369260269092741,-0.00797323369457307,-0.0160907988005924,-0.0130563910342989
0.0223821554661521,-0.00517283150371983,-0.0207774261148759,-0.0125236591081483,-0.00613330977353689,-0.00568742202284065,0.00146067678993159,-0.0231887595111395,-0.0136119184275461
0.0164665804595315,0.0333082492411639,0.0423338692931648,0.031756554081953,0.000784067489529274,0.00765102114831451,-0.00382613146845586,-0.000185765853129327,-0.0150723510134524
0.0475928318057237,0.0224798417396792,0.0220140475355294,0.00339218194648285,-0.00273096541503353,0.0159418454632081,0.0197154608485306,0.0136453247837465,0.0212352686193618
0.03057052836713,0.0466492101369542,0.0275045886121615,0.0482384424466987,0.0216595109373767,0.0731054539717826,0.024497495590153,0.0194600397960985,0.0321629622645977
0.0380048943963273,0.0344962801755473,0.0431407063798194,0.0532354786083299,0.00613318419700749,0.049459025938386,0.00593145227012841,0.0206657676548167,0.0349434508436332
0.0779981016423595,0.0272950792656348,0.049787955742554,0.0209006670944248,0.010598317699454,0.0943698001391907,0.00987260888084263,-0.00824223919442284,0.0235268728818429
-0.0217689359799505,-0.0386846990165719,-0.0295213190534393,0.0044120180859857,-0.00693692010986232,-0.00971862403262141,-0.000398043781831102,-0.0235037750636261,-0.0150649776674103
0.0229491818664392,0.00389054889943274,-0.0207929769105262,0.0216841018843657,-0.016653278063706,0.0414028818313279,-0.0121902783752888,-0.000611719537691814,0.0139988844525706
-0.0151724454022158,0.00424842517589994,-0.0247682842201635,-0.0118324769171139,-0.00105588884922497,-0.0124762909727532,-0.00050957247862099,0.0064125593368793,0.0233328673125895
-0.0110381175172142,0.0175846151887598,0.0179891054772309,0.0192951777229634,0.0192861511104782,-0.00460472120736878,0.0154272988071625,0.0157826135596883,0.0141903232549034
-0.041547416132835,-0.0386818832139155,-0.0163077494861958,-0.0264096611233271,-0.0155576785888491,-0.038519596719659,-0.018746432637503,-0.00373765837793434,-0.00867440900538448
-0.000237587890880577,0.0300617526867701,0.0151774978047341,-0.0254049018144042,-0.0191979286322474,-0.00422364608671735,-0.000786527911568239,-0.0201213857942521,-0.0128806509996516
0.032956350586743,0.0097684385272798,0.00143092954158716,0.00323113316191027,-0.00813012954136797,0.0142752122245639,-0.000756284514270572,0.0205976771768584,-0.000176467019501234
-0.0156302158443168,-0.00917865093659326,-0.00972587211961424,-0.00294188317666795,-0.0238846969460672,-0.0433819732957807,-0.0217608982317776,-0.041353787370901,-0.0417753789173155
-0.0749049287819181,-0.0138684591705011,-0.0303259338056957,-0.0166466943123343,-0.0146171850177899,-0.0512867614863162,-0.0177922855421975,0.00214011326220334,-0.0155791479739695
0.0346585225139258,0.0132199840505091,0.00272729956784034,0.0374980515368102,0.0333809384838398,0.0190891434947678,0.0224957229170358,0.0309813692210547,0.0386345438017352
-0.0907990852636195,-0.0362516867688874,-0.0722270232682526,-0.0643324642931668,-0.0213183204584874,-0.107708875179749,-0.0175527729346674,-0.0199307819870082,-0.0130793867955731
0.0991441514637098,0.0181584294705673,-0.00432277204494076,0.00474390395011022,-0.00817902785898206,0.075253519573339,-0.0125150270026628,-0.00565845640113217,0.000981275297079609
0.0955815102799949,-0.00146217715893915,0.00683460418164167,-0.000116278464951052,0.00158905522782466,-0.0195003349253723,0.0127570425396189,-0.000406414579262527,0.0213289346659211
-0.0674729923193803,-0.0618025532614789,-0.0730737414797507,-0.0300181237627703,-0.0342705188053253,-0.0505406621168401,-0.00846075628085787,-0.0406901608507758,-0.0532684192484653
-0.075025443742131,-0.00363029498035779,0.00480909546538895,-0.0113731773267989,-0.0249862055571339,-0.129319785801816,-0.0355481576814346,-0.00744767502674357,-0.0386286480977795
-0.0814821117951482,0.00813481926086504,-0.0218566365693025,-0.0523436986727664,-0.000861521143730314,-0.10910436625341,0.0122607084893714,-0.0274757556928803,-0.0173879305032696
-0.0410981937180925,0.00152919337320503,0.00198283078515999,0.0301714193367865,0.00905281627412191,-0.0327051942370068,0.0117107410613228,0.0381094752507445,0.00512154270544962
-0.0161656351577244,-0.0275677974040747,-0.00887000048310993,-0.0150917134981884,-0.0156307609958585,-0.0417914614056959,-0.0297689403368725,-0.0343312447946051,-0.0133322880813559
0.00821030986472841,0.0292243589152223,0.0211450423297951,0.0125165806091995,0.00898269642362813,0.00471130853489801,-0.000932175125085842,0.0021949301362227,0.00419368978649726
0.0769099112412675,0.0285701505675276,0.0340395150835679,0.0145104072031505,-0.00570451244454266,0.0261386542846836,0.00518840974902089,0.0124832330092303,0.00720672549043586
0.00250654635436973,0.00984470522567853,0.0108362164232982,-0.00413635228971883,0.00459110839289237,-0.0235971078990151,0.0102376122279888,0.000282399378398735,-0.00338163767354045
0.00232324740425881,0.0236145127101943,-0.018541901653035,-0.00195451531672843,0.0195816742267461,0.0285843529883119,0.00998718396400039,0.0134175494196001,0.0212973411202419
0.0836235550110443,0.0438593859025392,0.0335180304195883,0.0363799895446431,0.00412639445691776,0.0360609719402991,0.00124969648030833,-0.00721558941878156,-0.000776156370289104
-0.0772240726150061,0.0139118554281186,-0.0327143595065416,-0.0445222219709091,-0.00756115419336902,-0.0678343181698557,-0.000464390127424688,-0.00230256161477911,-0.0228289649592908
-0.0383207128776439,0.0160576260123496,0.00845465409405347,-0.000893346631137835,-0.00297773345804004,-0.0143816091006011,-0.000921302400873778,0.0157375787093184,-0.00350263609413141
-0.00482028670083442,0.0238438746480643,0.0156408654498534,0.0129233019949636,0.00927444430349911,0.0311589754283287,0.00338857144912771,-0.0326117980807994,0.00843262641745389
-0.00814725325264806,0.0198058335864393,0.00429211669726609,0.00616216215515672,0.0137738017923386,-0.0484529525322288,0.0273028913164873,0.00200354655609679,0.0209602180249551
-0.0693916408611945,-0.0300709215886925,-0.0397588771516992,-0.0233326376871695,-0.0012412079898282,0.0688407671143776,0.00609543918510742,-0.0348571975836913,-0.0134003508106241
0.0538144318186348,0.0268533644160111,0.0147720169715398,-0.0148171348978795,0.0095739134368804,0.043100948716075,-0.027303167366869,0.0203333278627323,-0.00259232175224594
-0.0554775909709761,-0.0101412544439475,-0.0155232389911398,5.55487534366406e-05,-0.00103377275568736,-0.00702433424296801,0.00657994354904467,0.0182780707364381,-0.00432344243469493
-0.0493432702926517,-0.0335174317928375,-0.0211552102192883,-0.0471092243309553,-0.00367060506599685,-0.0736584778264451,-0.0371984568441434,-0.0221807211120987,-0.019139389509116
-0.0130753336091004,0.00549824954008222,-0.0092630435778378,0.00381734500065771,0.00180783827688768,-0.0211020093678328,-0.0106696120909826,-0.0252806990256383,-0.0124918705873662
0.0821552133286385,0.000461902234867707,0.00493682066343191,0.0366891043748296,0.0109259541478233,0.00931380099347996,0.000473431844837555,0.0200780534417765,0.0305461894035098
0.0125026385092023,0.0177529592449674,-0.000678933314521055,-0.00196174263227795,-0.0180632142849701,-0.033392033511948,-0.00426323746023597,0.00266596719391443,-0.00695554829159813
0.0999222141326178,0.0295433031960784,0.0181139763168299,-0.00300157810470963,0.0232124232266509,0.0602680280865265,0.0257683336011031,0.0206052611076398,0.0293568149645874
-0.0303606062919549,-0.0155041897799151,-0.00813231435252623,-0.0098109796016421,-0.0167309586068257,-0.0514961484514425,-0.0198530286856625,-0.00657099164547674,-0.00901419590814753
-0.0217154010581538,-0.00422440056869828,-0.00606638279737872,0.00845948455783184,-0.013730555299471,0.00304134421510027,-0.0330560642719598,-0.00136291818722574,-0.0148505783158916
0.0621197139633011,0.0408473930353212,0.0303717982088549,0.0484670768884552,0.010390966933851,0.0548664842035953,0.0159821704031103,0.0259937791422958,0.0135545735321435
0.00418971330728366,-0.00681035028830447,0.000419324381399843,0.00740740555886295,-0.0160925354081075,0.003879852677246,-0.00280651063551408,-0.01724353433695,-0.01435809103664
-0.0481944762487169,-0.0427422829694388,-0.0401150799619081,-0.0419255328695062,0.0158164024932638,-0.0424729901063587,-0.00699520758904895,-0.0382498107829712,-0.00383119094250838
0.0104533547132647,-0.0229575210794847,-0.019941527369797,-0.0079366702671463,-0.0106493400552223,0.00207704764051756,-0.00785770699421868,0.00166427085414162,-0.0127487123500752
0.00517366371080252,0.0125903373531303,-0.0183721868196166,0.000627294455883097,0.00846432501120249,-0.0217962977236001,5.50808450189608e-05,0.00376709705673981,0.0109684530170595
0.000973989443390132,0.0202410011920063,0.0377244535620101,-0.0193278814656353,-0.0114353371600285,0.00310202948355875,-0.0301148111795501,-0.0154306209352628,-0.0187282224114814
-0.00355115817482358,-0.00350574298798821,-0.00132868225323624,-0.00069612897655095,0.000652979984437775,0.0013992645418644,0.00231089965845793,0.00531681891492917,-0.00512439926430626
-0.0502636918773106,-0.00612541520181726,0.0130754302692667,-0.0495913990600929,-0.0319236979224042,-0.0907390765707157,-0.0513529723253258,-0.0356378255904515,-0.0420282553028199
0.0468553234737143,0.0109296775969554,-0.0029046595843764,0.0246367596815341,0.00385687254928461,0.0320919394896158,0.0131523126425366,0.0307396587353438,0.0117788764375268
-0.037878147042991,-0.0319151380825383,-0.0308414705975071,0.024361495828923,-0.0190420202612648,-0.076353495564711,-0.00397117192023488,0.0107734684532097,-0.0120521018854132
0.0133801079568488,-0.021062254063368,-0.00928476041258982,0.00950675993740538,-0.00291082090240766,0.0126357729772008,-0.0034179445125755,-0.0287588688863932,-0.00376971067942447
0.0207690770408807,0.0199717367979144,0.00515726700266468,0.0506649507614609,0.00730733863190905,0.0292364017942209,0.0108346694163202,0.0254480979442717,0.0237773305062195
-0.0178939653461604,-0.0410876413185083,-0.0230047700587646,-0.0124414280158336,-0.0273970207826242,0.000126164838036512,0.00138866385903927,-0.0176324264558866,-0.0312996019509442
0.00307560168552221,-0.0251675822142177,-0.0381385817016502,-0.0232870166772692,-0.0198457874045772,0.0114522453716495,-0.0234463670887512,-0.0039441451984083,-0.00472612039008057
0.0342531170563687,0.0197416869014768,0.0207471787420045,0.00564211856685242,0.023593410337261,1.55039788977095e-06,0.0309369457441138,0.04701252129747,0.0320830901333908
-0.0182481967138208,0.00711594224978568,0.0198634894173859,0.00299257276294165,-0.0111856627461952,-0.043071603279564,-0.00300594862305406,-0.00169674550444747,-0.0116833797762047
0.00174386782497998,-0.00222199798668903,0.0097713211805111,0.00547596042281063,0.00709877230126605,-0.000637334178360009,0.0185603750984595,0.00636094589789056,0.0394278725477837
0.0182436436920085,0.00813023862895639,0.0280463701756777,0.0166432078505947,0.00853901846072006,-0.00865375048271377,0.00195992843608311,-0.00326854930899662,0.0209120146311844
-0.0784989577261941,-0.0292897491176118,-0.0370030168201323,-0.025447960674073,-0.008692035657643,0.0455675756154393,-0.00125995025456705,-0.0116190228380078,-0.0310918262007609
0.0243863639752031,0.0269941252967841,0.00988533832985841,0.0422268104309379,0.0049430401716684,0.0227705606282772,0.0180738649611146,0.0192723230246648,0.0193196223247506
-0.0199589277607537,-0.0168645315096026,-0.00874607895775836,-0.017810508234352,0.00169126946088139,-0.0259615233660022,-0.0181399132985784,-0.00231743890242605,-0.0199410874831723
-0.0632215318709773,-0.0201460056744732,0.0123549915736337,0.0206880653336055,-0.00515605647317367,-0.0461139383658851,-0.0169622218349664,0.0139058720394007,0.00459656025749671
0.0135661494299697,-0.0117255026925243,-0.00749478644789379,-0.0232880404222693,-0.0131927812635602,0.00381617938368674,-0.0017896396297958,-0.0229431255828581,-0.0133270895574031
0.0439732837673899,0.00894916786122604,0.00918827414239762,0.0228133894662141,-0.00557254294571739,-0.00908639839775382,-0.00898743780970829,0.0158459933815072,-0.00572657556512367
0.0928792704292619,0.0476025872502201,0.0301417280948652,0.0269689853311482,0.0120870909070676,0.072769780615406,0.002110531202785,0.0223646440996001,0.0203943329720263
0.0289903198403844,0.0326228111769322,0.00833173954887496,0.0632452678804476,0.00579778019845856,0.0502977599858243,0.0180884980142757,0.00567395712397782,0.00777231126196903
0.0490393082988277,0.015573350635143,0.00242472842619797,0.00663165303536946,0.000733487637026706,-0.0555280779436513,0.0119438710952604,0.0404181997165114,0.00827377238140556
-0.0472882518666244,-0.0378341222565373,-0.0141266428780534,-0.00942231990016873,0.00120332570188961,-0.0691149706360281,0.00602415315393121,-0.00540731127684104,-0.00651101323253603
-0.0136935081340779,0.0152861092739098,0.0315218991857861,0.0245538614277815,0.0183002333360047,-0.0164302116450618,0.0104940797042641,0.00990243188442406,0.00830668310647856
-0.00471441046955121,-0.0104736994544885,-0.0124656615545728,0.0487807118996226,0.00556959720666276,-0.0168754695529249,0.0107327907836862,0.0406980386286522,0.010930748209425
0.00492362848712038,-0.00168528861684424,-0.00867361999707073,0.00596183301431604,0.0087800366051463,-0.0496019509748574,0.0147476579504033,0.0193256456522427,0.0150424657995771
-0.0571371536160452,-0.0567594792785105,-0.00602239532647128,0.0282686488316382,-0.0215841082838459,-0.0288018211868534,-0.0138212764492263,-0.00834714490351553,-0.0164285865384591
0.00690617794268951,-0.0141838231273785,-0.00609825883034451,0.0080601860151714,-0.00540501206387663,0.0431943894223556,0.00838593582543142,-0.0089071308433565,0.0122440787498439
-0.0482545612169312,-0.0383023520828226,-0.050377130112574,-0.0305419614191941,0.00262134237181814,-0.0637853330910595,0.00128909894423973,-0.00515081018022523,-0.00575775596169645
-0.00806474403518055,0.0214250347393544,0.024368322863894,0.0107341566016498,-0.000321178952325838,-0.00967300566378778,0.00528175579764835,0.0257412397079451,0.0108471322057835
0.0620395652115187,0.0391467888712848,0.0352613214620465,0.0482646160131748,0.0250476024907261,0.0708264223913391,-0.0203822847542391,0.0131554887542896,0.0375046591057351
0.0375760691192933,0.0295012119122045,0.00331884596458271,0.0227578595905797,-0.00039795866115614,0.0425570062684106,-0.00073667367620393,0.0146925323669653,0.0145371605893561
0.0267371681754673,0.0160532865073136,0.0189604181737918,0.0169986597500667,-0.0109964177189537,0.012496721932486,-0.0400858360911296,0.000203179251893694,-0.0163740023465566
0.0586910022844329,0.0510898039348171,0.0298223928331411,0.0746249586778548,0.0160801853084558,0.0116335721750461,0.0112596129121521,0.0231951278138592,0.0301208666476557
0.0141016797531314,0.0234055398724694,0.030453683387917,0.038216298103987,0.0177588301484111,0.018965233115798,0.0164410349556849,0.0213018642881289,0.0253489658471354
-0.0468556855509113,-0.00734144792203725,-0.0298206807588276,-0.00609733328734574,-0.000657877732672054,-0.060273454288118,0.0135953160226744,-0.00275828411833039,-0.0158850029654189
0.0541560445703095,-0.0004937731996896,-0.0143709758424039,0.0124446897596484,0.00496845384834476,0.0418683900079035,0.0162423476162492,0.0199337814230442,-0.00392896823927161
-0.0744959157252876,-0.00525768290021418,-0.0357588930175669,-0.029377518701502,0.00695549232868073,-0.0976570545085175,-0.00453442191477972,-0.0152705538835585,0.00666914724406034
0.0028879335485882,0.00898512334013643,-0.00466199273236912,0.0273855545458756,0.00541161109153763,0.00588138972673534,-0.0117797058828074,-0.00184042906396034,0.0214287712233957
-0.00751173467796993,0.0147430456177181,0.026132859592723,0.0213293827656441,-0.00778528848695046,-0.00582196101017122,0.0248661944176396,0.0048513896069121,0.000312213335940397
-0.013983647086355,-0.0136644403956025,-0.0186069924042363,-0.0354841411801965,-0.0116904343301249,-0.0327375940839245,-0.00747055050762354,-0.0103550428981242,-0.0108807132902696
0.0403360871590308,0.0184137636196145,0.0093364850820528,0.0196214703353735,0.000683211416124854,0.00719672455619179,0.0196740599247816,0.00346702349802236,0.009329532502738
0.0879250282561081,0.0628816158236557,0.0471001336361899,0.0435330972110184,0.0101080400024587,0.094641624253624,0.0139516476967006,0.040795867561454,0.0187261013630878
0.00402913496887544,0.00844375775211381,-0.0185669754741668,0.0172266939714511,0.0244816788711742,0.0406921091291396,0.0313956432078247,0.0176521684435638,0.0356733043564467
0.0220951153883771,0.0440808752580924,0.00910649851314143,0.00172825266733822,0.00167578482549642,0.0302272512725362,-0.0151183872324937,0.0131187403778476,-7.55876440693689e-05
-0.0806513866319864,-0.0364495302963991,-0.0234222848469701,-0.00502882831529818,0.0053021410734945,-0.0218407078580567,0.0011931763813555,0.00436715377749316,0.0013150384976947
0.0195522206343195,0.0185001313457368,-0.00766572600676724,0.0472999909691936,-0.00245095083349254,0.0277910779181062,0.00929831254042366,0.00969884466983859,0.0131357326352419
0.0472490103339519,0.047692759121442,0.0219503856552959,0.0098380899789164,0.00505317973296703,0.0907940371080834,-0.0107703721102854,-0.0078168093757036,-0.000531925042386683
0.0418331209791541,0.0235206139581142,0.00168461023396128,0.047553430114968,0.0033265767468166,-0.0169078087715329,-0.00396002724609594,0.00868651650887861,0.00607418749045759
0.00772267238130063,0.0142742409010463,-0.000711097392041595,0.0152038434779385,0.00511135498209378,-0.0164719633275471,0.0110822663897562,0.0319583818785731,0.00146460021181893
-0.0699275776885743,-0.0283849724471491,-0.0265817931714184,-0.0407291187131813,-0.00716319480813984,-0.0160510294871847,-0.00382403794681531,-0.0167847124107761,-0.006866160903504
0.025442516966378,0.00489041740729144,0.0164620263670637,-0.00569716699493726,0.00253086448675632,-0.0104410714737683,0.00146487533511512,0.00404540997661231,-0.000936723639106232
-0.0293918802601323,0.0148097818313606,0.0285928750687351,-0.0541394193809141,-0.0175514414504578,-0.0487342664741566,0.0117357735114958,-0.0162420540800005,-0.0314018328778863
0.000182628151479717,-0.00839297504568965,-0.0211418244115668,-0.0256031898686706,-0.00888416374069159,0.00433686667704534,-0.0220030186035775,0.00409894462797887,-0.0137246378171781
-0.0155564964864652,-0.0308326605251349,-0.0102437560537812,-0.00859670640665325,0.00318682318010289,0.00287320143021622,-0.0136124910835044,-0.0143853645647145,-0.0235511044860831
0.02801911054463,0.0332125654100884,0.0228417583546856,0.0338037679171236,0.0187971684502258,0.0165208817889683,0.0112201153758562,0.00712278340003227,0.00863970302155978
-0.0319930890032356,-0.00544775757432834,0.00447409547958434,-0.0101890024490914,0.00300921846781217,-0.024147385816386,-0.00627642352366161,-0.00722689568431715,-0.00617952695335257
-0.0303504730251217,0.0114920989496077,0.000263541372697911,-0.000196448829819428,0.0176440480527698,-0.0307040028306491,-0.00448005324302047,-0.0144716687847918,0.0182004006673642
-0.0379763560492873,-0.0330545119008845,-0.00976309568259334,-0.00891643101425471,-0.00469835904441044,-0.0822665154850998,-0.0200950059662029,-0.0116868714774426,-0.0203559107744623
-0.0170643090604686,-0.0134739339654798,-0.0291888044777908,-0.0178045435703372,-0.000839155596135756,0.0136023993358501,-0.000650787775999396,0.00150489766128015,-0.00512581650287946
-0.115909418281671,-0.0648532866166171,-0.0665556595238216,-0.0646009986306225,-0.0137065416317961,-0.0926788952774415,-0.0186748998314856,-0.0346162054309247,-0.0527608904721416
0.0137974367059662,-0.0164098896752821,-0.0152684706817638,0.00999085650347054,-0.0032964957971877,0.017761683287692,-0.000339602402965058,0.0130858248929479,0.0111191138618073
-0.119377661820894,-0.0469118896164972,-0.0442873736275156,-0.0482920317947374,-0.0204824877652263,-0.104581186483705,-0.0210256734484564,-0.0375162835335057,-0.0380577982262318
-0.0230379444672466,-0.00186459159466288,-0.0113056454994932,0.00774883588278623,-0.000391172179067622,0.0257309653760412,0.00926923070698916,-0.032049572584577,-0.0187816258548474
0.0767347336297995,0.0316509352265606,0.0156277093941796,0.0330059289280403,0.0248677430923635,0.0900052091892728,0.0267305232154988,0.0519974325817785,0.0234933910040666
0.084095505910802,-0.0299840931815436,0.0345512819860678,0.0411514459240181,-0.00448622777903787,0.055143872921178,0.0186546887103572,0.0205433501472146,0.00729666356761568
-0.0186698655517087,-0.0178742239472606,-0.00198558740680387,-0.000342731198530786,-0.00393753157730189,0.0196821314806113,0.00482126607880886,-0.0211767441758362,0.00285604307844309
0.00271643646542609,-0.0094916313012534,-0.00624648067990811,-0.0180002107333416,-0.0179460259374087,-0.0226646806408773,-0.0186586657014014,-0.00820378819595963,-0.0130488690719569
-0.0748364792085045,0.0176350103967673,-0.0350992857838884,-0.00154838531718159,0.0207812212522027,-0.0532053749866514,0.023512470309535,0.0157197421695941,0.0184928369200369
0.00608475312709938,-0.0178845928422268,0.000455967674372673,-0.0124289566363379,-0.0153252349124452,-0.0207703019694921,-0.019943167673763,0.0108650679821841,-0.00245746160731037
0.0284616974835717,0.0157408744651285,0.016675014071373,0.0195846330419328,-0.00220436159951495,0.0238156665673902,0.00257144676571632,-0.0110042698432289,0.0127093626548285
0.0672097922957943,0.00601853878884251,0.017528055328302,0.000805802357534452,-0.0108979128838721,0.0454698879403842,0.00289078112035194,-0.0169422123624862,-0.0112814575872807
-0.0171667500099576,0.0111631677415644,5.7539917511713e-05,1.00744923814282e-05,0.00361314636470352,-0.0124829195003374,-0.00313827136178074,0.0097580033394378,0.00951660645562437
-0.0243574624302879,-0.0324484797846924,-0.0357340528640858,-0.0128722765364435,-0.00360579154580713,-0.00911245612192302,-0.0290267542474749,-0.00374489251053894,-0.0111600937691062
0.0276835503910835,0.0199194757200659,0.0182122416777098,0.011581457122686,0.00622564986175899,0.0379092790995363,-0.0242012759620847,-0.00244947999115086,0.00406461853614992
0.00150178840425017,0.00707375474116149,0.000308404763122422,-0.0101912947571287,0.0146678869283582,0.00947094523630125,0.00234057835675349,-0.00956685608813179,0.0287854287510465
-0.016135236381233,-0.0521478951666784,-0.03548501903455,-0.0130815577319695,-0.0115975371250279,-0.0403103761454833,0.0141545840251598,-0.0238981162611355,-0.0279003846665082
0.0689085562033039,0.0207330616012646,0.0154921024197364,0.016163562074967,0.00275228054377269,0.0742840689018186,0.000128608022879108,0.0196404991079532,0.0151170835111067
-0.0287762415002799,-0.031524109069901,-0.0236342287864694,-0.00375397015721239,-0.0171037639593902,-0.0146928047780702,-0.0194754066867221,-0.0240649731074546,-0.0359344574365367
0.0615000768116922,0.0497728798749326,0.0496550676311425,0.00391844880109626,0.0109911576488573,0.0581044363256402,-0.0106808784827228,0.0113058584432332,0.0151820692556301
-0.0535735347576248,0.0116302559458387,0.000309461718180918,-0.0189659348475654,0.0096597705867806,-0.0639934725257477,0.00221089982101711,-0.0141706532136081,-0.00869777043228326
0.0582966898532602,-0.00732990512779008,-0.00445668051371644,0.00819647135088408,0.00560531703358918,0.0235851163098613,-0.00790532395378449,0.0212359499686844,0.026085388832315
0.0337356372945956,0.0108056336631841,0.0154140095920077,-0.0106230661383866,0.00339985953892383,-0.0303893690987292,-0.0113022257951047,0.00565459362288042,0.00287237055664909
0.0102710868883043,0.0126160397690201,0.036761183493179,0.0280690033473841,-0.00353259846742065,-0.00612689487706815,-0.0324099194458718,-0.00344065062043018,-0.0077164744101806
-0.0246032767216107,0.0239314951904265,-0.0148546164419579,0.0467512618347329,0.023521952490184,-0.0253382231584343,0.025753458761636,0.0161499607632087,0.0155992013465225
-0.0080153007851623,0.0447681054591605,-0.0122304076478338,-0.00333873680344695,-0.0049400005799576,-0.0192425942177517,0.00363386824171258,0.0131427135905327,-0.0133123810815172
0.0377694743871709,0.0260803983543884,0.00313468834717938,0.0651547115294014,0.0152568806806352,0.0199812637555677,0.0424937114235696,0.0323282029012678,0.0179416579678696
-0.0247372351289491,0.00355955817996304,0.000561046498729137,0.0100380303095325,-0.0137529300951816,-0.0326205319412969,-0.0163412188086011,-0.00503055930885493,-0.0123545867911193
0.0486270668662173,0.0774572519417846,0.0516227252091771,0.0568491594896057,0.0254860085757584,0.0333688776038186,0.0102057352828402,0.0231881454771932,0.0377811413415255
0.0282633316228535,0.0496740142763492,0.0499296879272005,0.0157691643571918,-0.00315348941964457,0.0218580254603575,0.00514291845137302,0.0106088196166659,0.00148708968647524
0.0350928590068946,-0.0287894097845585,0.0156200999800182,0.0101532847820277,-0.00369441300215589,0.014454292505004,0.0199539791765694,0.00277974058896386,-0.00232645341237877
-0.0223800585068384,0.00775393793894974,-0.0123367964212104,0.00535332119918535,-0.00982529241910435,0.00176970112383351,-0.00204792070541017,-0.0133322148915824,-0.00805038958664573
-0.0546962114536041,0.00414222963353063,0.00523098195553207,0.0128521519060333,-0.0147513664476819,-0.0881247537713308,0.00250471842568548,-0.0128099808937589,-0.0130733845172346
-0.0810549617866268,0.00173459067145845,-0.0455414499998985,-0.0340010721497947,-0.0117290886515945,-0.0944149581439838,-0.00341861389478337,-0.000668312350669229,-0.0119737603080419
0.0160378688817826,-0.0100939414044519,0.025658339979367,0.0556051534945508,-0.00597364831817026,0.0187950531346226,0.00373161698650194,-0.000367396394627977,0.00721842834465727
0.0339100661838801,-0.00251206155109987,0.000268444427623883,0.0187693011909141,-0.0145967463139426,0.0311764139783727,-0.0069212456660146,-0.023951500853923,-0.0107018643703848
0.0701545384477124,0.0493490112881921,0.0397032279658509,0.0178617753362649,0.00918971261428849,0.0469759232976223,0.0106255032141907,0.0128661329823278,0.0115419162769536
0.0106173249699722,-0.0056703438204045,0.00549336897531272,-0.00481693990759812,-0.0157684837300563,-0.0290411628267742,-0.00645943776792678,0.00400733062125914,-0.0110396040492682
0.0106772653358466,-0.000336447642448593,0.000771409634896564,0.000437804742621222,-0.00543717466435111,-0.0378325629829558,0.00897860348265194,-0.0263103529513209,-0.00885267988250635
-0.0404217199967624,-0.0469748036617015,-0.0337755585273645,-0.00923160739374055,0.00954274262260228,-0.0511391247185103,0.00958488826386767,-0.011424571250363,-0.00171790592595671
0.000880782786805117,0.00221739520916501,0.016346085635961,0.0123756635064615,0.00362765824506531,0.00322764530837575,-0.00600140105176655,-0.00383991343784913,0.00817497481377399
0.0272486488406162,-0.0352519341616643,-0.0223030479278514,-0.0120271322600209,-0.00279834454720301,0.0216478162805467,0.00509238880683765,-0.0285661089920655,-0.00351032649846433
2.17813963460057e-06,0.0102513108368535,-0.0182123047528479,-0.000826337166989062,-0.00612573774130863,0.0128509408296021,-0.00698865238767242,-0.00360278423465784,0.000490645318862623
-0.0341428499542323,-0.0441682500424112,0.00128535909951554,-0.00660286765912352,-0.0300937925354352,-0.0306566247979051,-0.0165468186615531,0.010935696859428,-0.0232960896865859
0.0238070109138131,0.00463858011398933,0.0163596107619048,-0.000334814661612305,0.00104598753836344,-0.0136836708135705,-0.00427251334389943,0.0149404065298234,0.00655610012163979
-0.00439002504940706,0.0297994802752746,0.0138155695665896,0.0341994811427342,-0.00310124732012207,0.0269950892108239,-0.00903070375902383,0.00745300617511627,0.000481713553231561
0.0158430217919436,0.0177960760210272,-0.0256727621077402,0.00709735723207449,0.00246154583408074,0.0141974261483285,-0.00495163388452952,0.0138367446358475,0.0106393579029995
0.00690012143123921,0.0116300501222102,0.0068893526821759,0.0145542040055616,0.00665037315400479,-0.00723701084626813,0.00738277577105824,0.0011621222232556,0.0105349567335004
0.042431961890674,0.0324889518415914,0.00837472286179685,0.0492109770406513,0.013247139000266,0.0702793057873006,0.0188045254387698,0.00486593707526718,0.0175183106991996
0.0538009210105473,0.0438904351507553,0.0278942871324779,0.0601277490952864,0.0142899252415826,0.0556644354797753,0.00092348990480182,-0.0164024729089078,0.0216567254255374
0.0774577661074386,0.0612301941182569,0.0470431395845919,0.0553734464404461,0.00787322718796286,0.0875532109309387,0.016884713625533,0.0177766050330453,0.039410082643892
-0.0343073881828724,-0.0297507400934779,-0.0134810635448818,0.0348412321177976,-0.0142484729701454,0.0348081535816744,0.0232671566638985,0.00581744857097014,-0.0187140819182704
-0.012689640383245,-0.0121086734364653,-0.0246433221442567,0.00391038822309058,0.00504424949893198,-0.0350865193435288,-0.0145571174264056,0.00398202522271623,-0.0146316255220208
0.109291948911069,-0.031453579511445,0.0171654446383065,0.00313639538642631,0.0054353636671464,-0.0319390514598623,0.0227974946228434,0.0153015600777633,0.0234938726013393
-0.020994921561625,-0.00370174642291398,-0.0522271607766263,-0.0403720013154447,-0.00171178211224601,-0.0105914413292003,-0.0105870644629203,-0.0107405882843359,-0.0156702951726266
-0.0155724719763036,0.0378552665001776,0.00597175786283768,0.00837921205940481,0.00068888448603282,0.0279081771323706,0.00469770381741992,-0.000564003649673327,0.00467403934614159
0.00274379173413827,0.0112991911991879,0.0200580729414903,-0.00254139534629733,-0.00446847025287724,0.012041870600251,0.000456668362053809,0.013080277522543,0.0100643918293868
0.100094738091964,0.0433959260962264,0.0317170833128097,0.0217929227790386,0.0141672508202811,0.089312159003848,0.0222720338203814,0.0206361711253723,0.0312593050349016
-0.0408219800820431,-0.0191510448946427,-0.0111369474783259,0.024172123481826,-0.00484273590535243,-0.0490820250986968,0.0097466433145374,0.0139897393179191,-0.00540951463763902
-0.0851551464648765,-0.0271376014326421,-0.0400732377790781,-0.0418023249491928,-0.000930755389346267,-0.0866719394201074,-0.00258240945172569,-0.0212234482796972,-0.00283476009372808
-0.00274691940629269,0.0106648936830603,0.0165842949043219,0.0419087953348298,0.00856573905412309,-0.0265799484693031,0.0131757932756811,0.0194492872604623,0.0150371373670514
0.0885838523389854,0.0210940703979767,0.0212057720581539,0.0341946580493228,0.00559842960012767,0.0648076739916781,0.00919969727173399,0.0398330977573108,0.0125899957376412
-0.019104795096306,0.022867724346197,-0.00169901057994895,0.00108578697658285,-0.00504370433553457,-0.0201257907468792,0.0013376039826936,-9.83899121882257e-05,-0.014704734465375
0.0409810945823817,0.0142575972113961,0.0141104444539255,0.0296979878076858,-0.00995991038139834,0.0399982937694591,0.0118917229640527,0.00964510093089496,0.000238926300265052
-0.0694824667449471,-0.0436235507027273,-0.0543530712137166,-0.03641679835057,0.000100128079690188,-0.0656641848448729,-0.0133310158478379,-0.0508382711254467,-0.00913134714412642
0.0382023887877289,0.0467837255360539,0.0307748539483319,0.0223327948806687,0.0200358081260709,0.0340706504942868,0.0185256571530685,0.0182124653373935,0.0402927992720214
-0.00578965981676033,-0.00437097522460936,-0.00418717280356486,0.00384490266126593,-0.00767990483068856,0.0429562895783016,-0.00098832665637415,-0.00853371932226466,0.00609739142226807
0.0685284649817708,0.0387742617275041,0.0306533437543676,0.0133672630185994,0.00447058327213321,0.0258658832037372,0.000864566353862204,0.000998375961606606,0.0193570775974714
-0.00194707432078549,0.0236574572782989,0.022527200925986,-0.00587985483183583,-0.0188563692741057,0.00827320431229928,-0.00199208134011736,0.00139544517343996,-0.0121164569634027
-0.0368534387436268,-0.0297785698279227,-0.024885650492427,-0.0109103536641226,-0.0110860037496194,-0.0369435439959936,-0.0469453489338161,-0.0400995615303357,-0.0109525029120926
0.0228607969986132,0.000576282781182076,0.00661990257089289,0.0456691118926266,0.0152183559609093,-0.00155304383032402,0.00977676019396774,-0.00726787851734575,0.024796000359033
-0.0293484565875472,-0.0110186560576241,-0.0133654677404055,-0.00850003931320368,0.00471375369640698,-0.0111270104601318,0.00390454379542934,0.0205448684373465,0.00275866152938977
-0.0067062471439101,-0.0189195526293587,0.00231612258456847,-0.00341952901719053,-0.0169955873375785,-0.00792560335115574,-0.0129014715433989,-0.00809930741412134,-0.0171267697984798
0.0372163234047366,0.0470236439065384,0.0110450707094535,0.0273817075571373,0.025688997955508,0.0664499240399895,0.0218951929207506,0.0359873058691161,0.0404916796085433
-0.026185550968882,-0.0614589982032221,-0.0208251319249646,-0.0485435023043164,0.000963806032208851,-0.0407936098512653,-0.00403593189923098,-0.0174813465218168,0.00514101907103414
-0.0034993548761582,-0.00873633121689113,-0.0024535100930962,-0.00138176583606418,-0.0099044732952839,-0.0188187161447793,-0.017530043693219,-0.0423953006029832,-0.0561069404549112
-0.0292169524488648,0.0228625738252504,0.0144398035731092,0.0152586738059756,0.0239861609606093,-0.0321268255428952,-0.00676972755140405,0.00329279369133355,0.00126702850510327
0.0382583068870955,0.00202478739362949,-0.00154976720182185,0.0187899637999405,-0.0171332536915856,-0.00990327857576178,-0.0068729256209073,0.012499547703837,-0.0148077493555313
-0.000780703944768322,0.0104392458340465,-0.00372886166501396,-0.0171012240906677,-0.0264220783375433,0.000168647128616531,-0.0058484600835971,0.000445895455997884,-0.00968464141353565
-0.0289794649480362,-0.0121634339639712,-0.00756857946295188,-0.0140660216023218,-0.00444337700249643,-0.0167037849558692,-0.0115016923168719,-0.0254075998019129,-0.0494065161078048
0.0117463142133407,-0.0384013288949416,-0.036627871458213,-0.00996389808345566,-0.00203932555259655,0.018554860900016,-0.0158741330701319,-0.0136732166295703,0.0025309091516552
-0.0379692494582173,-0.0266467573560232,-0.0125381629032226,-0.0097743812182802,-0.00652704696456655,-0.0447189561142787,0.00233252579045958,-0.0188206132917914,-0.0167648722464042
-0.0240189778205363,-0.0110705407594204,-0.019806834536744,-0.0103732692470561,0.00575120195589345,0.00647431055082013,-0.00887229179435473,-0.0204955830181382,0.00062854020102481
0.00370795653589719,0.0195448992380674,0.0126828852401251,0.0209440207248551,0.000917491525553996,-0.033213728153468,0.0184235870394524,-0.000527578119965631,0.00279817278605697
-0.010784787941775,0.00910238728485016,0.0136327291096135,0.027712132592183,0.000853372527823738,-0.0224168126785153,0.00240795105171389,0.0235356665453185,-0.00423191765122446
-0.0194401628343581,-0.017656414776578,-0.0339191582535285,-0.0170458640403886,0.00154962792862797,-0.0456753745484489,-0.0162609810939532,-0.0161457609599188,-0.00808286564775624
0.019107034936398,-0.000198289323566698,-0.0032543368871161,0.0165687375302552,-0.00979516037885891,-0.00663699556988278,-0.0110738725756707,0.00763262394979977,-0.00800566799393679
0.0515672794177832,0.0164617383051656,0.00878579958967128,-0.00490815427036795,-0.0133524735470099,0.00580426775848698,-0.00297702862303875,0.00510660811454099,-0.0177058094617155
-0.00226136486414705,-0.0186478125984728,-0.00711703106785763,0.00438794033080217,0.0119381183310175,0.0077456114502665,0.00545047816057666,-0.000168969660559703,-0.00876695923112944
-0.103836749098855,0.0120277751543587,-0.04296596459899,-0.0593405796808151,-0.00735633520366902,-0.0890753159338237,-0.0262130820589377,-0.00695582381224983,-0.0108985436029406
0.00392379384024174,0.028680752330742,0.0217420472704157,-0.0196521873962729,0.0113727874345469,0.0205707110656088,-0.0291517733277218,-0.0120216135959039,0.0187514329171897
-0.0216355844534989,-0.0294267316835162,-0.0132744785351726,0.00800055402575951,-0.0132338966391724,-0.0079840730401554,-0.0253368463131119,0.00822517517312103,-0.0161613852890543
-0.0415347891932438,-0.0262120338903926,-0.0318305594180939,0.0210419814559375,0.00858817778027027,-0.00815844733551358,0.0250892772057542,0.000968919064482182,0.0202103119763757
0.0848521431253049,0.0245665900100733,0.0394300271138078,0.0472859050382617,0.00650711284465936,0.0328747914026524,0.0042634186431576,0.00291763885708458,0.0287602509441647
-0.00876253884218349,-0.024881737422974,-0.0153198557699429,-0.0163122026082571,0.00314547517094556,-0.0100795823122939,0.0270796613802516,-0.00203160241736885,0.00168045507205755
-0.0769288154513539,-0.0277772317299665,-0.0181475693298089,-0.0388613766073362,0.00642213718217126,-0.0603308854655523,-0.0198252213872502,-0.0299771930160535,0.00108625567743493
-0.0317960184370442,-0.0152189246432682,-0.0157496275229325,-0.0250718154784565,-0.00190320881746067,0.0195671227309047,-0.0145574009398219,-0.0241589744138703,-0.00672598111781086
-0.073567325828282,-0.0166566943021298,-0.01382330961257,-0.0443580539182426,0.00202057150252316,-0.081733325886437,-0.01289614916972,-0.0168428038988577,-0.0071207674765854
-0.019809086701393,0.0127470464660309,-0.00442584696576483,-0.0172572282979715,0.00101838729102097,-0.00177396775701566,0.0172261225170815,-0.0061236305542114,0.0141528173265889
-0.043886674548479,-0.020985927204189,-0.0289981996988266,-0.0237708570737213,-0.012703752431292,-0.118562879057441,-0.0350939667407054,-0.0101674428627113,-0.0153854579878399
-0.00143636242408405,-0.0257592905740606,-0.0415392451465057,0.00681019747431598,0.00162555450910293,0.00282078609541938,-0.00236671771835762,0.00420005019064746,0.00311189379825781
-0.100071086096969,-0.0605397578901869,-0.0284054924651638,-0.0333720783908008,-0.048214354346454,-0.0733474146859673,-0.0147703288125529,-0.0569624885113528,-0.0637892747948451
0.0665340223502482,0.0219136755608223,0.00475524897880322,0.068301026967079,0.0128777947720653,0.110919694432605,0.0119235808576229,0.0264076937877355,0.0236183963728192
-0.0109027549674165,-0.0114932824044798,-0.0130027617644902,0.0184846355336312,0.0247424029237061,-0.00775404613393832,0.00312563759337052,0.0116429272046971,0.022367195614369
-0.0934180632723963,-0.0274818501253032,-0.0581794459074534,-0.0667523010904081,-0.00989323945480237,-0.0704500397681809,-0.01176391712252,-0.0350754322195777,-0.0144291611137188
-0.0443853672144773,0.0122041780488608,-0.0222599522429337,0.0254303764807934,0.00599500066432036,-0.00551086411344586,-0.0129346383104658,0.0025786564948594,0.000868230851661776
-0.0660905026061044,0.0274373599086434,-0.0106996453203855,-0.0446028137049356,0.00997095818310717,-0.0775649481229489,0.0171250960525735,-0.00891370420703005,0.0129971159842693
0.019603628177944,0.017668669182559,0.00839754608801535,0.00676966543802222,0.0067220108175334,-0.0110846990407763,0.0143045731267462,-0.00277809126464421,-0.00684428508631048
-0.0644146596129046,0.0128662553188434,-0.0408744622319486,-0.00973448278843552,-0.00385703568629633,-0.0881275924187596,-0.00419187651770374,0.0142610804879884,0.00412993647973503
0.0336597641927997,0.00749204529699422,0.00203355007289169,0.0247639462617048,0.0042759305460383,0.0571190353254373,0.00483414864972745,-0.00373513188904464,0.0134787908734679
0.0484071423449799,0.0316493990093952,0.022540966917906,0.00643445117693996,0.021485696728779,0.0660383272917188,0.0203718362111926,0.0168711596700211,0.0199599033586694
0.0160915794864644,0.00589207196794569,0.00546469006694393,0.0173923121523636,0.0115337380715176,-0.0140166241032168,-0.0074149812980622,-0.00385746062385972,0.000334570251349897
0.0399206737527594,0.0453610508903312,0.010919951495069,-0.00201677883969636,-0.0022985332225156,0.0420869834322397,-0.00730319771276248,0.0142651676449166,0.0121747377670845
0.0459453609145616,0.0253259623424002,0.0178727220010133,-0.00435113930434793,0.00712901783319425,0.00892776796007322,0.00246104158395007,0.0174524006014012,-5.26093495876004e-05
0.0220961538397044,0.02574212977072,-0.00437264830406253,0.00787839955506747,0.00801659848795041,0.0471379892340929,0.00393396805882542,0.0377205501858835,0.00117437773879064
-0.045036110537063,-0.0363861067916059,-0.0106451138081875,-0.0826096046753056,0.00778185071096901,-0.0704698678990173,-0.00415367364374201,-0.011280813018234,-0.00256241980933146
0.00227034892422559,0.0227378276009,0.000528618490719808,0.00219454220210703,0.0146752437042108,0.0161439941463618,0.0260985382804647,0.00926473108329269,0.0326305948784695
-0.0448327493182836,-0.00775218348023185,-0.000991465745717342,-0.00929398761051107,-0.00197993336270814,-0.00771327381440127,0.00309151958419113,-0.00872815416081631,-0.0288543657102283
-0.0024388543194156,-0.0133151496391439,-0.00541629514005576,0.0247707244023228,-0.00291679195204714,-0.00819090517584904,0.00650117982707831,0.00214494270989091,0.00235902063268099
-0.0609752399551145,0.0027429316822025,-0.0374367505411575,-0.0341877138614399,0.00175996809091127,-0.0200904934929755,0.0109803451638336,-0.0151287196829016,-0.00663275687672045
0.0499270219968134,0.00565745808932961,-0.000519001184823236,0.0387753786817799,0.00164819173033035,0.0362459813642938,0.012519724545011,0.00849022368133519,0.00104276938706636
0.0207025612780609,-0.0109837791577679,0.0329981367230374,0.00537438662900813,0.00746236805534389,0.00990501124981788,0.00549773999030854,0.0109116923469888,0.0127133603647363
-0.0273376766761641,-0.00312760200592808,0.0102846976478749,-0.0031588872827136,0.00968951888413441,-0.012130837564222,-0.00115571553228283,-0.0156463228366452,0.00828271270184938
-0.00920481326033756,-0.0291247151343709,-0.00903143896300852,0.0231581421728069,-0.0149818672635142,-0.0102775771804659,-0.0131428840303076,0.00272826264682052,-0.0158070741628159
-0.168399427846486,-0.0619583637055916,-0.0490673138856851,-0.0870190521508473,-0.0145108605446433,-0.159828603842554,-0.0059652916341122,-0.0260625870896852,-0.0290777719847626
0.0646493279889299,0.011394290405868,0.0121079577344275,-0.00476032211394151,-0.0175792787961274,0.0145355633594835,-0.00595888123808202,-0.00990353893350464,-0.00516906958938232
-0.0504240704028397,-0.0101701756854285,-0.0249790053931349,-0.0281346727075133,0.000730057647963809,-0.0922954263287678,-0.00518627080379657,0.0198737546197199,-0.00536071520675213
0.00930025458000968,-0.0279506751960148,-0.0298897914889052,0.00269781907971501,-0.00132687765480281,0.0126224084864381,-0.00163203701362965,-0.0192712808536924,-0.0222563878599925
-0.0259951188212189,0.0166063996311664,-0.0111589411448327,-0.00770520396605429,0.00441878849383595,-0.048255514371,0.00521151832984418,0.00109099771674534,0.00795882097982167
0.150892949082817,0.00302216480646385,0.00536873260498646,0.0102527145577162,0.0177669039650978,0.062228284373239,-0.00354778924706913,0.00843552148154581,0.0126563608735532
0.00353393065160931,-0.0152140852978813,-0.0220953111357269,-0.0106834906132435,-0.00322678943150647,-0.00355390040436964,0.00301491966446761,0.0193672341200072,-0.00373598806319158
-0.0187612860447804,-0.00172198747245737,8.18311356660471e-05,-0.0402527215000203,-0.0125494756786307,-0.0667608454897811,-0.0310221960414544,-0.000364085156631908,-0.00893336504628485
-0.0729979895278917,-0.0239278300094862,-0.028209499428362,-0.0168970217744176,-0.0193108299872565,-0.0971297977941922,-0.0280151906185832,-0.021537502605893,-0.0366344802760801
-0.057701482112537,0.0120586252022091,-0.0247202505955251,-0.0309433466458156,-0.00146806425319411,-0.047585726302844,0.01485105084797,0.00549184957085815,0.000670736144764047
0.138077746675878,0.0256997472533669,0.0454067693107584,0.0112303421678416,-0.00246429175543007,0.00186890249129791,-0.0222635472145475,-0.00130234633785887,-0.00188489811572899
0.081606605372435,0.0766135991645218,0.0466858435958916,0.0673106126631802,0.00734518433707311,0.0527437352968181,0.0111711260114658,0.0258290620450476,0.0356999276526299
0.0852914135547145,0.0283431918423878,0.0315787342336157,0.0496744542334529,0.019518966638151,0.0727497928771016,0.0188170211217399,0.0232934366451559,0.0107623820171971
-0.0836809504517797,-0.0138421882965956,-0.0301572713876054,-0.0434294600775673,-0.0019203958961837,-0.105656017590756,-0.0206704619235891,-0.00781813403989178,-0.00797543620960705
0.0288868332462177,-0.0162341754252174,-0.017945245014306,0.0242837961340717,0.00305725726632371,0.026442787826104,0.00914712298622498,2.33985098509049e-05,0.0154833346920035
0.0119668361949703,-0.00465639687858467,-0.00703141630302025,0.00654915407272372,0.00645350208156303,0.0421222808993002,-4.43717327962956e-05,0.0139112105993138,0.00786731091529955
0.00945883866317588,-0.000710887505800636,0.0100003395368015,0.0168148728663805,-0.0170018370667282,-0.00689675183883392,-0.00962953173573886,-0.0173691311001892,-0.0114738851992168
0.0296312562470656,0.00683428564472627,-0.00380594850352525,-0.0143073763328563,-0.0154305223526896,0.0143611482508122,-0.00286073661246076,-0.00103583638230533,-0.0259444768123384
-0.00914136966199419,-0.04579970263556,-0.0280552984741702,0.00294735794459497,0.00677202968936648,0.0111475288382397,-0.00834499506052909,-0.0130054672565004,-0.000179191400655974
-0.00701978069972453,-0.0237610080136414,-0.0278112781682759,-0.0110792511023336,0.00712760509821892,0.0337835263129427,-0.00288631870125841,0.00288463599655915,0.0127710486371659
-0.00895232291020732,0.0138325084955391,0.0213866246188035,0.0185688157050344,-0.00489927903468273,0.0360450648399856,0.00937829347373958,-0.0225594490475788,0.0131020130157557
0.00750643073207647,0.0209940549933287,0.0104289340521477,-0.012565464239132,-0.0109883696540912,0.0125170737533494,-0.0147171340096002,0.0230070263504659,-0.0045562960333527
-0.0127846032650581,0.00600263031271281,-0.020343460087528,0.00285105281520929,0.0017497363267393,-0.0358445037674448,-0.0063242338744354,0.017498091396033,-0.00524038809415434
0.0827735952878642,0.0396325641788195,0.0327156229794021,0.0399247774755533,-0.00266009360842891,0.0866657971145275,0.0113941021223537,0.00774240635839923,0.00585362452337981
-0.00370763843527071,-0.00563210201102072,0.0101622272518537,-0.013837757100526,1.07738757545674e-06,-0.0561506882508225,-0.0168215972987856,-0.0221466859812014,-0.012729099354672
-0.0583202899383572,-0.0166408264171514,-0.0127233610714768,-0.0225456479579765,-0.00603133578143113,-0.0506149490639618,0.00712989280490843,-0.00854965908417416,-0.000481089936124613
0.0260603110589496,-0.00309429077485085,-0.0112451083765951,0.00666321615207095,0.0255417446234993,0.0409820484062595,0.00868294645984176,-0.000975784935845108,0.0350903885803784
0.0754210702191438,0.0079326247509577,0.0157126236773461,0.021825199658138,0.00419426653222699,0.0540473652521678,0.00686677090345788,0.0354286683493131,0.0209785745541268
-0.0128747698479621,0.00342006921216971,-0.015610640569139,0.0020153203877601,-0.00694685073758113,-0.0488641694250347,0.00444655417202139,0.00594255281361155,-0.0123530332231969
-0.0253937589776352,0.0285143492290627,-0.0167616457591325,-0.0111578498680575,0.00788851233129379,-0.0112784200903571,-0.000220623617000407,-0.00408205689819362,-0.00256277245545842
0.0408986824176891,0.0290709021430434,0.0208010790481582,0.0254699131811345,0.00544694962173194,0.0737894761801227,-0.0045341284004799,0.0194367720955755,-0.000390129556565188
0.104260459576847,0.021319575084242,0.0246960142843713,0.00917175903285005,0.00357218553509293,0.163745112420247,-0.00186246636281003,0.00568311760697277,0.0093453413193384
-0.00695549383381384,-0.0125944986920369,-0.0156787270747016,-0.0102955110685113,-0.00505625195785488,-0.00775565076758327,-0.00868427560512062,-0.0164229712568019,-0.0163099400254787
0.072296738346642,0.0475251239684766,0.0287873983791877,0.00465847661387695,0.000974769688598039,0.0808281152578997,0.0164049574234607,0.0396325231788172,0.0201041047137815
-0.0576293943200042,-0.0137314802333361,-0.0173426704512311,-0.00991776908880612,-0.000928275412800888,-0.066068576379198,-0.00377262959729218,-0.0150994278673214,-0.0130904226277818
0.0291853560539912,0.00187302780346681,0.0217587403754818,0.038059804903973,-0.00573942595227139,0.0145699888863015,0.00291244287983954,-0.00606254488560296,0.00249064946362928
0.0305003154400709,0.00278498461346272,0.00618506425284548,-0.00308311716072059,0.00466861442267237,0.026857862220992,0.00270605027066799,0.00344112839388565,-0.0136805096110943
0.0189016590997417,0.0189049097597475,0.015797058248958,-0.00933466990781181,-0.00364505485283612,-0.0122867099498038,0.00779210227437821,-0.0124434386254562,-0.00446014465045948
0.0222511194879349,0.0019991485748977,0.011439302153312,-0.0073669045939903,0.0115478532001876,-0.0891244033474806,0.00979406124302944,0.00398028274030147,0.00804313166148515
-0.0224652968728719,-0.00886826136581217,-0.00379734391465546,0.0228248611745984,-0.0193001765193431,-0.0299790146362243,-0.0196412681895034,0.00231853063194612,-0.032909496448737
0.0345675645478056,0.0226054354084277,0.0222757843377628,0.0107988189402551,0.0171095372157111,0.0163536353265534,0.00492430737568704,0.00737617302264584,0.0156041475905583
0.0413117436258132,0.0109426289429808,0.0210733779701989,0.0405387511181435,0.0116375914105185,0.0528255057174061,0.00645994489674928,0.0145594997384026,0.0349914203367146
0.0420582616366005,0.0396858070946827,-0.00729685875283375,0.0421174407273169,0.0315601609277441,-0.0319792968810065,0.0327552774124332,0.0686321503259411,0.0750258807387076
-0.0949030884088842,-0.00199292327359421,-0.0368197730363769,-0.0193596103900435,0.000396225889551634,-0.0651899266013286,0.00858423344050223,-0.00916110445512012,-0.0271974635559066
0.0383043986312833,-0.0142461966580271,-0.00211456199487658,0.0251824375016777,0.00852489975688749,0.0377981444610355,0.00815211191039043,-0.00852060889208467,0.0143067782059864
-0.0429753578822859,-0.00551628936072661,0.0106655455382184,-0.012752778116374,-0.0116916198804623,-0.0569195657023215,-0.00364616316112498,0.0129651785744315,-0.00867233475004251
-0.00778216307499355,-0.0371305129807709,-0.0102084979070981,-0.0193985635929828,-0.00929629690895678,-0.0253185409099521,-0.008762496493456,-0.00283414299387053,-0.0134893057322307
0.0530623630390826,-0.0148656676972461,-0.00521430299805605,0.00649425637249767,0.00298753372828207,0.0294234331170099,-0.00990073575245877,0.0174674102050289,0.00352703263458799
-0.0201024909807442,-0.0065710918091656,-0.0126910973341244,-0.0136386121204593,-0.0198635541124941,-0.0485316646434037,-0.00131675082944613,-0.00766312918556727,-0.0228037294191735
-0.0895142051697778,-0.0444060635423461,-0.0350919347864433,-0.0523429272923722,-0.00816874677370627,-0.0538002232433734,-0.0171867321183294,-0.0245263642928681,-0.0170487727003729
0.000838139053569168,0.00814916198743753,0.00653222729956126,0.0135831351382273,-0.00310301591194349,-0.023386041807299,0.00547145845990791,0.00394797981581521,0.00171575454074952
-0.00130480333647967,0.0122799186752163,0.0022070380121202,-0.0224326714220227,0.00268970046568406,-0.00681802136831919,-0.00996510506301644,-0.00617713005719814,-0.00385192473347589
-0.0768789989326355,-0.0177938977019352,-0.0184197684348678,-0.0453493085496545,-0.0264344153649342,-0.0909388167989914,-0.00346415968664697,-0.0325144434966763,-0.0222389427052834
-0.00258426706516463,-0.0162038906924648,-0.0299111857775378,0.0172632004078306,0.00322366588478532,-0.0338721226801127,0.0222504677031983,-0.00556918403030191,-0.0156033080716344
0.0125290530563949,0.00499829301647298,-0.0240511564345763,-0.0206975356215525,-0.00180695005434652,-0.0101007072078707,-1.89055658023725e-05,0.0147909231998321,0.0149588297617932
0.0210146061613006,-0.0145638841848009,-0.0105332528651664,-0.00617749274460688,0.0138350899333954,-0.00212301170812504,0.0204228207407046,-0.0135086721645244,0.0263833845598643
0.00398247984564556,0.0253419165517333,0.0136422249256734,-0.000201663798352364,0.0145890045625253,-1.47787424656636e-06,-0.00694623862234809,-0.00748135028559138,0.0218094997141318
0.0164902408715918,0.00724655956631915,0.0122974702545057,-0.011807152825226,0.00919229709356302,0.0269074853857571,0.00213648352199004,0.00969302149047764,0.0110935957193277
0.0466568889541944,-0.0171160521889441,0.005495491502791,0.0306106069153432,0.0165817143685622,0.0115757163704155,0.00748015785956999,0.0206600107917059,0.0111898119703956
-0.101750054844826,-0.0713119009344615,-0.0433807449695837,-0.0664849661324372,0.0108747439287855,-0.100473624537368,-0.00739451799424759,-0.0238908244398125,-0.00710000987147389
-0.0898005921005678,-0.0200994251973658,-0.0405859620984409,-0.0422166414975356,-0.0336011475658759,-0.0648918192822757,-0.0218323488023779,-0.0225225380397831,-0.0294355464879764
-0.0590547136762209,-0.00974310711065717,-0.0186757459186214,-0.0338592375378184,-0.0237121849413836,-0.0360255071464375,-0.0214945528711693,-0.0552378997785616,-0.0223788695606389
-0.00714915534718831,-0.0313214062417869,-0.0350524553209222,0.00477796010194939,-0.0161143810439177,0.00358948830294539,-0.0159337142402109,-0.0127290816054963,-0.0167981212351087
0.123468988459146,-0.0163970556645298,0.0128970856771772,0.0362816823941784,0.00705561254583636,0.0976299538446517,0.0391487888198161,0.0262765915747479,0.0167293035924622
-0.119465238915535,0.000974926672856613,-0.0382883461978273,-0.0398110749626742,-0.0145705752078867,-0.0928881628172876,-0.0283568456997743,-0.0342820841886965,-0.015568798951783
-0.0213381559227834,-0.0126824391530135,-0.0341919084417056,-0.0322308173585185,-0.0135569876875863,-0.0193657607205937,-0.0148469512164197,0.00238987651921136,-0.00153607673420577
0.0199215582311596,-0.0370216168664814,-0.0397059393789348,0.00535944570642545,0.00931387465906329,0.0184411648269032,-0.0155359570425556,-0.0205140639255521,-0.00226821325219699
-0.0394827025568122,0.00332719896791693,-0.00696301236246458,-0.00175790377089219,-0.0035273863631916,-0.0205039289431177,0.00164048238769106,0.000339633980628522,0.0057557575131915
0.0382079749082104,0.0238930933508785,0.0302249725829198,0.00278924879870415,0.00305963801908641,0.0172984521490297,-0.00555024707658726,-0.0183679575234379,-0.00388641187053463
-0.00791597749602307,0.0258001341357706,0.0304319975115235,0.0214363422013928,0.0041574857160929,-0.0184975029616253,0.0145478414784353,0.00369506942908922,0.00977467542966276
0.0686615440318606,0.039633610812648,0.0248887629070882,0.0989400417570713,0.0178832197480884,0.0998320581617877,0.0325864782749811,0.066360338362902,0.0333051984364957
-0.0959837134566058,-0.068705154353544,-0.0647767229153358,-0.0549645929224539,-0.0197762672457935,-0.0711471684788684,-0.0162117817145922,-0.0185348635084237,-0.0302293243407009
0.0353383018471096,0.0351108298102199,0.0182615927690616,0.0304866461789076,-0.00101968468012482,-0.00479522625930508,-0.00241554922262352,0.00839993499419195,-0.00648477546729707
-0.0677767799768174,-0.0229551422305315,-0.0470005359581147,-0.0465997929592886,-0.00364325104304842,-0.0489989217908268,-0.0253735147316134,-0.008848905670091,-0.00221769283671947
-0.0423253461777181,-0.00292992439742384,0.000551282742396365,-0.0211859746557451,-0.00257597443570057,-0.0588565969479192,-0.00787900385364769,0.0125774863897244,0.00665432470309857
0.0349151004180606,0.0229441872032423,-0.000779549011276408,0.038597822584744,0.0124686373541801,0.0128565913724172,0.03439671662166,0.0237747232446298,0.0452373735668059
-0.0358478773594994,-0.016807877884656,-0.0324156683190342,-0.019407669568041,-0.0105976105285004,-0.0284390211438469,-0.0155513965544408,-0.0113852188733841,-0.00299264084979424
0.00239602106390918,0.0142805490504616,-0.00372741296330894,0.0385530982087827,0.00294020815428885,0.0482969903770511,0.0144352166734934,0.0281034131988725,0.0267647178617383
-0.0827965255535986,-0.0437047863490954,-0.0663440807918685,-0.0632605578462928,0.00335804447473709,-0.0948364786541841,-0.00131535562201528,-0.00972300320240113,-0.00416944707654381
0.0479269636611066,0.0571626740031996,0.0577526015501524,0.0577690880865528,0.0172477639979832,0.0572477765754533,0.00100718371766388,0.00666677010526371,0.0403867745244002
-0.0398414813597566,0.00372788073844581,-0.0275407985305312,0.0119218586042903,0.000310833197507611,-0.0298717016748635,-0.0060317138080131,-0.00508429947661783,0.00145826532762894
0.152325326900056,0.0674797009929219,0.0654293580882214,0.0662159369774987,-0.00462019140383557,0.12744274944052,0.0273646159365578,0.0190650433855849,0.0231892868097078
0.0452971464786718,0.00735150407694523,0.00626122324709447,0.0263143061731469,0.00955526445245074,0.0277638885775547,-0.0167267292535426,0.0168145905966107,0.00700349556084728
-0.0502128268838885,-0.0460943478087875,-0.051624875750707,-0.00607071761885091,0.00840078077094004,-0.00352140570650343,0.0091110878286614,-0.0185935501827584,0.00549534224494281
-0.0256380446149604,-0.0273898075288166,-0.0440479466188859,0.0085390698251671,-0.0088145850737445,-0.039868908438883,-0.013915787358085,-0.00396286875496993,0.00275900528904858
0.0130958500393951,0.0351446844185393,0.00771796133571806,-0.0233563024357346,-0.00720556623247655,0.0228517788709547,-0.0035840348985151,0.00502222136411672,-0.00283241105222321
-0.0160988074061505,-0.0259208940283239,-0.0470142573632196,-0.00491986667713156,-0.00731306073601293,-0.0388616164234193,0.00565278388418864,0.0224789173121612,-0.0087134270024913
-0.0465153469718306,0.025148661462647,0.00114521778649318,-0.000129007303900797,-0.00158758692673571,-0.0312136699685626,-0.000908531026002762,-0.00142060587335439,0.00257298677724045
-0.0140553800190086,0.0050273414110441,-0.0031745883540811,0.00746259308683702,0.0129122403198113,-0.0219681650764506,0.0136963633482693,0.00936561040167033,0.0148978207733383
0.0320623198449939,-0.0292906587052866,-0.0266091734613817,-0.0010945473959839,-0.00556930970158551,0.0373436024145273,-0.0107462518668026,0.0122761516638772,-0.0059833109038379
0.0127336458344318,0.0269731232161801,-0.00807737168471177,0.00969387310562772,0.00335216549346013,0.0122709533399843,0.0165925684355901,0.0255931246323198,0.0194054403547657
0.0310129972703969,0.0111326244498857,0.0126431608289357,0.0157727429034136,0.000154959237793573,0.0122338499198117,0.00178416960800573,-0.0143694362065259,0.00506488606354407
0.0114742418733749,0.0140371317906609,0.00874678935452965,0.0329284838805331,0.0215121471710713,0.0424146258942977,0.00448942505652908,0.0571420078567083,0.0334904547751308
0.0135778703679794,0.00626570745572837,0.0052685426624187,0.0830508966632181,0.020255299880014,-0.0222043300132271,0.0311015580998573,0.0371834136853181,0.0207242720732425
0.0160675525450808,0.0184044251576112,-0.00721571151006361,-0.0243483203882432,-0.0139941557204794,0.0115647907377347,-0.0424154997382475,-0.0119202824429812,0.00509285247358564
-0.0154596347450439,0.00442977668906505,0.00524314691538124,0.014309261777833,-0.0180602595261943,-0.0195131213484769,0.0128881581699299,0.0105059392192562,-0.0141927401413075
-0.0166541977311004,-0.0186615538281018,0.00341631184340597,-0.00476695244814955,-0.0198188971515538,-0.0394958241367349,-0.0181278468704508,-0.0064191511413565,-0.0239226927226404
0.00359667860051486,-0.00923747563193365,-0.00208311755388621,-0.00735931934132399,-0.00427396764985789,0.0082800820284028,-0.000747145129054466,-0.00353104455503818,-0.0146551896858712
-0.0776054212038628,-0.016558992915294,-0.0328832206561508,-0.0172818991017904,-0.00639981976989918,-0.0666222804028175,-0.001971888288815,-0.0201734254907315,-0.0208669253158573
0.0214764137579959,-0.0145909049495717,0.00503457173263927,0.0156152362702451,0.00520257389631324,0.0207868030578598,0.0167423817671032,-0.00508796745908691,0.0152257235274551
-0.000944384203284898,-0.0232516893621111,0.0102632013558354,0.0013889038540569,-0.00540388157666969,0.0106958633923824,-0.00195848071168917,-0.00142778656523386,-0.0200820917565578
-0.103717212270227,0.0225252695297032,-0.0616119526422226,-0.0543286600489248,-0.00377381126428353,-0.0476959244962164,-0.0185647063418063,-0.0270025274461571,-0.00370774728518871
0.0201847135518334,-0.00661342944949869,-0.016668264298451,-0.0247024422800634,-0.016499916333892,-0.0244555595110846,-0.00988164789683217,0.0186809885349298,0.00784285988254638
-0.0678912232055108,-0.0438943512219639,-0.0206382594188891,-0.0649417485409457,-0.00723030143669354,-0.137837287532735,-0.00802529544717365,-0.0192048279539631,-0.0217376576745494
-0.0146629725336593,-0.00362274163425615,-0.0109023270347901,0.0167931285064102,0.0053979874072006,0.0286177804825406,0.00987051213221643,-0.00235126430845103,-0.00043031543594172
0.0220189905625453,0.0243747579434281,0.0203425249402167,-0.0127837901883176,-0.00456568917583915,-0.00321061838797485,-0.00296555058904836,-0.00430156064397411,0.00690271672484966
0.00812221416494871,-0.00914533536744266,-0.0119556262755504,-0.0121580000319654,-0.0174084296097237,-0.0188178331944221,-0.0370852495418059,0.00335985001083655,-0.0201593288667813
0.0988831293016981,0.0446432005838793,0.0525718086867012,0.0240659592247936,0.00634243213283494,0.0935114031699395,0.0231285069682976,0.0224833724763241,0.0197199793473616
0.0303631553419119,0.0150402456255187,0.00492201921247362,0.00811767469505394,-0.00941773224072761,0.0069658952449049,0.00153709819028285,0.0259326835500939,0.00632872183728883
0.0699508157688227,0.0420164975915519,0.0533335137593309,-0.0146207887427235,0.0102494607212826,0.0467100125644821,0.0175859507532205,0.0027812316822076,0.00946773470359896
-0.0307980559465469,-0.00307401715867238,0.00109392044175343,-0.0182227461168478,0.00786541598882283,0.0133620735737867,0.0181981917206559,4.46804771242446e-05,-0.008080852980093
0.0184935770467488,0.0110256120979143,-0.0207118380812829,-0.0150913520291892,0.00115084784335823,0.00461232412742009,-0.0211930089060112,0.0171184820169841,-0.000376600882740908
-0.052079309868631,0.00755745733408608,0.00198381892272818,0.0126869790450741,0.0119795136152481,-0.0299026341547858,0.00376633250307218,0.0191477028190357,-0.0143312326406476
0.0109427581950126,0.00290513067140958,-0.0046334241014281,-0.00893105060786884,0.00163614765307945,0.0138874445957873,0.000755844969575842,0.00770425316018381,-0.00719807895224575
-0.0907320246320184,-0.00284263741360927,-0.0352952459088112,-0.0343487182991017,0.00365957182770781,-0.0891287560843315,0.00144226801390591,-0.0170977375046478,-0.0213672332793349
-0.00581331461808114,-0.00138675253441348,-0.00683896851501405,-0.0103509379846657,-0.0218695344051966,-0.022134543145413,-0.00372669441251692,0.00280492375368199,-0.0041637792434253
-0.0258355309495439,-0.0371405987241669,-0.0134890290689282,-0.0422974738141445,-0.00111574371773723,-0.0353492665432183,-0.00902423843332005,-0.0462172685967363,-0.0259200675996228
-0.0625033580984973,0.00307974891463389,-0.0340605910871677,-0.0207129817906943,-0.00734065733119308,-0.0855320620931819,-0.011306704680216,-0.0121805445325351,-0.00516345204726444
0.0447159616995289,-0.0107530110508909,-0.0210777330696603,0.00360088905242048,-0.0187063523869724,0.032265378414221,-0.0212482913474391,-0.0186230130089132,-0.0120714973979104
-0.00864412569662109,-0.00158172887087744,-0.0325310799864175,0.0174497090842617,-0.00920574079630382,-0.0218327528192657,0.00111048460504601,-0.00195126991336625,-0.00548313315982498
0.029984379000341,-0.0239759180603,-0.00142030011614559,0.0351516098366681,0.00461859641180671,0.0550009769263588,0.0112565234292587,0.00389516941494795,0.00428321894745365
-0.0463286252831866,-0.0048624806606828,-0.0127219284031868,-0.0288931606022925,-0.00820582107307868,-0.047951066945507,-0.024698008790399,-0.00581474095630872,-0.0105219996506349
-0.0336990174977477,-0.018135955711074,-0.0336258528606311,-0.005703877624736,-0.0121699763691648,0.0225607447607087,-0.00397155880693637,-0.0116578189122492,-0.0173073994795063
0.0655938706504548,-0.00714967890730787,0.0126126209060293,0.0239219934761806,0.0102030287213849,0.0777349574035631,-0.0019750819430655,-0.000437696914226338,0.0106209300991814
-0.0700020328192965,-0.030883295460179,-0.0352122986857398,-0.0384390932203648,0.00701672470064219,-0.0631610684963811,0.0237593032891741,0.00949879259374034,0.0115210013847742
-0.0652517510747254,-0.000484991799870811,0.00287329532442862,-0.0348273120738742,0.0167509753707331,-0.082656836696306,-0.0309814179193433,-0.0187637514424496,-0.00740840257845699
0.00557179923535179,-0.00958083804404671,-0.0134083531527142,0.00718935119394873,0.0104999231162202,-0.0386075004113431,0.0126990942551914,0.0337116777044282,0.00781578100086493
-0.010829282328992,-0.0176321945012,-0.0184444717380718,-0.0254498866232284,-0.00838552159839755,0.00657132800892065,-0.00852380202482648,-0.00455198238365082,-0.0136178993295499
-0.103667662523274,-0.0402313070699049,-0.0243181154745039,0.0219473621064781,-0.0184408490703087,-0.0882234674524501,-0.0332209639438168,0.00547063753058138,-0.023740291048819
0.00628233155900938,0.0215256868685812,-0.0176604891756094,-0.0220548856108089,0.00915709134304361,-0.00540222224897903,-0.000584594563031509,0.00937629121642398,0.00557109592504631
-0.111088626237812,-0.0650659681021436,-0.0543002581210926,-0.0647634219815692,-0.017022617032184,-0.116835206013057,-0.0245470366814516,-0.0232467317385501,-0.017787841691438
0.0188216661758187,-0.00656463880601024,0.00989030927562752,0.01790128052327,0.000968158184952662,0.0433580801865902,0.00519816618337685,0.00598861484112364,0.000905414068504558
0.00271093821799138,-0.0064017574003538,-0.0415183215278621,-0.0246356096152351,0.00124722843835494,-0.0464970906892366,-0.00927048933677353,0.00412282475632004,-0.00395107988643561
-0.0470850601719148,0.00896862455168585,-0.0294327218970088,-0.0441949689027461,-0.00360368070958982,-0.102383223201399,0.00646512404420438,-0.010328373750756,-0.012809436458267
-0.0259059333113353,-0.0112441832172064,0.00759858999797519,0.0279027767954055,0.00343729261289961,0.0128423026815339,-0.00578933359847888,0.00659129296909658,0.00730237683605922
-0.0247606438238132,0.00961888254934421,0.00941448244934308,0.0256724286352124,0.00409588752600204,0.0193229269851897,0.0178929515209226,0.0115495246199639,0.0049666146986987
0.0549749165279226,0.0163419051964094,0.0126590284067713,0.0324715882578246,0.0163391063187552,0.0447380235914246,0.029651322864516,0.0250393603973982,0.0232418170657946
-0.0267659017114676,-0.0155140773131711,-0.000145281092602594,-0.0200871515782753,0.00225039883811111,-0.00723987597947871,0.00740778327406977,-0.00364924831953311,-0.0184395473032242
0.0249970043812041,0.0177597883707648,0.0215061179963781,0.0112242815586148,-4.46912861917479e-05,0.02363584855943,0.00850295242103419,0.00165057992413492,0.0126246717226361
0.00538289880560354,0.00317047219515796,0.0119748751726721,-0.00817131945869953,8.9321517468867e-05,0.0277755236055229,-0.00735158883723226,-0.00736656937114875,-0.000874181383413378
0.0229833523877757,0.0133860016770623,-0.00389920964681764,-0.000290130303412031,0.00376963922887281,0.00320232539854002,-0.0156358147537084,0.00358709779946579,-0.000725713932761937
0.0398879203018706,-0.0118159434805263,0.00400399560051008,0.00274938152010935,0.00226189103735532,0.0528636980454136,0.00410994300127284,-0.023564555590539,-0.00500384518849119
-0.0248931928668167,0.00587610929678551,-0.0110660356795112,-0.0200812993186651,0.00253633747184907,-0.0338875067523827,0.00328378701420923,0.00716239275543733,0.00398463340573064
0.0213910676238311,0.0146879205406292,-0.0033258040955676,0.00238472030649293,0.0103470886101817,0.0184129917583939,-0.00262896982653402,0.00893060704662814,0.0147999261812014
-0.0309831839373245,-0.0021878230912716,-0.0298351677097336,0.000407122450313051,-0.00465224775676245,-0.0405895866043345,-0.00223160136934034,0.0212847746027904,-0.00856466583404153
-0.0250158866482858,-0.0132232988295974,-0.00726299110136893,-0.00618125813660153,-0.00643603492824837,-0.0355575271953845,0.00363160741954853,-0.00190047429026898,-0.00685030724531618
-0.0221316738880007,0.0152712827362386,0.00242214101853388,0.0134690726788569,0.00961426613597488,-0.0212198147952761,-0.00289847053404961,-0.00247289153548073,0.00981243025339959
0.0321445524714658,0.02552371790534,0.014792286463136,0.0634319737170577,0.0194413757528729,0.0706092422695852,0.0145712375360156,0.0409397393927916,0.010437188634266
0.0538431464796695,0.0400183419118805,0.0340194822847293,0.0345271365743395,0.00150609005047087,0.0385789888348344,0.0019392429816686,-0.00291703486491482,0.0307498735941522
0.0197471086968186,0.0159326022913564,0.0193092982508316,0.0234477287984114,0.00696705715815505,0.0188028156537199,-0.00284921056002524,0.0286470970362413,0.0177075818646648
-0.0297648948062637,-0.00196104307088371,0.0182782912637391,-0.0173382336310796,0.00491064896939326,-0.0821925728781824,-0.00228610282094489,-0.0112643428516645,-0.00680533677332448
0.0091046137042408,0.00762924862886944,-0.0055966106359925,0.0260298450019395,0.00457251077214601,-0.00975574443372499,0.0152621025675997,-0.0225297036993747,0.000639171654471551
-0.11498410584871,-0.0387048811607606,-0.0303655644252614,-0.0809605818341471,0.00142084736802224,-0.126022883207652,-0.00791991465260274,-0.0229856270676692,-0.0210230068636892
0.0202611809245772,-0.0136142870309869,-0.00110598903197094,-0.00772128025396439,-0.0132625931645459,-0.0201877284303106,0.00416418938266696,0.0159354789543198,0.00954796235516094
-0.0141385286205357,-0.0189392436610372,0.00270744498831385,0.0248656785564895,-0.00921553643845256,-0.0303656843278324,-0.00691565442108205,-0.00916541106976733,-0.0101725004255241
-0.00704678547801735,-0.0303734815894817,0.00241902745068618,0.00439042946665582,0.0124307369841191,-0.00217056179165798,-0.0039144158845685,-0.00034422683360469,-0.00504736017096787
0.0198748686436852,-0.00326529053157116,0.0161970592863311,0.0092813448282916,-0.016083310079222,0.0128601111038336,0.00423909975759736,-0.012257451793949,0.00205442675228955
-0.038610049383475,-0.0187749473231294,-0.00932570935237653,0.00140222859866069,0.0231545801532439,0.0452078600650464,0.0077672605734421,0.0103534169069979,-0.00511892111177869
0.0709610300553097,0.00968774736940529,0.0227733971080528,0.015534032482421,0.00500384458993152,0.0563463250584152,-0.0107455691800388,0.0201381069871638,0.0132364090532183
-0.0506729189540199,-0.0376440104750298,-0.00454151789016551,-0.0145079493573982,-0.000128114714672304,-0.0593529739042699,-0.0218914528988163,-0.013843283231824,-0.00223672445731482
0.0577397722641405,0.0312298208257759,0.0269475556136635,0.0378466730494255,0.0074155069076489,0.0487315617142902,0.014302314080348,0.0236973091424668,-0.0030329481051774
-0.0350132474527592,-0.0121682452382191,-0.00722244419280369,-0.0287010075370585,0.00832183879377878,-0.0945169127965656,0.0108044315914657,0.00703889909073693,0.00383865897117522
0.00759543029891665,0.00897088982359753,-0.00537299217197963,0.0469179145907084,0.019115720308495,0.0339735273573714,0.0175044229659545,0.0137184484529074,0.0317834654767923
-0.0700550665384513,-0.0203717942199468,-0.00166512601758927,-0.0155067655227257,-0.00626383210717632,-0.0608089017628895,-0.018171002900325,-0.0260685986681425,-0.023938529121717
0.0501316872858713,0.0210911891169951,0.0127317888011495,0.0209050110355829,0.00364005893738501,-0.00469816782722722,0.00808189516447943,0.0242657785051678,0.00993335353422011
-0.0279676463434873,-0.0128486726109347,-0.0148447515460807,-0.0212568518061655,0.00518003192758384,-0.040808120667143,0.0150925201912297,0.00857838939757444,0.0159580503276875
0.0212032071585311,0.0357003177588661,0.0200361417758052,-0.0175572370342414,-0.00433756896270186,-0.0261198318267498,0.0212488638720734,0.0227259008828098,0.000880573387368496
-0.0173803820019936,-0.0183341403925156,-0.00867545788095415,0.0115075120860639,-0.00580363154039891,-0.00911155219866129,-0.0132793031735706,-0.0117332650182613,-0.00734026870391017
0.104346604229607,0.0290201542632125,0.0331396093693437,0.020397535924765,0.00681734818342275,0.101827644082081,-0.00294842653466784,-0.011099305115051,0.0156514873894097
-0.0698399951249641,-0.0416282382772602,-0.0259747322441027,-0.0600509628103226,-0.00448937956305057,-0.0559269984130429,-0.00970616929096821,-0.0241526532679882,-0.0371969507075632
0.0269791712733951,-0.00057704864557034,-0.0024570503228986,0.0119730186915069,-0.0100162669000852,-0.00373277801567374,0.0132211573621029,0.00728064954688091,-0.00588330958288016
0.117601591022616,0.0593005867796789,0.0397302784875166,0.0391642753532175,0.031524747990638,0.0718134053029079,0.0279007345017936,0.0378222985511668,0.0414326433534629
0.0820331973765638,0.0130470314369614,0.0244801314340657,0.0322937736630358,0.0178700302664191,0.0827335012835686,0.0221801853286291,0.0062643349752419,0.0289231985354661
0.0360938688525587,-0.00793130363060049,-0.00753689256960253,-0.0090832587962913,0.00180771228935823,0.0039608105770527,-0.00332117557005916,0.00221700734161213,0.000689772765444359
-0.166994231269147,-0.0698076651757463,-0.0477636854948693,-0.0976786869741869,-0.0096556827482538,-0.174358608811995,0.00430416575577726,-0.0620959510749134,-0.0274815126376514
0.115525114451458,0.0315585321714105,0.0380882249191879,0.031743475407595,0.0209678611699921,0.0626697997933561,0.0334749385850392,0.0342693901346746,0.0379072105116305
-0.0096762887862104,-0.0022321514345801,-0.00552001568640818,0.00567024512427943,0.0003721415825403,0.00150946719407073,0.00404128257436276,-0.0145076925384067,-0.00326040905554659
0.0608673945559445,0.0480683556025557,0.0191656755029024,-0.00646616381721539,-0.00793553810738955,0.0361265698257484,0.00327382427286831,-0.00316493246416942,-0.0104031198328926
-0.0126698348483874,-0.0108836904809803,-0.00115419538145797,-0.0274896060818749,0.00782794560070507,-0.0471969595266091,0.00426293618195204,-3.59329190690931e-05,0.0119780354748438
-0.0311458047459186,-0.00234393781537244,-0.0299867609918558,0.00291523926199412,-0.0160595765983636,-0.0194063712138978,-0.00691225616987345,0.00136635572391195,-0.0102794899131451
-0.00148948066473579,-0.00851061945268118,0.00505022741551303,0.00986716700243545,-0.00568155588931048,0.00136390496029333,0.00194550835100363,-0.000404199322002663,-0.0073528363214598
0.012987471538026,-0.00383874527725776,0.00657322157790066,-0.0169315246544367,0.00551517912787899,0.00381086720303958,-0.00721853650390825,0.00664534967727564,0.00917699196659321
0.0867664874943855,0.0324216475444167,0.0537440413347076,0.0285394798831905,0.000146885795722415,0.0460913003943726,0.00680270242770147,0.0333068288693481,0.0119500870710142
-0.0807248629709847,-0.0325864263828436,-0.004898162189271,-0.00376161308249721,0.00361961467302236,-0.0471967616527759,-0.00373889797162784,0.00557807593329583,-0.00734824251563177
0.00666069755123529,0.00665706331142472,-0.00271070755892741,-0.0348847975787457,-0.00637824121510176,-0.00604744530025977,-0.00930553107079601,-0.00773112431747988,-0.0155828995799093
-0.0517013858144522,-0.0360473925023385,-0.0419042320400405,-0.0210233309612576,0.00141541283848535,-0.0187748910466448,0.0293168588597538,-0.022111722218513,0.0182796507801265
-0.0197636566068258,-0.0169121260378732,-0.00822574764338601,-0.0110307367960512,-0.00573552212510421,-0.0623341164537583,-0.0154577954894624,-0.0155873676828546,-0.00604295157938244
-0.0209145671712281,-0.0288415655602797,-0.00187909207744489,-0.00341336787117108,-0.023126157658531,-0.0400331627969493,-0.0366168657697132,-0.0354292433197199,-0.0293121074927425
-0.0594985416863642,-0.0357062796886486,-0.0279667055870567,0.0391550021806386,-0.00406005736665789,-0.0448904252781773,-0.0178136310340056,0.00519450194148571,-0.0183039303068023
0.0698481402896717,0.0325821889965193,0.0110729554572019,0.0130405405337804,-0.0231112848708083,0.0502911102052808,0.00505160401630515,0.016209171794383,-0.010422169166944
0.0804961389094354,0.0457658889212155,0.0246309164529088,0.0337676193179494,0.0221532723435867,0.0315478087444872,0.0442504824347575,0.0271379740853594,0.0514546927220031
0.00632040507384687,0.0237994028192794,0.00520167400900968,-0.0156303737583243,0.00831776364667651,-0.028493733884254,0.00324721947550518,0.0116176677236073,0.00658653246316019
0.016151378330861,0.0048967973035204,0.0204057794300856,0.0165004679170989,-0.00873266385009323,-0.0110216410533572,-0.00710808427355398,-0.00714024613374906,0.00923877230479512
-0.0801503278931786,-0.0271784855779043,-0.0176617264590019,-0.0506871002103103,0.00168145774832914,-0.0876787728408196,-0.00777706574687803,-0.0172162171902532,-0.0103428642571217
-0.00851360798164084,-0.0223857947936249,-0.00292390909740123,-0.0175380247602758,0.0149728468134206,0.0244178472994177,-0.00117783592655214,-0.0211124271511204,-0.000268717719667772
-0.0359665908841586,0.0151552471102957,-0.033212010770674,-0.00798362679483907,0.00257548521240767,-0.0602303635578728,0.000171201389289016,0.000858998666206554,-0.0158822178906203
-0.0466290370480318,-0.0339021285481309,0.0181004032897345,-0.0150391741151691,-0.0179477226282644,-0.0213796155484258,-0.0382149134892594,-0.0369799848664472,-0.0094960037216182
-0.00966198431668558,0.007453887639302,0.028667144105217,0.0161480024666189,0.00354776483358048,-0.00259615250799936,-0.00110244325775321,-0.00101473547288132,0.000240471565670328
-0.0637266264156666,0.0208211769519691,-0.0346407007150043,-0.0308430709715608,0.000778279606950712,-0.046774139817463,0.000282760366056937,-0.0100483484556052,-0.0149129102545387
0.0961687584938145,0.0504708601279345,0.0284654351137554,0.0258769454801993,0.0200282708956434,0.0847837177123289,0.00404106848150594,0.0313435874184576,0.0337704996637212
0.0302502057661297,0.0205583337076644,0.0179146257684191,-0.0212208981627422,0.0119470538328636,-0.0379567182392039,0.00405316071643201,0.0178461071701216,0.0182143114761481
0.0601743722074219,0.0415196235039665,0.0518783697568276,-0.00114951422981706,-0.0245409319814621,-0.000289753840197284,-0.0147870590317724,-0.0020610571042143,0.0031232431294495
0.0209522321961867,0.0127952937301415,0.0402989665627476,0.0268661307974386,0.0109441385654783,0.0156549413206866,-0.0061206314831149,0.00213311798139447,-0.00783666821626939
-0.0314410716028214,0.00881050281163445,-0.0248790299420227,0.00827079927926827,0.00636160918726324,-0.0814427797827729,-0.00339529632837733,0.000774119019793718,4.83671464151132e-05
0.0251604969333285,-0.00925227654678075,0.00376702811896267,0.0345937579174092,0.0177764818136964,0.0354570607055876,0.029851670165356,0.04304123074225,0.029852196330609
-0.0336788024713158,-0.0167796350409064,-0.0188335512922417,-0.0150699375876221,0.00589709165210191,-0.0336421634810787,-0.00516523734330443,-0.0331370735464226,0.000137137203878854
-0.103552766512853,-0.0629086764542352,-0.0247348308944876,-0.0367619113017104,0.000209633014692153,-0.0134858970741383,-0.0124460538722085,-0.00548216481466568,-0.0266652381708831
-0.014042748512452,0.0146563091075789,0.00815576419928321,-0.0132033383077311,0.00104601218359219,-0.0275794900023498,0.00120354969338267,0.012303894536768,0.0057310636284957
0.00799221941861995,-0.0120960960006507,-0.00436806163295961,-0.0344679472472689,-0.0289505038221145,-0.0354111751528414,-0.017864133563298,-0.0335342321093912,-0.0556574254163084
-0.0521973322886863,-0.00106083355289841,-0.013633847700124,-0.0305788202249274,0.00825499843304686,-0.0383618111940584,-0.00965954128301301,-0.00716963368510222,-0.00953573467443663
0.0268197655956922,0.0281135763042478,-0.000340205893365742,-0.0178751136420824,0.0164551669674372,0.0085831106511455,0.007511408699735,0.0100593070143092,0.0121642909138163
0.00213618055532889,0.0191552225449494,-0.0123295442339452,0.0533369120011969,0.0205970170103746,-0.00250965163969691,0.0277895498266176,0.00618180399637451,0.0397294652554344
-0.0724270415523064,-0.021102225209224,-0.0162978524659921,0.0019612387380815,-0.0224904597821517,-0.0336077862259904,-0.0229656608694594,-0.0120464331553443,-0.0111688849926988
0.00411252866228952,-0.00332889988514499,0.00213737602297672,0.0172483446645722,-0.0162082661481123,0.0164790938577496,0.00103843999514458,0.0220152566816907,0.00455363623609743
0.0538432898753181,-0.00991406290525762,0.00450750744860481,-0.00268405594003206,0.000860246024796631,0.0249785717369399,-0.00661329084688323,0.0175795147756479,-0.000878001156577564
-0.0700281599300051,-0.0775798152705872,-0.0385038471398911,0.0145720328466141,0.00458052816765491,-0.0621130304460397,-0.000330087305216708,-0.0116690443016954,0.00515601114490024
-0.0317947629081471,-0.00287220442290841,-0.0220643284861639,-0.00419554195484646,-0.000170510385224741,-0.00392625556995002,-0.00256663935042132,-0.0102420531086662,0.0029162379364672
0.0407251418541122,0.00588444371720278,-0.00758674310608229,-0.00605354940475394,0.00508224032430942,0.031685905731732,0.0219534326848362,0.0118840089910371,0.00223283214848174
-0.100935336405667,-0.0568667905340638,-0.0275317920257994,-0.0555725006768708,-0.0234167157352755,-0.0695332703815223,-0.056404683186472,-0.0116257905590499,-0.0254022309777486
0.0359454410732997,0.011739604529727,0.0185997737763659,0.0291292609140705,-0.00547194764789329,0.00151878250592586,0.00279771160587914,0.0148918896079574,-0.00487566817684001
0.0404809551102627,0.0380691061201794,0.0109368673528238,0.020893930651484,0.00316391578320841,0.0357109933568185,-0.000480350004627867,0.037132206596154,0.018661921993787
0.0551665497158755,-0.0151052239538227,0.0037476598646594,0.0186942102347936,0.00267375912826821,0.0413307066671422,0.00356379944968651,0.000126363544825421,0.0137672590372995
0.00623731279394935,0.0139893237404295,0.012862021962971,0.0376982614540635,-0.000960984984345114,0.0334204003676379,-0.00724726270496432,0.00919302270299909,0.00581699927492746
-0.00547064778196912,0.0103327802051039,-0.00586229220420254,-0.0114596921721654,-0.00219061679003032,0.00904817244012109,-0.00572044616022364,-0.0194284621995181,-0.024879315609965
0.0507807752261135,0.035113748007497,0.0217072072425852,0.0407429060171639,0.00926831948042329,0.0770196912754948,-0.00714407675846389,0.00368390321402505,0.0138016150201059
0.044315175836795,-0.0115650142824404,-0.00177721723253269,0.000526927520162978,0.00140759353036485,0.0684037515128108,-0.0145595728536116,-0.0284071598527153,-0.0130431161778377
-0.018307119131751,-0.0199068932436268,-0.0227440581566012,-0.0350441879260427,-0.00746706353510368,-0.0450419309806952,-0.0052720250008985,-0.0127176689367557,-0.0124010900179441
0.0257691926003054,0.00944766526441495,0.0515173739628144,0.0548548456701241,1.51825161626223e-05,0.0344778237250804,-0.00861961675368138,-0.000322408699215174,0.00919709200073832
-0.0342113325628176,-0.0484739154593141,-0.0226394507519441,-0.0294752641799221,-0.0114425797668368,-0.0667689916054061,-0.0259025132835039,-0.021784419867716,-0.0107581105680127
0.0409199531526962,-0.0126068598445606,-0.0085545169233705,0.0218722238249131,0.0107998141613587,0.0411274189694254,0.00160293356685643,0.0145151989968645,0.00719461060711404
-0.0357030104673917,0.00340020656793828,-0.0131394469024503,0.00306761233974024,-0.00744921366445621,-0.0557955476640525,-0.0168779452127336,0.00522539579420846,0.00642847461327128
-0.022364858949112,0.0148523324582973,-0.0110490319005713,0.0245199027030228,-0.0126763306138622,0.0198412356285798,0.00292924067194709,0.0231053579326117,-0.0126382085421945
-0.068936090055912,-0.0280764752059695,-0.0243314875413725,-0.0428532724171562,-0.00741795241342224,-0.0627192138609525,-0.00226783561252277,-0.0237042747237602,-0.00629585747988983
0.0577947769746565,0.0184825670295121,0.0133035490341563,-0.023311329514571,0.0124973691746904,0.0755635395811169,0.0151414158176901,-0.00145809051594986,-9.67625081986e-05
-0.0605252455509278,-0.00841843098160968,-0.0143278746068448,0.00609554603579329,0.011586458607313,-0.0450427555500671,0.00676730965264498,-0.00732359393696562,0.00788562974568752
0.0157661467343768,0.013080197228033,-0.00324664213202786,0.0265925846628182,0.00170632601643942,-0.0526247475404209,0.0201356162556936,0.0264568989609299,0.0143796455238477
0.0822043468330235,0.0534047376346092,0.0252230548316485,0.0150539829934553,0.0013470213353603,0.075781476548626,0.00412104450027716,0.00517763209257751,0.0225744964625511
0.0221207847402646,0.00861253455464577,-0.0173786101591582,0.036591159664258,-0.0092497162619457,0.0504221156255901,0.0075509664684015,0.00484649333366528,0.0119983281707822
0.00948707037384094,0.00865073265645493,0.00389447559267662,-0.000854969797660887,-0.0078158915545386,-0.0267815538054561,-0.0186495876289902,0.0149139230740168,0.00443347306909241
-0.0642757593033098,-0.050883900255618,-0.0418310578440286,-0.0590997860362902,0.00357796359053091,-0.0815759569615084,0.0114270804734423,-0.0360635207908706,-0.0206915279308573
-0.00185156629270883,-0.0206252262895406,0.00657403707700104,-0.00145197834811584,-0.0111044077998637,0.0035622002522316,0.00394328327550412,0.011670759566334,-0.0205707488273755
0.0216970268435744,0.00327243652089028,-0.00777115954644661,0.0448084186298848,0.0141729937638955,0.0414060714968203,0.0257338985506768,0.0211120424123043,0.0173289981621525
-0.0638968653572162,-0.0236450119778208,-0.0312030912046934,-0.0398562010766118,-0.0149566206487957,-0.0718200871321968,0.0184495214179859,-0.0453088560304131,-0.0448138334314355
0.0356388485481033,-0.0222824377647671,-0.0179184564823922,0.0184786951148539,0.00131172497349383,0.0350122510087782,0.0162069525862829,-0.00888101884850794,-0.00476658859274282
0.044893880131569,0.00518339222092474,0.0262898518728737,0.0502143837458374,-0.00215926922879811,0.0978587793729506,0.0365786605361219,0.00924043170504167,0.0363818894169065
0.0531950428656485,-0.00952796357350157,0.00237901518847795,0.0280178968201996,0.0282294418432161,-0.0265315777375309,0.0193603490485611,0.0183775385878347,-0.00282882671658963
0.0637760151376799,0.0256908369774112,0.014591039156456,0.0155724681007208,-0.000999687990453665,0.0183237944588162,0.0168062602501761,0.0166576667238998,0.00175846919964222
0.0156103110962335,-0.00576104088734267,0.014850994291664,0.0163552203058748,0.00133105572098606,0.0553205840930379,0.0109780071751616,0.000668278216573744,0.010534283503405
-0.0115142275625162,0.0114361743213475,0.00218284276159657,0.00906318882989927,6.25838313469164e-05,-0.00504668384589717,0.005971320590944,0.00199180608460918,0.00637714891931858
-0.0353314740967476,-0.0362181584856056,-0.0513639901634815,-0.0136245080172305,-0.00970540024819288,-0.0496945808382517,-0.0222297527984725,-0.00565469008545265,-0.0086629195663711
-0.0268787866994056,0.000469731580510009,-8.39450631162889e-05,-0.0293971893578531,-0.012292559838836,-0.0152173046200651,-0.0140387754452786,-0.00723758533023068,-0.00611568694596597
-0.0468223517833803,-0.025387657101486,-0.0207968028311325,-0.0289753512390173,0.010444222229839,-0.00401885281389577,0.00163088592141774,0.00161503781661958,0.00440212291941184
-0.0176423777626193,0.0162212040256144,0.0117114035699884,-0.0133360602467712,-0.0100537402785107,-0.0112135936373833,-0.00954594289360869,0.00759069102148512,0.00409319797636765
0.0422496543993168,0.00720180849809954,-0.0107413601227627,-0.00994197896978838,0.0144622965123829,-0.024332797002185,0.00986397870871585,0.0351375423359614,0.0252296260023018
0.10652918466011,0.0345918836151413,0.0188999804309354,-0.0273931210190012,-0.0101923006807028,0.00429071362946034,-0.0220781531202782,-0.00213071275245641,-0.0113591070533226
-0.00302058396319618,-0.00949169354265647,-0.00546446978504839,0.00514477054090448,-0.00669595518606264,-0.0190839241812035,-0.0245320666334695,-0.0151657484055478,0.0077876751722654
0.0647430745296145,0.0370882887383181,0.0462381541722451,0.00657544196048639,-0.00411130769596445,0.0384441397294343,-0.0190669752961052,-0.0169148271618219,-0.0148067188355592
-0.0238881879001901,0.0199920933966894,-0.0107155637443025,-0.0125037031956555,0.00286910227953079,-0.0235683931435127,-0.0044935298259366,0.0131277782232301,0.000817435319008177
-0.0400206149041942,-0.0251722310290847,-0.0204617991338848,-0.00643023371555743,0.00753567896210894,-0.0331543938628113,0.00386495416909099,-0.0119756942860448,0.00640522917805675
0.0545973125373886,-0.00921233572971226,-0.00563206485492801,0.000549583335662457,0.0110578638938161,0.0519929409281915,0.0170021545604381,0.00761895416889107,0.006905704973747
0.133894232682986,0.0237240928440164,0.027720857941455,0.0344191630597915,0.0126523438333207,0.0783973147887494,0.0193547173831714,0.0242366365510132,0.0203394901945924
0.0127509106128344,-0.0276287200296436,0.000305384153444526,0.0133501978691236,-0.0112904186904012,-0.0238025653529617,-0.00239845333819984,-0.0293556049522062,-0.0103482641452343
0.00797735097992027,-0.0424820443881225,-0.0162565585984085,0.00205903224238445,-0.00118994000030717,-0.00130404496908764,-0.00566622216476166,-0.00821111103163609,-0.00925866416932347
0.0195394301089825,-0.011819455742047,-0.0238486931721496,0.0263992798313587,-0.00120880511369257,0.0278913547657941,-0.0031321692445776,0.00820435404745999,0.0175542476529913
0.0156432671181105,0.0119515850919303,0.0169482692376174,0.0250711334317846,0.0060674282398168,-0.0305405459554037,-0.0045873380385476,0.0138997493557013,0.00594434059485169
0.0178258121189668,0.0108238815670664,0.00478855618454732,0.00609681578448167,-0.00481759266024936,0.021695400831798,-0.0200510977446208,0.0214141189482279,0.0173502418267442
-0.0315079908035386,-0.0382895376049376,-0.0176602697361635,-0.0293570109114186,-0.00348602560143568,-0.0484566170951128,-0.00339797691862493,-0.00683632553057053,-0.00826822549204738
-0.0190557638518858,-0.0039676229083078,-0.0241609953515188,-0.0236484365120297,-0.00998270965658582,-0.0589497030494339,-0.00087371225374336,0.00466605592955676,-0.0120776305309277
0.0130132532725438,0.013801776572147,-0.00403477095596313,-0.00952547131340474,0.0172674772291585,0.0106190643303999,0.0155763764398245,0.0118478422535165,0.0214246523950738
0.0805610146340517,0.00451222112773597,0.0173524240281713,0.0184920814052752,0.010318667889578,-0.00966503359740746,0.00112567085742821,0.00345177761133798,-0.00164584075486892
-0.0711877258818306,-0.0369890646566789,-0.0367600401265054,-0.0196164267002873,-0.00721290261354841,-0.0709845882745874,-0.0241263697883025,-0.0104716851165484,-0.0189233157312115
0.0802726655689154,0.0443090801570122,0.0396948126233277,0.115902377682864,0.0111301153129805,0.0398325552445954,0.00403349345853697,0.0326257963785889,0.0401495816414261
-0.0477051912272002,-0.0112390878278313,-0.0178716155961527,-0.022947315369147,0.00474171568881059,-0.0470681165157412,0.00099243258457222,0.00655330482910346,0.00718065635228793
-0.0166535494608509,0.00768871800131145,-0.0111774605612675,-0.0231658971795473,0.00312434003157967,-0.0316130502108374,-0.00849840404130111,0.000720904454736206,0.0114921238616484
0.0594865934622079,0.00800782403670254,0.0072615217009657,0.0187874692412124,-0.00851256242132582,0.0299741520102678,-0.000490107096595667,0.020988817805286,-0.000362750964770795
-0.0369595458688968,-0.0123470367983923,-0.0150133354885819,-0.0307816005165392,0.000109020887029127,-0.0432486052387897,-0.0152995722131395,0.0172029570894235,0.0170955575913621
0.030064960227691,-0.0322646661165594,-0.0138800003021365,0.00564091781829331,-0.00301711155865924,-0.066488019623029,0.00418862720271093,-0.0109278049892626,0.00296800404899653
-0.0581755271932815,-0.0253648583975984,-0.0174101945814443,-0.0391338875577912,-0.00875773611302336,-0.0396302641165303,8.18683662719754e-05,-0.0309919246678925,-0.0150827526046673
0.0274378892349146,0.0144495433558304,0.0252853894981572,0.0359298387564346,0.00444430881067873,0.0519878759588146,-0.0194847458943279,0.00996534459050488,0.0101387342025678
0.0060628910278064,0.00818352106376427,0.0079248293464592,0.00805834519166661,0.00983375208777378,-0.00504115963227269,-0.00317758693821163,0.00468751829502669,-0.00391111270115368
-0.0164493903591445,-0.0101656822110728,-0.00894199310402645,0.0310494767379857,-0.00463741795423035,0.0342464490380291,-0.00855895870202767,0.00199809378297447,-0.0088933666579159
0.00020066395118501,-0.00487185480104939,0.003473441428713,0.0141546573935537,0.00699148282253383,0.0144806253582299,-0.00238279876345912,0.0108387301981984,0.0191325775168289
-0.0486393336281651,-0.0114164277116043,-0.0174140117319064,-0.0365743315510888,0.000821369541419807,-0.0509921306427429,0.00813075941923197,-0.0101631253630493,-0.00974262170335371
0.0186232291418665,0.00268531272738467,0.00255510210993638,0.00359271965488886,-0.0107482554693895,0.00530874598253373,-0.010835625723421,0.0027933479283155,-0.0236023902960281
0.0209727914265406,0.00933004759558479,-0.0150299431221339,0.00440919729662792,0.0123364049404761,-0.0123562116243338,0.0225103320836184,0.0122506084271308,0.00707737033601451
-0.0827299593282832,-0.0142774061986007,-0.0127812912674274,-0.0414008773252416,0.00327732489899478,-0.0542040044194472,-0.00753238010520808,-0.000889544648167803,0.00043546490088302
-0.0267762929249979,0.00483811154541633,-0.00188362283531599,0.00575457100627951,0.00145265685629389,-0.0172136449916308,9.80347582246925e-05,-0.00220302412318117,0.00108536913852555
-0.00880047231316914,0.00725936026991839,0.0176000211615237,-0.0123875240424935,0.00595345639402381,0.0231176464937965,0.00316926559166919,-0.0279075040985236,0.00283445875250668
-0.0632281237238432,-0.0434624812164932,-0.0203723261129615,-0.0177261565444411,-0.00972413944380627,-0.0253127357500117,-0.0130697788985945,-0.0256173444323474,-0.0322562359047017
0.0731205831789131,0.0346899348400535,0.0293112555759907,0.04437813347589,0.0048631522213365,0.102717428532683,-0.00197541333274159,0.0206672979436861,0.00535932242042117
-0.0279479724751122,0.00758295237592234,-0.0194375593536814,0.00511500426035043,0.0116770454550532,0.00671694036057506,-0.00601760154002067,-0.00445608868342424,0.00181989033932601
0.134360606053965,0.0501394943085803,0.0454431072327227,0.0155501153100126,0.00895010345331697,0.0523955936998518,-0.000463804206222125,0.00653455594091236,0.00552208705340361
0.0160869826693775,0.0432228974767904,0.0175588755945047,0.030383803658802,-0.0164327610827523,-0.0240056897954917,0.000188858448784398,0.00897021959793685,-0.0098432395359108
-0.00618973872939814,0.0199986854670958,-0.00145155325085118,0.0225879728434385,-0.00455325208208366,-0.0270003200344049,0.0142453918146697,0.00756804648588295,-0.0152119207374747
0.0379899238404514,-0.00990126493152293,0.0152504761594539,-0.00612369102749956,0.0151908322468103,0.0229073047473402,0.020858567161101,0.01359461771526,0.0246038444640638
-0.0751973612500518,-0.0232734223566927,-0.0404457871202969,-0.0363740002238856,-0.0122119828150882,-0.0957359700352614,-0.00967651598258833,-0.0207645636335481,0.00154105035875164
0.0145723777999414,0.00599441930735356,0.0049272878938647,0.0342321993015603,0.00277826493024205,-0.0121236268112276,0.0117624446317973,0.024515646731873,0.00103207556859411
0.0148373715008511,0.00613599922734559,0.0114266972320778,0.0531730712507026,-0.00124532959124068,-0.00283384883394802,0.012080237775972,0.0249419905656018,0.00742288427952504
-0.0555427871307713,-0.0176918721026051,0.00458243224880943,-0.0200888714404173,-0.0338098367448669,-0.0618239547028461,-0.0103760863187347,-0.0485613292644275,-0.0292284137774188
-0.0506659374672933,-0.0170989993566245,-0.0139184448908691,-0.0215097173707345,-0.0184588838379299,-0.000250172190718596,-0.00856680242787832,-0.0115680168835678,-0.0246138451269886
0.110654504011789,0.019038489385143,0.0271179846403767,0.0942762935811166,0.013600819012897,0.1218518267477,0.00631079093459386,0.0369044413319949,0.0188149740689
-0.0360808830741553,-0.0275366866622001,-0.0309777651558037,-0.0481036344024755,-0.014827044546968,-0.019280479004324,-0.0257202673137321,-0.0235315000361747,-0.0301433552035524
-0.0337487753182085,-0.00819947339101108,0.00397954294842552,-0.0132814820630821,-0.00445110741008439,-0.0307485118661602,-0.0069547126490582,-0.00143095443800901,0.00434498305884249
-0.076801400102127,-0.00957521459220024,-0.0122343852681842,0.0222881219783642,-0.0020437604167597,-0.0812430901360469,0.00025502648334446,-0.00856632121486257,-0.00520127493213358
0.0612264602320863,0.0318090817951396,0.0165856665801119,0.0745851086567491,0.0215302366206046,-0.0176701437644562,0.0271804922649862,0.0314570989152614,0.0361649136026207
-0.0124134941804365,-0.0197353067891121,-0.0256474665519887,-0.00152136537466659,-0.000328871875925651,-0.00255557629677464,-0.00381471603115948,0.00589236321687022,0.0119034316785452
0.066052750822109,0.0231133094858407,0.0104300464618627,0.011315953824859,0.0172909958330658,0.0406031613640963,0.0332511773876648,0.0280548209864805,0.0232990457853199
0.0456950524668092,0.0288802180365402,0.0397047477691842,0.0558984550994954,0.0122411889954232,0.107990654121944,-5.91518281591659e-05,0.00181386959736325,0.0204020874326904
-0.125008677702801,-0.0914544490800684,-0.0216858820760681,-0.0555814589527773,-0.0180429528308362,-0.0855627287411891,-0.0161716245789999,-0.0482516971211632,-0.0468460462080407
0.00521606077284257,0.0275340003616431,0.0218586487128791,0.0519514047235219,0.0153577124509263,0.021877656137189,0.0145297310864146,0.0266546750280693,0.0296425665543971
-0.0362937153728835,-0.0463106874306413,-0.00641345760107114,-0.00513659096980575,-0.0106929004647731,-0.0428535792637296,-0.00279402797790308,-0.012856562457936,-0.0112498604893853
-0.0122262266917091,-0.00038696876424013,-0.0180827164894034,0.0271520077754832,0.0127089963512391,-0.0239972855918092,0.00925974274215593,-0.00431358092607161,-0.00962302266372644
-0.0359879550255831,0.00551980054717652,-0.00656701477362116,-0.00957298316576298,0.00471433635493934,-0.0282216762254411,-0.0187209801737978,0.00349611566855254,0.00481809581601185
-0.0273782639770998,-0.00543019589579138,-0.0100419976670859,0.0117096200787904,0.00829994842783707,0.00363436066173507,-0.00379004426745778,0.00521214157857585,0.0132536402399751
0.00314113963398188,0.00197290883976787,0.0160411565258635,-0.0097867976338882,-0.00824985444753104,0.00826838990462145,-0.00795213504539188,-0.000236462418973266,-0.00576046939120712
-0.0716858062569775,-0.0142077265639302,-0.0417573850413496,-0.0400181800659759,-0.0152779383928968,-0.0187105427487083,-0.00562646259103174,-0.033993922520886,-0.0103836008945464
-0.0375003626511883,-0.0179364945771617,-0.00949492562472881,-0.0205731985946817,0.0120411621993403,-0.038384361787989,-0.00968046452195251,-0.0219498443121818,0.000994890087296439
0.0532950653195657,0.0341921009509495,0.0373354240869387,0.029932154313677,-0.00117659141329969,0.0210100180833697,-0.00442947308717547,-0.00507511589278192,-0.00349255126129742
-0.0222320542414458,0.00753169110834484,-0.0194979899890032,-0.0276494841704599,-0.00277090535867199,0.00898886385016964,-0.0110320719432116,-0.0254117563582099,-0.0238939802906317
0.0283902076086536,0.0134967895093498,0.0119507044025396,-0.0123919112869177,0.0145859684642499,0.0175907382541868,0.00478435890411423,0.00524401385281725,0.0209826071848153
-0.00173914673257421,0.0121725596424293,0.0103600775150711,-0.00683447190485096,-0.0299498047969296,0.0210387668536579,-0.00965032934292254,0.000584986912908912,-0.00630674637827678
-0.0160252081439517,-0.0109227666904867,-0.00613954089123076,-0.00250691256445642,-0.0232902766497702,-0.057369355992704,-0.0135631231476537,0.00281149195347061,-0.0403802174384887
-0.0433529012108821,-0.0236848965884574,-0.00646214956966546,-0.0196910837462563,-0.0233932089391454,-0.106335691330234,-0.00983088462715205,-0.00737572909760289,-0.0290996861132945
0.0622844910496938,0.0419838981800703,0.0414515261942601,0.0243925386057205,0.0284934833614328,0.0602748589690299,0.00907367611769047,0.0262867174689814,0.0338503834200344
0.0487175078098691,0.0252019477825018,0.0140514563131989,-0.00686330885034694,-0.0207770881149454,-0.00844892775254838,-0.0138305304208226,-0.0290579858164173,-0.0162316763294244
-0.156883268064578,-0.043174294392903,-0.0584890810216655,-0.0823649114021133,0.000465060175675378,-0.127433241038532,-0.000812034406246241,-0.0136732190582343,-0.00882633597019206
-0.014503496081456,0.00695397944007386,-0.0180979513007479,-0.00464869052730953,0.00331672435432226,-0.0286145941919348,0.0115307517663725,0.0177322185982004,0.00480765681355946
-0.0668982944674043,-0.00699835600741608,-0.0231402089554256,-0.034874752068118,-0.0113597729168152,-0.103398693583127,-0.0158170383954597,-0.00945999759080603,-0.00332518845430011
0.0128483260772714,-0.043769179658299,-0.0344795141817906,0.0195426186247986,0.000139741983635271,-0.0150714094372214,0.0226938381261312,0.00419252434693736,0.00418181249714232
-0.0220741191294662,-0.0179750388916118,-0.0318244078723462,0.00581769654105732,-0.00625562405924676,0.00335417654964226,-0.0171767066339077,-0.012189734365663,-0.0152107767502949
-0.0375243147890584,-0.0384389196516729,-0.0386901972816217,-0.00854609439553695,-0.0114216523341818,-0.0010712155706395,-0.015464010636974,-0.00766750451842661,-0.00844345378012269
0.0107500726577461,0.0350698871806168,0.0439715590337101,0.0217722047854272,0.00254646361319155,0.0210813750069032,-0.0130537797755573,-0.0016700882370329,0.0225905197655779
-0.0752964237158383,-0.0414112397797167,-0.0555620531430242,-0.0571468315268974,-0.00361874535137126,-0.0694148172511743,4.95645994176023e-05,-0.0285164835331707,-0.000327334284007146
-0.0230194255649576,-0.0181087900887596,-0.00978444378517659,-0.0215744616934566,-0.00011160001189335,-0.0412355742735294,0.0134784152327101,0.00545965715359015,0.0046886282724967
0.0718991090018011,-0.0234102091936513,0.0166438450991097,0.017871431960873,0.0087230388640468,0.10885746706714,0.00577822384064187,0.0123665087865339,-6.00512310979857e-05
0.0266838300674433,-0.0155309056217815,-0.0158752425658923,-0.0303926395106789,0.0161681555435607,-0.00355067858520548,0.00427129827911527,0.026164589861355,0.0148300905788369
0.0375338184938349,0.0231983070478429,0.0190010126079977,0.0437509785897555,0.00384752115929029,0.0107239657586103,0.00129000406422442,0.0077332690233653,0.00132992477499565
-0.0906532909590848,-0.0372858810846541,-0.0404074365605986,-0.039879585635995,-0.0138287051840771,-0.0877474615622668,-0.0148866585968099,-0.02025534813533,-0.0188970842275976
-0.00132347956126774,0.00628078735689214,-0.00764306332417598,0.0227730000409644,0.0146990423223297,-0.00658900465251123,0.00496961147737586,-0.00136350040434233,0.0115151036184418
-0.106560237779265,-0.0671843597812416,-0.0110479667066553,-0.0534183116877446,-0.0217578972303309,-0.0910977195357683,-0.0261798150202895,-0.0490445589446334,-0.0791175927798614
-0.0183444648682847,-0.00953132038250088,-0.000252971766078594,0.00519520945416075,0.00485698067108832,-0.0214349335662365,-0.00288090063573592,-0.000837111054275704,0.00743467557510338
-0.0149393046988024,0.00642390190255677,-0.00964657353254503,-0.0193267987469903,-0.0179372899894431,-0.0146340983979392,-0.0159273353731466,-0.0255988974768494,-0.0292877465655867
0.0105976461156334,-0.0240585989317312,-0.0137650553359637,-0.0191319118965664,0.00578148629953489,0.0292492049046179,0.00228672077765871,0.00618269989450773,0.00896227279994015
-0.0461641140498599,-0.0126701248360237,0.00011599915595657,-0.0367868879120757,-0.00532310067751601,-0.0548784886263263,-0.0178887931150252,-0.0306451363457765,-0.0188638264553823
0.0222524169578592,0.0188294696138074,0.00613069236984535,0.0300251177423499,0.00361056634165295,0.00784031703360949,-0.0143439079741583,0.0248210743042397,0.0234580513047233
-0.00356557560978601,-0.0248987554939605,-0.028512741366742,-0.00338665653981633,-0.00629862022741002,-0.0123741963694357,0.00868392652681466,-0.00989476791595828,-0.0163822767365492
0.0239678617077712,-0.0245117798956702,-0.013936950409735,-0.0217384690077138,0.00492443978237536,0.00745398956841573,0.0100366510075083,-0.00796332512118185,0.00658260309881494
-0.00648137987208238,0.0238872937985038,0.01434506038827,0.0217424975178206,-0.00877509888103957,0.0266375140377607,-0.016046371725997,-0.00650264348910123,-0.015750078551278
0.0108453708911728,-0.0162085790585075,-0.0191304506768432,0.0386124908058278,0.00710088415494868,-0.0184048290566041,0.00576320504667994,0.00422016671223507,0.00343175901074861
0.0251809569903008,0.0162932664420217,0.0183603120766395,0.0188387808658207,0.00736912913188057,0.0778348724720024,0.00189735851070553,-0.00317122834725872,0.0102404508524106
0.00226680857883882,0.00683667123505994,0.0148941351137516,0.0241818627092041,-0.00804393829633031,-0.0149188104661637,-0.0152570360435487,0.00612859241122217,-0.0275900744093914
-0.0220945747051458,0.00510187440504001,-0.0168217605354648,-0.0282292714537871,0.0111920736258125,-0.0184546017825643,0.0084097883063148,0.0105387438930903,0.00702708891178338
-0.00106033389496753,0.0185928729994495,0.0105890368511025,0.0356086072033291,0.00783846612375798,0.0229039311568526,0.00690440605854547,0.0249305208108417,0.000301064389322537
-0.0341136773553746,-0.054628754549769,-0.0116064739362687,-0.0342857723636467,0.000501377687324223,-0.05318808924673,0.000343251101007638,-0.0084014100664202,-0.00622319973080916
-0.0964870703915155,-0.0327310430022744,0.00349694865579966,-0.0649490752007584,-0.030693600693935,-0.11057558663386,0.00831717149389031,-0.0476334213877711,-0.066528553747937
-0.022027275553648,-0.0100344209282774,0.00467690768653231,-0.0143239981281731,-0.00561988717105526,-0.0280056197860215,-0.00189220536990583,-0.0241676217455201,-0.0176423549792812
-0.00636353800743887,-0.0199267991278633,-0.020503993186551,-0.00909386352666252,0.0125641605086667,-0.00416870581873221,0.00489115906893746,0.0124877797337532,0.000853917976441341
-0.0234323879080612,0.00412887578830022,-0.0266250696507977,0.00339127308251501,0.00359391741997826,0.0303896106447133,-0.00102344675405486,-0.0101260950136724,0.00411614282074069
-0.0121580982457863,0.0189592477889069,0.0031482195878781,0.0105705852706159,0.00341040315048894,-0.0111250634002797,0.00965095425987277,0.00768349836773974,0.00892581981640502
-0.0318289941817259,0.00165895832957291,0.00551389775357762,0.0178760013177513,-0.0153642026033347,-0.0389246609256096,-0.0139786875811003,0.0200540913656053,0.0115537519960327
0.0973731557880616,0.0323919213364588,0.0346574973461586,0.0169676238913629,0.00315531240993578,0.0829765339096069,-0.00382525510057971,-0.00307253039356723,0.0202591191313044
0.0103935567803817,-0.0217350701800491,0.000677412013825151,-0.00409939333234571,-0.00817276181302105,0.0234540592855439,-0.0211280555314067,0.00776912772011441,-0.00385166504614695
0.0822371638663413,0.0380534161763805,0.0317420637677253,0.0167704009412732,0.0228397615126738,0.0819584389543591,0.0145265171945304,0.0126232314993952,0.0357491129939289
0.0956348120010696,0.0029000236177931,0.0230930890945846,0.0132056019115975,-0.00532346836411378,0.116883802219606,-0.000719837906410524,0.00419515696766658,-0.00318244564661232
0.132343792617472,0.0300050915965642,0.0362321120000445,0.0282216382400375,0.0221178757445871,0.125498656442468,0.00826889365452266,0.0260500404126479,0.0240788670267335
0.0485144057537306,0.0293656025948509,0.0182738643397614,0.0265304465513627,0.0131743688369505,0.0076228212278721,0.00324721376032932,-0.00404468495898451,0.00509503382552317
-0.0388002677794437,-0.0129569347364603,-0.0299834350726573,0.00253233665613838,-0.0108784466902525,-0.0786809937693557,-0.000291718650965625,-0.0332758506945263,-0.00926662497139796
-0.00400475783392321,-0.00634042922308746,-0.0129423039986358,0.0158768099833719,0.0111253496856583,0.0605812923898591,-0.00214394351250936,-0.00596681131896718,0.00140180073556328
0.00772452252824162,0.00492952846613356,0.0128303204606226,-0.00417441934397962,0.0010472035989799,0.00522681264243351,-0.0112993402205947,-0.0100136446772648,0.00844470894852778
-0.0217425098254252,0.0122702112744121,-0.0112410286732917,-0.0263632486733139,0.000717046490933988,-0.0445234713589963,-0.00712570374600288,-0.0251495326315757,-0.00741483791490215
0.0312814257337258,-0.00447833762812681,-0.0131898119899047,0.030872194009913,9.09944796150495e-05,0.0215778049760113,0.00430091623391969,0.0191137263592216,0.0106519902193877
-0.0699797497453476,-0.0285238072185456,-0.0503376701773483,-0.0390674727331483,-0.00763774724453608,-0.0583631192862492,-0.0161361086190234,-0.0240019535734041,-0.0203898136695434
-0.0235140856210412,0.00787022948553425,-0.0103099461937833,-0.0448186778507771,-0.000996524857754957,-0.0211492442228691,-0.00533773456295166,-0.00426259337785994,-0.0227323036043083
-0.0906807302913855,-0.0270729213447248,-0.00769707682814702,-0.022355909462005,-0.000529007563847597,-0.0648642007494369,-0.0118433216022165,0.00400290953856736,-0.016131706728861
-0.018709904636212,-0.0187366723152303,-0.0153454259190744,-0.0201713871462713,-0.0074118786545992,-0.0458521369644112,-0.00206949563956915,0.00820129160413263,0.0103333275301455
0.0839827585010628,0.0753820351944504,0.0639989968716253,0.041160325100521,0.0211547981006767,0.0552805452869096,0.0187631006469347,0.0263725154392873,0.0165913192888903
0.1401738800236,0.0737185008922912,0.0553338329443788,0.0533904757110081,0.00605306609487613,-0.0333008099896901,0.0344314842531018,0.0336465368554396,0.041969440647748
0.0101839707990889,0.0193819204413187,0.0176528199876308,-0.0156155629094289,0.008251667832692,0.0089451906319877,-0.000366393386602239,-0.0124359685447662,0.00163950075060492
0.046966487496859,0.0125018244469002,0.0001380269290305,0.0320378827554194,-0.00326640866588633,0.0190350777554889,0.000641977631579493,0.0359628088013602,-0.000569338113894703
-0.0315619195182013,-0.00086100117841024,-0.013442691073635,0.00606978787459901,0.00778796731227926,-0.00372908098711074,-0.00645845349670426,-0.0224236431790275,0.00888863326334485
-0.00938995622718483,-0.0459041517107751,-0.0370180127612843,-0.0189560479753773,-0.0201237032687193,-0.00070129117824153,-0.0238941431396106,-0.00374603244143257,-0.0202247077472754
-0.0134105735843633,-0.00113776612895051,-0.0271402473478813,0.0091020493603277,0.000710792918478957,-0.0187345193904934,0.00461326618123467,-0.00415943163799442,0.00314679543109857
0.0205884950288605,0.0192721555648864,0.00171957213808517,0.0381334919492901,0.00982049574834635,0.0362639439617488,0.00917558011753366,0.0164973979163141,0.0190579902308541
-0.0607951049953547,-0.0120036712536048,-0.0570738259349796,-0.0166766366394625,-0.0234409092732979,-0.0637352267607552,-0.00460439928620491,-0.00993819359102241,-0.0117189483777321
0.0241996074919844,0.0186105679177966,0.00802219235333227,0.0113413097452042,0.00330401202271892,0.0288005491316142,-0.0058116068064205,0.01009735928263,0.00491277288025476
-0.0396267604330693,-0.00468745201622512,0.00390326576931828,-0.0236626841184173,0.0030187003348221,-0.0326781444291416,0.00145624835360059,0.00274439999415334,0.000914965931681619
-0.0360973423975027,-0.016284788473545,0.00478128245050478,0.00215282423762839,-0.0103466722824048,-0.0517040028152534,-0.014112515766208,-0.0146086403395379,-0.0152149885754529
-0.00386810048473296,-0.0150545980564171,-0.0235979089671024,-0.00435193529151862,0.000967004254169555,0.000326676445082648,0.0226457605527649,0.0158447328925977,0.00917830915846499
0.0170257765478936,-0.0103202315803563,0.0238540609819131,-0.0138479995197571,-0.0165739599063108,0.0322807714797306,-0.0115083436859685,-0.0126560596456247,-0.0240911726843722
-0.0145621656719624,0.013606601695072,-0.0185392136638898,-0.00221042734108019,-0.00119636515403917,-0.00963695236621566,-0.00206392729674469,0.00647510201816077,-0.00322034592087053
-0.00432408143073027,-0.031670003752829,-0.0307699207495758,-0.0201635610040721,0.00971082258165636,0.0104156476265153,0.00266775287492361,0.00953598132135584,0.0128463066722092
0.0701493032737075,0.019447552349665,0.0103550960519411,0.0201270763163998,-0.000509889685133909,0.0700568618490966,-0.00180518732089472,0.0147021282169755,0.0178709280290469
-0.0459121778702248,-0.0230375635012413,-0.0365798909777469,0.00266296551187775,-0.0130672641861146,0.0527053544484117,-0.00208697301956018,-0.00886724462856667,-0.00745528450511817
0.00879224554023317,-0.038117099014466,0.00376093830919887,0.0108197518964615,0.00534398300920206,0.00198669992639525,0.00054266777926769,0.00565064726977415,0.00449329429054426
-0.0212624360209956,-0.0233758772977844,-0.00935852294041986,0.00819041732025841,0.0115938939921017,-0.0168668574722429,0.0156892252034975,0.0179513684816487,0.0196576425961753
-0.0809544958698879,-0.0338937481921489,-0.0510552436751689,-0.0460193946922935,-0.00894726526423313,-0.0769918582725275,0.00290312030103252,-0.0311552023435477,-0.0118860112510057
0.0348441171226043,0.0292942621656265,0.0164979852347906,0.0362629678123716,0.0286870408751306,0.0497558846967721,0.0348762486656904,0.0302157649761431,0.0387424978382317
-0.0442408223234026,-0.0250897915999026,-0.026621387390007,-0.0204881424221492,-0.00263804325458149,-0.00549097220955965,-0.00340165895872989,0.0064363684190711,0.00187763299566653
-0.000586823732646356,0.0314456161953183,0.029786234635834,0.0198146965007889,0.013661167687646,-0.0160777403031656,0.03231648781413,0.0502092021807127,0.0409256334771865
0.040960116156077,-0.0216060031292426,5.39119851590362e-05,0.000404124996818687,0.00458963704928879,-0.0261411368734604,-0.00505896251123841,0.0163805310247711,-0.00370391613144446
0.00228794375490155,0.00758141292102818,-0.0126793302742169,0.0024422377602011,0.00378720955064312,0.00656983575817446,-0.0125326348734435,0.015305289516355,0.013876873973647
-0.0800257309969794,0.00906543287421149,-0.0590840846116666,-0.0418205739098719,-0.0104079149005314,-0.0704693707892357,-0.00117525118427973,-0.000325357234940843,-0.0110773503225937
-0.00100386999238956,-0.0149044636052025,-0.0188983084685854,-0.0319160058038841,-0.00623625681792433,-0.00521631588139111,-0.00523598123864606,-0.00105517312849781,0.000117464146062848
-0.066297019250401,-0.0245446269651483,-0.0354933014297803,0.0114609254611223,-0.0020516044318668,-0.0494204147233889,-0.00493602953271178,0.00332119442109854,-0.00739007408540233
0.0113339924992915,0.0115331213290989,-0.000101686078557847,0.0352970223253109,0.00510542868608585,0.0036666552459465,0.00470060060798783,0.012023166900581,0.0220943890497206
0.0216443706266047,0.0151944250390685,-0.000503321278558836,0.0124073442559371,-0.00175258167249366,0.00911230746407921,0.00700318941117888,-0.00582747351550776,0.00257522547180267
-0.0422274733325829,-0.0333439271335746,-0.0120294303008246,-0.018647983898162,-0.0291075192452006,-0.0194166552656843,-0.030488892912499,-0.0230055375201269,-0.0380442645153465
0.067356037547012,0.0451767664483413,0.0464374987884613,0.0359284519761804,0.0267891653553137,0.037728211677251,0.0337118190165319,0.0391952969871865,0.0278665828443822
-0.0558869857568961,0.00107644007870388,-0.034203931887664,-0.0176260156232366,0.00244847685064949,-0.0670913971504417,-0.0091928398590482,0.00699044449393238,-0.00343542917764101
0.00417395682546892,0.0185520286403197,0.0083875334834422,0.0116671355746718,0.0138715212111369,0.0386773143035748,0.0234613126087595,0.0150928919695648,0.011847175524613
-0.115859108793184,-0.00652363677582772,-0.0346593080415018,-0.0312124976044735,-0.00879865468627539,-0.0806090763026695,-0.0167884793389087,-0.0341194938390114,-0.0201158076627181
-0.0308585829332291,0.029915107254844,-0.0153146811108778,-0.0177397173580672,-0.00409222344521493,-0.0382633372750419,-0.0237960175224332,-0.0326701798092128,-0.0395274111033634
-0.0776658482388918,-0.0219030693026074,-0.0396679973911642,-0.0295417157738436,-0.0119825031756454,-0.0797501242217596,-0.0172590950886128,-0.0236514126803809,-0.00834712181922844
0.0687152295023025,0.0502330869821355,0.0347226454266464,0.0107241191300578,-0.00384523495698899,0.0906839928931134,0.0116833187910065,0.0104579186148492,0.0269925763759725
0.0538083101417657,0.00845357934408591,0.0118440202354913,0.013686456979949,0.00644335970040546,0.0658545886800008,0.00289958487431262,0.0212937461358679,0.0144550100717616
-0.00107889163580115,-0.00795931827833558,-0.00118540750937654,0.0330551019807143,-0.00514506940376415,-0.016851872406823,0.00564689024389902,0.0060998230195361,0.00100767226723934
-0.0088596028317574,-0.0297369644611548,-0.0397530435521461,0.00103288837308741,-0.0165978804659029,0.0220767296598953,-0.0154197103795119,0.00365099877536015,-0.0249799757978012
-0.0630918480860975,0.0161166587034652,-0.0559166027868409,0.0195907821655314,-0.000325657821417985,-0.0403375974317985,0.0088016462510283,0.0035973568693339,0.0188442794178331
-0.0686612341899558,-0.0187026240902882,-0.0231645696634732,-0.0195180125801513,0.00481466534405939,-0.0343390555821484,-0.0114500959724434,-0.0109724367931723,-0.0158223532430598
0.00741282258718001,-0.00283496877835392,0.00556383687986578,0.0105424382287882,-0.0109049780462999,0.000196259419512713,0.011182402372728,-0.00963191676256727,-0.0177820824084238
0.0321897911313248,0.0361408540888227,0.0377552788061849,0.0513934976841282,0.00800668992113213,0.0256085823412562,0.0281588145917749,0.0180030618972963,0.010920930505743
0.028532760980257,-0.01300580584975,0.0116889620694596,-0.00391927311631341,-0.010513844517235,0.0123862624677094,0.0037586201811175,-0.0269105291373565,-0.0185633761209552
0.0280885582328249,0.0101778266900827,0.0194726267322656,0.0291834740336464,-0.0050999093971349,0.00962169551886015,0.00844875778749295,-0.0123881749156184,-0.00689806656165497
0.00470657120406745,0.0210126777126559,0.0238230537330881,0.0314518948381982,0.00576735764225686,-0.00259584985563715,0.0275773510213016,0.00667116977981186,0.0185845168346816
-0.0532551881671237,-0.0353653457449326,-0.0254418872311451,-0.0206106143506062,0.00523106959969882,-0.00856535603325356,-0.00595670345239798,-0.0202857701258269,-0.00362979828923921
-0.0396074754651994,0.024247910805237,-0.0312842340148769,0.00315148791881806,-0.00546390764453766,-0.0239926682202499,0.00178085327330257,0.0173615902006569,0.0093471444691794
0.0928342345339478,-0.0111034720904896,-0.010602762365156,0.0407628432528251,0.00570814868767723,0.0659111201184553,0.0162434752907173,0.0291243339309766,0.0010712602492923
0.0136383805615998,-0.0200256882055399,-0.0157023429167842,-0.0168838522020366,-0.0053483169996475,0.00674997457678904,0.00668384547290595,-0.00249668860256566,-0.00456539231256928
-0.0212530444498916,-0.0156291942498211,7.36110587989097e-05,0.0194555230587805,0.00501383516889067,-0.0220048621567883,0.00873569348989519,0.0199998304883458,-0.00383456294739691
0.0982763163268069,-0.00302026450375245,0.0406828312340096,0.0220135257125443,0.000700382381532102,0.0705928080597618,0.00779960743661902,0.00166537823368432,0.0165360824945565
-0.0144407129723789,0.0242137581615305,0.00461450699032726,-0.0138155633416094,0.0049176513612845,-0.0506439641891458,0.00947793316344369,0.000692952755652282,0.00324680489411423
-0.0326858706144717,0.0296213242602889,-0.0168290009492541,0.0140268056338168,0.00304935200809958,-0.027028399565463,0.0165028092434378,0.00231011001020589,0.00232448234118715
0.111950750700156,0.0269427299917219,0.0267182901471253,0.0338984921442955,0.0194803726018944,0.139872421705725,0.0214355468259621,0.025616085230727,0.0437676748689462
-0.0604480638105073,0.0138893204407706,-0.0357917708938176,-0.0344205852826128,0.0012477336272701,-0.0481887552780981,-0.0110795409789049,0.0131567982519807,0.00335115032393188
-0.0126711370901822,-0.00725671174322815,-0.0157823245422398,0.0247260603798304,0.021946293365672,0.0252633382214529,0.0109748992294966,0.0134263046844879,0.0167419376571186
-0.00190679891992098,-0.0207259755928922,0.0131792037926585,0.000373901852124138,-0.0121492288584793,-0.0224445567360969,0.00651052753059444,-0.0301571141677936,-0.0178784370107678
0.0878478686948729,0.0213013262721277,0.0153943478287614,0.030747920757791,0.0142178720116344,0.0660249509122786,0.0278807036221778,0.023648526292769,0.0422018211499059
0.0333821134480691,0.017485751588063,-0.000634165167589276,0.0232508035902939,0.00636623171230288,0.0116954763506436,0.0082465694764267,0.00297571313432003,0.016898610784439
0.00322882229340475,0.0334769008428748,0.0286759626331742,0.00629727930240941,0.00742999407860238,0.00864135857807751,0.000384466022157583,0.00272800647725082,0.0146187614182136
0.0151407508460139,0.00820692615420129,0.00743741833857824,0.0155518718983096,0.00774593181788512,-0.000928069323244946,-0.0015442677645034,-0.0124077122571148,0.0147051426811241
0.0115083327614795,-0.0261171300224487,-0.00507210118836114,0.0299885533255058,-0.00107323574516431,0.0348158102913002,0.00377382681627897,0.00126625135445665,0.033214908259493
-0.00794629004751547,-0.0179768292469287,-0.0186491447581257,-0.0390207746068163,-0.0041214248074205,-0.0246341520134574,-0.00235472323545477,-0.0152876160037321,-0.00349300173937627
0.00814515284051374,-0.0102452194951277,-0.00677142498026112,0.0110516965121879,0.00646715879458425,0.00460602977161318,-0.00167214439624152,0.000525953487224579,0.0127193357572455
0.00532252760008749,-0.00387098487576477,0.0174273402287588,-0.00789630031568244,0.00729786175482092,0.0340892851445533,-0.00784073511751391,-0.00330376121706603,5.70892740930571e-05
0.0218390771816438,0.00040607274164297,-0.0119660909732197,0.00944024120339635,0.00426449088682252,-0.0172106952727021,0.0102123135637081,0.0119972520502199,0.000673180632388937
0.0358737991194549,0.0122894667542058,0.0105567339168533,0.0293354759151723,-0.00585605506417997,0.0545789932042221,-0.00127162853293645,0.0126222600409935,-0.00881279423774844
0.0337123210669366,-0.0202783552448875,-0.00335957577792916,0.0127371619428042,-0.0190003684427308,0.0557488233020098,-0.0133384199180013,0.00134335564977264,-0.0284123042766478
0.0335736345090941,-0.00101141700144966,0.0136685390772251,-0.00559382538679724,0.0137069666536139,0.00145157314384771,0.0146090868048622,-0.0111909560010679,0.0143483541633741
-0.0464727718637167,-0.0206791703692753,-0.055591768263081,0.00708486275671319,0.00590483081083419,-0.013555499645116,0.0233121599192925,0.0247265757797762,0.0286276353143128
-0.0632801057485989,-0.0365915451380454,-0.048588678004669,-0.0343609872429118,-0.0113244491554226,-0.0160342421285384,-0.00873443545936305,-0.037512831723946,-0.0139281130805961
0.000708950609444388,-0.00159201405084332,0.0161565480686039,-0.00516522320768233,-0.0016946715564823,0.00908155550731673,-0.0120212247730287,0.00171064783296866,-0.000998112385903462
-0.103042574846897,0.0120003559468356,0.00292741228478103,-0.0615361111931183,-0.00667837326196566,-0.0963529594278199,-0.0183508395808141,-0.0320643163676207,-0.0101574095939641
-0.0236036104886674,0.0144867489344581,-0.00449914134366171,0.0345141259226323,-0.0126002889841573,0.00185402462663545,-0.00218851798529562,-0.00520984053228283,-0.00577609836525208
-0.0487105709783317,-0.00151989684385878,-0.0375843413445673,-0.0123761907298995,0.00883693167930601,-0.0434011644421243,0.00458981847786439,-0.00778645541297672,0.00486523129485306
0.0373684799780304,0.0449936017194993,0.0386079496434454,0.0114808461727372,-0.0251575190688826,0.0353256569956667,0.0038900627432817,0.000343474211652974,0.0262606578190035
-0.0517965121738637,0.00226445523072185,-0.0103391222423135,-0.0225769630720841,0.0125031488668123,-0.0505018505078159,-0.00304084940854494,0.00797495339534799,0.00693558372906591
0.0548512790094642,0.0200346583316725,0.0236045666262703,0.0267444432516322,0.0271435983181332,0.0649498872907193,0.0280698693987502,0.0319725349756851,0.038887705485433
0.0911476768785846,0.0126358659984262,0.0161175612867575,0.0225082654596099,0.0118629638598057,0.099703388744926,0.0110970868182261,0.00857021240572123,0.0208231505753222
-0.0263650678454106,0.00560568430168586,0.00175981044332099,-0.0223512815902925,0.00375606778663096,-0.062130775494905,-0.00857582700569914,0.00378064294686532,-0.0122348397290322
0.00716077921378964,0.00706745718806661,0.00984377136590128,-0.00756396325846293,-0.00458100776665795,0.00490438784886392,-0.00323721209676311,-0.014905245507001,-0.00475547702793118
0.0201344995702453,-0.00214286759995187,0.00875258037914976,-0.000668933670774494,0.0165075363674365,0.0259804770481619,7.72643272834821e-05,0.00304466414093836,0.0249138425235546
0.0440494563540449,-0.00148436891956492,0.0104734501873645,-0.020370454616528,0.0242523747388997,0.00749192301563454,0.0218147353262297,0.00528371938590664,0.019760268404302
-0.0597236002598332,-0.0302840064647582,0.0161299127014281,-0.0268625999027146,-0.00438107298476186,-0.0202976848806621,-0.0218195428994223,-0.0390924718631352,-0.023410140993826
-0.0155654992338262,0.0166518302914996,0.016348243927969,-0.0133763585418677,0.0178455731945665,-0.0331046472729579,0.0153362440413405,-0.00127922668513645,0.00960052339889436
0.0504837405045784,-0.00167183974512133,0.00080866740211538,0.0236954285693343,0.000331640407141787,0.0112705171358287,0.00555824535647621,-0.0102713832761798,-0.011919458008313
0.0470381440209315,-0.0351630352031872,-0.0113637338493655,0.0363992926954024,-0.000611164884397072,0.0287876652589866,-0.00807392640942219,-0.00891166913629608,-0.00191754316407564
-0.0682076957743576,-0.0288476363976707,-0.0285208876689196,-0.0158841450943895,0.00984831829797999,-0.0832647121459668,0.00128805959706966,-0.02239827877467,-0.00628857141140965
-0.0628026394408436,-0.00758602157166038,-0.0132334883078005,-0.0361833706424122,0.00566581977682062,-0.0432888293935797,-0.0115070716293073,-0.0171727464650538,-0.0192230445665896
0.010036357579148,0.0226514971124624,0.00975675670995754,0.0361626782155939,0.0158898594151059,0.0310924591073127,0.020439391227215,0.00769637502900644,0.0118165430793507
0.0219230822184222,-0.000978390964381861,0.0067576226568246,0.0132433008980661,-0.0147860240731012,0.00976280109170935,-0.00761367174257418,-0.0169325171354847,-0.00966154646444975
0.00402157434382562,0.0394650352823999,0.0228612129823037,0.0382147976841374,0.0236678400606157,0.0223005394452758,0.0258514004583464,0.0405007279374974,0.015451540353499
-0.026514855439964,0.0135331898640751,-0.0209215115951654,-0.00250195489868501,-0.000208734925011087,0.00208744856895579,-0.0139938934697964,-0.000150346243203975,-0.00905827661344461
-0.0127484428091725,-0.00437750764727834,-0.0074512686082846,0.0243184665320986,-0.00625042906692859,0.00267565205388671,0.00298616246008789,-0.0121130592951537,-0.0145733082788753
0.0197088026036669,-0.00316071079508473,0.00567723388532343,0.035863386139969,0.0164361155252815,0.0370631318081284,0.026432141224583,0.00572864270924271,0.026857950726353
0.0476819632096703,0.0301321528250086,0.0201580158218838,-0.014344870166456,-0.0132679092235636,0.0427368230288107,-0.0129775641131392,0.0267294796295793,-0.016296280942852
-0.0390505513441173,-0.00918210954092774,-0.00253977899607368,-0.00648713505701093,-0.00955637957700295,-0.0383360683635143,0.0114040998425622,-0.0237288082672182,-0.0264262085809318
-0.0650060246647463,-0.0463790653710511,-0.0450313886472782,-0.0532457468561221,-0.0192475571179198,-0.0253330911243712,-0.0353035509265343,-0.0167993870086033,-0.00678990160170695
0.0844137973910484,0.0750647033559116,0.0690773774371352,0.0199836838469517,0.0218961819649706,0.0750352374401174,0.00495260463308036,0.00258843000877067,0.0385795932792471
0.0226985131623217,0.0301615612426826,0.0107243472833777,0.00193677992565955,0.00426182819457735,-0.0301376201874061,-0.0182149763865467,0.0103358800376717,0.0135489405450872
0.020913107051526,0.0232076127276842,-0.0141171031906664,0.0325846054627329,0.00819321122511824,-0.00873873808561645,0.0229239475920302,0.0131269394032649,0.0239698973021086
0.0212973897265442,0.00590252036420052,-0.00906911574627629,0.0185539696235124,-0.00254881805261838,0.0317062357988934,-0.00347979125383196,-0.00907058458860678,-0.0230647569640696
-0.045806967372334,-0.00334037110821406,-0.0317651414896789,-0.02664878074644,-0.000179571373872505,0.0259506860996018,-0.0090276033496963,-0.0325965709445854,-0.00813769105878972
0.00758873063243637,0.0185259308164936,0.0171901119304203,-0.00469229162137061,0.0242380225163774,0.00838631772663549,-0.00943179174829459,0.0337040459773832,0.029628954603863
-0.0196204976148969,-0.0452364141191243,-0.0279830079722479,0.00293375087148358,0.00570011756631475,-0.0380893545258764,-0.00507665572902839,-0.0131571575554171,-0.0121624624546355
0.0309272827014361,-0.0152828998971967,-0.0161535846737008,0.0145326549736871,0.0011412666667579,-0.0350295315166872,0.00703579366971257,0.020222332507951,-0.00251165345430208
-0.0146688016652413,0.000326607424042936,-0.0384298584971588,-0.0128568951811912,-0.00924213466606366,-0.00175499357358342,-0.00118048187720745,0.00776164926916414,0.00673568247019582
-0.0186986381867545,0.0145381121948798,-0.0199970539045827,0.0457602555063582,0.0020971882676012,-0.0259752220071371,0.0148844968194213,0.00852656057660715,0.00968552488358937
0.00613296946702039,-0.00873806087453006,-0.00670018750843854,0.0365399676178322,0.00223634636060368,-0.00874990270826027,0.0022117232103629,0.0102771002700666,0.00219749795537734
-0.065302185813651,-0.0334335810193115,-0.00985460146267036,-0.00929567924247118,0.012226713080112,-0.0320547690964334,-0.00666268744548154,-0.0107367642272152,0.0224187479329879
-0.0320525740786467,0.0186718146512067,0.0110888910665277,-6.77346360527365e-05,-0.00512137095083796,0.00958917194299248,-0.00209479394520165,-0.000129738688985288,-0.0119836052564039
-0.00559132864957336,0.0203105470351839,-0.00550084085826912,0.00386159188637443,-0.00926720058149747,-0.0435423892848489,-0.000806001790811421,0.000195565008539591,0.00893708398536895
-0.0334750558502256,-0.00234183342383738,0.0358390265852959,0.0393511877661137,0.00103480429019879,0.00346458324809101,0.0306692457506592,0.0119646478121993,-0.000906704868315813
0.040622320708407,0.0229536896814172,-0.00430098695396653,0.0133454995379993,0.0152159393232284,-0.00276739569992942,0.030163280567188,0.024467711325043,0.0281491807142616
0.0400022862655718,0.011660525252631,0.0245440507256804,0.0572489361897452,0.0200798956519094,0.0685201817478666,-0.00233348571608568,0.0260297898893783,0.0324247308889618
0.088185837604278,0.028525937077967,0.0275425400931717,0.0164962620202965,0.0071030187081601,0.10179218244285,0.00730269373168342,-0.00616650939637901,0.0147595430343555
-0.096279254864251,-0.0431394609531901,-0.031660418196159,-0.0575658278319244,-0.00944245484457012,-0.112173302929159,-0.0358105340666582,-0.0207818655598763,-0.0214229663540892
-0.00075168280120554,-0.00167866500007172,-0.00773628405963264,-0.0241580906269239,-0.0179840825503811,-0.0264107909009318,0.00952804197867943,0.00464378888158654,-0.0124585949367816
0.0115900962760943,-0.0113141914894432,0.00150556763118068,-0.0389063505807602,0.00264353846318826,-0.005780269274738,-0.0202176601635279,-0.0258739729075645,-0.00797095704405198
-0.00680870926201375,-0.00984507101606692,-0.0420350910449829,-0.00365777552598191,-0.00595410475306987,-0.00884917130825911,-0.0450067672909671,0.00180568285975801,0.00238092071513857
-0.0134740149499154,0.00765484264048859,0.00988505007769029,0.017054243724324,0.0079093160736925,-0.0339879548498576,-0.00429542708189014,0.0211731909815723,0.0157855734821254
-0.00814094333868384,0.0185178346092003,0.0219978687655071,-0.00658296713217701,0.00255856395453708,0.0111152061111282,0.0125260180265081,-0.00289783016821551,0.0144509570069374
-0.0354863479355601,0.00635603724424137,-0.0154156241992235,-0.000513237413857258,-0.0025914187326937,-0.0256414275189248,-0.0287829626051967,-0.00348497156200984,0.00677291479152916
0.0737988725008385,-0.00499805635813867,0.0138134158992553,0.0137118709227481,0.0121047896607948,-0.0148496139975169,0.01659804351671,0.00868711481394437,0.0194619613021054
0.0905552019297248,0.0551267661843286,0.045599249587777,0.0751819810496171,0.00849802682071855,0.0926415264205526,0.0128520068051954,0.0229430405362613,0.00756417075948183
0.0059024677420589,0.00190882673961532,-0.0119239584542584,0.0148260049391959,0.00598425059822444,0.0208277236926082,-0.0157765421632799,0.00547544072944175,0.000886821021004008
0.0648736157369339,0.0254062555266354,0.0237931573485001,0.0397791787628595,-0.00139793250232512,0.0379646350318204,-0.000935152629785695,0.0340382719655825,0.00629048362029886
-0.0364505736867581,-0.0181832365536594,-0.00288825678568973,-0.0107971173299352,0.00588101201994188,0.0956968834926707,-0.0122891441123678,-0.0167702598297047,-0.0261687409009067
-0.00638456218187304,0.020659021608412,-0.00260029859380167,0.0140342230850194,-0.00214429220107367,-0.0187065710289417,0.0168490255667844,0.000146979677903279,0.0282909748386099
0.00789227397586035,-0.0077405327939264,-0.0204369971674888,0.0285994319751144,0.00996028950758015,0.0132636971527972,0.0433058824266862,-0.00523665174890891,0.0268471432038982
-0.0347207192620827,-0.00162534713114546,-0.02868887367473,-0.041220890109218,-0.00181307369225535,-0.0215520228701948,0.00490849193464482,-0.0138302486931154,-0.011023859659707
-0.0510820864975052,-0.00277336892833687,-0.0140928905895445,-0.023758051266467,-0.0122737476111106,-0.0583202427296704,-0.0112393281123075,-0.0105335279760351,-0.012690081295996
-0.00414902620274804,-0.0127349831817481,-0.0235036985342211,0.00448516350005598,-0.00373170797799231,-0.0740632276219319,-0.0142540510739689,-0.0193594891687452,-0.0163574819475664
-0.0162229624176288,0.000482411808996974,-0.0105525628293543,0.0235771802017193,-0.002913103916609,0.0322554843572165,0.00501118310897529,0.0266547114745863,-0.00612078810206462
0.0536445690967846,0.0128060341202406,0.0202444945084764,0.0183194229389469,-0.00219744339274902,0.0134289818328101,0.0136666396975609,0.0402465643221659,0.0133033351437188
0.0502201515922024,0.0368230860102382,0.0269586106443053,0.055965204005598,0.0293681332336577,0.0740295718980639,0.0130698850597098,0.0168869616352141,0.0469437356106028
0.0756712720114211,0.0451967609012598,0.035498002246512,0.00806412367844814,0.0126132420933859,0.0508476122869542,0.0154742260759423,0.01970030437449,0.0210133544309481
-0.00315441644524043,-0.00524336071697212,-0.00390569857271833,0.0115729670193034,-0.0120304060233935,-0.00109604487899946,0.00752748975153558,0.00879031296477193,-0.0069430939397824
-0.0117053747742001,-0.0217476385398926,0.00599793960167558,-0.0269591583905619,0.0046757520404223,-0.0175108684739322,-0.00677159540569,-0.0242988642671224,-0.0034115509732346
0.0108521899306908,0.0496030460659687,0.0377194575294802,0.0206914055239371,-0.0140054077070414,0.0058933416905702,0.0106023216574987,0.0354031613356518,-0.0186931966924636
-0.127026905644169,-0.0237972918567895,-0.0419426925876235,-0.0713366912284089,0.000831942252049358,-0.100723159068866,-0.0137808887929551,-0.00435427552939492,-0.0111686604435251
-0.0310065698445339,-0.0115311307960144,-0.00136750808810915,-0.000963084787638273,-0.0138792875580497,-0.0195462983019082,0.0115795726330673,-0.00869123446509362,-0.00446280797529247
0.009957352602379,0.00949470442171351,-0.0135214860891346,0.0183295372611452,7.44116145326152e-05,0.0106318153311967,-0.00585802958616956,0.0277702928391436,-0.000455534603602671
0.0557748867449768,0.0237468945570061,0.000525408912679976,-0.0163786378265504,0.0065427015953646,0.0507165634282847,-0.00710380081872485,0.00447807566265454,0.000927436672773622
-0.0671218449663158,-0.0266614776998852,-0.0271780319982055,-0.0366390487417516,0.0101060500901428,-0.0418453095157518,0.0029954074134768,-0.020022735789043,-0.00467447724697353
-0.0519896407821643,-0.0152768409094854,-0.0319381488211814,-0.0359152872474119,-0.00236046608611058,-0.0534096566581983,-0.0163752504878597,0.00891597454677567,-0.00270296246523041
-0.00135427524602192,0.00389280486379234,0.00254928625764434,-0.0198971930722983,-0.00112873497251491,-0.0265214504188125,0.000155071844855093,0.0190737965168153,-0.0055609337764402
0.024936477388551,-0.00161475926772843,-0.00422174931655851,-0.00536484058697879,0.0070547229983041,0.045632572447692,-0.00695432299164893,-0.0204661135783364,0.0182837599793104
0.0426440411030053,0.00984376471846298,0.0400204353329719,0.0302580634890759,0.0136409558141312,0.0733533633810189,-0.0119033624348922,0.00238336775526841,0.0280746945389712
-0.0462676462931443,-0.0204458273190847,-0.0368561401795752,-0.0123470498773455,0.00465225364936078,0.00216826584907333,0.00531671834841954,-0.0136553620000761,-0.0185007132337613
-0.0730234069932623,-0.023964352651092,-0.0122945987902546,-0.0161024652614754,-0.00956564393509688,-0.0572716010525736,-0.00822433607920252,-0.0140704065997926,-0.0451464900541188
-0.0163339434722871,-0.00309779115397248,0.00130341395713325,0.00846695915161823,-0.00202578703475975,0.00104034891158795,0.0097811430442598,0.0139228851386809,0.0253000097664303
-0.0413164809392977,-0.00392595232499563,-0.0255988921731768,-0.0228595082702684,-0.00530545402601986,-0.0504107089696095,-0.0139568511647452,-0.00947893912716388,-0.017152632986074
-0.0310477482939709,-0.0634769683535325,-0.0151041901086187,0.0341362995851232,-0.00445471422295187,-0.013776904203172,-0.00775668741389437,0.00143886292486187,0.00921821271130642
0.0369413501701914,0.00051942397389031,0.00466815125961776,-0.0110593711933892,-0.00526801486354438,-0.0025132145760741,-0.0192120669904253,-0.00689300940933771,0.00329206739369582
0.0253852509518154,0.00792242827225038,0.00119742362486989,0.0550412748652481,0.00293636383246113,0.0272952159302149,0.0384649920939922,0.011081800899856,0.0601517325084979
-0.0204909254873551,-0.0320324994449744,-0.0370744563589292,0.00975901133138652,0.00360823947856944,0.00976119538423843,0.0202870397004156,-0.00758529941063087,-0.00228305277172282
-0.116103980644206,-0.0538697848513673,-0.0153617045129528,0.00150598102914152,-0.00669445430472297,-0.0935902078389902,-0.00861282954511926,-0.00106602444808398,-0.0126391102119812
0.029879479019044,0.0280536752732328,0.0297486543959447,0.0388997420389086,0.0286565178921804,0.00477487439230026,0.0197012931639015,0.0176644712076157,0.0345744701203234
0.0486726792557976,0.00696213129984852,0.00382165776018127,0.0240158934845477,-0.00908349422137471,0.0297919927980026,-0.00982116072399995,0.0144033966507939,-0.00800502148060241
-0.0621502004287793,-0.0177388434607076,-0.0228745857937854,-0.0328399117312759,-0.0209088121320096,-0.0364941919690963,-0.0046220186972308,-0.00852686215186489,-0.0153661332670705
-0.0415010015376228,-0.0113464952519613,-0.00629101608345196,-0.0254890848411425,-0.0218255039385929,0.000921798456492064,-0.0115960291551511,-0.00992471334886482,-0.00875511780937454
0.00330096896533738,0.0232207911350401,0.000722108744613086,-0.0035897151469338,-0.00532169143626052,0.0145848926977908,-0.00256107512046115,0.0116881102380493,0.00576846604712992
0.0771857934224273,0.0348052109482949,-0.00100693454002829,0.026667422547447,0.00340965776357153,0.048839616349505,0.00559857575391042,0.0134404676123371,0.0262542229859082
0.0296492723866155,0.0436528168481757,0.0369001532433319,0.043226397722845,-0.00247963682484877,0.0405161703302326,0.0109078017711175,0.023111862475801,-0.00278698535986357
-0.00306461277366204,-0.0258676047737089,-0.0105118481733083,-0.0431488773854406,-0.0129095195271593,-0.0431867691044735,-0.000252962001416692,-0.0159006920429599,-0.0115832343801572
0.047163634267391,0.0462468752784422,0.0417845514268992,0.0591004067666353,0.0171980485752641,0.0139997187820078,0.028181399777777,0.0285340927971162,0.0325268613022139
0.0196009450558857,0.00748705815960626,-0.00595179455390039,-0.0299574528473047,-0.00750363923858105,0.00820798499909966,-0.0070617749854724,-0.00641983984370694,-0.0154327724350385
0.00269437647463988,-0.0120767978969376,-0.0264465413439039,0.0164892485885945,0.00928708112201204,0.0054541465260105,0.000617748211802465,0.00385899134409058,-0.00330029112256717
0.0547217178057729,0.0215396067853135,0.028195911344404,0.0406624264509523,0.0115436329953277,0.0525792744738966,0.00277229132916729,0.00926263701628206,0.0138618130689529
-0.0202377763520035,-0.0146321678811775,-0.0124831556202544,0.0421787360487827,0.00329627725000546,0.0193513353421181,0.014000932712798,0.011245341861213,-0.00015980986089085
0.012265307728468,-0.0103745372372218,-0.0150323560116714,-0.0183277595124563,-0.00157269246691675,-0.029123512588722,0.00902366275719397,0.0170667498660679,0.0084519233085251
0.0141094645151259,0.0356966438157993,0.0238845094207664,0.0659537827481469,0.0275561824307156,0.0671623685307234,0.0153677540213928,0.0389425327144391,0.0282194568232288
0.0347387036918842,0.0097908728404106,-0.0178717437459756,-0.0060732875774324,0.000253385537515741,-0.0125949531712746,-0.00786586504174239,0.00376725521327763,0.00653638067867783
0.013789669298017,0.0433275837028667,0.00879443862954855,0.0348040411380813,-0.00606212663645429,0.0146406898084568,-0.00313114727042694,0.0234647956407285,-0.00959247885912484
-0.0136823248717168,-0.00774395500490635,-0.0103830911895943,0.00282393913210195,0.00130662023796981,-0.0244488535735442,0.0125730475685982,0.0125288708604614,-0.0145600355264361
-0.0311427102893626,-0.0165544108961667,-0.0110264964370923,-0.0179563931580999,-0.00266160122645003,-0.0774412978982423,-0.00848114568052747,-0.0228988680550591,0.000935264323621425
0.0822491243619104,0.00179633150391184,0.0106419998355367,0.0629942393788265,0.016931593487331,0.0693422302442575,0.00801341803651704,0.0408380553807873,0.0110743319967472
0.0859728487824084,0.0351026318951813,0.0448237206178542,0.0269403308752709,-0.00333480295164479,0.0464402450118387,-0.00339662991189036,-0.00302318631349769,0.0048505655052834
0.0201189821749017,0.0279904220664668,-0.00162504425407582,0.016736053791086,0.00295889526795688,-0.0397855123116253,-0.0205086381870697,-0.00813048391512556,-0.0167851303549486
-0.0188386720026043,0.0160697806473538,0.00230135575890282,-0.0145420502393718,0.000542497473561451,-0.0393586910545139,-0.00442303582959129,-0.0055495687301376,-0.00164535018270054
-0.104139087098607,-0.0664529743637848,-0.0578885278730874,-0.0924687161001648,-0.0145643461832071,-0.111442681273139,-0.0284718854404348,-0.0301976205390776,-0.0403400114053026
-0.098076695612091,0.0195437146354261,-0.0236765273741278,-0.0536954191914953,-0.015521752761695,-0.0595306342563812,-0.0139680354394971,-0.030517733775563,-0.012466507784724
-0.0277659557238996,-0.0272789510355689,-0.0249374360022582,-0.0163956216653362,-0.00493597823043148,-0.03932037410523,-0.00782379415015395,-0.0156787673500238,-0.0312139675854646
-0.0710704845096389,-0.0306717779651172,-0.0354121352355419,-0.0413812087850098,0.0131461983802396,-0.0346502567725586,-0.00435901399245591,-0.0466362210473992,-0.00203785137704538
0.0285250146927505,0.0012101868216805,-0.00841286217640727,0.00966952383970032,0.0142244449835285,0.0129988953423902,0.0086665330432837,0.00895225967257359,0.0240951934834909
0.0173268928780654,0.0263854930334902,0.00775180135781991,0.00479176613471723,0.00191707249066357,-0.00524048808275917,-0.00159862702141126,-0.00218805658826592,0.010582830983212
0.0152079046602209,0.01931511776757,-0.00786661347087811,-0.027290244079415,-0.00597310567089694,-0.013029839922263,-0.0100805748165786,0.00290293936747744,0.01288064488222
-0.0128452661129241,0.0149053224099529,-0.00189272027135723,0.0161510573812425,0.0102770492007033,0.0212828441608155,0.00172735478467624,0.0255448386329876,0.00359483373395008
0.0540383392248371,0.00923837244048713,0.00464808976288541,0.0231844564747267,0.000605796353932358,0.0358630596523264,-0.000998608174303347,0.0172425529453801,0.0122550273086844
0.0718442751083867,0.0168676137567709,0.0130067347018357,0.0382360453857477,-0.00176704001265408,0.045266334594322,0.00685271784902262,0.0101322381038448,0.0195964503155434
-0.125066330284639,0.0179071100722067,-0.0447651111238563,-0.0374770373432718,0.00764666126253751,-0.0797238748389055,-0.0124414824468524,0.00677216919841819,0.0157321914601584
0.0286991201971846,0.0422650477103325,0.0325080054765021,-0.00441206202764335,-0.0159160302763188,0.000910411169530577,-0.00803057357122503,0.0143380892014621,-0.0085771674047471
-0.0192278272794162,-0.00861261749649031,-0.0408928048018317,-0.0449097663835064,0.00625985112814011,0.0014202675873493,0.00839070052018017,-0.0291236062147344,0.0138825452159936
-0.076007527292514,-0.0201001986597861,-0.00219355254042328,-0.0364961795795853,-0.0042768146555818,-0.0167976207608864,0.00986857997596342,-0.0296287521548391,-0.0461316583699965
0.0347084372718892,0.00470281838876507,-0.000776559273078915,-0.00905929899541461,0.00951410359739621,-0.0243234137560736,0.00930560005583637,0.00656677662789754,0.0210870148586121
-0.071168977930068,-0.028793955001311,-0.0258836454371153,-0.0549388586476412,-0.0143857786881136,-0.0434947523796969,-0.0127584692881792,-0.0405247090184599,-0.021729091429546
-0.0318366547416505,-0.0677690346648569,-0.0420887186662434,0.00138262846218661,-0.0177023672492542,-0.054229658768899,-0.0134421153421942,-0.0275720737114764,-0.0454613991123249
0.0394031125106218,0.00213471878006714,0.00370241250272655,0.0241221465501577,-0.00400447769930122,0.032833866422699,-0.000629219047807552,-0.0164870153038581,-0.0097059099191753
0.033716258460935,-0.0211123491646061,-0.015261913415983,0.0280574065532655,0.00872319268903111,0.0282265347750318,-0.00999733465552546,0.014931359003583,0.0184298160893737
-0.0270310200117802,-0.00757960415974481,-0.0209721826212487,-0.0219782208393589,0.0132509575435571,-0.00441855887573742,-0.0265972581686577,-0.00416521253436439,0.0205070046533059
0.0130320378276517,0.0183274197155799,0.00544419914782206,0.0323517671006315,0.0180248055453019,-0.0342646277621926,0.0116528615936535,0.02041614738844,0.0163169992055371
-0.0580332199829826,0.0089261809947697,-0.015299933777075,0.000743123696552831,-0.00596163673960956,-0.00923607962631008,-0.00808823555981789,-0.0272260606879467,-0.0199101651166987
-0.0288316764732086,0.0043274007620413,-0.0296120167753225,-0.00903788180661545,-0.0205990644192349,-0.0148888853705334,-0.0093149395305512,-0.00556821989303934,0.00183473623017299
-0.0418411267938388,-0.0168323751675408,-0.00261838640194699,-0.0183413857462045,-0.00441131900749569,-0.0320730153800542,-0.0101295248449264,-0.0261940952424134,-0.0113069267483983
0.0240552759920282,0.0304392735746389,0.013981187464987,0.0142110275217548,-0.00934153069417244,0.0502259312300426,0.00722571962606717,-0.00476474894911607,-0.00890238933216422
0.0221321617858478,0.0242764262093343,-0.0128762975221916,0.00286181421190806,0.0138098758700097,0.0146148707516356,0.014663043389215,0.0026746466437312,0.00180869331935464
0.0177037177693842,-0.0138431595295878,-0.0130145414931434,0.00534870518417875,0.00815736711843223,0.00612449767034776,0.0120111576336183,0.00449381768782607,0.0161690675921561
0.037530114023663,0.0389148437929975,0.0334909186691964,0.0180199169094667,-0.010369022853576,-0.00720445862230888,-0.0024554440142999,-0.000213260236503432,-0.00518102282264884
-0.0745115260197419,-0.0300686705659853,-0.0511557240533506,-0.0485275690034154,-0.0310686295905321,-0.102106453527546,-9.5306835951059e-05,-0.0152213858426326,-0.0273885011849492
0.0461732651882534,-0.00963212061277819,0.0133178049308766,0.00455478440691618,-0.0151486895806795,0.0671255714446244,-0.0119372326234367,-0.0105619627082611,-0.0121365592829413
-0.0486271078286119,0.010516389931831,-0.0124806458133516,0.000454665081959952,0.000972054730679822,-0.0287240959292737,-0.000637303727150842,-0.014343661374069,0.00358247678003181
0.015206925194522,-0.00225657014540643,0.0144512795281796,0.00821461438989744,0.00500615646182596,-0.0735451766026021,0.0145559874616362,-0.00180932610918657,-0.017604309502534
0.0571049344407467,0.00494127808409196,0.0170642979136304,0.00198883703733923,-0.0188971125636843,0.0241373726538542,-0.0209040682488671,0.00805204284553301,0.00695540641744118
-0.103512795379564,-0.0197810395643257,-0.0446172855223805,-0.0593938488258457,-0.0118197664235707,-0.0693586293039903,-0.0276826270372549,-0.0198763260890743,-0.03770455923756
-0.00718047993076142,-0.0103624745135496,0.010366928939408,-0.0281328079709587,-0.0119106792767643,-0.0188843482201053,-0.00955500148489196,-0.0388604112637072,-0.00355783032431511
-0.0510711287150754,-0.0344414383777639,-0.019741935287948,-0.0324594349330316,-0.00878881555369408,-0.058226938351721,-0.0130111166410542,-0.0094347560098253,-0.0155993876473262
-0.0031032303453588,0.00189896717807013,-0.00343852712761587,-0.000499382738044896,-0.0081703121278927,0.0344074446782713,-0.00120969849451677,0.00316212679445695,-0.00958913186745799
0.0137651261294641,-0.0164364987797853,-0.0154114699000798,0.0295083774485902,0.0162270398427959,0.0111300763652429,0.0104899541475395,0.0174528575020618,0.021679801724057
0.0273851175962989,0.014923263039634,-0.018483463020992,-0.00758474859375998,-0.00807713422597088,0.0151375638499365,0.0114577303910446,-0.0138156708734469,0.0154496633400439
0.0194998303938184,-0.00632142285600496,-0.0230700770806108,0.0110646860316644,0.00439694742643573,0.00293242365880043,0.00292609947266026,0.0155919290787482,0.0100886152779428
0.0112662952961348,-0.0179757458492326,-0.00471293881961323,-0.0222531057175289,-0.00711503756535309,-0.000180549148063386,-0.0326983167422652,-0.0360264794608027,-0.0202696665196031
-0.0895096487830287,-0.028202564134301,-0.0536277735712419,-0.0306580432631975,-0.00264761486183525,-0.06550054022066,-0.0180508020886915,-0.0195404679452611,-0.0128592121915985
0.0466635454371019,0.00211196384450366,0.00716291370508657,0.0218424268697336,-0.00785718193117493,0.0606632513314594,0.00829154770147823,0.0171054445480617,-0.00869432745874796
-0.0235607534060648,-0.0245394159317144,-0.0177857964988549,-0.00150276832284968,-0.00414294895488332,-0.0144667875108919,0.0144965175060573,0.0055061315637849,0.00856103415640612
-0.0435357937625764,-0.0147491446599656,-0.0333320537201757,0.0577706857949944,0.00199459597621487,-0.00997509286608759,0.011417091316142,0.0161591564241992,0.0114343189190821
-0.0487196835184247,0.00633075535711514,-0.0170077398369993,0.00609873694756057,-0.0158996734537116,-0.0548796521481182,-0.0125747460214923,-0.00587659191021911,-0.0100721322828981
0.0131854771477495,0.00307177954775741,-0.00234652794818946,0.0132302086272689,0.01200542291945,0.00712388831207753,0.0233031162506212,0.000985973547488174,0.000470032200897947
-0.0183715208356733,-0.0173498389354319,-0.0321742967319255,-0.00478900159677681,-0.00635739655836759,-0.0485034619860775,-0.0119022022724557,0.00883106779600755,-0.0235634056428342
-0.117774819648716,-0.00404748722159695,-0.0178337437473225,-0.0379340760469415,-0.00229316177620789,-0.0793433084402345,-0.00760569869414552,-0.031671012622328,-0.00238009679375778
-0.0218021933867759,0.034571307171672,-0.00158337024145945,0.00491524628158118,0.0178194365949303,0.00503998667443101,0.00219638437646494,0.0062995744301864,0.0364051125535943
-0.000946221163347525,0.0052564761209002,0.0087897665505313,0.00111891586711866,0.00310215279989515,-0.0135426240312461,-0.000490156937362406,0.0213913942793321,-0.00635477211718611
0.011155781739902,-0.0169801849192644,-0.0139950772573751,-0.00344684474934687,-0.0162509387328648,0.0107447333436286,-0.0013255658605838,-0.00451400273558201,-0.0274044248884405
-0.0804698121643211,0.0202512679073829,-0.0619670547924092,-0.0164776239855333,-0.00695757049128253,-0.0693128162006906,-0.0249911563942452,-0.0354004841021208,-0.0279486294532611
-0.0268090761100055,-0.0222670355068781,-0.00728565619918356,0.010232574562871,-0.00484194471576184,0.036490559899429,0.00879988876761627,-0.0030779765003172,-0.0143630584196714
-0.0491008902381046,-0.0159571720320027,-0.0367044686002979,0.000428257104164865,0.0114050372637245,0.00209932687831976,0.00586303892895417,-0.00212384547996507,0.00421962213087803
-0.00736344292241711,0.0157039853553401,-0.00399460881983703,0.00882163463898103,0.00741816627068334,-0.0447043718786847,-0.000179259871595246,-0.00951819177259865,0.00152907925695003
-0.0128628539458321,-0.024170935773264,0.0116069915751959,-0.00853294500864222,-0.00852562695935672,-0.0108501414566162,0.0022960243763848,-0.0160481040971755,-0.0126071498400173
-0.0143649435957906,0.00633316063238888,-0.0177818992052844,-0.0170121031344082,0.0018485808478666,-0.0709301068908706,0.0103578784715054,0.0185062815592419,0.0106891873313668
-0.0642649593270001,0.00600301763743835,-0.0233605637983921,-0.027285563656983,-0.0102415163333871,-0.0705618187501502,-0.00511308181599104,0.00140776513658811,-0.00452540172396984
0.0154696176971558,0.0336607755387572,-0.019783669702541,-0.0124018743211793,0.00122897526729171,-0.0190484352497443,-0.01131613290375,-0.0135566082805913,-0.00246325036861671
-0.0626575909179466,-0.0211899552230673,-0.0262156442917581,-0.031462088278904,-0.0062836725045057,-0.0602833217913089,-0.00333001306967313,0.00926022786447507,-0.00691218356867972
-0.00418947836026436,0.0151212041245774,0.015997403768583,0.0293831840092315,0.0126617782005587,0.011635566101917,0.00637769989754402,0.022240964136321,0.00688020016896522
0.012873928933819,-0.0279982136335239,0.00704762533919405,0.00814123542617947,2.93184050142138e-05,0.026898174963759,0.0233109304436827,0.00813676882631772,0.00383662857331673
-0.0608329761199847,-0.0315520691191704,-0.0373861391311617,0.0160663145675927,-0.00568673303956382,-0.0831938011812967,-0.00614299654937196,-0.00867629696037883,-0.00161094891579951
-0.000280020090108659,0.006669633105987,-0.0191306836784052,-0.0275321200925831,-0.00364309248979933,0.0148890229935365,-0.000949014751463952,-0.00343213587089061,0.00141558855175254
-0.069856144034876,-0.0420529450118486,-0.0458523304333993,-0.0275827337116449,-0.00725516601782419,-0.055928783106737,-0.0338081273833265,-0.0441032378945013,-0.0136960138147361
-0.00690127542055868,-0.0417110199045213,-0.00714655478953526,-0.000849629091373739,0.00479880961227997,-0.0200448489981144,0.00946006968215736,0.0119694997831208,-0.00100257444456763
-0.0111266705538135,-0.0417787962521528,-0.0451545453375731,0.0227761486472907,-0.00511539802187848,0.00442745428657445,-0.00658347616242443,0.0195815998976366,-0.024870151776432
-0.0456501307114082,-0.0532093333100892,-0.0373503401903856,-0.0408549507006304,-0.00011422606484951,0.000323302461975808,-0.00332770789073612,-0.00525753370946747,0.0021736306555677
-0.00508879929494946,0.0228175218051866,0.0322255841070548,0.0137234291126388,0.00154465166586777,-0.00711307215807257,0.0152728499041943,-0.0126570481024176,-0.00944846955768781
0.0251743443477512,0.0337833856232939,0.0160594902911369,0.0241334631276491,0.00878436846320364,0.0196362757741128,0.0300825029086295,0.0328135395222758,0.0315925109153571
0.000990579800424443,0.00300403417273341,0.00862849157176241,0.0435511695674273,0.0128968070659871,0.0171872943460852,0.027490312860186,0.00797499333233118,0.0350824988578028
-0.065573795897066,-0.0136219745811336,-0.00491831111758708,0.00868567046447336,-0.00765395906436851,0.0105530164432805,-0.000267115039192581,0.00902544107503406,-0.0165466645382679
-0.0255332080546403,-0.000741594936068604,-0.00642122959781779,-0.0309315244432165,-0.00647413180749891,-0.0170960711906964,-0.000537430901460207,-0.0275958243253033,-0.0010608629006921
0.0163474220545013,0.0138266588102813,-0.00907495618509468,0.00985510615199261,0.0121718333468539,0.0341017237907396,0.0143298000187304,0.0189057269758512,0.00990735233275624
0.0024059608082932,0.00922040368791227,0.00239146471340775,0.00292476371737734,-0.000974476877444964,-0.0141015467482322,0.00776055029103426,0.0103783034878205,-0.00267087055853125
-0.0358057796777696,-0.0150325400563534,-0.0116143290742743,-0.018480701295451,-0.00870646169018246,-0.0397023363585194,0.000773327825779861,0.00296822545654358,-0.0084431985537566
-0.029859422465075,-0.0175923589875721,-0.0421548967785664,-0.0177277169377961,-0.0121552929062135,0.0163980797814743,-0.00268139768548336,-0.0163826204868578,-0.00410370862424718
0.0457179429382064,0.0333504595404397,0.0342036387509841,0.0413689664567301,-0.000463422040032409,0.0335985519840838,0.00498214622896404,0.0306255356267599,0.00164919947701989
0.0776267960917714,0.0110800913511949,-0.0037832310319175,0.00707476941537347,0.0179210618770073,0.0738781811138697,0.0205375706635425,0.0361800235842178,0.0324472023194075
0.0230332466521481,0.00898431854250988,-0.00083790677996933,0.0342926863567375,0.00707042454525777,0.0120303009878576,0.00573691902982619,0.000677494907722643,0.0015320638713962
-0.0331782300371691,-0.0257511919200229,0.0243797631313174,-0.0410859882243427,-0.00467912514094276,-0.0329929729572547,-0.00648047489238421,-0.0287817197859725,-0.0318527470710964
0.0118183081093023,-0.00845433086840404,-0.0124942212405978,0.0278410653290431,-0.00649715898839927,-0.0260872503156096,0.00461789977658067,0.006587315932819,-0.00106710829160205
-0.00225810545115508,-0.0395469006197923,-0.0354260341679459,-0.014846936959078,-0.00687063602585221,-0.0852701035781629,-0.00549890961387004,-0.00832385366186103,-0.00732382881713245
0.0228738748985382,0.0152448356039941,0.0306508121549983,-0.00680044394522631,0.00351497304118503,0.0152181718133754,0.011685444380314,0.01959876759201,0.00426086775717248
0.00969553408916564,-0.0175957981210377,-0.0125426716387152,0.000493798451013295,-0.0168515311953809,-0.0176451750529965,-0.00552594367504664,-0.00550725632152714,-0.0169183277064488
0.0247186473768879,0.0405619785140829,0.0109766157796081,0.00536718413830761,0.00501205263488712,-0.0286392507235061,0.00890627047170612,0.0073007760360979,-0.00349754694791845
-0.0234289392597302,-0.013839681300087,0.00681473618982745,0.00669146224358179,0.00824823387100423,0.00307314711243813,0.0382691505023007,-0.00343785528225638,-0.00178457700694349
0.00388774314819712,-0.0260989559782807,-0.0232439014027743,0.0143197096572895,0.00487109804709468,0.076671228039173,-0.00469566774243312,-0.0182535387884852,-0.0257890295717553
0.0353056826317755,0.0377074232212308,0.0363793613217414,0.0362989894411364,0.00628232753491221,0.0185668181034122,0.0124190901685404,0.0237275840291583,0.0233144263601919
-0.0523855455353862,-0.0170052053880402,0.00405471678833774,-0.0134560785412568,-0.00557266143997413,-0.0183923615901503,-0.00684729475339054,-0.0244979759075676,-0.028401689992796
0.0621077280989598,0.0133080428675689,0.0195660775488845,0.0180521190902429,-0.00238347971466235,0.0173885261250173,-0.00885226708475507,0.0106472940640215,0.00115462007977034
0.0554152359346104,-0.00130180575448646,0.00353875206223845,0.0462773030169491,0.00208683743333456,0.0256843246114252,-0.0169007390957883,0.0316313514136662,-0.00711246045670097
-0.0015424708049865,0.0157777280601894,0.0121404432819916,0.0285125897951708,0.0131994719927749,0.0153828116515233,0.00893235041690475,0.0346786185309935,0.00917352866467677
-0.020889730457412,-0.000126824768555739,-0.00752890669115451,-0.0121381040637185,0.00172883270318436,0.000797965459938435,-0.00830113702739045,-0.0127782056831481,-0.0112721141513071
0.0265405458090126,0.0122773167722778,0.011495689496018,0.0198939846233621,-0.00943932976095235,0.0496398582839641,0.012010554445747,0.0204371814195044,0.0113718932816991
-0.0352794552368176,-0.0109391834190497,-0.0292780034667321,-0.0435700006662358,0.0270513715797186,-0.0681093505679174,0.00691613716007003,0.00277651236966565,-0.000925433694901994
-0.0311185954848719,-0.0158835223088002,-0.0230412725639378,0.0224156680691841,-0.018067891577307,-0.0383583043453058,-0.00587919622513968,-0.0165832959519871,-0.0238904862260139
-0.0176994524683121,0.00986366452236978,0.0181845737897775,-0.00191557161429781,0.00170255755140548,-0.0318645354478514,0.000114255825763164,-0.000596400887681588,-0.00476121213821654
-0.0432824719221019,-0.0187089999241571,0.0201936109422425,0.0317793842085415,0.00861674528596203,-0.0384770402344411,0.000635329910599845,0.0361399056163879,0.0166943983296543
0.0177084482756344,-0.018443744066466,-0.0151886607226622,0.00394768641721312,-0.00497002684362362,-0.020273035141843,0.00579575188284398,-0.0069228253606347,-0.00804379218378523
-0.0167592377698729,0.00524695195302773,-0.00323597117100863,0.0124431236964199,-0.00144162752792946,-0.0316400206224024,0.00526613818509539,0.00572848841984308,0.00676164500396564
0.0631210276691811,0.0473538816921956,0.0344154169367565,0.0240855206908889,0.0197111492773574,0.0389487381198119,0.0157248662265371,0.00305898688736543,0.0374927906218131
0.0455256315207759,0.0199084009858868,0.0228001541037763,0.023954058320319,0.00939934244636763,0.00463358690745254,0.0112864774266581,0.0237936306711494,0.0137817904434237
-0.0125739752755038,0.0159466095866727,-0.0200020789929635,-0.0108030352179702,-0.0146135895433479,0.00862898895059396,-0.00425336073376284,0.00284363536778952,3.60796752767724e-05
0.0742545976736927,0.0617466974033594,0.0487615380680731,0.0596010266131878,0.00814929577517404,0.0867317184335759,0.017416808862878,0.0237249896193851,0.0253432099187873
0.0549582344933324,-0.0158203002030823,0.00959955141037978,-0.0111558494007104,-0.00494205131827819,-0.0138126850749433,-0.00696782539459583,-0.0218260909427201,-0.0152474741257065
-0.136887607243661,-0.066636504003738,-0.0509155258240439,-0.0436978807327917,-0.0335683684983882,-0.125756060423824,-0.0163566329179439,-0.0381978315003074,-0.041171864229945
-0.0149338434962743,-0.00460052982428639,-0.0304943868443415,-0.0112883573613345,-0.00267733406660108,-0.0332676332336845,-0.017768108939759,-0.00270715628620299,0.000834720994262275
0.00851383145171014,-0.0180083828565918,-0.0424685447013424,-0.0151087613914385,0.00108430024039058,0.0141697283507582,-0.0242316086370507,-0.0115961341793598,0.00551986072689664
0.023305916574532,0.00196784457828703,0.0238658491300363,0.0367748913349143,-0.00697987118290531,0.0671251856150103,0.00320563822626977,0.0223046427652976,0.000750902017360708
-0.00737683269112459,-0.00604822059870978,0.00384779115323605,-0.00182233589362167,-0.0137149802918838,-0.00296664659820258,-0.025903240724677,0.011424030952077,-0.01538499705687
0.0253530162069706,-0.00782971038512815,0.00733175636787236,0.0161993563505572,-0.0163984193588203,-0.0470053806613955,0.00503361253093892,-0.0019615515897304,-0.0281505148836496
0.00556401896706224,-0.013479970493239,-0.0094190962060192,0.027826726275008,-0.00356355385661282,-0.00755379853485417,0.00486755805210514,0.0262073135569576,-0.00195310698511692
0.0410744037690715,0.0429533137518459,0.043591023348705,0.0377478456216288,0.0333885385480389,0.0387119415952226,0.0250170620114861,0.0241934987003265,0.0406501695085738
0.00820732049112345,-0.0149815317869072,-0.0344969916689557,0.00399709871747737,-0.00383299156279561,0.0030600399662418,-0.0194165311567438,0.000361187097645329,-0.00545819969553755
0.0543429366675097,-0.0433021791542571,-0.0181312674366193,0.0144619486492045,0.00470315814588191,-0.00389207928638786,0.00537204903668241,-0.00132431099842043,0.0173538908917238
-0.0130699961980226,-0.0130009266026256,-0.0398562823521797,-0.0216108624960425,0.00823108249262106,-0.0255433426721945,0.0126414114697131,-0.0129388293176014,-0.0154901469422406
0.0189250709741612,-0.00899398552563506,0.00378884795281037,-0.0129993140953537,-0.00673024533777342,0.0455133987722183,0.00203692484027513,0.00890727627193543,0.0150019544133153
0.0861658322256884,0.0229771731366848,-0.020627348140692,0.0607718546104487,0.0118964923726227,0.0574185095864789,-0.000632958394744065,0.0152278980653106,0.0177653177809267
0.0285049185156196,0.00694041788995774,-0.0112571844356263,0.01190362795035,0.015489894693753,0.0422628825386599,0.0075990670898243,0.00803066027347418,0.0143340510411703
-0.0489141362352689,-0.000750021950668706,-0.0108963512634957,-0.0272880361654693,-0.0111340327450474,-0.0675744007688952,0.00814985720800566,-0.0113353399289089,-0.0171933953521195
0.014613813226493,-0.00551084928953121,0.0205432276838054,0.00209149703175398,-0.0224737176166146,-0.00734583699618526,-0.0107470637580678,0.0101791098488413,-0.0113255769657896
0.0110044449290479,0.0105675215545031,0.0165523532469223,0.00866776578125776,0.0062196576330862,0.013051107316806,0.00588014191754582,-0.0180330346055622,-0.000118860125459298
0.00126031794538937,0.0205881409597946,0.0176293134129783,0.0773280634964581,0.010925616512926,0.038568023880855,0.0197777001277292,0.022369784796291,0.0267501613102942
-0.0475212037605881,-0.0229657958663033,-0.0455827924186358,-0.028628154324664,-0.00171968090860111,-0.0281675176507269,0.00278729155826075,-0.00839306706769444,0.00749274695106868
0.0781042089120177,0.0227577635917792,0.0266097026447823,0.00221916335236099,0.00967085520304508,-0.00271845595104218,0.0325112667673168,0.00794951493873303,-0.0149671472969267
0.0478999700512821,-0.00490187314526174,0.0151776217932286,0.00298165710931316,0.00786472436881957,0.00656952370790992,0.017146801579792,0.0115500578342006,0.00503176641778871
0.0140994770975441,0.00955945531047811,0.0137006019548965,-0.0266796105750268,-0.00585048850267449,0.0457324001284677,-0.0414668611216884,-0.00159517314180587,-0.0259776291853066
-0.0486268113194447,-0.0367806535782505,-0.0287402082106342,-0.0361886028131713,-0.0144461266649791,-0.0308682203884789,-0.00704612528980552,-0.0192719862293767,-0.0149484000064684
-0.0240551918825998,-0.0253270849004835,0.0103971729918712,0.0129414109540149,0.00803627343102555,-0.0251908750912513,0.0188864120290046,0.0123183249383536,0.0182806223287675
-0.0211784690259282,0.00180083004967635,-0.0386550480036734,-0.0051627897699086,-0.00211642511805305,-0.0498779489677401,0.00698819759239758,-0.0138203500194995,-0.0272409888269085
0.0986823955860217,0.0664855454892773,0.0437443494903842,0.034973974682434,0.010178317193944,0.0548216421128595,0.0156789791374132,0.0276661096797045,0.0238518093392761
0.0505704537939619,0.00477898236400065,0.0153948241247549,0.0108861378308081,-0.00837032914801833,0.014863115588582,-0.0121725094539051,0.0154506918061467,0.00862889023665268
-0.0222188012480871,-0.00182058634628976,-0.0283473635042576,-0.0203084580622197,-0.0104348009619993,-0.0152983826233739,-0.00294962841035248,-0.0103423783118184,-0.0141227602766451
-0.0382838612869913,-0.0442095135998972,-0.0305374955530991,0.0106040349137276,-0.0240773332015548,-0.0308306902401995,-0.0192902184180302,-0.0173131254416816,-0.0212536144705888
0.0410814762150499,0.00262717330231505,0.00137092439787075,-0.0178151979723525,0.00600781030708904,0.0135033723309453,-0.0114274729352422,-0.0020283129291028,0.0110220829962737
-0.0134442532018812,-0.0326949746038904,-0.0114525763347215,-0.00931481557406553,-0.00493973924346818,0.00332832571398674,0.00418240374156792,-1.40511904966001e-05,-0.0220866797813598
-0.0377124151099643,0.022504899870693,-0.00426848476581417,-0.0313057383835502,-0.0297344708175249,-0.0406610215648235,-0.0229136456286417,-0.0384566843816779,-0.0333170560663268
-0.0446852138845227,0.0173434169883697,0.00312660343746175,0.015106794065529,0.0020094068127798,0.0442736275252833,0.0310489345904991,-0.0119825097360311,0.00492152296555973
-0.0415488018082308,-0.0012304369493019,0.0100688127550737,-0.0139193715402503,-0.0234861185149431,-0.0329639796337184,-0.0323899311811261,-0.0308719890409829,-0.0247224184913357
0.0253702779045894,0.0420107366713962,0.0311668420747559,0.0816621312135292,0.00419255537619144,0.0227800035412635,0.0239786586846741,0.0338389771118345,0.0197147838796549
0.0639954476320215,0.00512533578005335,0.00789163825104495,0.0243524424017952,-0.00199599713493837,0.0101984005447773,0.00397584215782398,0.000728551650819305,0.0124234398706199
0.00272505461453274,0.00476060925718631,0.00233514142700819,0.0183918287965884,0.000339934075553399,-0.0228517353866002,0.00859134136813532,0.0030300432507693,-0.00905706608854947
-0.0379964227116873,-0.0144384053152497,0.00949553297700031,-0.0306004721523539,-0.00537363929157985,-0.0326351164450763,-0.0286640447953618,-0.0256055947404939,-0.00979205138683289
-0.0438067608816878,0.00234358757896112,-0.0120727499698746,-0.0172122987501031,0.00353171775573448,-0.000181570193147203,0.000241548438821955,0.00410324655346644,0.00407694221781042
0.0394362444644462,-0.0604666714646667,0.0137778528361221,0.0340213355444237,0.00819740074560924,0.0117930019516088,0.00799626821868034,-0.0037110368463749,0.0123767742160036
-0.0590573533572323,-0.0181623146511648,-0.0292291117719461,-0.0120429850423801,-0.0190671415534364,-0.060158377400569,-0.00259667288527298,-0.0202354669859192,-0.0351015915596731
0.0519571824379089,-0.0011426437915712,0.00445512718737736,0.0428629182932409,-0.0192601548308269,0.0536522279531927,0.00326437217456882,0.0129333977978147,-0.0284211385110635
0.0717547311881082,-0.013963719253289,0.00302303295824373,0.00999479813060528,0.0029957677748363,-0.00845658175395249,0.00911509172994789,0.013137809217874,0.00320765930660502
-0.00949065582909024,-0.00895536629957929,-0.00297396797486275,0.00579527407390193,-0.0122873756230977,-0.00529157446437891,-0.00584286239249341,-0.00603347993392262,0.00285384418753714
-0.0182218045713693,-0.0298130884671024,-0.00556423896918311,0.0244953058861462,-0.00150892305334048,0.0106602889425797,0.00250029244365742,-0.00141342277943903,-0.0138246415626118
0.0432836126656955,0.0385328948256309,0.0362827924331549,-0.0046237038107916,-0.0180340580333773,0.0607013737873765,-0.0238418224645874,-0.00304258022227691,-0.0114284737905971
0.0333675058079043,0.0182634042206378,0.0331893832728208,0.0356411934136929,0.0023557733057331,-0.0264167347852918,0.00926173400380546,-0.0137309363367495,0.00402616238380157
0.0776640924374706,0.0488587770534687,0.054672627920365,0.0206290417032122,0.00772287370920797,0.0729751497686233,0.00808047415102035,-0.00508331142894644,0.00772295479110527
0.0496721983673543,0.000656757086178108,0.00515373787390415,0.0179077003373461,0.0230584051451335,0.0576375678923925,0.00552904607186526,0.0114711375533485,0.0135645536260779
0.00938416609959754,0.0525462097552961,-0.000760462066291947,0.0872897702438194,0.0309846611925002,0.00827973524589542,0.0605267074081199,0.0454065084326215,0.0444923051687842
-0.0054632533047934,0.00563546938678175,-0.0132475712907464,0.00410875017266726,0.00949916342230512,0.0230680006699917,0.0141223402029291,-0.00876704681699799,0.00361911351184212
0.0398166395305877,-0.0477397654107111,0.0036595493354509,0.0105175576656614,-0.026240029705491,0.0342300700500054,-0.0135134353821008,-0.0254635418327503,-0.0207534485731905
-0.0244716622691021,-0.0302051583238041,-0.00488465443663565,-0.0060610610099698,-0.0263059920234795,-0.00474241701545059,-0.0139827037836102,-0.0124543898523324,-0.0275393505229013
0.0107270250227944,0.00550937359577967,0.0337952607721014,0.0145899958410722,-0.00614041902179266,0.0181459908343882,-0.0166872948853674,0.000642867477764737,-0.0109436593170265
-0.022184686594054,-0.00338873625809653,-0.0336296942885363,0.00399969379659162,-0.00318176429979773,-0.0106324446885923,0.00358519467160661,-0.0078188318836196,-0.00488630125550736
-0.000323597162129186,-0.0156373256980245,-0.0116670019930274,0.00322505936605105,0.0099406422044301,0.00149581492613219,0.00635727046802378,0.00105255168970828,-0.0208535282046316
-0.0101617860527095,0.00975498039292111,0.00145477663006133,-0.0204073574095552,-0.00340055371608289,0.0153965643183781,0.00948444187324956,-0.0029227534423538,-0.00159451690921602
0.0101973293484798,0.00953437807943635,0.00395621040688028,0.0137115589062373,0.0042784425517175,0.0122023190526902,0.025346710949728,0.0115759238442803,0.00663352747683954
0.00121374352535824,-0.0241449368182941,0.00836461002763263,-0.0187228425823621,-0.0141916359776729,0.00806564059328891,-0.0314818669433762,0.00256376976437694,-0.0147345384876649
-0.0230984466063627,0.00212571692980478,-0.00332773427548173,-0.00540485083205638,0.0114388405504815,0.0280096590642023,0.00239323993279262,-0.00698663638249823,0.00443395997842051
-0.0437724335906855,-0.00115090389612622,0.00930786028071428,-0.029534334751127,-0.014150747619481,-0.00684626833379741,-0.015178020389222,-0.038303565256319,-0.0239397125962586
0.098202182510085,-0.0108535319306444,0.00645569033991864,-0.0157380612825331,-0.00525443878078641,0.0553677331261113,-0.0195353191306544,-0.00471579425422596,-0.0136591651848771
-0.00945547442102752,-0.0243743882786688,-0.049814643106388,-0.0194582856122537,-0.00219312228170854,-0.0353131132413827,-0.0373654307900727,-0.0111384009301545,0.017684903790226
0.02174209692552,-0.0167885383389077,-0.00407113566165549,0.0308088614552206,-0.00925349391988399,0.0357310824069411,0.00664006359170975,0.0040538461349878,-0.000138293186581228
-0.010079757522324,0.0105029278678034,0.00447152639720074,-0.0392444724365718,-0.00296844624818513,0.00125730754408401,-0.00845156548207333,-0.00891278142519806,-0.00134883566328455
-0.125882764165912,-0.0607315935289069,-0.0109226213960417,-0.0745939589894823,-0.0102960608851057,-0.181608231523795,-0.00830520633665188,-0.0118955967645744,-0.0188567057956444
-0.00980996189149386,0.0176799119495324,0.00371806100510078,0.0135666191309066,-0.0234881315394035,0.00392382331584959,-0.00298067192210562,-0.00355814938484655,-0.0293877802184796
0.0203373471571793,0.0202140113420411,0.00752492323020965,0.00637866093139489,-0.00126747077740066,0.000246724681685882,0.00238537429182397,-0.0136820403905682,0.00920225950283591
0.0183937908164262,-0.0105499815080089,-0.0156287851701588,0.0260984325857422,0.00345352535901011,0.0436556290783059,0.0073044765882399,0.0179182513975196,0.0136049309979191
0.0749956273561208,0.0150580064225301,0.0134905179657416,0.0336837893763724,0.00648666540936345,0.0697642851613261,0.0356455159460693,0.0221760376395982,0.0456111443827357
-0.0270823284238178,-0.0205168042940365,-0.019695131867212,-0.0440857289685317,-0.00121431739216543,-0.0279651061890684,0.0071482457797788,-0.00705674297432429,-0.00162139867565892
0.0204571841895251,-0.00202900928543004,-0.006496380645132,-0.0056070109307542,-0.00624039225681002,0.0607947587457396,-0.00896626912659819,0.0210111422496425,-0.0152705763537977
-0.00245491147435799,-0.00549097579016977,0.0115597329677674,-0.0026724739247504,0.00678400244350086,-0.0258547499649091,0.000123802922612867,-0.000306218862382311,-0.0065093332206266
-0.0505008398058608,-0.046770151652139,-0.0219437422988032,-0.00593410792043108,-0.0187108582585851,-0.0490805111638726,-0.022121587521865,-0.0104623681709972,0.00772262810536479
-0.0196878232047172,0.0129886977216137,-0.0209341502573606,0.0122417531854894,0.00500888832718449,0.0498926550508604,0.0220448551431147,0.00886022144881696,0.018638093354328
-0.0541581008727578,0.00827612094012368,-0.0140034636604608,-0.0355945968465582,-0.00471579374221131,-0.0423193560972141,-0.0245299379228529,-0.0227190608406828,-0.0101539180138599
-0.0690095788028259,-0.0371553500852941,-0.0661526029168512,-0.0383823048588607,-0.00739199382521784,-0.0261157426996823,-0.00745516454890931,-0.0161903485950579,-0.0137962825707656
-0.0472700967774977,-0.00841787578849751,-0.00560972669404211,-0.00659044054288759,-0.00833180000289003,-0.00615169319811265,-0.00339639321103037,-0.000608105236634922,-0.00540251847839376
0.0145826239267104,-0.0228939721024207,-0.0218391799592946,-0.0114834205547321,0.00209885586771664,0.0164556545655614,-0.0040562452743062,-0.0126843756978599,0.00545909819913292
-0.0713909901140416,-0.0362020171656908,-0.0457785593738449,-0.0396000884457077,-0.0254311573105399,-0.0873685826900497,-0.0323172006514806,-0.00461587141732568,-0.0291174319473194
-0.0197276816822417,-0.00693919482604631,-0.0111610941913817,0.0198528381217489,0.00151468136939379,-0.0100831102411617,0.0147468759079162,-0.00124452554693975,0.00145358342652454
0.1269240391937,0.0414136495443718,0.0320080938719096,0.0167754468296482,0.0139437758190892,-0.0843100014543736,-0.000411955135682665,0.0250958787444222,0.0366417448419585
0.044355066479682,-0.00493441503848372,-0.00771105796530617,-0.00153587402937415,0.00712781806905752,0.0391261385272647,0.00742140250046278,0.0175182922698526,0.0125390311415535
-0.0160347170724274,-0.0398815411674997,-0.0231298296973001,0.0114473953219882,-0.00609094727111632,0.0231287910630265,0.00626810184151836,-0.0125264741482413,0.00105276333121846
-0.00349877750809631,0.01648510555885,-0.00365411532372313,0.00311624405094696,-0.00527623746100813,-0.00810086650814517,-0.0111257630039914,0.00134065510068395,-0.00221342732604423
-0.0543176454356493,-0.00610576821514359,-0.034295228575793,-0.0361200096143899,0.00214555706393636,-0.0749901112830424,-0.0170453997449642,-0.00215017951825995,0.000618167699590659
-0.0384026754741461,-0.00331354994869184,0.0191012631147435,0.00459617041088341,-0.00312786340094483,-0.025319060397835,-0.00231706347635866,0.000995276226042551,0.00126709376652668
0.0202147369047282,0.00891248305071064,-0.00201629284969881,0.00481085625751416,0.00331234932863029,0.00211622654993782,0.0124592965445061,0.0297167634900633,0.00822473135419555
-0.0577329458908812,-0.0214657253785554,-0.0113171108328615,-0.0478567040995073,0.00556142276485439,-0.0305136924875987,-0.0142220374214395,-0.0227796417608343,0.00691985728050986
-0.034192518845902,-0.00732239804133077,0.00578100110510402,-0.00948663860088304,-0.0135161960531064,-0.0264838921821878,0.0018383299636886,-0.0104704036020283,-0.0243213555782932
-0.0320069517799164,-0.00126583648207875,-0.0460668642629335,-0.0176797494062092,0.0135944162402358,-0.053820496646131,-0.00105970925075842,-0.00635360948403848,0.000137378752696381
0.0268052372304673,0.00961053331495496,-0.00102170954186589,0.0400553292476747,0.00822895982855152,0.00229394943723161,0.00858554679576563,0.00840875905708695,0.0201687348695696
0.0338797138931698,-0.00947996716254192,-0.00643596662968906,0.0137762293587832,0.0275087480085356,0.03104287944083,0.0413252948055524,0.0227818546951698,0.0252713582514161
-0.00186156285051066,0.00170928771710814,0.0119343814465869,0.00272205657115308,-0.00679449310144698,-0.00953196222946062,-0.000760781979215537,0.00304704030223744,0.00315190440057397
-0.048307145438855,-0.0291504771771369,-0.00323128106524942,-0.0219434922079046,-0.00792279515146203,-0.0616787235270956,-0.0270851763363938,0.00684257594457278,-0.0119875130518944
-0.0115336729370958,0.0278587425427028,0.00202519367941151,-0.0110301681750634,-0.0187355813024408,-0.0271050809491683,-0.00766239402690077,0.0122865761732317,0.00939980255496576
-0.0306133212447867,0.0074017518677033,-0.0156917895527069,-0.00632929461204728,0.00805811392900918,-0.00204094474413214,-0.000493835254256148,0.00898053909702784,-0.00998304017657706
0.101934405564449,0.0424232770764834,0.0429176069798576,0.00780742984482412,0.00712388172952985,0.074635854233936,0.020762489376937,0.0191675141186543,0.0128786961152717
0.0520390918942971,0.0382748787525963,0.0222834131700304,0.0292351766694524,0.0100644262693628,0.0812755877587896,0.022238001034095,0.0210542992533199,0.0384163693025731
-0.0159195624433194,0.0369602201929954,0.0166683116373651,0.0133626596158421,0.00740469130660665,-0.0377523715156411,-0.00458600897685435,-0.00736474280265566,-0.00900170335330977
-0.030805853973876,-0.0318367508748772,-0.017768820844944,-0.0021657700879104,-0.0138301687601127,-0.0377581820881555,-0.00805929837346626,-0.0162094514465008,-0.0132246585577499
0.0226539392457308,-0.00519885849507361,-0.020854074792504,-0.0126690852912254,-0.00626423952756857,-0.00569409979295449,0.00148822387531544,-0.023360805285163,-0.0137875985893742
0.0166736733989104,0.0335593829719761,0.0425397983486628,0.0321190365336282,0.0008076981924989,0.00799681057530973,-0.00386225295557081,-0.000184775759880678,-0.0152675183486679
0.0481403114952669,0.0226529836577636,0.0221289955846532,0.0034293157042599,-0.00278587388543017,0.0165067191994062,0.0199628487122217,0.0137503567595107,0.0215245693012881
0.030931857579273,0.0469964323945098,0.0276441202899533,0.0487899775883764,0.0221495782617275,0.0751808710756826,0.0248024730827389,0.0196088119158657,0.0325980758124122
0.0384475234625408,0.0347559707219519,0.0433502480088428,0.0538443314012069,0.00627633446518508,0.050909588244494,0.00601284051616626,0.020823609644742,0.0354156656336165
0.0788780836583938,0.0275029030243603,0.0500272601049249,0.0211386289455511,0.0108412359936426,0.0970071257353944,0.0100014601335065,-0.00830185246752256,0.0238467514144889
-0.0219799744447337,-0.0389520958764741,-0.0296371180833031,0.00446084970029885,-0.00708580556821803,-0.00983182596414867,-0.000392881106793617,-0.0236781904852763,-0.0152600466169322
0.0232271664657538,0.00392980107927627,-0.0208696952160799,0.0219310499906591,-0.0170192638288142,0.0426405612322509,-0.0123271285568638,-0.00061393360414176,0.0141916269815798
-0.0153113467514411,0.00429025496648911,-0.0248628017694307,-0.0119699750127288,-0.00107336975283182,-0.0126623640125857,-0.000505752933988509,0.00646318414023444,0.0236501571463783
-0.0111318071762415,0.0177224991437165,0.018086032045486,0.0195147240820219,0.0197231885702542,-0.00458278870289208,0.0156230447079766,0.0159037229044443,0.0143856202333066
-0.0419747457438777,-0.038949259792945,-0.0163643854057055,-0.0267143643246835,-0.0158991845042853,-0.0393938618417516,-0.0189622380152108,-0.00376338675501284,-0.00878420587815198
-0.000213166405116626,0.0302895034638786,0.0152618355373869,-0.0256980800954387,-0.0196207715470852,-0.00419164370542366,-0.000786043717150807,-0.0202703578032153,-0.0130465735490453
0.0333437703891973,0.009850026319911,0.00145371768833868,0.00326641963706586,-0.00830567582622167,0.0147960453228333,-0.000755436101247254,0.0207550069684551,-0.000172872236596397
-0.0157741232249905,-0.00923352991924745,-0.0097530380056864,-0.00297740323280365,-0.024412260049626,-0.044384726294688,-0.0220130065567182,-0.041662476287833,-0.0423268561156147
-0.0756970455045824,-0.0139571165869147,-0.0304453354586916,-0.0168394130676626,-0.0149376767380158,-0.0524983978235192,-0.0179966002093399,0.00215859936122737,-0.0157810777166641
0.035064556725294,0.0133264316659751,0.0027558921478703,0.0379263908560034,0.0341329069781561,0.0197371843068694,0.0227765932352482,0.0312168084615808,0.0391560104155666
-0.0917650154086337,-0.0365015598114084,-0.0725340349964227,-0.0650721545417011,-0.0217885409728433,-0.110411460948855,-0.0177542031722879,-0.0200783202132393,-0.0132479611612511
0.100255379931411,0.0183004463338949,-0.00432574581514709,0.00479654240463477,-0.00835566671780269,0.077385699123356,-0.0126557881037408,-0.00569863363459606,0.00100031832831764
0.0966537788407984,-0.00146147809120103,0.00688158701684737,-0.000119387904062036,0.00163067241150507,-0.0198720177138526,0.0129206307762145,-0.000407084276224515,0.0216194851737602
-0.0681838357569395,-0.0622364569100008,-0.0733845443472287,-0.0303642172195188,-0.0350301405796569,-0.0517325828432968,-0.00855269215189813,-0.0409938577570086,-0.0539732529740299
-0.0758188783779354,-0.00364521182281485,0.00484700918455504,-0.0115054071047827,-0.0255383805428907,-0.132593437998704,-0.0359663047739884,-0.00750131133432733,-0.039138137127864
-0.0823461544920073,0.00820464087939563,-0.0219381173588657,-0.0529458738295716,-0.00087465913524129,-0.11184382775239,0.0124183194181251,-0.0276800496217887,-0.0176139956008642
-0.0415206107761858,0.00155143784457803,0.00200809004268986,0.0305157197706638,0.00926120220184981,-0.0334258142807626,0.0118617287801257,0.0383985343821071,0.00519583108634304
-0.0163153977131199,-0.027755124566881,-0.00889333424586207,-0.0152665961112427,-0.0159738998495886,-0.0427521852666691,-0.0301174888170868,-0.0345871079027224,-0.0135042370164961
0.00832711486403433,0.0294460783476293,0.0212560994506861,0.0126583742259483,0.00918951560781653,0.00497941631255369,-0.000933444947405896,0.00221382858528595,0.00425559743110474
0.077777993154393,0.028787158051762,0.0342083065744644,0.0146750706678587,-0.00582586123911385,0.0269729778043868,0.00526084959853806,0.0125795233594025,0.00730883735244527
0.00256097681639511,0.0099268423306678,0.0109011162812616,-0.00418557330013537,0.00469980283598618,-0.0240770475559083,0.0103708591842482,0.000286911160087964,-0.00342081084642745
0.00237567336746926,0.0237958271177078,-0.0186085408794121,-0.00197870993819228,0.0200253147943428,0.0294833038828878,0.0101174150344356,0.0135208679963056,0.0215874700619585
0.0845650551896441,0.044186514397535,0.0336844869884514,0.0367955043244066,0.00422470542726062,0.037157491838397,0.00127470274815491,-0.00726747990427571,-0.000780563497551206
-0.0780415507544285,0.0140232862604525,-0.0328444552185949,-0.0450346822129208,-0.0077239874098928,-0.0694832222487592,-0.000460026455662526,-0.00231749473552167,-0.0231276320947156
-0.0387127562917539,0.0161845117984742,0.00850889062336956,-0.0009053692981437,-0.0030381556629129,-0.0146180300057359,-0.000922441283920849,0.0158583492875422,-0.00354342380042749
-0.00484598014659731,0.0240268410393347,0.0157272778884351,0.0130697608400138,0.0094877822424015,0.0321259604962637,0.00343933600238252,-0.0328547269614081,0.0085510959971361
-0.00820932934275451,0.0199597159095102,0.00432771566932667,0.0062310684985814,0.0140876724509757,-0.0495897057150507,0.027641653946052,0.00202100535672728,0.0212458485897701
-0.0701234660268324,-0.0302762775514506,-0.0399205143463709,-0.0236020464158943,-0.00126282962625524,0.0708034902401356,0.00617880231131396,-0.035117017076719,-0.0135732079357206
0.0544299489401726,0.0270580067150598,0.0148545391836281,-0.01498886800392,0.00979394265259955,0.0443834993862825,-0.0276220207574502,0.020488669134334,-0.0026209627469523
-0.0560572565279584,-0.010203066596827,-0.0155763623033441,5.44102291342618e-05,-0.00105075950184201,-0.00706633980186219,0.00666914151920879,0.0184179517073241,-0.00437518250923469
-0.0498558528765854,-0.033747611311448,-0.0212335504067348,-0.0476513583424032,-0.00374650865178858,-0.0754612848161555,-0.0376364783461235,-0.0223451840992374,-0.0193888250694466
-0.0131913016130908,0.00554908121462714,-0.00928813717178991,0.00385935551874903,0.00185434390408669,-0.0215160162637198,-0.0107881490206225,-0.0254684810370209,-0.0126526054742983
0.0830806561912498,0.000476459521345255,0.0049753062659145,0.0371081648035426,0.0111761930835303,0.00970352923281741,0.000489089625126769,0.020231474457629,0.0309597296631247
0.0126663830445827,0.0178920557012179,-0.000665591975337515,-0.00198602015343241,-0.0184607033754593,-0.034130803223622,-0.00430462297683093,0.00268840893421216,-0.00704240967451054
0.101041951245332,0.0297673198307859,0.0182114619881514,-0.00303778288133828,0.0237371885042845,0.0620042173313869,0.0260886156854351,0.0207626479479867,0.0297544848950017
-0.030665600521069,-0.0156046285774177,-0.00815234516177075,-0.00992529045700479,-0.0170986800500368,-0.0527133178209315,-0.020082160703429,-0.00661803326058456,-0.00912852670213315
-0.021925854082119,-0.00424359646805083,-0.00607716349930294,0.00855474194613788,-0.0140312363473505,0.00326532333129836,-0.0334441993001148,-0.00137078300990978,-0.0150427864436423
0.0628260549995782,0.0411528275939183,0.0305241676771404,0.0490212345425104,0.0106292522251149,0.0564599381225973,0.016184598574343,0.0261917001368185,0.0137413874314934
0.00426255034589014,-0.00684817154011327,0.000437583115609029,0.00749059525441142,-0.0164459920544741,0.00412598930640211,-0.0028303529175301,-0.0173708582278379,-0.0145437276970772
-0.0486944959876464,-0.0430389046555895,-0.0402783120372108,-0.0424082082319667,0.0161759126024903,-0.0434517233037882,-0.00706949398453145,-0.0385351505963531,-0.00387636269594181
0.0105946889351222,-0.0231116426386339,-0.0200144333517479,-0.00802948217689417,-0.0108811750624481,0.00227554530386063,-0.00794238039509731,0.0016791775145505,-0.0129128743859296
0.00525726091697468,0.0126922499261812,-0.018438066156142,0.000632714043166773,0.00865956181100531,-0.0222286511287163,6.5700460566785e-05,0.00379782184765373,0.0111207592100188
0.00101166035218284,0.0203980178181032,0.0379097441844047,-0.0195513543210104,-0.0116847343251504,0.00332761220268147,-0.030467524952271,-0.0155443075123551,-0.0189721715942825
-0.00356297283609345,-0.00351976274233121,-0.00131825013309212,-0.000705889492079354,0.000673681695113995,0.00157985184595754,0.0023486859039738,0.00535920120876419,-0.00518682684661938
-0.0507863398979234,-0.00615830319552798,0.0131503560975178,-0.050162004433512,-0.0326308828128751,-0.0929932368920771,-0.051961455427397,-0.0359035172167405,-0.0425831067383262
0.0473947380075289,0.0110196292362596,-0.00290128382551931,0.0249175757456038,0.0039491613774728,0.0330835780514755,0.0133206610826376,0.0309732797523749,0.0119419964550091
-0.0382653506983869,-0.0321337770499669,-0.0309631805412302,0.0246391545259093,-0.019461379591479,-0.078227518163033,-0.00400904011690841,0.0108568974081573,-0.0122069687514398
0.013553448218047,-0.0212027249254808,-0.00930995124260554,0.00961402991937182,-0.00296974802687875,0.0131132840363886,-0.00344915023964708,-0.0289728148026711,-0.00381406207554858
0.0210232207096465,0.0201268140420481,0.00519673964283067,0.0512443187529958,0.00747672396565367,0.0301525830216061,0.0109751066804219,0.0256419141504891,0.0241005510015138
-0.0180626283688659,-0.0413723454164308,-0.0230913915597753,-0.0125859109811882,-0.0280030625286901,0.000273110593525318,0.0014153436989534,-0.0177626757175359,-0.0317112963998855
0.00313625515502383,-0.0253376217810808,-0.0382929641028287,-0.0235559021179792,-0.0202831059427785,0.0118984818171153,-0.0237187733686903,-0.00397142683531863,-0.00478323356791284
0.0346547178830463,0.0198951072068188,0.0208564544481741,0.0057050598389751,0.024126688312654,0.000145203227669466,0.0313194729753968,0.0473685519855335,0.0325171379133741
-0.0184207334977031,0.00717842538710101,0.0199688084478997,0.0030251228717201,-0.011429481237488,-0.0440661547778705,-0.00303219271942538,-0.00170712148286251,-0.011833326626242
0.00178995787803186,-0.00222677154303682,0.00983145302219826,0.00553699580627529,0.00726349747175033,-0.000510563817769368,0.0187938523648248,0.0064111824484682,0.0399599248846239
0.018470170027713,0.0082000272553978,0.0281883276538762,0.0168323352414451,0.00873592419561973,-0.00873881322358772,0.00199348796566289,-0.003290748897788,0.0211970019976064
-0.0793303776022877,-0.0294894786706633,-0.0371523147851895,-0.0257416328544151,-0.00888013705736473,0.046915306686266,-0.00126516744429192,-0.0117040373564865,-0.0315007482094618
0.0246800651393541,0.0271997814287765,0.00994598067774563,0.04270939017268,0.00505959810615386,0.0235158825669531,0.0183014832281675,0.0194196830789056,0.0195833617230874
-0.0201501725533516,-0.0169747681945058,-0.00876885786795213,-0.0180165763188196,0.00173517049839433,-0.0265039424953313,-0.0183484144165863,-0.00233248393487928,-0.0202012204406821
-0.0638858826940103,-0.0202798772399905,0.0124266916729222,0.0209235885724872,-0.00526515068015247,-0.0471888833034245,-0.0171565401170047,0.0140128639348613,0.00466384357421445
0.0137415241813392,-0.0117987254238014,-0.00751196275718024,-0.0235569376056718,-0.0134814463988196,0.00406063345161562,-0.00180123582264322,-0.0231133236199981,-0.0134989691264263
0.0444811812348361,0.00902485484117066,0.00924579541953732,0.0230732908731494,-0.00569094304090831,-0.00918289382203711,-0.00908571646063851,0.0159675794895314,-0.00579703824203614
0.0939219881575309,0.0479566762247206,0.0302930674354873,0.0272765527918416,0.0123632740440701,0.074836327580149,0.00214590442839869,0.0225352655808987,0.0206724126918039
0.0293343683964336,0.0328690080269395,0.00838542573433706,0.063968936254305,0.00593343626857172,0.0517704857659619,0.0183162925059163,0.00571902592551952,0.0078819699755768
0.0496026061936279,0.0156967484185744,0.00245196625876533,0.00670594459387822,0.000755988194159182,-0.0568517906982134,0.012097666378806,0.0407246258108948,0.00839012230409461
-0.0477783614249508,-0.0380953928210105,-0.0141735129995859,-0.00953217270069978,0.00123632422425662,-0.070797715844622,0.00610665778865815,-0.00544559931644438,-0.00659194299501197
-0.0138162362973709,0.0154074381959273,0.031679418174848,0.0248337266215673,0.0187152416514977,-0.0167207666937073,0.0106304152760564,0.00997930862402331,0.00842347217097531
-0.00473894608664128,-0.010537906048933,-0.0125050947136072,0.0493384670505925,0.0057001548028673,-0.0171777905029399,0.010872001132267,0.0410065697607354,0.0110825512910932
0.00500449138789003,-0.00168619651366116,-0.00869607447581806,0.00602844151649076,0.00898232759996912,-0.0507690663412835,0.0149352189954316,0.0194734068163237,0.0152491332785286
-0.0577349676204318,-0.0571570600899395,-0.00603297907664963,0.0285911238608959,-0.022060267506789,-0.0294192949383017,-0.0139777685988926,-0.00840754731087423,-0.0166418507013438
0.00700872137153546,-0.0142747519587404,-0.00610918225564461,0.00815086331763209,-0.00551966888344814,0.0444794092550745,0.00849688320366211,-0.00897174564385851,0.0124134061597165
-0.0487552380258958,-0.0385669950816008,-0.0505863100146492,-0.030894063466456,0.00268602476745165,-0.0653272430925023,0.00131457973253586,-0.00518716873663308,-0.00582863469190721
-0.00812591783081922,0.0215905793897868,0.0244938120654556,0.0108555052277582,-0.000322243648877686,-0.00978500213389851,0.00535531980551855,0.0259372610201615,0.0109978195635377
0.0627450297666274,0.0394399747957713,0.0354355835311417,0.0488164513742837,0.0256133726369606,0.0728416162845559,-0.0206177905568538,0.0132568360269478,0.0380110491873177
0.0380140086891452,0.0297249253836326,0.00335008716462196,0.0230171240515455,-0.000400738907754478,0.0438251833068939,-0.00073558909156171,0.0148054417727314,0.0147370855658874
0.0270565769840468,0.0161801410380699,0.0190616937470574,0.0171918642913184,-0.0112360077582215,0.0129705585799484,-0.0405586300505043,0.000207095114482173,-0.016586538169344
0.0593598480241309,0.0514690096543763,0.0299723023657743,0.0754791558545434,0.0164455893267341,0.0120846001654721,0.0114051677338519,0.0233719964589787,0.0305287316447704
0.0142829108931899,0.0235853491491109,0.0306064194930798,0.0386528759479538,0.0181617414622639,0.0196099996069457,0.0166489891928547,0.0214644912001497,0.0256931573414921
-0.0473410647020711,-0.00738309441473994,-0.0299378201660604,-0.00616904739590983,-0.00066646555762691,-0.0617225631985806,0.013768999513991,-0.0027766453293385,-0.0160910138614013
0.0547752974598672,-0.000486099183860147,-0.0144189399528134,0.0125856587646662,0.00508557962080289,0.04311837042178,0.0164479090790536,0.0200861171786799,-0.00397544467677862
-0.0752835596117091,-0.00528432103537874,-0.0359026204792525,-0.0297162642071309,0.00711701608088179,-0.100094021793339,-0.00457907328219824,-0.0153830363851498,0.00676408597079639
0.0029465347392423,0.00906106929010755,-0.0046664853465837,0.0276979001927133,0.00553863867843011,0.00618041679780367,-0.0119116115755291,-0.00185188587601394,0.0217206538929002
-0.007566860939782,0.0148604631133355,0.0262662494210365,0.0215722621267728,-0.00795312971410141,-0.00583219396128766,0.0251756121181696,0.00489027079279727,0.000322328788754505
-0.0141095481166266,-0.0137516283628766,-0.0186739230712629,-0.0358929316576683,-0.0119455313340282,-0.0334590702908084,-0.00755056141657313,-0.0104305493556799,-0.0110199498198617
0.0408042094052511,0.0185576195320481,0.00939466996641339,0.0198447593782033,0.00070458861170231,0.00753050923537446,0.0199209492007451,0.00349549103976036,0.00945996988193707
0.0889135679732158,0.0633457522945215,0.0473274034067662,0.0440306604925239,0.01034000363247,0.0972861327783368,0.0141296224594068,0.041105134594024,0.0189819211586983
0.00410021597402483,0.00851580450605333,-0.0186337269673495,0.0174225141403549,0.0250348041362726,0.0419110064234173,0.0317836944928082,0.01778734117744,0.0361552578923939
0.0223637601892798,0.04440959903442,0.00916365364390764,0.00174630060805142,0.00171933987749627,0.031169615610941,-0.0152905003746203,0.0132198112174778,-7.06467847353897e-05
-0.0815063447836035,-0.0367008283107217,-0.0235107757499895,-0.00508828631978146,0.00542672268478478,-0.0222742347971015,0.00121750198256128,0.00440239238676619,0.00133853507333009
0.0197930571498069,0.0186446093233745,-0.00768366768955356,0.047840761763223,-0.00249960271558351,0.0286690665881598,0.00942024759215897,0.00977418996136785,0.0133169577622936
0.0477927301016171,0.0480474975605745,0.02206504866147,0.00994916042562573,0.0051721986031917,0.0933368734781512,-0.010890122484083,-0.00787322242979096,-0.000533073287123591
0.0423176143094233,0.0237012520580649,0.00170853422358412,0.0480971079395026,0.00340701675449692,-0.0172109842825783,-0.00399776122842716,0.0087542467445634,0.00616118741605432
0.00783414473272691,0.0143882818216998,-0.000697900065939312,0.0153764608851921,0.00523167370813796,-0.0167636216607597,0.0112256854426959,0.0322011705204442,0.00149009245304228
-0.0706652636883016,-0.0285781853288772,-0.0266844306181641,-0.0411980708110737,-0.0073171361018857,-0.0163315646803893,-0.00386013422183104,-0.0169085848965512,-0.006951829552464
0.0257477678825484,0.00493687115924118,0.0165521155134205,-0.00576429106428048,0.00259352526310671,-0.0105733640158992,0.00149247298321381,0.00407822832622468,-0.000943273283755274
-0.0296862808105504,0.0149276799958369,0.0287372794958169,-0.0547621920458965,-0.0179374955938311,-0.0498784533533512,0.0118870626939211,-0.0163618445164435,-0.0318148914375836
0.000211644985762674,-0.00844219518266965,-0.0212201046647151,-0.0258986425790197,-0.0090765580108452,0.00459507986127477,-0.0222580427631184,0.00413216568234203,-0.0139018220417827
-0.0156995976957704,-0.0310435029271936,-0.0102732407397955,-0.00869708914839022,0.0032641405627886,0.00309273738799306,-0.0137664688491521,-0.0144911883894499,-0.0238594074364741
0.0283525382658015,0.033463009976272,0.0229604124384494,0.0341897325860049,0.0192232801818594,0.0171010565095577,0.0113651945321582,0.00717875073569222,0.00876093571247875
-0.0323159355422412,-0.005475764725979,0.00451050925272692,-0.0103076493510654,0.00308256748727966,-0.0246418665192376,-0.00634205366509792,-0.00727887121915278,-0.00625603355336261
-0.0306553564400639,0.0115861014394921,0.000281102596118038,-0.000200477849430015,0.0180443946990495,-0.0313717415660823,-0.00452404985324894,-0.014578141817443,0.0184492058149134
-0.0383646336870306,-0.033281357230094,-0.00979042823534502,-0.00902048110258386,-0.0047972265540345,-0.0842967891189473,-0.0203270520953342,-0.0117723963750633,-0.0206215788956492
-0.017223899226835,-0.0135597498065368,-0.0293031146899333,-0.0180105432381433,-0.000851793856444308,0.0141054534122336,-0.000648668874923415,0.00151860546561591,-0.00518826299600988
-0.117149947014112,-0.0653091632306452,-0.0668372779986877,-0.0653437690564841,-0.0140066861232166,-0.094984315138892,-0.0188898437458258,-0.0348742121039874,-0.0534589520252973
0.0139753407411661,-0.0165168517936532,-0.0153204532813449,0.0101036792325501,-0.00336404036230489,0.0183746460796336,-0.000333735923479709,0.013186648131785,0.0112734303865221
-0.120656118157721,-0.0472385429745001,-0.0444692869432894,-0.0488477329975068,-0.0209340326055321,-0.107201123351887,-0.0212689275252132,-0.0377961055205704,-0.0385596701635916
-0.0232628604038177,-0.00186679092461672,-0.0113398847434747,0.00783594189664469,-0.000393800789903859,0.0265545157519016,0.00939081552873127,-0.0322882722253838,-0.0190262876225158
0.0776008998564773,0.0318901321213939,0.0157140629271666,0.0333827421208446,0.0254294944971372,0.0925272008504059,0.0270623928657547,0.0523909613650978,0.0238128227737713
0.085042167193809,-0.0301888237610337,0.0347223648881969,0.0416216908805543,-0.00458035547123208,0.0567446568128419,0.018889301787356,0.0207002712735379,0.0073999755116563
-0.0188470135714181,-0.0179917329613129,-0.00197809654730055,-0.000348438125107664,-0.00401939931424572,0.0203458419485047,0.00488928444900583,-0.0213336549277106,0.00290010193387516
0.00277316221871541,-0.0095487645309873,-0.00625806776127768,-0.0182084547679759,-0.018340896595526,-0.0231199809888221,-0.0188734141095236,-0.00826311222836461,-0.0132170362266639
-0.075627847388481,0.0177732573241762,-0.0352400598865019,-0.00156792149373878,0.0212516642521952,-0.0544677105182148,0.0238055852282527,0.0158403785756677,0.018745544168933
0.00617831371633599,-0.018002176538444,0.000474390477130849,-0.0125732965508606,-0.0156615471541109,-0.0211755435263173,-0.0201733852275313,0.0109491859780529,-0.00248430310572176
0.0287999651942471,0.0158654788421586,0.0167660568597407,0.0198074995488697,-0.00224750374240192,0.0245886053393288,0.00261237075740664,-0.0110846599932801,0.0128848985458171
0.0679717968041166,0.00607311785668124,0.0176229175671038,0.000813269489264921,-0.0111353019513339,0.0468150376229202,0.00293555082792901,-0.0170672696132161,-0.0114260414185389
-0.0173274604378515,0.0112548010981136,7.41787795090426e-05,8.41436332186897e-06,0.00369998942507547,-0.012669167698433,-0.00316610900939737,0.00983379364137975,0.00964954004217413
-0.0245968081941527,-0.0326709601559608,-0.0358776691052012,-0.0130217014762856,-0.00368024695161395,-0.00920964011929411,-0.0293663646451012,-0.00377067530507404,-0.0113030581912999
0.0280133085335164,0.020074176552784,0.0183101673273702,0.0117125245649397,0.00637086616376088,0.0390546403530648,-0.0244827735439933,-0.00246551827885784,0.00412480392814602
0.00154523115402138,0.00713593402213677,0.000326166860175146,-0.0103099679526312,0.0150017348416636,0.00986482599854549,0.00237872202025422,-0.00963643355269345,0.0291754744320967
-0.0162846665053112,-0.0525122609550877,-0.0356275202388947,-0.0132333831960784,-0.011850558452858,-0.04123196245767,0.0143350027324371,-0.0240754980432571,-0.0282667219129041
0.0696891378515246,0.0208936223018973,0.0155778487791392,0.016347187770737,0.00281988859503066,0.0763906308024186,0.000140113119841317,0.0197906287003171,0.0153247466459319
-0.0290639096217135,-0.0317399316433658,-0.0237236686580939,-0.00379880511858167,-0.017479815288839,-0.0149374490018324,-0.019699991035566,-0.0242436100400815,-0.036407996734288
0.0621996416938487,0.0501426004236907,0.0498937769935053,0.00396161901309033,0.0112428534782011,0.0597834528469779,-0.0107995510925395,0.0113932922057733,0.015390599522895
-0.054132378163575,0.0117252535141383,0.000327228547698133,-0.019185256055977,0.00988171817702535,-0.0655408825935933,0.0022474817771794,-0.0142748619109647,-0.00880787902650983
0.0589612235180636,-0.00737146848329579,-0.00446025385253103,0.00828871189104873,0.00573667274627107,0.0243519628113587,-0.00799057080156987,0.021398081052136,0.0264394067319007
0.0341315791277623,0.010894691873676,0.0154994062946005,-0.0107466918938923,0.00348193696226151,-0.031048793665246,-0.0114283812366172,0.00569951676598063,0.00291664727656997
0.0104104278874023,0.0127181374642144,0.0369421611210347,0.0283891883771581,-0.00360541846211506,-0.00614518567901393,-0.032790273008028,-0.00346414481026895,-0.00781348915405661
-0.0248453106321089,0.0241150926703339,-0.0149047460294566,0.0472857385247945,0.0240536338261165,-0.0258641716341571,0.0260735617095686,0.0162738334109893,0.01581329758476
-0.00807593388519957,0.045101779024193,-0.0122687874690269,-0.0033788089014373,-0.005044267278428,-0.0196074662305192,0.00368758688292729,0.0132439647643277,-0.0134840643890884
0.0382095289753032,0.0262794733505521,0.00316510499050929,0.0659002818510366,0.0156038889493848,0.0206528787677295,0.0430154157797931,0.0325737734550218,0.0181870106014881
-0.0249807339658345,0.0035964263928009,0.000579939786775157,0.0101513941377104,-0.0140541110809016,-0.0333389147912748,-0.0165280584051502,-0.00506601329979068,-0.0125134898419457
0.0491858566202855,0.0780263697113647,0.0518702446619424,0.0574994623928279,0.0260615743775251,0.0343942591439419,0.0103385983478188,0.0233649615989456,0.0382912206432195
0.0285994300677884,0.0500430227437371,0.0501696268884841,0.0159482661811926,-0.00321783867962998,0.0225792337368337,0.00521481045314524,0.0106910100304632,0.00151288201432788
0.0355036429835229,-0.0289855356339668,0.0157064194422261,0.0102679706169792,-0.00377084854758392,0.0149798577840604,0.0202042394957608,0.00280303816908738,-0.00235154681270304
-0.0225977800125239,0.0078210162524536,-0.0123756525929238,0.00541294987034781,-0.0100387150751766,0.00196007718228711,-0.00206262735480985,-0.0134301165880172,-0.00815185990279752
-0.0552673320935771,0.00418329454868896,0.00527078465078794,0.0129977946361209,-0.0150748562902215,-0.0903098308408004,0.00254483881377466,-0.0129039541792192,-0.0132418787919588
-0.0819143333073261,0.00175831452081182,-0.0457289783811876,-0.0343928513368457,-0.0119850493397186,-0.0967662533152231,-0.00344982768316672,-0.000670952126338613,-0.0121275818290683
0.016240273568179,-0.0101554127842569,0.0257896051693602,0.0562411872391341,-0.00610101062943158,0.0194353226346148,0.00378651280735702,-0.000367772584339649,0.00732069636282997
0.0343079155157075,-0.00251892429583399,0.000286027604232221,0.0189828155728839,-0.014916781355967,0.0321438598584712,-0.00699464134448436,-0.0241292842120069,-0.0108387144427412
0.0709487457600782,0.049715678915324,0.039897378453691,0.0180648800976699,0.0094011573257278,0.048360869833082,0.010763421507894,0.0129653036284262,0.0117018744341902
0.0107604523182227,-0.00569995415376192,0.00553434649559433,-0.00487396748223201,-0.0161146998322763,-0.0296649611601765,-0.00652727193400514,0.00403986252579499,-0.0111809607258635
0.0108210481728071,-0.000327640486275469,0.00079124481357828,0.00044105082046064,-0.00555255011846265,-0.0386886732984951,0.00909668830598319,-0.0265058803484854,-0.00896485549943904
-0.0408367393541491,-0.0473019101593217,-0.0339104057060413,-0.00933927265898684,0.0097620753640485,-0.0523468597670044,0.00971027452214061,-0.0115081230418762,-0.00173487921824127
0.000917434417350155,0.00224459646746184,0.0164356556633746,0.0125158407576125,0.00371482555591188,0.00345654741471014,-0.00606371912146981,-0.00386641101015666,0.00829000643848117
0.0275736510385007,-0.0354946064668556,-0.022386527502401,-0.0121668631165541,-0.00285475852309175,0.0223634697977857,0.00516367228449112,-0.0287786049068355,-0.00355121682109758
2.92216301822036e-05,0.0103363765265563,-0.0182774682252526,-0.000837591213362836,-0.0062564983074072,0.0133341376805176,-0.0070628598394343,-0.00362749804534114,0.000503141665545159
-0.0344892055928593,-0.0444751422837563,0.00130749546174474,-0.00668038041349556,-0.0307600903957322,-0.0313231115729565,-0.0167361342792672,0.0110203461482758,-0.023600989866002
0.0240943764577967,0.0046832200030036,0.0164492413474072,-0.000340430782902383,0.00107547052911586,-0.0139016487603609,-0.00431401056915539,0.0150551805242331,0.00664953041252143
-0.00441101329107645,0.0300253420303087,0.0138938093322822,0.0345899847726931,-0.00316442929336427,0.0278520439487321,-0.00912950345802239,0.00751145755198968,0.000494090719564942
0.0160432956927548,0.0179354830266842,-0.0257713294124351,0.00717699057115986,0.00252265776869114,0.0147162037563197,-0.00500130969944928,0.0139432165328938,0.0107872728398265
0.007002598628009,0.0117250462080613,0.00693658065111041,0.0147193698340236,0.0068050793860267,-0.00728463636584993,0.00748164217991607,0.00117325156123694,0.0106814786011015
0.0429230039540197,0.0327341845671684,0.00842860150293665,0.0497736674745527,0.0135492420136335,0.0722800421719879,0.0190409429864699,0.00490492769185692,0.017758014430084
0.0544162903822001,0.044217787278557,0.0280355636663016,0.0608156585015167,0.0146153280565777,0.0572789751916346,0.000944567695202814,-0.0165234700670323,0.0219516497849525
0.0783318391865218,0.0616824361926138,0.0472701541670946,0.056006822428776,0.00805525661939209,0.0900104087520156,0.0170980110463737,0.0179127138187025,0.0399418976024751
-0.0346555431590522,-0.0299537899428753,-0.0135250431165795,0.0352390968428848,-0.014560726264098,0.0358715678639456,0.0235573172916964,0.00586359676101863,-0.018957842418454
-0.0128013905692191,-0.0121846559623752,-0.0247372801819513,0.00395346597759912,0.00516306883384129,-0.03587006569547,-0.0147224712450247,0.00401436677195969,-0.0148209120694815
0.110514150452784,-0.0316688940944123,0.0172586833055095,0.00317059518808285,0.00556292197671041,-0.0326394262475728,0.0230819991514886,0.0154190507845417,0.0238133107972014
-0.0211974956517714,-0.00371717789575655,-0.0524446241003598,-0.0408368571591219,-0.00174391816022643,-0.0107277073816423,-0.0107046072786478,-0.0108189949374604,-0.0158734411311747
-0.0157157478884668,0.0381391502100137,0.00601487734592507,0.00847354869570568,0.000710388439519269,0.028789260138945,0.00476423413803898,-0.000565858781969366,0.00474235649930538
0.00280081663591525,0.0113918042672997,0.0201642632101999,-0.0025723216750658,-0.00456220117455364,0.0125036878409418,0.000472124261176393,0.0131810590322875,0.0102046347492537
0.101216361871633,0.0437197165130777,0.0318754762292375,0.0220411190968483,0.0144899126231992,0.0918158368742952,0.0225502102702384,0.0207937904807477,0.0316823606998068
-0.0412413765559716,-0.0192777502360591,-0.0111704313851827,0.0244476100155966,-0.00494482934190789,-0.0502354014692053,0.00987397757483107,0.0140973620898425,-0.0054757466356911
-0.0860593562965622,-0.0273218301007125,-0.0402362825080571,-0.0422835870762127,-0.000945440336623221,-0.088818625997094,-0.00260355290265691,-0.0213807103547618,-0.00286663604637894
-0.00274993916907858,0.0107529382111458,0.0166749315020638,0.0423877273386398,0.00876324182847436,-0.0271387094280335,0.013344424491007,0.0195979784962212,0.0152437337464606
0.0895795967459867,0.0212572312713922,0.0213171010934283,0.0345851063568111,0.00572963142141072,0.0666638229835289,0.0093204447083569,0.0401351225278292,0.0127639388650648
-0.0192866993666988,0.0230436599961948,-0.00169023658674388,0.00109646562414324,-0.0051502881694228,-0.020514001150876,0.00136366891295335,-9.67425491970267e-05,-0.0148949965365737
0.0414562704239169,0.0143715182555557,0.0141900045074791,0.0300368578259379,-0.0101763409135747,0.0411988570533879,0.0120448902321851,0.00972004194484988,0.000248063852979542
-0.0702152851534609,-0.0439265197366305,-0.0545800531972757,-0.0368362867130783,0.000108476980941359,-0.0672557433399932,-0.0134816038316792,-0.0512183053592751,-0.0092472411368999
0.0386471775895726,0.0471319166433516,0.0309290280789436,0.0225871837093613,0.0204895957682524,0.0351145763218159,0.018758716314234,0.0183518528035083,0.0408363926941572
-0.00582595401752441,-0.00439122683073254,-0.00418953943481146,0.00388722927480414,-0.00784539138706578,0.044235017643414,-0.000990272706706649,-0.00859552520200783,0.00618470096779989
0.0693048900737065,0.0390647645180921,0.0308069738290391,0.0135188142428672,0.00457658472668003,0.0266929987714238,0.000884934533058945,0.00100827354789431,0.0196213167774488
-0.00194134723300263,0.0238390809948879,0.0226444465942742,-0.00594907439086034,-0.0192715804567884,0.00863543487512154,-0.00200611552089255,0.00140832964119439,-0.012272182546617
-0.0372294365161166,-0.0299818201215162,-0.024980693543428,-0.0110372747022041,-0.0113275954807588,-0.0377761620623633,-0.0475007514103501,-0.040398815759796,-0.0110926973611542
0.0231378150492231,0.000591663895738373,0.00666592409015552,0.0461911759663051,0.0155645034412328,-0.00145047101739707,0.00990445714922362,-0.00732016233814459,0.025132813399603
-0.0296423822705414,-0.0110867877124555,-0.013408929737552,-0.00859931325152888,0.00482518850097588,-0.0112774288801339,0.00396152215881917,0.0207018009847333,0.00280142098137835
-0.00675256485113696,-0.0190445906432941,0.00234287413980095,-0.00346052782849197,-0.0173692215908049,-0.00799142486760417,-0.0130468865625038,-0.00815784550870591,-0.0173493501176702
0.0376503289102741,0.0473735630305013,0.0111109057022506,0.0276940090777467,0.0262690993102895,0.0683494693460918,0.0221688311083962,0.0362604013644012,0.04103792677563
-0.0264448881255343,-0.0618904273898473,-0.02090199420302,-0.0491020879566852,0.000991452776264689,-0.0417279655719685,-0.00407457999470474,-0.0176104593119352,0.00521556733336047
-0.0035106030330879,-0.00878802438328008,-0.00244811433449544,-0.0013993908322751,-0.0101196651525928,-0.019172387216449,-0.0177312002045596,-0.0427118241151887,-0.0568496497766842
-0.0295094400445705,0.0230384723785222,0.0145208383159825,0.0154319201351573,0.0245282144752744,-0.0328321622443678,-0.00684129851038456,0.00331995062080286,0.00128988446297993
0.0387037071914265,0.00205060139044053,-0.00154032497870322,0.0190037151888438,-0.0175099639335545,-0.0100213599874817,-0.00694573938527224,0.0125959607783541,-0.0149993859982408
-0.000762221802823473,0.0105256651291714,-0.00372917623059211,-0.0172991564523121,-0.0270063361698322,0.000316715474927623,-0.00590893629850934,0.000451637107416399,-0.00980791824716479
-0.0292693554562317,-0.0122398109036309,-0.00758608617684786,-0.0142291391913852,-0.00453654724573951,-0.0170015691553854,-0.0116302499163748,-0.0255963364014768,-0.0500598188165782
0.0119017878276175,-0.0386666847761074,-0.036775489728292,-0.0100799629641884,-0.00207878016394326,0.0191887833411639,-0.0160553475937165,-0.0137736834500212,0.00257062960676223
-0.0383574493805489,-0.026827450710217,-0.0125779206834935,-0.00988827227812729,-0.00666677430153603,-0.0457570387675221,0.0023705724776041,-0.0189598004744213,-0.0169826236125749
-0.0242546220247429,-0.0111390461148116,-0.019879137438134,-0.0104940297499151,0.00588581729132013,0.00678900550293659,-0.00896918375182678,-0.0206473698581676,0.000642876537792368
0.00377552523621398,0.0196969021764891,0.0127560534672405,0.0211824798564067,0.000944103427784366,-0.0339477861616002,0.0186554169791082,-0.000529159247790012,0.00284145945355474
-0.0108757072694205,0.00917917783063231,0.0137101502161181,0.0280282241968129,0.000878551768336412,-0.0228655631371794,0.00244690607872619,0.023715096831571,-0.00428243647163586
-0.019625734579295,-0.0177723550159006,-0.0340546483929438,-0.0172431614040162,0.00159036415683199,-0.0467387304753743,-0.0164468543946764,-0.0162648270487489,-0.00818476930580953
0.0193430030431827,-0.000188487079451829,-0.00325252679125,0.0167570107219947,-0.0100079097708119,-0.00666876573813336,-0.0111972779792026,0.00769242646895849,-0.00810654157084866
0.0521582223978884,0.0165915347178304,0.00884151880671992,-0.00496622810379615,-0.013644706813856,0.00610125688827272,-0.00300292443836267,0.00514740913557753,-0.0179361161535056
-0.00225907475743436,-0.0187708933996235,-0.00713251599593765,0.00443649576533022,0.012210972855374,0.00809390041773844,0.00552607407720376,-0.000167853220984511,-0.00887799104093787
-0.104945254974343,0.0121256358623825,-0.0431419613705794,-0.0600230113681176,-0.00751459198674893,-0.091285511525507,-0.0265188076468702,-0.00700576025786196,-0.0110380180499812
0.0039937228684301,0.0288985564262975,0.0218557774516788,-0.0198793801475249,0.01163301032145,0.0212579021715132,-0.0294928893192689,-0.0121096565306828,0.0190075907225048
-0.0218451646285506,-0.0296274478561261,-0.0133175331326106,0.00809054732965407,-0.0135234804479409,-0.00805143961303455,-0.0256320194700912,0.00828943505188932,-0.0163710840719779
-0.0419619807201052,-0.0263895961404868,-0.0319566979585519,0.0212815642293508,0.00878618192091052,-0.00823042173393461,0.0254013814729183,0.000978595066578847,0.02048593622571
0.085807078751394,0.0247547617726009,0.039622954358218,0.0478265142620222,0.00665861809774944,0.0338871167580156,0.00432471890515692,0.00294197375203652,0.0291499606670249
-0.00883134349911656,-0.0250497181872453,-0.0153720684437388,-0.0165010846335312,0.00322186868220596,-0.0102023225348703,0.02741573567109,-0.00204449729646268,0.00170882755652427
-0.0777430647526717,-0.0279660673475221,-0.0182124429525286,-0.0393089050878902,0.00657174375650946,-0.0617815119898682,-0.020054018524138,-0.0302003035556638,0.00110669950655572
-0.0321167098752369,-0.0153173088131525,-0.0158037644786962,-0.0253611731494723,-0.00193962206443068,0.0202277941026208,-0.0147227581727686,-0.0243383184543555,-0.00680977928824583
-0.0743448149519676,-0.0167654340355597,-0.0138688215742677,-0.0448686310986001,0.0020718303972285,-0.083749510031657,-0.0130415000919411,-0.0169671133673652,-0.00720983344938153
-0.0199986928799905,0.0128500877394733,-0.00442928224887912,-0.017456950079274,0.0010472535875148,-0.00167723283957742,0.0174435314955389,-0.00616730697626818,0.0143476138474324
-0.0443395855429347,-0.0211258483206345,-0.0291116564874097,-0.0240452923231946,-0.012981490806751,-0.121552280932076,-0.0355066440512235,-0.0102415381328663,-0.0155848032426372
-0.00142505035400264,-0.0259335919317349,-0.0417088538516471,0.00688653699636635,0.00166798722522866,0.0030389369825471,-0.00238526361248478,0.00423403179335412,0.00315936657870525
-0.101138411883755,-0.0609645662308256,-0.0285162954361472,-0.033756642812195,-0.0492855343185863,-0.0751420018593288,-0.0149382503173701,-0.0573885910649177,-0.0646344927724409
0.0672886368541313,0.022082739656144,0.00479292160296376,0.0690826865634336,0.013171645233847,0.113994349541646,0.0120771317875995,0.0266087283804583,0.0239394961423472
-0.0109949643448029,-0.0115648325646781,-0.0130445997634,0.0186948847067202,0.0253013537534915,-0.00781533426588898,0.00317323565704609,0.0117328965061474,0.0226716000798087
-0.094412633725016,-0.0276685582511855,-0.058423560296235,-0.0675197476642955,-0.0101081803054865,-0.0721680640621161,-0.0118956326725733,-0.035336893343258,-0.0146157460924338
-0.0448437317527607,0.0123033093021158,-0.0223432388586656,0.0257202955910319,0.00613506338802119,-0.00551287635620743,-0.0130804527540647,0.00260044145618489,0.000885765482765781
-0.0667862275774081,0.0276462084464293,-0.0107311712282552,-0.0451161983606899,0.0101998588850982,-0.0794709832494314,0.0173412883780969,-0.00897836845447366,0.0131764914903676
0.0198450268699208,0.0178071585380182,0.00845152691903234,0.00684554004426179,0.00687831770679756,-0.0112339993852133,0.0144867981397416,-0.00279660147133486,-0.00692966183693381
-0.065092058100113,0.0129701551963347,-0.0410410944041603,-0.00984791620014654,-0.00393710483958231,-0.0903127444992398,-0.00423240264066814,0.014370744374881,0.00419099343684425
0.0340548763019415,0.00755723732372106,0.00205903642354745,0.0250462211977546,0.00437758272004748,0.0587720127113142,0.00490232216360665,-0.00376084126106655,0.0136645935725586
0.048963527074677,0.0318885848395949,0.0226582742227486,0.00650648076515839,0.0219718803841478,0.0679269961896569,0.0206271287463455,0.0170004574063868,0.0202321862992724
0.0162945715348908,0.00594574015608116,0.0055055391788184,0.0175900320163704,0.0117975572064001,-0.0142434003116382,-0.0074943229918493,-0.00388409019170639,0.000344984021998867
0.0403842531705561,0.0456989951562049,0.0109852262727137,-0.00204168764428327,-0.00234377951680765,0.0433427401582835,-0.00738119320654441,0.0143748622767093,0.0123431399307206
0.0464748243882618,0.0255196034987168,0.0179691274679557,-0.00440282399259038,0.00729441880363266,0.00930729531018166,0.0025006359756292,0.017586070617747,-4.73618810934101e-05
0.0223648099967793,0.0259387683809215,-0.00437584539277545,0.00796699170693569,0.00820183137826359,0.0485272183477846,0.00399130077606273,0.0380066836986548,0.00119599741807079
-0.0455015913966246,-0.0366369479969188,-0.0106763955538831,-0.0835589397459822,0.00796183844516153,-0.07218841614958,-0.00419373969281465,-0.0113632834143974,-0.00259066180969065
0.00232219640654199,0.0229128276670982,0.000547366583948738,0.00221793863741728,0.0150092559958051,0.0167142096438761,0.0264227969910596,0.00933681083373372,0.033071948247222
-0.0452960062844634,-0.0077967883036707,-0.000979523755182325,-0.00940236839739677,-0.00201806092716087,-0.00777348454136527,0.00313870676764657,-0.00879142264153293,-0.0292334323315961
-0.00243850518073647,-0.0133998218330449,-0.00542416510634459,0.0250530770858788,-0.00297585249242515,-0.0082637372698692,0.00658942925258236,0.00216346513756336,0.0023964475061432
-0.061615026046704,0.00277391812702663,-0.0375879905277003,-0.0345816338904183,0.00180540411650552,-0.0204777711701173,0.0111225367883053,-0.0152401352623225,-0.00671531111644095
0.0505000276452834,0.00570943646650425,-0.00050494375736466,0.0392183693641801,0.00169113024787837,0.0373473901202799,0.0126804547816174,0.00855647733965974,0.00106263296011196
0.0209559775516743,-0.011051659611059,0.0331622654933458,0.00543425692759131,0.00763521733468863,0.0103103621686,0.00557390507704464,0.0109961610662251,0.0128889495988692
-0.0276096131118276,-0.00313889819259471,0.0103471281075424,-0.00319689644744424,0.00991213116422607,-0.0123077820278725,-0.00115967743230391,-0.0157616319923519,0.0083991819190381
-0.00927845448914695,-0.0293232560269927,-0.00905549555864492,0.0234219980068761,-0.0153105073689467,-0.0104055494001601,-0.0132912063590166,0.0027511729934171,-0.0160120452216276
-0.170213970570304,-0.0623933895818258,-0.0492706291497773,-0.0880189650368948,-0.0148289765726762,-0.163908448894481,-0.00602717484123611,-0.0262562507128825,-0.0294598196111077
0.065383332076815,0.01148758842784,0.0121785517518041,-0.0048167002638277,-0.0179659549314357,0.0150632762137793,-0.00602068724536351,-0.00997564903399234,-0.00523209322684953
-0.0509484722718197,-0.0102321961441045,-0.02507446643613,-0.0284591623600978,0.000752481566125052,-0.0945907130567048,-0.00523877233074807,0.0200256388345636,-0.00542629605323441
0.00942897886684454,-0.0281407600434614,-0.030007240336046,0.00272698826663129,-0.00135041347663076,0.0130995663901234,-0.00164173521186427,-0.0194138581017019,-0.0225474148555579
-0.0262523734726846,0.0167372379698065,-0.0111925235272537,-0.00779536088106503,0.00452363265649316,-0.0493870502676366,0.00528423647399236,0.00110159203346591,0.00807096837195201
0.15257008588463,0.00305516243322141,0.00540915207202634,0.010368540884955,0.0181699956786526,0.0640162732194567,-0.00358055868299634,0.00850136365244733,0.0128311895392227
0.00359959626039932,-0.0153124346122876,-0.0221778605789677,-0.0108078094573846,-0.0032927764919039,-0.00350420005185068,0.00306118436174539,0.0195153081258294,-0.0037798894840988
-0.0189394338098235,-0.00172315969348576,9.85787604025428e-05,-0.0407162091649143,-0.0128237669260108,-0.0683813831467668,-0.0313858373712269,-0.000364436438153502,-0.00904661727968824
-0.0737692525715112,-0.0240889402373151,-0.0283194248501256,-0.0170926118682139,-0.019736195546785,-0.0995528323663369,-0.028342618843319,-0.0216971270979331,-0.0371173602764293
-0.0583054674332446,0.0121567081082943,-0.0248145530765913,-0.0313000527138754,-0.00149475471938219,-0.048699563108214,0.0150398570446802,0.00553554850120572,0.000685635519962698
0.139614740514394,0.0258960806026742,0.045626457125532,0.0113573822058777,-0.0025132417243411,0.00206189993723211,-0.0225217088975137,-0.00130975551974052,-0.0019040996558545
0.0825260488335362,0.0771766405087917,0.0469112584031102,0.0680809118811469,0.00751541528748187,0.054281095761154,0.011315615193109,0.0260257439849411,0.0361822364345459
0.0862511529020179,0.0285585646520512,0.0317365076988196,0.0502424609034623,0.0199612060802659,0.0748158116676037,0.0190535891538643,0.023471044800712,0.0109119385171249
-0.0845690389463849,-0.013930656496536,-0.0302759178628877,-0.0439293859806187,-0.00195719316771113,-0.10830435677717,-0.0209094382188154,-0.00787455705852636,-0.0080759063909574
0.0292297501059029,-0.0163398719583321,-0.0180092127398157,0.0245605635899575,0.00313167965483982,0.0272851480481056,0.00926723727529555,2.59620042615424e-05,0.0156958848721701
0.0121247213672542,-0.00467870423964524,-0.00704651789518531,0.00662249934094914,0.00660380946677209,0.0433789703578315,-3.49498160019257e-05,0.0140182426531276,0.00797823724970272
0.009589297174929,-0.000704777259925391,0.0100614967969585,0.0170059693115222,-0.0173756109626193,-0.00693538604382956,-0.00973554306803041,-0.0174973997700557,-0.0116210366739763
0.0299823138790908,0.00689474014494125,-0.00380660822164605,-0.0144732623402005,-0.0157691871152981,0.0148842522010778,-0.0028852319332056,-0.00104124079115694,-0.0262847155480248
-0.00921431709186138,-0.0461183454454999,-0.0281645334687163,0.00297938942450958,0.00692945419003091,0.0115857131758946,-0.00843553682925112,-0.0131009110528351,-0.00017563297032807
-0.00706952710984734,-0.0239209167028454,-0.0279194205738578,-0.0112081094496798,0.00729297450279716,0.0348198649090293,-0.00291112210487588,0.00290872263345049,0.0129474076304633
-0.00902320298513496,0.0139433678300691,0.0214987634125575,0.0187800304524252,-0.00500263585930815,0.0371411643943455,0.00950119172890549,-0.0227267609472438,0.0132827882075773
0.00761553833384462,0.0211564955038739,0.0104920103232486,-0.0127113699408354,-0.0112277798690504,0.0129914481959025,-0.0148844148940274,0.0231824800362833,-0.00461114317253528
-0.0128973919347984,0.00605709479944708,-0.0204181657035304,0.0028819796435592,0.00179494373589611,-0.036648079791659,-0.00639043979177196,0.0176321051131333,-0.00530436336477574
0.0837058005782127,0.0399292489092761,0.0328784868082648,0.0403809521408225,-0.00271341853373314,0.0890995451029266,0.0115412765859265,0.00780303469590862,0.00593768138346039
-0.00372116431472506,-0.00566143690701254,0.0102241093563233,-0.013998256420545,7.21312050323874e-06,-0.057490853428433,-0.0170142220517532,-0.0223108929452119,-0.0128929996859837
-0.0589310423439432,-0.0167494518618354,-0.0127639480674725,-0.0228060296552098,-0.00615998704952475,-0.0518088328165152,0.00722571376617727,-0.00861158486789883,-0.000481559866409045
0.0263723179741352,-0.00310534703673671,-0.0112790765685747,0.0067378697499277,0.0261185557800706,0.0422086073206398,0.00879747071133618,-0.000980737618531262,0.0355645640231031
0.0762728706420444,0.00800099005965242,0.0157993574098757,0.0220737662023855,0.00429409402228223,0.055619174024341,0.00695942311052952,0.0356975615947012,0.021264450057921
-0.0129885445506747,0.00345593275304153,-0.0156641552176266,0.00203666108980972,-0.00709595808384321,-0.0500117889783731,0.00451005991928265,0.00598964207774139,-0.0125119155441055
-0.0256444373497873,0.0287309548030865,-0.0168203139769662,-0.0112876097691434,0.00807088329082663,-0.0114328394966284,-0.000213324286333441,-0.00411037595096964,-0.00259101916132494
0.0413729570260947,0.0292915163001054,0.0209105960903078,0.0257602857903524,0.0055747668054859,0.0758829685112018,-0.00457877623313121,0.0195853691882658,-0.000389385763802797
0.105427638357103,0.0214843601594857,0.0248229707082133,0.00927518644406502,0.00365811337509985,0.168215674590952,-0.00187493960167542,0.00572825531659413,0.0094759896423038
-0.00700453722328947,-0.0126739803836686,-0.0157325465771821,-0.0104153796594426,-0.00516311615323942,-0.00781698130183801,-0.00877890329996196,-0.0165441226100481,-0.0165216210374583
0.0731143720733771,0.0478786550122045,0.0289326737748616,0.00471013518870827,0.00100266140234072,0.0831076030125356,0.0166124771820446,0.0399330391632768,0.0203783117944213
-0.0582325913116209,-0.0138191510563273,-0.0174039401786571,-0.0100333048547716,-0.000942904947991204,-0.0676708208853324,-0.00380810676602134,-0.0152106231043474,-0.0132591442492646
0.0295315374638227,0.00189774874891882,0.021872545299305,0.0384945877193743,-0.00586155484708937,0.01509861143214,0.00295747345810398,-0.00610576180174488,0.00252983271658905
0.0308608768260533,0.00281627394533086,0.00622913880484344,-0.00312025721718721,0.00477904064457882,0.0277111907476661,0.00274859528067309,0.0034694011443774,-0.0138571050142691
0.0191353812819265,0.0190523031616761,0.0158841700331453,-0.00944351733405157,-0.00372038754991202,-0.0124677733276446,0.00789589816675022,-0.0125346546628717,-0.00451370880082906
0.0225214702998786,0.00202477790762505,0.0115069022980841,-0.00745318110374045,0.0118119877206064,-0.0913358960697873,0.00992196655331592,0.00401261118203552,0.00815640404691393
-0.0226839505181228,-0.00892090476162927,-0.00379796510615118,0.0230848941658085,-0.0197253040399723,-0.0306275956218701,-0.019867849994014,0.00233835884342599,-0.0333426724049498
0.0349726040718874,0.0227794819173203,0.0223919043005951,0.0109209092646924,0.0174979408616156,0.0169293905739645,0.00499356666326932,0.00743404643599978,0.0158183098286346
0.0417905353397541,0.011032673864603,0.0211841142174309,0.0410019682633854,0.0119037310230801,0.0543650269579721,0.00654769773357017,0.0146714084302355,0.0354642752040545
0.0425452170332415,0.039982875308262,-0.00731314885056281,0.0425987659625233,0.032271446342265,-0.0326807351504596,0.0331597026540077,0.0691508107705772,0.0760329324452906
-0.0959138986224214,-0.00199604691492707,-0.0369682505363702,-0.0195834471866357,0.000411190739459187,-0.066768952863739,0.00869756889968165,-0.00922762972626909,-0.0275544214268407
0.0387503029802176,-0.0143375747359399,-0.0021076486127724,0.0254695126701346,0.00872149002636816,0.0389405689914373,0.00826024336752864,-0.00858231615098351,0.0145036290923519
-0.0434183030085448,-0.0055447901138833,0.0107296812256557,-0.0129008323699656,-0.0119467433740589,-0.0582800483995086,-0.00368011730555172,0.0130650942731167,-0.00878210394513842
-0.00784024665544291,-0.0373867157859396,-0.0102378247264881,-0.0196228471956471,-0.00949789979798572,-0.0258439692839759,-0.00885806619565916,-0.00285307483957578,-0.0136633498206953
0.0536696557764848,-0.0149615075272009,-0.00522126855442545,0.00656697194601379,0.00306039822838272,0.0303445566307826,-0.0100100131711595,0.0176011931284085,0.00358004478916431
-0.020295305734895,-0.00660718979718921,-0.0127315398708168,-0.0137968271819427,-0.0203012696263686,-0.0496704977868963,-0.00132265206355902,-0.00771838620816681,-0.0231020598260492
-0.0904660842761806,-0.044714668639986,-0.0352326759753259,-0.05294509360119,-0.00834515591406883,-0.0550782775882242,-0.017383754158203,-0.0247084719573965,-0.0172703122710965
0.000874324345858127,0.00821908690973136,0.00657785625709204,0.0137371624868329,-0.00316623740223815,-0.0238604040611326,0.00554730704045694,0.00398006526463116,0.00174459804104642
-0.00129205257820591,0.0123795954517854,0.00223330114652402,-0.022691757241165,0.00275591024052878,-0.00685457512750018,-0.0100751576757313,-0.00622120891960837,-0.00389737314670414
-0.0776927034564045,-0.0179108281646647,-0.0184858608157444,-0.0458712557472332,-0.0270189488532296,-0.093198255238459,-0.00349592197904437,-0.0327566400450005,-0.0225297369227268
-0.00258550811386165,-0.016309369099211,-0.0300287304165577,0.0174594393175878,0.00330180647329837,-0.034623578706171,0.02252838443418,-0.00560868972847175,-0.0158055601927919
0.0126930864528328,0.00504552374456701,-0.0241424630793183,-0.0209367188613702,-0.00184121251528137,-0.0102240056539698,-9.17696217158346e-06,0.0149045727328769,0.0151643812495066
0.0212714348581618,-0.0146575504132189,-0.0105640337589701,-0.00625012630855673,0.0141503300016701,-0.00203550024664315,0.0206787272781164,-0.0136079012289406,0.0267413787432356
0.00405305064525821,0.0255356726185486,0.0137196885492291,-0.000205752635370253,0.014921089944448,0.000142094933706122,-0.0070199352888194,-0.00753523990923074,0.0221064626058829
0.0166975925536853,0.00730998347736217,0.012368912804906,-0.0119443604451631,0.00940379955207649,0.0277621252002308,0.00217216928912898,0.00976832297819137,0.0112475717446098
0.0471941334714378,-0.0172281004563646,0.0055364785265854,0.0309599449754503,0.0169583244491646,0.0120252155262517,0.0075801970324585,0.0208178094766677,0.0113450718500543
-0.102835741297962,-0.0718142958419958,-0.0435585988999608,-0.067249346286275,0.0111238386338749,-0.102985019439475,-0.00747361325024486,-0.0240681513705246,-0.00718879886671296
-0.0907556030430397,-0.0202329612661033,-0.0407513025254395,-0.0427026559718742,-0.0343458130466965,-0.0664629680847879,-0.0220853176003321,-0.0226895722830551,-0.0298223680517459
-0.0596734975053984,-0.00980205159973182,-0.0187429844261401,-0.0342493898351384,-0.0242358934721372,-0.0368338661691502,-0.0217434536220741,-0.0556510294247083,-0.0226715308816502
-0.00720031655716331,-0.0315357688442443,-0.0351930197424322,0.00483098919175636,-0.0164683258046846,0.00382795207884292,-0.0161156462946499,-0.0128224463406647,-0.0170163162566826
0.124846225580478,-0.0165039253456923,0.012971212976255,0.0366960695585358,0.00721937336360869,0.100353428718096,0.0396302105637541,0.0264766399747401,0.0169584792658099
-0.120744652967518,0.000993179027689036,-0.0384433991621999,-0.0402694967962709,-0.014890025488092,-0.0951991125552214,-0.0286883884469673,-0.0345375774950304,-0.0157705906030712
-0.0215444835143534,-0.0127625542375022,-0.0343286198067253,-0.0326022911398493,-0.0138537905763901,-0.0197338873974534,-0.0150157954781891,0.00241024141724876,-0.00155062380221903
0.0201664337047246,-0.0372770353452982,-0.0398673395473225,0.00541914462770386,0.00952809362173292,0.0190720828592383,-0.0157130989416232,-0.0206659897848714,-0.00229252952928359
-0.0398874531191816,0.00336239360907317,-0.00697780767933717,-0.00177984319314565,-0.00360008989969949,-0.0209021316159601,0.00167019485626589,0.000344576299280984,0.00583850849211409
0.0386528247980847,0.0240764142408,0.0303766846466587,0.00281946671462153,0.00313411360265333,0.0178991740985459,-0.00560713193816703,-0.0185037396847642,-0.00393232046030644
-0.0079755244282713,0.025997190523524,0.0305846365192373,0.0216804484224905,0.00425649138314581,-0.0188426860029538,0.0147329961510532,0.00372525240517662,0.00991105254033783
0.0694394244338133,0.0399303030815049,0.0250165823534449,0.100073140948021,0.0182889103976115,0.102613723449694,0.0329888706832098,0.0668619095121556,0.0337555533275572
-0.0970063410407621,-0.0691887741188294,-0.0650503762886943,-0.0555968305998362,-0.0202120324398437,-0.0728836143381638,-0.0163970625114645,-0.0186719011898921,-0.0306267376201006
0.0357517699083005,0.0353749466621558,0.0183597393858156,0.0308345623685251,-0.00103635664521226,-0.00477832783420552,-0.00243468319031372,0.00846550947216646,-0.00656535512810762
-0.0684909455392385,-0.0231092466559755,-0.0471945973252955,-0.0471360836250559,-0.00371854343616886,-0.050150102163675,-0.0256691294831706,-0.00891308248223798,-0.00224133499840662
-0.0427611829834399,-0.00293979680732359,0.000570132313701768,-0.0214307604522161,-0.00262741981948422,-0.0602682655267783,-0.00796393373075401,0.0126744857439366,0.00674906564636379
0.0353239404834965,0.0231206735784346,-0.000766658173945543,0.0390387766402099,0.0127533456866419,0.0133399375384337,0.0348209095730108,0.0239559517917482,0.0458469445476038
-0.0362128786336373,-0.0169177065207389,-0.0325444266559294,-0.0196320576192394,-0.0108282897018044,-0.0290469079358106,-0.0157287243902086,-0.0114684746437454,-0.00302662347254933
0.00244924285663441,0.0143946354056823,-0.00372772104239619,0.0389935392609206,0.00301201522148306,0.0497168459948306,0.0146190150153711,0.0283172035347529,0.0271278003376085
-0.083674942259799,-0.0440083404842998,-0.0666247519333284,-0.0639879529747093,0.0034391875908678,-0.0971989124681306,-0.00132124005376631,-0.00979375525544207,-0.0042191323254969
0.0484780973099754,0.0575856196859093,0.0580275672239084,0.0584299428738805,0.0176392561547243,0.0589041559376301,0.00102926942538124,0.00671930716323367,0.0409316218983136
-0.0402501554126036,0.00376596129773972,-0.0276477298767869,0.0120568305636935,0.000323890050640524,-0.0305174469248676,-0.00609439693160605,-0.00512015771826436,0.00148367303979714
0.154018127728507,0.0679769552604147,0.065738696063263,0.0669736799046766,-0.00471731235175126,0.130954024836621,0.0277041219103588,0.0192108442161591,0.0235046607877551
0.0458195212861916,0.00741568385283897,0.00630563879725786,0.0266143642481941,0.00977487697909159,0.0286411587716563,-0.0169182115188841,0.0169434628023335,0.00710289563943472
-0.0507349186611678,-0.0464151128062392,-0.0518396423727452,-0.00614212643692803,0.00859459775128799,-0.00347084668442829,0.00923076814946042,-0.0187310293241403,0.00557461839213813
-0.0258913944168737,-0.0275758527161323,-0.044228787911959,0.00863524008271126,-0.00900542469245264,-0.0407788290054379,-0.0140734176944149,-0.00399029123645451,0.00280176932796855
0.0132660817467345,0.035409045108941,0.0077688993593021,-0.0236259826069225,-0.00736045426462632,0.0235992469946077,-0.00361724083767339,0.00506238760105676,-0.00286425566061378
-0.0162478391545841,-0.0260963593379772,-0.0472083801673196,-0.00497807485572435,-0.00747035060327445,-0.039744919386345,0.00573081615106738,0.0226503983930726,-0.00882374450899581
-0.0469970042889153,0.0253410256059764,0.00116672667285938,-0.000132262746988437,-0.00161694798299603,-0.0318948766136501,-0.000909516104491933,-0.0014289046412435,0.0026132686920091
-0.0141820654977366,0.00507478136075719,-0.00317242118806552,0.00754641580151456,0.013206860425838,-0.0224050600613716,0.0138712637437483,0.00943844899857304,0.0151025581921603
0.032439962812604,-0.0294903948096608,-0.0267119335020342,-0.00110887790205426,-0.00568763755383354,0.0384740157110058,-0.0108657117626036,0.0123708842820115,-0.0060571993096121
0.0128999165921904,0.0271786280802841,-0.008097156490853,0.00980328933728379,0.0034331772508405,0.0127388240720867,0.0168023475772921,0.0257880317756177,0.0196703248595913
0.0313791651812432,0.0112240378177907,0.0127161511919463,0.0159518857745187,0.000164533275181184,0.012700740197273,0.0018156124892902,-0.0144751402130622,0.00513841845075794
0.011626740191379,0.0141494649283989,0.0088023339051617,0.0333044087531258,0.0219989218296908,0.0436790405438168,0.00455344709412753,0.0575742357788301,0.0339432816203428
0.0137533732957859,0.00632206676063126,0.00530851353389942,0.0840017421247801,0.0207139918008703,-0.0226474656359987,0.0314860677434377,0.0374655066857282,0.0210067543108321
0.0162702818425449,0.0185482138095932,-0.00723163827498887,-0.0246293793321969,-0.0143007266020326,0.0120140011846805,-0.0429163496345061,-0.0120075631324547,0.00516675802850801
-0.0156016767052603,0.00447291266740628,0.00528300407864884,0.0144716180382393,-0.0184576825961601,-0.0198851420170721,0.013053325420669,0.0105873557338361,-0.0143761704543939
-0.0168093030508639,-0.0187847336007225,0.00344798944214242,-0.00482340665015368,-0.0202556148594638,-0.0403958859831546,-0.0183362026735133,-0.00646505056368245,-0.0242359539329774
0.00366303040084686,-0.00929277830058434,-0.00207606338083808,-0.00744550884572687,-0.00436335264531582,0.00864249433427305,-0.000746186651209087,-0.00355521871693205,-0.0148447906599965
-0.0784270696497379,-0.0166670289526112,-0.0330140724357284,-0.0174819038653413,-0.00653670436855862,-0.0682391564894691,-0.00198567928642788,-0.0203227889589172,-0.0211394121214995
0.0217382926353396,-0.0146847657955661,0.00507349501074503,0.0157925724883723,0.00532493079904387,0.0214797043758069,0.0169539650977397,-0.00512385329246941,0.0154348362922433
-0.000927692016405401,-0.0234079296739584,0.0103255355669085,0.00140305935207299,-0.00551851313686721,0.0111221125100352,-0.00197211024301567,-0.00143613934858136,-0.0203441061940826
-0.10482441092911,0.0226987386423166,-0.0618714359117375,-0.0549536033667203,-0.00385202086817518,-0.0488126732792323,-0.0187783232055247,-0.0272032616010071,-0.00375127187737899
0.0204324668079941,-0.00664983237518888,-0.0167265144053696,-0.0249875631187925,-0.0168624754160039,-0.0249581836769326,-0.00999069544214605,0.0188239003822199,0.00795345995641595
-0.0686066402825541,-0.0441992707018011,-0.0207142849844542,-0.0656884274805492,-0.00738574214716667,-0.141336013969769,-0.0081119871012299,-0.0193469053220305,-0.022021763032538
-0.0147963024502024,-0.00363760407359303,-0.010934760440106,0.0169839755365786,0.00552471058928804,0.0295176146957352,0.00999933813391877,-0.00236656378641489,-0.000430107860466376
0.0222868028866494,0.0245615480318162,0.0204499888288142,-0.0129322001605922,-0.00466159233716517,-0.00315184683812168,-0.00299130817540623,-0.00433153087405276,0.00700077206854841
0.00823805577779932,-0.00919997439407102,-0.0119927757766116,-0.0122992319849611,-0.0177912883258968,-0.0191714809342057,-0.0375219076980803,0.00338751135936425,-0.0204223739119312
0.099991503314346,0.0449759745191517,0.0528235776142379,0.024340228019557,0.00649025779391913,0.0961260457011201,0.0234169978498583,0.0226548870704037,0.0199890608797973
0.0307222167888382,0.0151598037098929,0.00496043854218472,0.00820901141161427,-0.00962204845587147,0.00729358027967511,0.00156556561195107,0.0261301449640533,0.00641911812297611
0.0707427952349943,0.0423303526481396,0.0535886931840115,-0.0147902696936722,0.0104845842267928,0.0480879324320174,0.0178076931118612,0.00280454047881087,0.00960001617356721
-0.0311078339854629,-0.00308492739944885,0.00111519964677181,-0.018433542705652,0.0080472708884226,0.0138587770628744,0.0184273072440715,4.74040612918567e-05,-0.0081827297822653
0.0187228365738495,0.0111162547073017,-0.020788193091704,-0.015266230496075,0.00118267381123115,0.00487781625074388,-0.021438278189144,0.017249640191058,-0.000375676571127419
-0.0526218129081065,0.00762312049226474,0.0020090826045956,0.0128307271880253,0.0122532930673344,-0.0305491967928733,0.00382164639987697,0.0192941254402763,-0.0145165109180792
0.0110894443771437,0.00293728535756459,-0.00463778880099732,-0.00903526838775361,0.00167881706023878,0.0143980309682963,0.00077490382658814,0.00776459449714707,-0.00728817652495657
-0.0916972214233692,-0.00285188113733385,-0.0354368974132832,-0.0347444851020278,0.00374745220909112,-0.0913403638273297,0.00146959340399957,-0.017223964665184,-0.0216463959070078
-0.00584986750020258,-0.0013855102193705,-0.00685320843163706,-0.0104714423405874,-0.0223520711307795,-0.0225758346562911,-0.00376161838780702,0.00282841076961601,-0.00421338886406951
-0.0260910403989805,-0.0373968741720959,-0.0135330443058695,-0.0427844154617872,-0.00113456200623423,-0.0361397559669884,-0.00912296027096291,-0.0465625421732299,-0.0262599806327982
-0.0631598552023738,0.00311316129203506,-0.0341967144851663,-0.0209523422031613,-0.00749856381111003,-0.0876486275112511,-0.0114329140605527,-0.0122697829965944,-0.00522640072747698
0.0452319808558006,-0.010819229392466,-0.0211557263569653,0.00364041674946753,-0.0191182116231368,0.0332616000845321,-0.0214942263922106,-0.0187607137790861,-0.0122266230665127
-0.00871163542518819,-0.00158189087663766,-0.032660355073399,0.0176480873099885,-0.00940532031814841,-0.0222660695471045,0.00113381435637456,-0.00196356050570042,-0.00555034748114223
0.0303392982700899,-0.0241373746432373,-0.00141027821049394,0.0355530346964541,0.00472790504155016,0.0565979848038263,0.0114020410445845,0.00392685760705676,0.00434632121774917
-0.0468082406714802,-0.0048862723441368,-0.0127625089844805,-0.029226350360937,-0.00838305859397278,-0.0490745578454859,-0.0249854884825992,-0.0058560938121263,-0.0106564497115058
-0.0340405195262884,-0.0182553498531753,-0.0337600297395198,-0.00577107866721404,-0.0124357881619088,0.0233005223333891,-0.00400943166285284,-0.0117431252671928,-0.017532390017386
0.066338203955417,-0.00718994418000366,0.0126854745280313,0.0241946109363735,0.0104371147598248,0.0799327087317551,-0.00198891140157904,-0.000438601926905978,0.0107685991459813
-0.0707405330365695,-0.0310945025613284,-0.0353535787980843,-0.0388817779713362,0.00717961661638757,-0.0646864823603724,0.0240553907960188,0.00957263302964073,0.0116806804657055
-0.0659383037269861,-0.000477254535840728,0.00290254159330581,-0.0352285685050842,0.0171313673844083,-0.0846974245341067,-0.0313445681617343,-0.0189025108920827,-0.00750130658880208
0.00565975032454761,-0.00963861378705663,-0.0134520071671933,0.007270039734087,0.0107406429020476,-0.0394840883808195,0.0128619846256326,0.0339676551976429,0.00792601974969455
-0.0109206882330548,-0.0177479602935247,-0.0185106747267781,-0.0257435808948418,-0.00856677431092577,0.00688858663890329,-0.00861649715028347,-0.00458383636605984,-0.0137936592970983
-0.10477431932194,-0.0405098434039765,-0.0244106174152679,0.0221973298942582,-0.0188467759548897,-0.0904111530223311,-0.0336110848443923,0.00551417689718518,-0.0240511183960128
0.0063780528029163,0.021691956467905,-0.0177231819208026,-0.0223096381022236,0.00936780717149739,-0.00540136363995033,-0.00058167850284311,0.00944921015782756,0.00565138288582738
-0.112276436327112,-0.0655233765586506,-0.0545270036366169,-0.0655080554567816,-0.0173968552313557,-0.119778954278222,-0.0248326982296613,-0.0234192135981891,-0.0180192429741728
0.0190545135809188,-0.00660069031615486,0.00995097388068088,0.0181048384221861,0.000995902172615642,0.0446474255334731,0.00527072352878526,0.00603605059854028,0.000923444851091831
0.00276760384420163,-0.00643663575404997,-0.0416878365485261,-0.0249199638612785,0.00128120791444959,-0.0475821603934931,-0.00937217675265059,0.00415622544463778,-0.00399785136905892
-0.0475729476907205,0.0090444516688167,-0.0295481242374454,-0.0447036754442425,-0.00367808895130569,-0.104945079081604,0.00655293925304807,-0.0104036795944649,-0.0129744087617343
-0.0261622126585302,-0.0113139392357304,0.00764899354224294,0.02822105515186,0.00352020643315489,0.0133252712701404,-0.00584909775826819,0.00664326226393492,0.00740576501467159
-0.0250043986507143,0.00969939316217571,0.00947301656309433,0.0259651241634134,0.00419351685574548,0.0199771455056297,0.0181183910631343,0.0116387913173317,0.00503883580927836
0.0556031243398496,0.0164708385088099,0.0127320898160842,0.0328422723870868,0.0167102956149152,0.0460638338223895,0.0300183674511645,0.0252301019492049,0.0235578919773998
-0.0270315853986104,-0.0156145873258216,-0.000129550351741075,-0.0203193335120071,0.00230679294760508,-0.00728757720995564,0.00750695084611354,-0.00367431164790714,-0.0186796445712287
0.0252973833139372,0.0178989340139249,0.0216187918158758,0.0113512520794662,-3.95781991114858e-05,0.0244040356561962,0.00861530901995846,0.00166538359699432,0.0127990775464816
0.00546878413999093,0.00320453800872725,0.0120448733193987,-0.00826682287198681,9.7428959113019e-05,0.0286531012542234,-0.0074301671011216,-0.00741959557607956,-0.000879896500133861
0.0232617106650054,0.0134936450376679,-0.00390028693713832,-0.000295233880390933,0.00385997893366412,0.00343055842846599,-0.015814159230515,0.00361646857846049,-0.000729447985117568
0.0403511415383822,-0.0118898176133138,0.00403830452447609,0.00277914214520577,0.00231854192618916,0.0544042285149153,0.00416939496945204,-0.0237394282227307,-0.00506466416647664
-0.0251383972077464,0.00592966251347577,-0.0110992020822631,-0.0203134141250509,0.00259912053545443,-0.0346393693012086,0.00333328965761876,0.00721865804532299,0.00404375152209901
0.0216520131830914,0.0148049409968215,-0.00332431399062589,0.00241029814732045,0.0105843934931925,0.0190431653198515,-0.00265067400001355,0.00900017340931972,0.0150033573508277
-0.0312949864768604,-0.00219235050227964,-0.0299523719815793,0.000410016592150482,-0.00475008496524479,-0.0415185510285371,-0.0022485200690162,0.0214472729607382,-0.00867299835697963
-0.0252624327292496,-0.0133073094662808,-0.00727912955834786,-0.00625393489083818,-0.00657372871096875,-0.0363535198887188,0.00368529883387835,-0.00191238278169807,-0.00693576435216946
-0.0223466791387714,0.0153925048698342,0.00244936726611019,0.0136217916934721,0.0098351969841157,-0.0216369346893056,-0.00292342028113354,-0.00248910593230366,0.00994931114275193
0.0325230947088329,0.0257187833998918,0.0148748994308799,0.0641577836683769,0.0198818815201813,0.0726186971970322,0.0147566739653221,0.041250088675241,0.0105824059405201
0.0544589776155755,0.0403178052138591,0.0341881840797506,0.0349213985200549,0.00154585347726636,0.0397420471096904,0.00197255339811817,-0.00293659024975629,0.0311661316985876
0.0199900764459551,0.0160585875917325,0.0194121359175492,0.0237149062864893,0.00712883931253091,0.0194432902776021,-0.00287356707352206,0.028864977135642,0.0179498111212421
-0.0300633745247034,-0.00196393709444505,0.018376512647185,-0.0175388845702425,0.005026483161507,-0.0842208925850931,-0.00230367787686693,-0.011346689353973,-0.00689019382003568
0.00923119852490089,0.0076954288652258,-0.00560528795608005,0.0263266402136286,0.00468078967382111,-0.00986992726861292,0.0154558590244541,-0.0226967918450275,0.000653649851245982
-0.116214515659716,-0.0389724233829434,-0.0304851435224147,-0.0818910020695149,0.00145870614982669,-0.129209415041121,-0.00800533721490624,-0.0231561448145564,-0.0212975763318347
0.0205097704035202,-0.0137011137676904,-0.00109455981383919,-0.00781162156929427,-0.0135528181625842,-0.0205775755321885,0.00422429463530397,0.0160577382014114,0.00968131433681972
-0.0142661233858315,-0.019064423500006,0.00273594867043673,0.0251491203954793,-0.00941533483211367,-0.0310244830263446,-0.00698898276467489,-0.00923196873664754,-0.0103022869695274
-0.00709682720377646,-0.0305810167464488,0.002446239757415,0.00443901345239223,0.0127145984784955,-0.00208430683698503,-0.00395160057323589,-0.000344428734476153,-0.00510875978787953
0.0201192335348235,-0.00327757842248472,0.0162859620555656,0.00938602922468665,-0.0164365605967344,0.0133435502784456,0.00430010714937089,-0.012347268778999,0.00208778930000529
-0.0390052568892653,-0.018898943814573,-0.00935108352926389,0.00141653693588762,0.0236780529971241,0.0465460856838368,0.00787075729936816,0.0104336861000172,-0.00518127559677176
0.0717640569024884,0.00976875398242417,0.0228917451076841,0.0157104372663469,0.00512176112585175,0.0579788836428998,-0.0108650208543024,0.0202919797449705,0.0134189775485514
-0.0512000421513307,-0.0379039117557503,-0.00454547108417664,-0.0146761360034188,-0.000124865623546031,-0.060777759200895,-0.0221451334822685,-0.0139450293475898,-0.00226062056601326
0.0583982156559404,0.0314659846360602,0.0270845932034958,0.0382790111722323,0.00758730913113303,0.0501629008417428,0.014484511887844,0.0238779553559766,-0.00306746856479123
-0.0353691214806255,-0.0122446568311738,-0.00723840110298607,-0.0290319932367341,0.0085138919108007,-0.0968709021106044,0.01094450470407,0.00709423542182307,0.00389582928855324
0.0077055111715418,0.00904673325639278,-0.00538066825135048,0.0474543028427899,0.0195489496974314,0.0350148867144808,0.017725183492537,0.0138240304882724,0.0322135152374966
-0.0707941467155503,-0.0205072920317936,-0.00165620030791637,-0.015686408919253,-0.00639767822542653,-0.0622721598261588,-0.0183798784277056,-0.0262623075123535,-0.024252001643865
0.0507069310886195,0.021254329237929,0.0128051759915634,0.0211430227131456,0.00372750332675415,-0.0046787046415277,0.00818918100744757,0.0244507009268379,0.0100718479543596
-0.0282464719263654,-0.0129299849950926,-0.0148948369639915,-0.0215024505869044,0.00530188515719444,-0.0417428598348897,0.0152842343822601,0.00864530626658365,0.0161769348405659
0.0214620983357023,0.0359686804090591,0.0201422338487951,-0.0177604000145959,-0.00442837505283269,-0.0266664342433427,0.0215147183751436,0.0228992398530457,0.00089827271017801
-0.0175434286411676,-0.0184549619635865,-0.00869792058873653,0.0116377313543841,-0.00592719503169264,-0.00920871230993906,-0.0134292683861688,-0.0118191389029179,-0.00743226357497718
0.10551472506029,0.0292404029076966,0.0333043715764947,0.0206297266956036,0.00697578527121169,0.104662042553829,-0.00297397789752667,-0.0111804101507786,0.0158662813025645
-0.0705767233497295,-0.0419168360351471,-0.0260746516052885,-0.0607415428261778,-0.00458357767805951,-0.0572612526062055,-0.00981310356267854,-0.0243319497587947,-0.0376873359902029
0.0273012265506135,-0.000569974422737139,-0.00245167041550332,0.0121085774739667,-0.0102339566507416,-0.00368780448842764,0.0133903348931799,0.00733780440213239,-0.00595586362847967
0.118914664158277,0.0597389308201682,0.0399245500927421,0.0396117268085729,0.0322352421457647,0.0738546801334554,0.0282466969048938,0.0381091974476483,0.0419914462001649
0.0829573059116669,0.0131522333579108,0.0246061212530223,0.0326624182003092,0.0182754262128724,0.0850633386977007,0.0224572556550805,0.00631384478759421,0.029315082537369
0.0365155995533671,-0.00797719857035805,-0.00755425740698599,-0.00918922245424689,0.00185421510151776,0.00420908651164818,-0.00335121591716402,0.00223607186246753,0.000704926154372561
-0.168793407211692,-0.0702992257963758,-0.0479611638267114,-0.0988008693837988,-0.00986531568067189,-0.178822407977595,0.00436595673171345,-0.0625606691739156,-0.0278422606963421
0.116815479902085,0.0317970635314667,0.0382751443100117,0.0321058078425661,0.0214424744139789,0.0644694556460312,0.0338880306435859,0.0345295629189671,0.0384189720079019
-0.00975508592089001,-0.00223699812133106,-0.00552835005636165,0.00573350901728294,0.000386568297637987,0.00169296659363399,0.00409990767098641,-0.0146144365532415,-0.00329796462340264
0.0615600406268852,0.0484257992825476,0.0192678701058027,-0.00654210853347952,-0.00810673648120408,0.0372248231422463,0.00332320693584951,-0.00318635261395059,-0.0105359836297737
-0.0127813684473536,-0.0109508500436571,-0.00114298200489424,-0.0278066966077265,0.00800896326964772,-0.0483005232038343,0.00432423063371299,-3.38157346219456e-05,0.0121438129561004
-0.0314593856547137,-0.00234958964567522,-0.0301046440151951,0.00294690233003682,-0.0164122968198537,-0.0197755710195001,-0.00698554358862225,0.00137902137153357,-0.0104107040634042
-0.00147874947878042,-0.00856068692575906,0.00508922079117183,0.00997857097218485,-0.00580239174732596,0.00154355789052834,0.00197889422075172,-0.000404852355091815,-0.00744499888759512
0.0131565180526656,-0.0038551634869765,0.00661903408530424,-0.0171275105076348,0.00564452081770657,0.0040551808970583,-0.00729551243010794,0.00669772560394289,0.00930539393251464
0.0877423577794941,0.0326663955095023,0.0540010588764936,0.028865061433843,0.000156279441778363,0.0474528708467912,0.00689458306368632,0.0335597609602846,0.0121154916248268
-0.0815806246363937,-0.0328099003171311,-0.00490371224065801,-0.0038065357107377,0.00370660225994705,-0.0483003201012024,-0.00377396891331998,0.00562242348588918,-0.00744034378466133
0.00676055648487022,0.00671624136438481,-0.00270646338937881,-0.0352867133876369,-0.00651464366696421,-0.00606363665406983,-0.00940764049123121,-0.00778689282118469,-0.0157848793818782
-0.0522397559970932,-0.036295794111486,-0.0420754749561156,-0.0212662511809649,0.00145315019227787,-0.0191274040439198,0.0296798755254536,-0.0222756661739304,0.0185295133956501
-0.019952765976409,-0.0170227055232793,-0.00824619679561269,-0.0111590386683198,-0.00585756379360966,-0.0638376781821693,-0.0156339960957374,-0.0157022333590596,-0.0061176357960667
-0.0211162625314079,-0.029038067062663,-0.00187112439032197,-0.00345429601209769,-0.0236367721160241,-0.040947423770586,-0.0370478832209169,-0.0356933659235307,-0.029697281957477
-0.0601221790770041,-0.0359522244262127,-0.0280755439112912,0.0396023472696492,-0.00414466279467698,-0.0459330389891172,-0.0180182027630511,0.00523596412796877,-0.0185422179795204
0.0706389969295742,0.032828093264493,0.0111389153025909,0.0131883441434987,-0.0236215670137869,0.0517636602655477,0.00512239632626992,0.0163334898464568,-0.0105552871471945
0.0814034386637245,0.0461067490407717,0.0247575814043998,0.034153169350488,0.0226543721713982,0.0325250686988787,0.0447933434316275,0.0273445020797903,0.0521472240376706
0.00641654267756013,0.02398204890135,0.00524134547937091,-0.0158114349820404,0.00850972570944846,-0.0291030664556096,0.00329628173922336,0.011707447015171,0.00668036882572326
0.0163550243203637,0.00494329700679511,0.0205135265375625,0.016687958033882,-0.00892167303780359,-0.011169275095978,-0.00718373003314041,-0.00719156986298259,0.00936799863205585
-0.0809998066263509,-0.0273630087148152,-0.0177244247440708,-0.0512702736369344,0.00172513955495176,-0.0898520649031092,-0.00786076799222165,-0.0173433355928363,-0.0104749240382174
-0.00857969041013421,-0.022535798483234,-0.0029206195272956,-0.0177409673695179,0.0153135086877708,0.0252066986446639,-0.00118206422055942,-0.0212688540897869,-0.000266353877106631
-0.0363328903715124,0.0152756334950698,-0.0333443346918807,-0.00807697731143083,0.00263914298508862,-0.0616783337995481,0.000183219434462073,0.000867847811950117,-0.0160881916241647
-0.0471119376435034,-0.0341350788525003,0.0181978281884921,-0.0152134540841895,-0.0183426311968936,-0.0218009581634157,-0.0386651760902994,-0.037255772643602,-0.0096167634822614
-0.00974062502225203,0.00751880483476741,0.028811881068271,0.0163314496885545,0.00363314702244789,-0.00252114375087582,-0.00110576360440082,-0.00101998115395094,0.000249629737518609
-0.0643965007914294,0.0209823723051053,-0.0347794215254397,-0.0311986268445981,0.000801780986660612,-0.0478665305207623,0.000296121906294142,-0.0101215478595817,-0.0151059501038681
0.0972474490136524,0.0508456078928527,0.0286092689346826,0.0261719868839967,0.0204818901274961,0.0871677319167235,0.00409969099982792,0.0315817513799857,0.0342270632670368
0.0306080320325454,0.0207176359272919,0.018011218857427,-0.021466084543345,0.0122201080102383,-0.0388161093465579,0.00411192886048854,0.0179827387730584,0.0184633022415378
0.060859439607151,0.0418298998154079,0.05212703384553,-0.00116447522358197,-0.0250831578658863,-0.00015379869949472,-0.0149551820171659,-0.00207417355087274,0.00317086734885201
0.0212083787912733,0.0128986825054291,0.0404957844409677,0.0271725184827418,0.011194783810079,0.016212233639949,-0.00618438543454327,0.00215155145968142,-0.00793528675724082
-0.0317578814557232,0.00888519105389967,-0.0249740433498336,0.00836389238526108,0.00650986333651335,-0.0834512862725518,-0.00342622930533445,0.000782329673719687,5.49619872595455e-05
0.0254626637684298,-0.00930768581930452,0.00380027603264,0.0349887840318801,0.0181797875327333,0.0365376223019954,0.0302211275171408,0.0433673881140127,0.0302564763453679
-0.0340200834347795,-0.0168892602573654,-0.0189014963655893,-0.0152445704238075,0.0060349667169405,-0.0343875428553649,-0.00521748556611877,-0.0333839537168983,0.000144916541370435
-0.10465816684542,-0.0633505469762694,-0.0248291986581281,-0.0371853582234762,0.000220428671722883,-0.0136986488671186,-0.0125859843358693,-0.00552101592649468,-0.0270150943320505
-0.0141692958570559,0.0147731018818184,0.00820866246373923,-0.0133565606351683,0.00107549572501254,-0.0281646637588877,0.00122800021948388,0.0123988358456553,0.0058134851064079
0.0081066394504151,-0.0121719879373379,-0.00437123818507739,-0.0348650816455141,-0.0295912562741889,-0.0362033005062197,-0.0180693134899158,-0.0337840998334614,-0.056394136667659
-0.0527411259836784,-0.00105724380013966,-0.0136785113553913,-0.0309313450548353,0.00844555808277505,-0.0392319068474028,-0.00976591401767492,-0.00722117847688575,-0.00965702458208824
0.0271400776632966,0.0283272953035934,-0.000325347918749529,-0.018081922771863,0.0168289494988969,0.00895353046193454,0.00761182422377631,0.0101373638187537,0.0123325536806442
0.00218656081518552,0.0193044188295147,-0.0123683679343454,0.0539469282685104,0.0210633441886162,-0.00243235710467509,0.0281341732423352,0.00623069298433685,0.0402655418720962
-0.0731920608910943,-0.0212429839642815,-0.0163544440720788,0.00198195910579047,-0.022986870336843,-0.03435225718431,-0.0232322780461669,-0.0121346627907786,-0.0113119667199295
0.00418452163425335,-0.00334164592364775,0.00216332724923716,0.0174444131740595,-0.0165643086583669,0.0170581643359021,0.00106090211949586,0.0221832499592098,0.00462034679933408
0.0544591225793532,-0.00997423870672196,0.00454407082220169,-0.00271661863281454,0.000885578845314114,0.0257822401765283,-0.00668297785222358,0.0177141409854228,-0.000883767242156637
-0.0707669458650219,-0.0781273549513515,-0.0386598649991736,0.0147374031777573,0.00468898620836879,-0.0636107499959849,-0.000324106236235917,-0.0117544350976048,0.00523075945284708
-0.0321154406162764,-0.0028816611035846,-0.0221467392061092,-0.00424544189022385,-0.000168208574254843,-0.00388639467019606,-0.00258759288339276,-0.0103167096209277,0.00296109999750195
0.0411975186783033,0.00593805696271597,-0.00760433114680048,-0.00612476129775878,0.00520190851841911,0.0326668148869633,0.0222277722489003,0.0119757917867048,0.00226857523530786
-0.102012113357986,-0.0572651442568693,-0.0276386830458714,-0.05621171125649,-0.0239338223627659,-0.071227069124397,-0.0570740036035139,-0.0117108559864884,-0.0257352342965462
0.0363655486152878,0.0118353896832995,0.0186994345820114,0.0294616074474684,-0.00558810006240806,0.0017025280617922,0.00284136048537998,0.0150062986425807,-0.00493477683442149
0.0409506615861602,0.0383545300139802,0.0110022178703929,0.0211318152333903,0.00324072132772221,0.0367982651013812,-0.000476178536280151,0.0374139144004798,0.0189168854167655
0.0557968531671824,-0.0152027891923104,0.00378082105792701,0.0189068632987558,0.00273961271314345,0.0425664788456483,0.00361667425852694,0.000129701575124318,0.0139569108898394
0.0063325417270102,0.0141013125397687,0.0129359922659864,0.0381288972469728,-0.000976345375484719,0.0344471433923002,-0.00732458457830738,0.00926456304009422,0.0059005674287344
-0.00550345336893972,0.0104184326794942,-0.00587215910049499,-0.0115929143039305,-0.00223345182171682,0.00943088146811032,-0.00577938071457949,-0.019572221815827,-0.025205341446517
0.051363117247407,0.0353778858778048,0.0218207814293306,0.0412084648863626,0.00948152056753668,0.0791985417586547,-0.0072201559724188,0.00371400219427537,0.0139917252991424
0.0448268121267906,-0.0116370810928656,-0.00176879340578292,0.000531195865625008,0.00144515617114251,0.0703549265394241,-0.0147249562427272,-0.0286184601012782,-0.0132112065692307
-0.0184803002723895,-0.0200390425972745,-0.0228295123328433,-0.0354479319947335,-0.0076277944092818,-0.0460885482166064,-0.00532555925819474,-0.0128109478221837,-0.0125606135811125
0.0260780159369434,0.00952694268146765,0.0517644217105357,0.0554822731367496,2.16334111869021e-05,0.0355325090697101,-0.00871346576759288,-0.00032244647710932,0.00932576216996764
-0.0345584371053945,-0.0488118193384109,-0.0227244365536569,-0.0298151308583937,-0.0116921387592778,-0.0683897445227865,-0.0262044987186583,-0.0219459017502844,-0.0108957111573161
0.0413944603710708,-0.0126864305676305,-0.00857643812394065,0.0221213297518471,0.0110472346511124,0.0423578192882548,0.00163219383824446,0.0146267744443664,0.00729656081508058
-0.0360664275234346,0.00343592704773403,-0.0131818969023685,0.00310102317718864,-0.00760954570479026,-0.0571263282826412,-0.0170712485587329,0.00526709037412164,0.00652020194269189
-0.0225824142372854,0.0149705370944802,-0.0110821221697361,0.024799378379047,-0.0129534562818639,0.0205091504097024,0.00297447354456237,0.0232815513000048,-0.0128008960787226
-0.0696629334633414,-0.0282674661304008,-0.0244240493549107,-0.0433465892579002,-0.00757758595878306,-0.0642329517547514,-0.00228519067804097,-0.0238801983679094,-0.00637391632761247
0.0584538218804148,0.0186269184998253,0.0133794962530008,-0.0235804938315355,0.0127827194850493,0.0777039113827923,0.0153337188545016,-0.00146667125529613,-9.21041940863039e-05
-0.0611601106473378,-0.00846783446545641,-0.0143756457335838,0.00616368827038017,0.0118514557190205,-0.0460893945751519,0.006858764056515,-0.00737629686695075,0.00799680051603896
0.0159655799540946,0.0131856380262289,-0.00324479758327284,0.0268958346838292,0.00175056347453771,-0.0538717400423735,0.0203880640144469,0.0266583036906854,0.0145774687098395
0.0831303270039567,0.0538006167085436,0.0253523710537191,0.0152248814515758,0.00138323056345199,0.0779276073156543,0.00418063016284429,0.00521896737866752,0.0228816670314117
0.0223897102530067,0.00868579692674282,-0.0174400408048656,0.0370090966348699,-0.00945027836256372,0.0518981274926594,0.00765185838321379,0.00488533768821882,0.012164376426115
0.00961783761857118,0.00872427015111293,0.00392829414617337,-0.000866552269742357,-0.00798441657034705,-0.0273456421676056,-0.0188642267106751,0.0150284978514111,0.00449858024406397
-0.0649516388210653,-0.0512391620964359,-0.0420019731262261,-0.0597794557411532,0.00366402053422194,-0.0835879826466165,0.0115746520924319,-0.0363324146324578,-0.0209616743345623
-0.0018447947596142,-0.0207625494507297,0.0066198532357619,-0.00147040870497363,-0.0113464107473223,0.00379994294376972,0.00400072817508652,0.0117609382317004,-0.0208392836241129
0.0219613182752089,0.00330723673447143,-0.00778957330274125,0.0453206102682581,0.0144957838859663,0.0426438351843755,0.0260537659366884,0.021273241423531,0.0175661758153052
-0.0645686014117087,-0.023804085203352,-0.031326420286968,-0.0403151405216035,-0.0152846966490537,-0.0735743148081988,0.018681663683109,-0.0456472962373639,-0.0454058540211362
0.0360556032920909,-0.0224316970233934,-0.0179823042635627,0.0186888761493823,0.0013471455469245,0.0360810585477544,0.0164120877898168,-0.00894543722624246,-0.00482424175502186
0.0454118449470273,0.0052319561295892,0.02642394462643,0.0507885835852502,-0.00220140383701403,0.100588300941017,0.0370291304484512,0.00931232866779635,0.0368732979048084
0.0538037865472867,-0.00958535848712321,0.00240604834226309,0.0283374956412682,0.0288663063545146,-0.0270890605038942,0.0196034603316998,0.0185181677876767,-0.00286062349766476
0.0645004689549588,0.0258871061502851,0.014672751049244,0.0157493137538523,-0.00101591315361364,0.0189516109894143,0.017018612863834,0.0167853584981182,0.00178788265980722
0.0158080401471506,-0.00579130446806436,0.0149338701208337,0.016541044384701,0.0013669082166689,0.0569260375620014,0.0111201706434388,0.000675692702163964,0.0106807963878105
-0.011613123809039,0.0115297740130242,0.00220899756295158,0.00916537090511464,7.00938516232574e-05,-0.00503643016558534,0.00605318896770537,0.0020091765696623,0.00646819138816642
-0.0356908281496243,-0.0364677900400231,-0.0515775886830846,-0.0137825613000028,-0.00991614405821954,-0.0508641439407366,-0.0224875074982222,-0.00569483898748673,-0.00877256313066526
-0.027145704860747,0.000484345257999719,-6.79396931878313e-05,-0.0297361604923915,-0.0125611106114524,-0.015475808706393,-0.0141978869164564,-0.007289641275998,-0.00619134170159443
-0.0473073664070975,-0.0255592817619458,-0.0208735382670583,-0.0293094837513452,0.0106836974464999,-0.0039814387882346,0.00166048282058304,0.00162957413039128,0.00446681177599717
-0.0178082895038103,0.0163492679855171,0.0117802220355224,-0.0134908049385785,-0.0102722673266391,-0.0113663000102904,-0.00965094757273727,0.00765017810776035,0.00415376471599472
0.0427387028061241,0.00726491008871535,-0.0107730728066163,-0.0100577924310654,0.0147915507556542,-0.0248321771794455,0.00999272602896665,0.0354042456384684,0.0255722250943315
0.107721173493768,0.0348522627471533,0.0190009853971684,-0.0277091048293917,-0.0104139236940028,0.00454770722343388,-0.0223340821182755,-0.00214435317115446,-0.011504726994445
-0.00302659643423092,-0.00954882722068527,-0.00547255545094993,0.00520200706730311,-0.00683945657364595,-0.0194446033520981,-0.0248175478986921,-0.0152774425268504,0.00789753889306538
0.0654781037997475,0.037366648276113,0.0464615644720033,0.00664908875944579,-0.00419705825081672,0.0396036346284449,-0.0192866409411994,-0.0170396784123233,-0.0149983417276023
-0.024122401827572,0.0201473172596163,-0.0107471609261354,-0.0126489004778411,0.00293932057166184,-0.0240475740154969,-0.00453768873348219,0.0132289170484207,0.000834292163707201
-0.0404312479043092,-0.025342304079126,-0.0205370346071693,-0.00650576630171727,0.00771016628529919,-0.0338868839674893,0.00392145575805066,-0.0120633918011047,0.00649664633374469
0.0552213909925949,-0.009267457327735,-0.00564090091954381,0.000554111550792912,0.0113110501937984,0.0535104617168382,0.0172168663122537,0.00767865385959058,0.00700380019092224
0.135385476947727,0.0239061965045456,0.0278613579545729,0.0348121865137198,0.0129411568656261,0.0806125688530587,0.0195977608446532,0.0244213397575939,0.0206168381238559
0.0129173701726992,-0.027816485988829,0.000323132725865409,0.0135015533505043,-0.0115365778269984,-0.0242879342051506,-0.00241738142163934,-0.0295740397078159,-0.0104803959793346
0.00809160841521536,-0.0427767917008997,-0.0163129653132261,0.00208087433380882,-0.00121041611530483,-0.00119489238297598,-0.00572450370425154,-0.00827049014875053,-0.00937625700733576
0.0197801267513672,-0.0118933551719655,-0.0239390932975535,0.0267003125822627,-0.00122970274690954,0.0287719932427994,-0.00315993340492695,0.00826845730306915,0.0177944309059407
0.0158413565655643,0.0120488970395681,0.0170405355126042,0.0253569319058873,0.00620910927039068,-0.031203965357169,-0.00463262667024691,0.014006695194379,0.00602960791807233
0.0180477691819477,0.010913071208436,0.00482637794008974,0.00616497258350436,-0.0049191243012997,0.0224123117666524,-0.0202826150908547,0.0215775902756649,0.0175877029431524
-0.0318255324634609,-0.0385540883071929,-0.0177229614988273,-0.0296955211859384,-0.00355780498157682,-0.0495934671136892,-0.0034289421776975,-0.00688536307193066,-0.00837260248537106
-0.019237131932239,-0.00398496936163616,-0.02425279379463,-0.0239214675573251,-0.0101996496110849,-0.0603638319489027,-0.000874278012783523,0.00470354297631062,-0.0122328380365333
0.0131825817280033,0.0139124145594093,-0.00403645521540384,-0.00963650729463197,0.0176594098542886,0.0110432840395401,0.0157739176696157,0.01193935299143,0.0217164801052996
0.0814690238485589,0.00455595091372808,0.0174464998864317,0.0187024159849653,0.0105553377458442,-0.0097768194063596,0.0011491834954747,0.0034801304686456,-0.00166185245091293
-0.0719391924599982,-0.0372442486775802,-0.0369082501753212,-0.019843209264574,-0.00736795456829023,-0.0727167379661687,-0.0244069652816686,-0.0105480689941358,-0.0191698681271873
0.0811775214900786,0.0446394475835015,0.0398889254318839,0.11723004045564,0.0113849159838349,0.0410287389024642,0.0040920247515155,0.0328736055255541,0.0406912640497798
-0.0481998603012994,-0.0113088071467156,-0.01793525364955,-0.0232123043239279,0.00485377527039543,-0.048168275527645,0.00101434064567544,0.00660498836501635,0.00728242036269499
-0.0168086476913379,0.00775532656696349,-0.0112111258634683,-0.023433393339712,0.00320026130362643,-0.0323048104439838,-0.00859079330104927,0.000728714811702869,0.0116514176175016
0.0601641395330974,0.00807673096969522,0.00731041603844786,0.0190011920167052,-0.00869665370791221,0.0309098282227484,-0.000486053132058751,0.021149089881651,-0.000361641847808886
-0.0373367039950425,-0.0124247361409886,-0.0150641757328356,-0.031136451303204,0.000117568487341236,-0.0442478339984265,-0.0154738673502454,0.0173347507119803,0.017329620347653
0.0304207607080231,-0.0324858225663574,-0.0139257660936193,0.00570384531743439,-0.00307841361972558,-0.068101347880288,0.00424902675789139,-0.0110076199462533,0.00301355684729651
-0.0587846965196913,-0.0255363188499561,-0.017471766644855,-0.0395845418287339,-0.00894730551022775,-0.0405338785276871,9.2810581610752e-05,-0.0312226683431736,-0.01527805873274
0.0277649609053513,0.014564846895777,0.0254149848206431,0.0363401901583415,0.00454972319405458,0.0535052629060873,-0.0197094427144375,0.0100426945795786,0.0102799691043517
0.00615621254010286,0.00825369345796439,0.00797669361142608,0.00814900137927518,0.0100595870849476,-0.00503075997509779,-0.00320589805989919,0.00472516678855038,-0.0039573508846183
-0.0166022559708566,-0.0102276703054135,-0.00896564921021155,0.0314038487795574,-0.00473492380865039,0.0352950203267393,-0.00865207721629352,0.00201551156610349,-0.00900608517580453
0.000229878019217062,-0.00489571400192919,0.00350537482236867,0.0143152402907332,0.00715381073893847,0.0150068864806354,-0.0024015383202152,0.0109226500728417,0.0193938210967086
-0.0491442181854113,-0.0114874243244031,-0.0174756008864213,-0.0369956268713112,0.000845833713776461,-0.0521959813856091,0.00823863373017442,-0.0102371881555925,-0.00986667219265968
0.0188539065028983,0.00271588417058154,0.00258292368428518,0.00363215364625456,-0.010982300622316,0.00559264099262082,-0.0109561619408119,0.00281674786719288,-0.0239113775748026
0.0212291628508085,0.00940847786912173,-0.0150808577262532,0.00445799655555774,0.0126181586990416,-0.0125391115778604,0.0227913783387546,0.0123451489008777,0.00717775615715969
-0.0836076480874895,-0.0143690090638282,-0.0128221376430372,-0.0418775347157456,0.00335666443350182,-0.0554927286466486,-0.00761313562262917,-0.000893848603858075,0.000447224951769963
-0.0270420902471353,0.00488418856339265,-0.00187567543443947,0.00581880214493328,0.00149122638277182,-0.0175249021981102,0.0001091716640171,-0.00221720849111178,0.00110580113818046
-0.0088696917984337,0.00732287637827462,0.017695205623818,-0.0125313887115136,0.00609259086108075,0.023872140146188,0.00321738906353754,-0.0281150457768738,0.00287822959909395
-0.0638925466332753,-0.0437642901443324,-0.0204471609751784,-0.0179312570872332,-0.0099353019585714,-0.0258380107231905,-0.0132172208285542,-0.0258076587980305,-0.0326806951275222
0.0739472262097875,0.0349510201878937,0.0294588765165976,0.0448853896017765,0.00497792515586568,0.105575339480911,-0.0019892467821522,0.0208251514449332,0.00543678359722338
-0.028226582910845,0.00764879916262884,-0.0195082088435315,0.0051718993577037,0.0119440666206835,0.00703804678424648,-0.00608011471079636,-0.00448722132278412,0.00185012336789163
0.135856950429038,0.0505118554048286,0.0456629577487616,0.0157267045692699,0.00915619438687009,0.0539237545528609,-0.00045943347826183,0.00658609844169841,0.00560172006795776
0.0162899244484794,0.0435454416516914,0.0176538758295385,0.0307305402108293,-0.0167938196617238,-0.0244964261933532,0.000201089136390783,0.00904008393889476,-0.00996863261176805
-0.00623040806545774,0.0201539568095362,-0.00144167127957895,0.0228452886474402,-0.0046488773515409,-0.0275701892750686,0.0144269041122659,0.00762736323272693,-0.0154089504109027
0.038432389193444,-0.00996134855533597,0.0153351406491145,-0.00619570746802758,0.0155363647429183,0.0236562401374324,0.0211197213547928,0.0136992682562551,0.0249380934867676
-0.0759926759208519,-0.0234298192008503,-0.0406104999206986,-0.0367929976777797,-0.0124787331912334,-0.0981221728304783,-0.00978309314208234,-0.0209183738317004,0.00156756270681397
0.0147587563436072,0.00604882465416423,0.00496573081383859,0.0346230782195808,0.0028464535712951,-0.0123003807313593,0.011914055012207,0.024702448742172,0.00105179644946977
0.0150266479310521,0.00619142430624563,0.0114942409389326,0.0537812082106256,-0.00126704331988326,-0.00276512118150028,0.0122356753116048,0.0251319996704261,0.0075278804402298
-0.0561231656521485,-0.0178080677239985,0.00461933109452838,-0.0203210731015345,-0.0345591651338462,-0.0633140354514973,-0.010491088343003,-0.0489242356141419,-0.0296124714812993
-0.0511929843172935,-0.0172109248006932,-0.0139643828161144,-0.0217582166028133,-0.018865213687655,-0.000113171108381788,-0.00866001540345307,-0.0116526477189619,-0.0249363286779324
0.1118916060212,0.0191868448968857,0.0272557853178261,0.095355898043875,0.0139108245798343,0.125215362499413,0.00639674752320811,0.0371844358132375,0.0190719797308383
-0.0364484324244203,-0.0277237897492913,-0.031100085351734,-0.0486571746250824,-0.0151522253254166,-0.0196463521192715,-0.0260200579765074,-0.0237061240139259,-0.0305396213601764
-0.0340908214823926,-0.00824729982861173,0.00401374238683986,-0.01343560072514,-0.00454445037996709,-0.0314174267489736,-0.00702851136749689,-0.0014393310511076,0.00440890947395603
-0.0776142560298527,-0.00963294983219038,-0.0122727828989774,0.0225419983941486,-0.00208331411980053,-0.0832463198443326,0.000268054026841884,-0.00862837233645748,-0.00526472829919204
0.0619230329306585,0.0320494177436665,0.0166763093194649,0.0754388487405658,0.0220174154661695,-0.017993463911181,0.0275177808534085,0.0316961167465331,0.0366534268899124
-0.0125222245196742,-0.01986622028803,-0.0257459205970721,-0.00154059162358059,-0.000330108461582582,-0.00247949531680949,-0.00385070004315492,0.00593907493881884,0.012068213689605
0.0668021022941676,0.0232910139675173,0.0104931277137236,0.0114439758568085,0.0176834539530518,0.0418197082214428,0.0336615747095535,0.028268245796215,0.0236158843240797
0.0462217786472157,0.0290994587876676,0.0398989050618692,0.0565378531101246,0.0125208152684661,0.110987909596314,-4.99079067690472e-05,0.00182990158731232,0.0206802706235361
-0.126348713032063,-0.0921019210769732,-0.0217665983207537,-0.0562207722867727,-0.0184399892035551,-0.0876801045227565,-0.0163564217669774,-0.048612274318975,-0.0474651834774975
0.00530012161975335,0.0277435449541454,0.021972900971388,0.052545528765863,0.0157069736840443,0.0225993831525878,0.014714667657155,0.0268575674925872,0.0300440493898576
-0.0366635921892377,-0.0466330106183689,-0.00642579231342438,-0.00519728504744192,-0.0109257087768443,-0.0438423694964387,-0.00281771993235808,-0.0129508861448039,-0.0113940227071222
-0.0123329091334602,-0.000378525487415749,-0.0181472997367076,0.0274616745639154,0.0129990752157706,-0.0244877999093216,0.00938121330116194,-0.00434364157655243,-0.00974547729215896
-0.0363544881443686,0.00557078744326342,-0.00658003703069114,-0.00968456412359098,0.00482578417831083,-0.0288238196968978,-0.0189364790296967,0.00352480205089161,0.00488833517594713
-0.027650644262532,-0.00545807655911553,-0.0100705789898087,0.0118421575923777,0.00849151243101784,0.00387401018579882,-0.00382573115954663,0.0052537364560446,0.0134364386583647
0.00320250980557012,0.00199834918029965,0.0161293612481262,-0.00990083111411327,-0.00842807584110113,0.00863049324714085,-0.00803794563508619,-0.00023585368148939,-0.00583138432786237
-0.0724427196831555,-0.0142988275602524,-0.0419279704571826,-0.0404789774633446,-0.0156131938508426,-0.0190613553478242,-0.0056842653094298,-0.0342472481830929,-0.0105162042419281
-0.0378834349770528,-0.0180544520966202,-0.00952105745918509,-0.0208109556478346,0.0123163191147294,-0.0392550533388107,-0.009787089233363,-0.0221125705702712,0.00101411478647324
0.0539049028148358,0.0344496006406545,0.0375189728489186,0.0302737102989061,-0.00119676927021055,0.0217088178388919,-0.00447286056498188,-0.00511090505257687,-0.00353320440137803
-0.0224481572197234,0.00759716868478837,-0.0195689100540621,-0.0279684085506643,-0.00282670623896716,0.00937000565384368,-0.0111549739453587,-0.0256005242247182,-0.0242068583787716
0.0287276935288743,0.0136052308214424,0.012020594325827,-0.0125358262790768,0.0149179860082163,0.0181991838385317,0.00485193280441312,0.00528584848371537,0.0212685364977165
-0.00173114581505087,0.0122714631635055,0.0104228454844009,-0.00691464123623056,-0.030612885424767,0.0217383262929268,-0.00975659113899034,0.00059177485470313,-0.00638495052120366
-0.0161734350343446,-0.010990207700312,-0.00615064915493591,-0.00253744336435577,-0.0238045581482998,-0.0587417243590733,-0.0137165063795394,0.00283502837750184,-0.0409130784035543
-0.0437999750304821,-0.0238442570836617,-0.00647470229792247,-0.0199187226514583,-0.0239097903356104,-0.109001990835917,-0.00993932083481985,-0.00742882420492243,-0.0294820261491808
0.0629926340355959,0.0422975184387716,0.0416535046017621,0.0246705533735846,0.0291362475621902,0.0620112287193646,0.00919290589250488,0.0264868420391851,0.0343080129462998
0.049277286597231,0.025394695721572,0.0141307522502425,-0.00694380895099258,-0.0212352154449656,-0.00852857807064711,-0.0139871340152648,-0.0292741817858044,-0.0164423130356074
-0.158571873740632,-0.0434740276496176,-0.0587345817865007,-0.0833114397603247,0.00048156304473615,-0.130657041454638,-0.000811857384328023,-0.0137736858969544,-0.00893816006909377
-0.0146350820144179,0.00701529603714565,-0.0181626027611734,-0.00470378822611664,0.003396944222168,-0.0292271204863766,0.0116795718897351,0.0178679934949142,0.00487775688144336
-0.0676028531926804,-0.00703753137402289,-0.0232274368774605,-0.0352765526516926,-0.0116074816900047,-0.105987383179576,-0.015997565332838,-0.00952877123161174,-0.00336360840123644
0.0130158509415632,-0.0440731975875481,-0.0346175132874206,0.019765003212528,0.00014897600982101,-0.015326058256071,0.022977094328593,0.00422644933784329,0.00424356165802432
-0.0222884949797673,-0.0180932740272344,-0.0319505188695596,0.00588265175039363,-0.00638928677855966,0.00358642223298812,-0.0173736079377436,-0.0122790419585831,-0.0154077911590152
-0.0379076490478577,-0.0387045462809851,-0.0388470495145338,-0.00864589660083075,-0.0116707437283653,-0.000955910487986636,-0.0156402860917305,-0.00772279445367774,-0.00855016891905132
0.0108946516923411,0.0353337091424777,0.0441848207647846,0.022020163461024,0.00260947293321955,0.0217820603629043,-0.0132010290294684,-0.00168026369096601,0.0228979041401885
-0.0760928217021465,-0.0416982746017629,-0.0557944482839391,-0.0578041002000775,-0.0036934901943494,-0.0711054858804138,6.01177832989416e-05,-0.0287286061493846,-0.000325752587204509
-0.023244138984724,-0.0182279885699452,-0.00981187192301167,-0.021823703564249,-0.000107981919639671,-0.0421816088655324,0.0136506908979704,0.00550311392229022,0.00475714009191224
0.0727123943809322,-0.0235675912476257,0.0167347483299312,0.018074647486944,0.00892405631304765,0.111877627997964,0.00585776677001703,0.012461921099812,-5.49030627952043e-05
0.0270026555874973,-0.0156315368406476,-0.0159299419568566,-0.0307430287864515,0.0165355251507064,-0.00350089309639619,0.00433269343488579,0.0263637957486769,0.0150339242448554
0.0379712960243319,0.0233766237260901,0.0191024699408536,0.0442510410424628,0.00393960104194087,0.011150957478839,0.00131549575280188,0.00779382862692138,0.00135361998456297
-0.0916176267441178,-0.0375432029315711,-0.0405719776482482,-0.0403387933095876,-0.0141315792728221,-0.089922568718028,-0.0150559810511112,-0.0204053278518209,-0.0191432866054595
-0.00131093304022738,0.00633725527507241,-0.00766090353591133,0.0230324381678845,0.01503358636536,-0.00661950666495715,0.00503941635831842,-0.00137136960664953,0.0116747040029674
-0.107698526857707,-0.0676570259944499,-0.0110810522064665,-0.0540328130098954,-0.0222379395578046,-0.093361356966192,-0.026485139976166,-0.0494111003023841,-0.0801673430263149
-0.0185180544099784,-0.00958873947360373,-0.000237723204931386,0.00525302453151306,0.00497161570976615,-0.021857737955021,-0.00290563879006106,-0.000841020587721281,0.00753982907208206
-0.0150756564957067,0.00648140060599724,-0.00967338436307874,-0.0195502591832259,-0.018331965453333,-0.0148771913107282,-0.0161091906074437,-0.0257890730786398,-0.0296725959721049
0.0107405582622137,-0.0242206510252309,-0.0138103064669921,-0.0193531369164163,0.00591677830211665,0.0301657244530784,0.00232421583901395,0.00623159562170205,0.00908780967666095
-0.0466419303958129,-0.0127501512264081,0.000132899766329895,-0.0372106213237917,-0.00543592728589215,-0.0561850360398502,-0.0180942700144819,-0.0308732713685069,-0.0191095850606388
0.0225227819585198,0.0189763196566379,0.00617452347440106,0.0303677400487355,0.00369735175451969,0.00819110858785885,-0.0145066941298693,0.0250101738383158,0.0237770115217831
-0.00357754793552302,-0.0250668588312145,-0.0286240245394277,-0.00342727829297145,-0.00643324364427459,-0.0125575715682826,0.00879846258117047,-0.00996681203804984,-0.0165949229680429
0.0242569862646988,-0.024677096033755,-0.0139829711925343,-0.021989592096438,0.00504058211358227,0.0077945724531018,0.0101674778052504,-0.00802084031351543,0.00667638703019767
-0.00652523850259535,0.024070572917038,0.0144256709231749,0.0219901154412699,-0.00896505622836687,0.0274850198829168,-0.0162296605047487,-0.00654917096754098,-0.0159542890933942
0.0109909920768321,-0.0163140912332999,-0.0191997251026391,0.0390536131106225,0.00726565651225796,-0.0187475631980777,0.00584256710602435,0.00425429963784393,0.00348349988882446
0.0254833475700548,0.0164218494328607,0.0184589007042566,0.0190530922025539,0.00753989509986716,0.080035264047161,0.00193016451611052,-0.0031926958566839,0.0103830430027322
0.00231861734506804,0.00689714291753505,0.0149772041038386,0.0244574609551216,-0.00821755874170528,-0.0151694268705163,-0.0154308189212601,0.006177081124641,-0.0279522710539939
-0.0223091742510937,0.00514985118007197,-0.0168806979142642,-0.0285548461851598,0.011448258680485,-0.0187986511639789,0.00852102293790029,0.0106204071749071,0.007126803806491
-0.00104490969690864,0.0187380189506269,0.0106528299746417,0.0360152739734824,0.00801971886110721,0.0236527774001105,0.0069975115025198,0.0251204436365063,0.000311031076998203
-0.0344597139717715,-0.0550109887754701,-0.0116420601248371,-0.0346808171559537,0.000518692027407049,-0.054449968004124,0.000357341125909973,-0.00846222067367086,-0.00630028907527095
-0.0975152025264557,-0.0329555585405373,0.0035289873019129,-0.065695838179564,-0.0313733005445479,-0.113353925003039,0.00842729074925101,-0.0479893477179901,-0.0674103230901286
-0.022241139137555,-0.0100954636107111,0.00471422954139495,-0.0144900747929862,-0.00573934511589445,-0.028602053984916,-0.00190503675304973,-0.0243470308339967,-0.0178718149709132
-0.00640610795693166,-0.020059091854024,-0.0205794175816391,-0.00919994882436952,0.0128510031908754,-0.00413525164565017,0.00496001915434172,0.0125841042858398,0.000871261624761352
-0.0236616173522067,0.00416984452213215,-0.0267279008658595,0.00342839641532289,0.00368033083275816,0.0313362653153632,-0.00102581575267224,-0.0101998792520971,0.00417701572318894
-0.0122640356565973,0.0191070325615328,0.00317869681667529,0.0106900576796639,0.00349271615811818,-0.0112754303693951,0.00977713614519529,0.00774368358052352,0.00905087028545628
-0.0321500462321375,0.00168213743553316,0.00555496719045812,0.0180792692558512,-0.0157013855310832,-0.0398096298340054,-0.0141370754193507,0.0202073321310654,0.0117138680823049
0.0984650172123023,0.0326364551979614,0.0348290558223586,0.0171604724410895,0.00323192572244398,0.0853127934396791,-0.00386136603367247,-0.0030932554654528,0.0205353946352737
0.0105342370711308,-0.0218803870131475,0.000696826322763822,-0.00414819041134393,-0.00834926066459753,0.0242174426166075,-0.0213725425866927,0.00782995706424354,-0.00389710999425667
0.0831635029138767,0.0383387270630601,0.031900568532916,0.0169609872787812,0.0233562001135008,0.0842677954140608,0.01471141506065,0.0127205749629369,0.0362320780767816
0.0967076634524825,0.00293214152029648,0.0232128684994227,0.0133552988297038,-0.00543630318800375,0.12011605835659,-0.000718550570055498,0.0042291017619867,-0.00321896091553062
0.13381808176451,0.0302324342710837,0.0364107207362109,0.0285435740423204,0.0226181846780597,0.128958559350704,0.00837843150405859,0.0262483846224205,0.0244061110521205
0.0490719634818306,0.0295883393375696,0.0183720659018721,0.0268329838277621,0.013474845888733,0.00796786547442988,0.00329627595522013,-0.00407272288809425,0.00516896848715257
-0.0391975554529003,-0.0130390268806539,-0.0301013032043563,0.00255960770513302,-0.0111154008090817,-0.0806165203046771,-0.00028527551161544,-0.0335237747910464,-0.00938432403377954
-0.0040215329162897,-0.00637486585941054,-0.012983871300861,0.0160571465381721,0.0113800438743145,0.0623257596166049,-0.00215980655623177,-0.00600930809663599,0.00142645501665465
0.00783601511228433,0.0049762639162348,0.0129041488217144,-0.00422407699605088,0.001076713761141,0.00550854257115658,-0.0114254609113841,-0.0100865830283336,0.00856333975056305
-0.021953259302217,0.0123698181332407,-0.0112749785985996,-0.0266674195085766,0.00073917969047455,-0.0455563883446361,-0.00720156169536511,-0.0253363279674372,-0.00750782779467958
0.0316505290925729,-0.00449936251402063,-0.0132324874970345,0.0312245325601825,9.91393015818334e-05,0.0222916084506359,0.0043626680761465,0.0192598933986767,0.0108000737145872
-0.0707180062820361,-0.0287180200603777,-0.0505466733994968,-0.03951736520417,-0.00780229184046586,-0.0597617477609512,-0.0163204780913809,-0.0241801164529624,-0.0206559341714846
-0.0237442084853004,0.00793814539113296,-0.0103397272429065,-0.0453345385394073,-0.0010126793445275,-0.0215644992956796,-0.00539206015479438,-0.00429227048371366,-0.0230296809461455
-0.0916453661441987,-0.0272566841532214,-0.00771515888270008,-0.0226141147961744,-0.000534715940215242,-0.0664346197346284,-0.0119759934135196,0.00403540818630675,-0.0163410094981281
-0.0188874905105703,-0.0188603931301954,-0.0153977530819602,-0.0204045352897219,-0.00757137648914019,-0.046920163822757,-0.00208446211402632,0.00826537182306469,0.0104771589734959
0.0849281868143825,0.0759362061756034,0.0643019304743984,0.0416306719041372,0.0216335882250531,0.0568849407339142,0.018999019319466,0.0265732854092343,0.016818653778965
0.141733796507385,0.0742606902357249,0.0555979687002072,0.0540011063717214,0.00619442622063288,-0.0340371691277471,0.0348560959080172,0.033902024338377,0.0425354062091474
0.0103223591244402,0.0195327495218308,0.0177482408540821,-0.0157964542478283,0.00844215306416984,0.00932517837468147,-0.000360849548605034,-0.0125271283898483,0.00166732676413501
0.0475071176849506,0.0126030995040462,0.000155026167678538,0.0324035921396714,-0.00333328097032047,0.019681689885147,0.000659665194133937,0.0362357200218754,-0.000570985577163478
-0.0318800509253348,-0.000855972129141278,-0.0134864988344726,0.00613763465459018,0.00796809171455534,-0.0036840097662074,-0.00652627580928981,-0.0225899335035622,0.00901318753639627
-0.00946562212038763,-0.0462235468171827,-0.0371673778699333,-0.0191752557781074,-0.0205672315019158,-0.000576210875792943,-0.0241719419476242,-0.00377182381089204,-0.0204886251706455
-0.0135302076657248,-0.00113473048454641,-0.0272453852458413,0.00920467717863086,0.000732786389480828,-0.0190859655702767,0.00467877962673772,-0.00418833272828285,0.00319473391888315
0.0208406639103792,0.0194221940617707,0.0017436526679208,0.0385691199793796,0.0100460345485943,0.0373658273778056,0.00929603711336401,0.0166238840973593,0.0193182385608413
-0.0614329211885179,-0.0120788974992786,-0.0573129899645029,-0.0168696988431483,-0.0239585564762334,-0.0652758127067911,-0.00464989338502735,-0.0100105643749154,-0.0118693698347534
0.024491266346842,0.0187558413169628,0.00807449255639223,0.0114696226179143,0.00338394784883794,0.0297052129904152,-0.00587163920051779,0.0101757023283938,0.00498427555654198
-0.0400330863663946,-0.00470998305251021,0.00393712368040027,-0.0239358785884523,0.00309226121517885,-0.0333980496840844,0.00148374210771048,0.00276743173103211,0.000933124168843447
-0.0364650717416745,-0.016390849548111,0.00481907163825939,0.00217574215414082,-0.0105717445430711,-0.0529266647181721,-0.0142725152856637,-0.0147161437159835,-0.0154120591843483
-0.00388338112594559,-0.0151517986609076,-0.0236871862185151,-0.00440362910999618,0.00099472245864009,0.000478920702294371,0.0229284377611879,0.0159663095188216,0.00930672870023802
0.0172389846772163,-0.0103833328194937,0.0239772476010938,-0.0140086163236995,-0.016938173402799,0.0332773999104548,-0.0116369813873316,-0.0127488750862819,-0.0244066819945244
-0.0146943931968405,0.0137158339315386,-0.0186058408549272,-0.00223755735778136,-0.00121698483135234,-0.00974799613108345,-0.00207882671213304,0.00652619728754558,-0.00325736690927429
-0.00434434853403302,-0.0318868771355461,-0.0308913103323603,-0.0203966193790932,0.00993391086719049,0.0108344920670021,0.00270983667271933,0.00961010150274637,0.0130236698654894
0.0709434533358813,0.0195988541452558,0.0104178417170137,0.0203561648264192,-0.000515170895545656,0.0720517201721236,-0.00181697075323515,0.014815109805791,0.0181153368829971
-0.0463872391225277,-0.0231922615674685,-0.0367272944175754,0.00269173491688737,-0.013353124793572,0.0542417007021769,-0.00210214997258601,-0.00893155939221822,-0.0075488140809583
0.00891541440235015,-0.038380407724466,0.00379415895605134,0.0109420823288034,0.00546949952811106,0.00218281015927486,0.000559159361899516,0.00569554072714551,0.00455919968552674
-0.0214679355638871,-0.0235330120756204,-0.00938404403854003,0.00828258841869711,0.0118590572385199,-0.0171689508487772,0.0158881254611445,0.0180887918937996,0.0199258923428166
-0.0818127687273874,-0.0341266381368435,-0.0512674597974972,-0.0465490279987085,-0.00914106946187011,-0.0788827495497108,0.0029480386082904,-0.0313871742456688,-0.0120386618990281
0.0352521809373769,0.0295164850775354,0.0165882353852158,0.0366771403143095,0.0293341298852248,0.0512142914696715,0.0353062165797822,0.0304454450969444,0.039265404928705
-0.0446976061648916,-0.025259270878374,-0.0267242021179265,-0.0207249238529788,-0.00269087549130764,-0.00549245881049646,-0.00343266856029151,0.00648717232194899,0.0019086365090644
-0.00056622137858244,0.0316833342758909,0.0299359822719103,0.0200402019114002,0.0139725216729786,-0.0163589813273522,0.0327156287506974,0.0505892793236528,0.0414776710753838
0.0414350625842378,-0.0217503903544319,7.05346032670029e-05,0.000406984756876935,0.00469829861698328,-0.0266883022740539,-0.00510993087548412,0.0165061380957216,-0.00374738960292023
0.00233998364867048,0.00764724861978128,-0.0127197201244751,0.00246847534517352,0.00387794184309578,0.00688705495556132,-0.0126736080245794,0.015422808277162,0.0140679884649222
-0.0808738471782625,0.0091419572551422,-0.0593322494759246,-0.0423020453584835,-0.0106343555536803,-0.0721879059037158,-0.00117944835046041,-0.000325417192662714,-0.0112192106637744
-0.000987828323113649,-0.0150005828634285,-0.0189665434890174,-0.0322838685929591,-0.00636948679957441,-0.00521054471281797,-0.00528908142404524,-0.00106072299453197,0.00012498097757338
-0.0669950026218128,-0.0247101796848811,-0.035635839718144,0.011590610365505,-0.00209133339997032,-0.0505827330102077,-0.00498551742577841,0.00334856498993057,-0.00748273353086608
0.011484957094904,0.0116274192834584,-8.57601431568291e-05,0.0357001151142522,0.00522561499618906,0.00390715815158055,0.004767165814404,0.0121159964865023,0.0223951533410928
0.0219080862266568,0.015315093603626,-0.00048919364508818,0.0125478848957228,-0.00178562933746958,0.00949671125448119,0.00709748449448595,-0.00586892214970342,0.0026155372584254
-0.0426622398321083,-0.0335728569815488,-0.012066910255793,-0.0188636581044253,-0.0297517800176435,-0.0197861268264578,-0.0308461117190268,-0.0231762050397984,-0.0385459558666435
0.0681196413467245,0.0455133834019868,0.0466618016439719,0.0363387874712608,0.0273938486245442,0.0388687882399425,0.0341277638055332,0.039492524016548,0.0282443679735438
-0.0564711283245907,0.00109542358578903,-0.0343406970870739,-0.017829967516668,0.00250929677457798,-0.068720669606222,-0.00929359214901177,0.00704541633406112,-0.00347532011345476
0.00424662155621927,0.0186968804092171,0.00844146948351277,0.0117991857769991,0.0141875752923998,0.0398429708203641,0.0237538114397317,0.0152088130081681,0.0120112068858746
-0.117099087357116,-0.00655939296806349,-0.0347981121653299,-0.0315722909227091,-0.00898913835967742,-0.0825955522507215,-0.016980705255163,-0.0343737640887907,-0.0203782719859245
-0.031169022875953,0.0301418018154164,-0.0153668706153913,-0.0179449734478597,-0.00417754758548762,-0.0391308307636675,-0.0240726346121649,-0.0329135478558344,-0.0400488927106423
-0.0784881574955355,-0.0220495961526083,-0.0398292276761606,-0.029882344673992,-0.0122441261058532,-0.0817139024360114,-0.0174569885894501,-0.0238269386793515,-0.00845255155981497
0.0694576511031844,0.0505930070567806,0.0348925771660467,0.0108376955999977,-0.00392014446553858,0.0930161799138251,0.0118260571217732,0.0105337954408066,0.0273361883061963
0.0543952627273679,0.0085231613404391,0.0119126576081624,0.01383186635162,0.00658423318914646,0.0675843246720399,0.00294210176145294,0.0214459070439814,0.0146416139479202
-0.00106437517904862,-0.00800379433159317,-0.00117445750302364,0.0334086443217551,-0.00524724037826188,-0.0171288938920058,0.00572075358493172,0.0061450189102542,0.00102587501276255
-0.00892623389305032,-0.0299327797785612,-0.0399128504962897,0.00104232412310509,-0.0169402515824691,0.0227442566688522,-0.015586214648291,0.00367895497585007,-0.0252872165995678
-0.0637240845258177,0.0162394936905974,-0.0561479733622381,0.0197996386566551,-0.000326751135550481,-0.0411844674352533,0.00891150501317942,0.00362493543151623,0.0190858501529557
-0.0693515555332257,-0.0188217585332752,-0.0232509316805936,-0.0197294141699916,0.0049213801783305,-0.0350403792939226,-0.0115713073748528,-0.0110474293853011,-0.0160149130563238
0.00751590183925958,-0.00284383422080179,0.00560466894559054,0.0106540623791178,-0.0111279517535706,0.000332887189365137,0.0113194253019294,-0.00969747211144459,-0.017999183927413
0.0325512772888159,0.0364028430951428,0.0379386374309481,0.0519441020680265,0.00818035118041095,0.0263618048531234,0.0284895365282922,0.0181320564319769,0.0110632770721408
0.0288561068042101,-0.0130853514283907,0.0117569129271587,-0.00396305265706838,-0.0107286149695371,0.0128186637411415,0.00381093856718647,-0.0270977256883832,-0.0187902617880384
0.0284072713246851,0.0102593909880291,0.0195750395113548,0.0294954123584596,-0.00520113322949002,0.00998701841264717,0.00855459013085793,-0.0124731342853684,-0.00697886745362842
0.00478142609754843,0.0211695365749071,0.0239447278858117,0.0317882093213753,0.00589405332001984,-0.00252696874174726,0.0279014385220537,0.00672038794415105,0.0188228345606706
-0.0537848349439996,-0.0356002743381578,-0.0255383319975098,-0.0208337568986197,0.00534651769262755,-0.00864131670076546,-0.00601523584676966,-0.020426328461201,-0.00366967062864001
-0.039994785894553,0.0244272522531391,-0.0314065455810482,0.00318368986721158,-0.00557276562280373,-0.024442951204034,0.00181060555519106,0.0174860687830938,0.00946978249907814
0.0938282009289689,-0.0111697977927086,-0.0106335073902313,0.0411992119907582,0.0058336025743005,0.0676422277673799,0.0164382445085643,0.0293316220733999,0.00109025930767892
0.0138063881428962,-0.020154017009935,-0.0157556661684027,-0.0170669474430708,-0.00545475069193052,0.00704561914802098,0.00676954035972688,-0.0025120120397497,-0.00461698110422515
-0.0214489306656331,-0.0157269705255129,9.0135328793004e-05,0.0196629260729304,0.0051247271977353,-0.022406913785625,0.00884479973825268,0.0201428822474471,-0.00387699955642856
0.0993270399281257,-0.00303041762065771,0.0408791515016497,0.0222484166943843,0.000720808238647556,0.0724375103681455,0.0078980330454549,0.00167935569187347,0.0167487476591298
-0.0145655512109393,0.0243928622726734,0.00465113592893339,-0.0139656871449731,0.00502652612431321,-0.051740903876172,0.00959550828532413,0.000700084351362273,0.00329304831739013
-0.0330009934197916,0.0298380071376287,-0.0168873124425595,0.014175872348371,0.0031190428740373,-0.027552340356579,0.0167005374333313,0.00232862637155803,0.00235917551094959
0.113144089337829,0.0271407985302045,0.026852782864629,0.0342610974476177,0.0198946717443108,0.14339809767537,0.021689557012355,0.0257986753487903,0.0443213615064319
-0.0610527273810118,0.0139966769996624,-0.0359340394324838,-0.0347921280030118,0.00127963909810434,-0.0492261227288608,-0.0111965243893524,0.0132516751548191,0.00339870046595118
-0.0127775198576144,-0.00729630517716515,-0.015836001909896,0.0249900999105131,0.022412310336539,0.0260081838639706,0.011109554570521,0.0135230789090397,0.0169571807477191
-0.00190091697222373,-0.0208591709001685,0.0132537526469751,0.000376256217699212,-0.0123982982745006,-0.0228572769435806,0.00659424487864319,-0.0303671666344122,-0.018096745179297
0.0887898306905895,0.0214601910380574,0.0154787041610395,0.0310766704259948,0.0145218005749364,0.0677588205074119,0.0282082523429391,0.0238172648219824,0.0427358985873752
0.0337560347151893,0.0176181008040502,-0.000620774553749734,0.0234989902011582,0.0065054875934889,0.0121111166577936,0.00835009487326852,0.00299891533284563,0.0171158158940029
0.00328826527229662,0.0337203772551071,0.0288191228817502,0.00636328552062454,0.00759156027907385,0.00898289495675724,0.000398285678183484,0.00274946482419316,0.0148074159539367
0.0153244271260572,0.00827479408504236,0.0074865456250949,0.0157173267788972,0.00791412418982217,-0.000818721829706314,-0.00155245475010661,-0.01249280916949,0.0148948789701691
0.0116541253950745,-0.0262877900464089,-0.00507835939148733,0.0303091429288977,-0.00109000803300177,0.0357924334092439,0.00382631870839253,0.00127741896470511,0.0336364425071007
-0.00800339587855966,-0.0180909199282256,-0.0187155148787715,-0.0394417503703463,-0.00420212685379784,-0.0250999997110694,-0.00237215742937098,-0.0153929874003202,-0.00353116097436942
0.00825586979831852,-0.0103055809478064,-0.00678520688404372,0.0111687930865666,0.00660853142242497,0.00484965449805911,-0.00168179044023157,0.000531909410297844,0.012884203768564
0.00540380649922843,-0.00388704989857648,0.0175206975685713,-0.00798281647948133,0.00745665674019316,0.0350482801382675,-0.00792076410719535,-0.00332476643476115,6.33878603591933e-05
0.0220926124428914,0.000419730249315341,-0.0120028720912353,0.00954002128617675,0.00435966689607734,-0.0174964230966598,0.0103382678856626,0.0120839657631637,0.000687194536201185
0.036273706970949,0.0123857054596051,0.0106196718713402,0.0296490476326648,-0.00597313756177137,0.056035142523179,-0.00127670473471629,0.0127133738019099,-0.00891757328139773
0.034089686174605,-0.0204084399068023,-0.00335825183066354,0.0128723703120364,-0.0193931270100478,0.0572333569245019,-0.013481176890171,0.00135506607323836,-0.0287625281584078
0.0339495532104287,-0.00100761004662663,0.0137452544475519,-0.00565559945098981,0.0140001799838683,0.00161865935877765,0.0147852078287803,-0.0112674869655245,0.0145336223866457
-0.0469316826583012,-0.0208120404132959,-0.0558217006442204,0.00715933224548567,0.00603440971739085,-0.01375253922078,0.0235875820559022,0.0249029037630923,0.0289917231021283
-0.0639143055875098,-0.0368349949512545,-0.0487876044321313,-0.0347318895304375,-0.0115562204425589,-0.0162914249499337,-0.00882466147223293,-0.037774668344685,-0.0140969513074992
0.00074211304304977,-0.00159224183556397,0.0162442790175807,-0.00522239156795426,-0.00172447723580374,0.00943377265346725,-0.0121489526926088,0.00172494398853688,-0.00100502809938757
-0.104091470154824,0.0120945855362598,0.00295657166661168,-0.0621990338692941,-0.00681270226321995,-0.0985589644377502,-0.0185507877133073,-0.0322877955124527,-0.0102790272676491
-0.0238240115071364,0.0145982571995469,-0.00450286278576554,0.0348833467473978,-0.0128588184974143,0.00203087576817076,-0.00220405579547945,-0.00524426452309849,-0.00584284883954749
-0.0491928204934343,-0.00151962346491161,-0.0377345464304302,-0.0125108472202068,0.00902800562331197,-0.0443223676466876,0.0046516207456208,-0.00783901873840822,0.00493174228630465
0.0377839763327974,0.0453171110710796,0.0387950834405263,0.0116025543342016,-0.0256794117367374,0.036314650836197,0.0039438808746138,0.000348145483044357,0.0265951039266446
-0.0523109459536878,0.00229102718452137,-0.0103687000093449,-0.0228212357506876,0.0127711144913424,-0.0515953420036261,-0.00306611222707902,0.00803335017906334,0.00702802176242002
0.055449109049952,0.0201847206497885,0.0237252734344556,0.0270301720651954,0.0277186185180923,0.066657671959322,0.0283995764803398,0.0321998744157199,0.0393802802230323
0.0921240536260367,0.0127345119339862,0.0162051196230295,0.022748472851174,0.0121175028654211,0.102254418886572,0.0112331363062786,0.00863279980498148,0.0210895027315072
-0.0266142689831803,0.00565547543834413,0.00178380030608594,-0.0225931291247036,0.00384058062330445,-0.0635064267139489,-0.00866424331345404,0.00380951184060464,-0.0123824730787304
0.00726122982516075,0.00712740661415251,0.00990355270195078,-0.00764690817096634,-0.00467134865990896,0.00515525181991716,-0.00326471539210059,-0.0150079250203591,-0.00480944625216402
0.0203702572480565,-0.0021469234278906,0.00880753050270025,-0.000677785481673648,0.0168594861283789,0.0267427230688822,8.75788455585403e-05,0.00306835175363685,0.0252314224513014
0.0445346307417551,-0.00148384864662956,0.0105360194058558,-0.0205910164389112,0.0247667572219947,0.00780556993587043,0.0220730720119524,0.00532316991785865,0.020013310077629
-0.0603207081689628,-0.0304836233378327,0.0162175257231856,-0.0271529254837882,-0.00446722063997242,-0.0206583142225481,-0.0220590685575327,-0.0393654291295212,-0.0236977227404143
-0.0157020682269602,0.0167783843432931,0.01643682360411,-0.0135217627069125,0.0182255856410998,-0.0337760197805352,0.0155206618498236,-0.0012859792065551,0.00972633449537798
0.0510360200933512,-0.00167262226205366,0.000828446110091846,0.0239483930630675,0.000344332628021159,0.0116758463974977,0.00563109726903533,-0.010341440460839,-0.0120631418299244
0.0475544883853023,-0.0353965578809954,-0.0113978480508641,0.0367887712799729,-0.000618246146529149,0.0296180238051132,-0.00815661608624851,-0.00897215395142889,-0.0019359729173523
-0.0688932870208745,-0.0290372715129751,-0.028630964609285,-0.0160564976113557,0.0100606040831814,-0.0851531490027994,0.00131218915699157,-0.0225537091429379,-0.00636173959020893
-0.0634318596313844,-0.00762790347638497,-0.0132758807861722,-0.0365738560276844,0.00579038589795591,-0.0442073069441173,-0.0116289331177321,-0.0172913891551086,-0.0194581912674703
0.0101667985142077,0.0228197446124,0.00981615279145627,0.0365496141713808,0.016228854619224,0.0319787402769901,0.0206820353871401,0.00775281062471436,0.011970105409954
0.0221774935949845,-0.000974354501920325,0.00680374017013536,0.0133839481714482,-0.0150903950724388,0.0101315477163594,-0.00769110996397337,-0.0170494686142428,-0.00977695443976444
0.00408928518663082,0.0397501250008681,0.0229786286164786,0.0386237854519365,0.0241699630807713,0.0229734968880148,0.0261557950518807,0.0407881057429712,0.0156506237872173
-0.026765618760319,0.0136380715669165,-0.0209979425458573,-0.00253050412006734,-0.000207376011810431,0.00226996341844642,-0.0141441293235263,-0.000149151461270878,-0.00916612983506274
-0.012855631822598,-0.00439709264570504,-0.00746806049755366,0.0245781261116891,-0.00637578278203805,0.00287243884448088,0.00302966718801601,-0.0121960818545813,-0.0147502262909708
0.0199401205520746,-0.00317183991454804,0.00571856801259083,0.0362471059415848,0.0167865673748081,0.0380942830632739,0.0267431620067652,0.00577122549549508,0.0271998767383722
0.0482050221696508,0.0303523856001859,0.0202634631388097,-0.014500681832918,-0.0135404407556684,0.0439056385260352,-0.0131162037600293,0.0269199080294563,-0.0164947757569054
-0.0394320534342295,-0.00923508313006844,-0.0025348254252983,-0.00655850851208609,-0.00975106908905194,-0.039134374042358,0.0115436523156554,-0.023893605545482,-0.026751560568673
-0.0656582246623658,-0.0466905315390797,-0.04521456529215,-0.0538195823428456,-0.0196454999805662,-0.0258158976093441,-0.0356969276419699,-0.0169154012530323,-0.00686934794292729
0.0853199443621384,0.0755971856311766,0.0693994136318547,0.020196762409037,0.022361147947962,0.0769877291310827,0.00501854625120282,0.00260890573922452,0.0390683095249546
0.0229610117554544,0.0303819983855979,0.0107880273405773,0.00195592877810736,0.00435694835910967,-0.0307370019011468,-0.0184133743348478,0.010410897713663,0.0137241977045243
0.0211569850750287,0.0233797248384839,-0.0141634078451082,0.032933091908673,0.00837078440117218,-0.00881890562796526,0.0231949402684307,0.0132216061002039,0.0242756561954722
0.0215452755565984,0.00595437430190243,-0.00909307060097435,0.0187516846603402,-0.00259653777143685,0.0326074094080367,-0.00351006235082938,-0.00913218816641797,-0.0233480134633889
-0.0462589342795772,-0.00335274873999856,-0.0318895822580076,-0.0269368086543464,-0.000177600812659086,0.0267122092843068,-0.00912117437614158,-0.032823797154586,-0.00823401577933916
0.00769364448561053,0.0186655085436657,0.0172824189496803,-0.00474437791961064,0.0247521039898888,0.0087216658930655,-0.00952997452017624,0.0339435752319246,0.0300055819220255
-0.019799357479137,-0.0455399396677584,-0.028090703467802,0.00296361304555619,0.00582540301599431,-0.0388816740359019,-0.00512514687509579,-0.013247530552761,-0.0123091894230843
0.0312756017559443,-0.0153782696716502,-0.0162089057834784,0.0146871574802214,0.00117093920290895,-0.035747608668595,0.00712550424697907,0.0203669506783218,-0.0025375232560144
-0.0147960187135086,0.000339712703867083,-0.038583807082634,-0.0129967172597383,-0.00943023351038554,-0.00166571024916358,-0.00118451810561088,0.00781854439465778,0.00682561713831151
-0.0188678836850715,0.0146499773983619,-0.0200693918490055,0.0462503257939584,0.00214690937550317,-0.0264736089066679,0.0150637602414938,0.00858884066756889,0.00981240045441999
0.00622270072281169,-0.00878794863897444,-0.00671365401063842,0.0369309578770356,0.00228898603526867,-0.00883034114468043,0.00224639167112441,0.0103517041372728,0.00223060089854964
-0.0659574745703273,-0.0336550852116796,-0.00988203402975508,-0.00939723295232942,0.0124888810087858,-0.0327006677673451,-0.00672927504002607,-0.0108100976876027,0.0227050817690396
-0.0323610920324596,0.018812406168024,0.0111541851294357,-7.01260394079461e-05,-0.00522304489698791,0.00995370569735555,-0.00210926237433526,-0.000128398830143575,-0.0121280923945723
-0.00562387383728777,0.020462526584989,-0.00550899729229827,0.00390142452072058,-0.00945582513399838,-0.0444670191141932,-0.000805765242372576,0.000199195001101088,0.00905458682419073
-0.0337984093200114,-0.00234727192376577,0.0360139010658596,0.0397723870356527,0.00106224398780604,0.0036805123590333,0.0310286114322233,0.0120511319917395,-0.000912475884646173
0.0410717524056812,0.023124037206336,-0.00430383107397382,0.0134872450248286,0.0155408003815082,-0.00270267690783635,0.030516873241328,0.0246422169060281,0.0285072768108756
0.0404452514259356,0.0117523932586791,0.0246689170690697,0.0578624623631175,0.0205067686088247,0.0703145946557098,-0.00235067759222789,0.0262152924827563,0.0328363697383477
0.0891313243855167,0.0287350077878237,0.0276806821504243,0.0166718651957351,0.00725772724460421,0.104393894264217,0.00739544960947569,-0.00620766832332053,0.0149499605795066
-0.0972576133515049,-0.0434284141579435,-0.0317843953055218,-0.0581860863534745,-0.00963475500986686,-0.114763166614656,-0.036209695404292,-0.0209259164005321,-0.0216856626950331
-0.000733753779182138,-0.00167949494770676,-0.00775433784551529,-0.0244193538989802,-0.0183555265238923,-0.0269197462750772,0.00964618883666311,0.00467873431126824,-0.0126090303749317
0.0117367416474546,-0.0113819815426997,0.00152843184218833,-0.0393260967584152,0.00270471818975486,-0.00578865367790587,-0.0204389085147624,-0.0260538721164695,-0.00806519375305553
-0.00685395090031324,-0.00990265171935414,-0.0422050016799603,-0.00369874504724628,-0.00607324364966002,-0.00893201835946804,-0.0455108566442269,0.00182064806065546,0.00241632066315875
-0.0135887711865551,0.00771887398072605,0.00994501417388971,0.0172358428994264,0.00808093510841511,-0.0346807595897095,-0.00433500449450876,0.0213245031829971,0.0159888400156772
-0.0082000792709694,0.0186573560734482,0.0221114619713246,-0.00665537038641284,0.00261796150824328,0.011516766966363,0.012678371463416,-0.00291597763670596,0.0146375101265293
-0.035830677811831,0.00641104280403908,-0.0154676780130728,-0.000520416132794084,-0.00264003191682394,-0.0261317153585239,-0.0291019401208096,-0.00350725249813204,0.00686331572033524
0.074594313035539,-0.00502195373194707,0.0138907727069857,0.0138575533893815,0.0123644004860218,-0.015078053461641,0.0167968583192492,0.00875052520460937,0.019711267272945
0.0915253995670168,0.0555206938740861,0.0458173371373041,0.0759882134177893,0.00868199290319264,0.095021210275145,0.0130080797384264,0.0231068124550977,0.00766448059379487
0.00598979502186205,0.00193292732650481,-0.0119605530319206,0.0149836597467499,0.00611549517830969,0.0214649453054569,-0.0159471178436979,0.00551624097711164,0.000903510345298373
0.0655759719229073,0.0255936466524639,0.0239146991359562,0.040204977168632,-0.00142151466476681,0.0390176600113535,-0.000936389678298935,0.0342801541666518,0.00637484305926733
-0.0368049597808444,-0.0182987616199974,-0.00288484608896047,-0.0109148053004739,0.00601009137429907,0.0981507013456168,-0.012419928962317,-0.0168860690191802,-0.0264908686186066
-0.00642538025502882,0.0208134228104491,-0.00259561297157107,0.0141833695065507,-0.00218352778735173,-0.019028594201768,0.017050704047074,0.000150267630380929,0.0286508466243011
0.00800035357935189,-0.00778348844254802,-0.020511282946357,0.0289050942590444,0.0101749236682422,0.013717388160936,0.0438094307511063,-0.00527126449033433,0.0271889338732177
-0.035057064152787,-0.00162580655723829,-0.0287996943676564,-0.0416655080311154,-0.00184536262304052,-0.0219430869823077,0.00497393023170116,-0.0139253602431492,-0.0111563278952528
-0.0515890693041464,-0.00278180629532172,-0.0141390880434847,-0.0240150157669802,-0.0125254285625803,-0.0596034366603919,-0.0113581346764769,-0.0106054306559075,-0.0128434156398763
-0.00416652915834727,-0.0128126467340695,-0.0235915620333542,0.00453169695480362,-0.00380423648188412,-0.075728403228948,-0.0144072552975183,-0.0194935264984562,-0.0165567431823448
-0.0163663883039476,0.000496599819285751,-0.0105830855976224,0.0238288740136948,-0.00296846381352954,0.0331699847202408,0.00507779310110308,0.026844613507643,-0.00619185512899234
0.0542298139748176,0.0129058626040945,0.0203503247069663,0.0185146175672529,-0.00223779372052786,0.0138866832442854,0.0138320075030265,0.0405321528191558,0.0134755165845354
0.0507696821281593,0.0370898160466998,0.027094167372971,0.0565649353579412,0.0299898086695974,0.0759576625105696,0.0132284439600032,0.0170080988388398,0.0475371960849353
0.0764862403976568,0.0455216820657061,0.03567136685294,0.00814911617920316,0.0128835167063836,0.0522132248273125,0.0156602182443541,0.0198412474737189,0.0212820885117046
-0.00316154629853412,-0.00526896278286922,-0.00390679256631202,0.011695665099543,-0.0122769833646122,-0.000990773079162036,0.00762281052733645,0.00885444986905122,-0.00702445871001163
-0.0118016852984928,-0.0218879336832719,0.00604069364304065,-0.0272505215767335,0.00477955344190492,-0.0178038795839611,-0.00683942562815314,-0.0244676747320714,-0.0034486901995607
0.0109911394414837,0.0499585878011074,0.0379026575567093,0.0209120891721868,-0.014293406816455,0.00616820125387092,0.0107327259291621,0.0356546523397995,-0.0189217081037156
-0.128325941185702,-0.0239518306434963,-0.0421121941314449,-0.072104929677795,0.000855127318184965,-0.103035200907012,-0.013928694286611,-0.00438267635392785,-0.0113029420205713
-0.0313041786866568,-0.0116004284242744,-0.00135736432612844,-0.000975097508626589,-0.0141646415458822,-0.0198886962914261,0.0117211272315149,-0.00875016742306226,-0.00451311210238246
0.0100869695693442,0.00957152150223568,-0.0135651536682886,0.0185248405766574,8.17089684056605e-05,0.011021647380129,-0.00591543612251601,0.0279680485502235,-0.000455655610705092
0.0563823493850428,0.023922754295742,0.000543933502934406,-0.0165563040988502,0.00668565858458011,0.0520789962499903,-0.00717542146862928,0.00451185447347093,0.000944634627235454
-0.0677961115285178,-0.0268359205558491,-0.027282163488893,-0.0370344307853027,0.0103237412917749,-0.0427287620601376,0.0030390176253123,-0.0201614423661718,-0.00472743211023078
-0.0525060887618259,-0.0153721685782525,-0.0320633555738269,-0.0363028918429832,-0.00240423549361521,-0.0545737020340551,-0.0165526573648019,0.00898099610692705,-0.00273122803138394
-0.00134263085275009,0.003930692697792,0.00257677149882437,-0.0201126692869642,-0.00114667124727417,-0.027033090792558,0.000166274138398616,0.0192103290090285,-0.0056249897426809
0.0252223164242035,-0.00161514511564643,-0.00422424261451092,-0.00542415400994814,0.00720841862740993,0.0468716492851085,-0.00702423811588948,-0.0206079415292264,0.0185183113245312
0.0431145579669271,0.00992300752158208,0.0402138228643677,0.0305815492140404,0.0139327846971146,0.0752650467324726,-0.0120297455580806,0.00240239985017501,0.0284318578445511
-0.0467244177677462,-0.020577075793666,-0.0370031211785342,-0.0124813932237973,0.00475556221839897,0.00235274161768725,0.00538681446422392,-0.0137492423501084,-0.0187268141729522
-0.0737592228276345,-0.0241200523923604,-0.0123328343659141,-0.0162771638188924,-0.00976052774879969,-0.0585293511485718,-0.0083087419139161,-0.014167208858307,-0.0457062762928414
-0.0164785268154126,-0.00310848302635654,0.00132538313934333,0.00855628047058408,-0.00206253720871153,0.00119745734132362,0.00990217775772913,0.0140231552830497,0.0256224256699858
-0.0417216151316796,-0.00394239933276792,-0.0256960320738009,-0.0231068171432508,-0.00541098875190075,-0.0515019890425046,-0.0141066643698245,-0.00954341751551516,-0.0173618519043625
-0.0313457865992733,-0.0639072528747538,-0.0151548650581909,0.0345014603366348,-0.00454240635800929,-0.0139793158531157,-0.00783575742846681,0.0014512457182786,0.00933923612765739
0.0373523918519963,0.000533869192591442,0.00470501770647629,-0.0111798773102322,-0.00537276437677339,-0.00244232843182786,-0.0194218416335005,-0.00693928288674317,0.00333887763965557
0.0256757703900566,0.00798831914369096,0.00121892353834131,0.0556310777938187,0.00300368499407969,0.0280893622649793,0.0389133063889914,0.0111620698488324,0.0609105968451686
-0.0206788633214246,-0.0322442671096805,-0.0372224039456508,0.00986221687698492,0.00368965190780536,0.0101299030486255,0.0205279455460772,-0.0076364466004715,-0.00230605980505898
-0.117289097517996,-0.0542333062307158,-0.01541351959915,0.00152050057202586,-0.00682912057415831,-0.0957291785164665,-0.00870166804780331,-0.00107127602857904,-0.0127918062445241
0.0302168701948425,0.0282594640970026,0.029896563952309,0.0393160901306956,0.029263268598707,0.00502259589910168,0.0199355157056236,0.0177910820683279,0.0350130301731768
0.0492060707093261,0.0070213487853801,0.00385477638468382,0.0242723016530646,-0.00926826589500065,0.0306467199578024,-0.00992378615332302,0.0145070495898405,-0.00809968477884712
-0.0627726161248245,-0.017851280308828,-0.022959663916782,-0.0331944687368854,-0.0213415965447551,-0.0372478070738537,-0.0046653224844728,-0.0085846379309266,-0.0155529798335274
-0.0419080601541615,-0.0114145097935581,-0.00630267099251496,-0.0257646508059276,-0.0222775141554645,0.00107603042398929,-0.0117189056392197,-0.00999232998182965,-0.00885917457059957
0.00336116438487575,0.0233929948264659,0.000741504216957017,-0.00362995330011397,-0.00542756670982228,0.0150706406819379,-0.00258086376682396,0.0117726475967321,0.00584628825539808
0.0780165572353837,0.0350579181778629,-0.000995194350425419,0.0269523237064239,0.00348690533267871,0.0501565076556482,0.00567188783189477,0.0135373415437133,0.0265885885100773
0.02998426266404,0.0439670086916054,0.0370797258275599,0.0436892395004269,-0.00252590560374965,0.0416311047721124,0.0110416915374779,0.0232768228988546,-0.00281630314547207
-0.00307080603582975,-0.0260365307733759,-0.0105421906787649,-0.0436142132107687,-0.0131745345416577,-0.0441027703037611,-0.00024641532944705,-0.0160103794867399,-0.0117227076702902
0.0476812874095563,0.0465790939963422,0.0419857495247551,0.0597338286048233,0.017564480468979,0.0144712683333416,0.0285123794087973,0.0287372256497787,0.0329397791316711
0.0198311381235357,0.00754992351617132,-0.00596194757070676,-0.0302810353202825,-0.00765527656735002,0.00853900616943149,-0.00713291612521428,-0.00646278221364061,-0.0156204535243871
0.00274824554767273,-0.0121498875262628,-0.0265474341835809,0.0166647763985976,0.00948759606347298,0.00571834962826986,0.000634229592106478,0.00388841180950813,-0.00333603704079623
0.0553181966111551,0.0217001274325641,0.0283369461815584,0.0410977161228409,0.0117914746653633,0.05398690339358,0.00281335581087506,0.00933009907562493,0.0140409883337823
-0.0204230740130204,-0.0147230155275904,-0.0125222260251279,0.0426303197886904,0.00337114688627863,0.0199527344409491,0.0141701147650178,0.0113267621363902,-0.00015622750441652
0.0124189950953652,-0.010435797356899,-0.0150827129181226,-0.0185263707958363,-0.00159993987521773,-0.029698288389217,0.00913605470340642,0.0171891527764563,0.00856335047588626
0.014282385181185,0.0359555458743711,0.0240064556665426,0.0666608500836417,0.02813985576936,0.0689238359855709,0.0155525313553033,0.0392189408461911,0.0285784329881789
0.0351267732712239,0.00986974808232329,-0.0179346719489992,-0.00614021388069144,0.00026443651672093,-0.0127686864200414,-0.00794618076111172,0.0037960298575499,0.00662381948869007
0.0139592547177859,0.0436395154055781,0.00884957407913726,0.0351763773544839,-0.0061835310791706,0.0151277916320449,-0.00315744037769244,0.0236322407085862,-0.00970702190020525
-0.0137992536389533,-0.00778693443547792,-0.0104128636277056,0.00285262128333928,0.00133976073941612,-0.0249102052617159,0.0127259376074394,0.0126193271627845,-0.0147367873237351
-0.0314417389835949,-0.016658616774271,-0.0110591175309488,-0.0181510137863746,-0.00271168635007875,-0.0791884376915684,-0.00856848168471408,-0.0230578225652273,0.000952560303824273
0.0831326952677447,0.00181965032834415,0.0107053153020972,0.0636695038417192,0.0172924370106773,0.0711565890178178,0.00811428320092094,0.0411278079669918,0.0112185996113778
0.086895255597583,0.0353574059903264,0.0450383745381648,0.0272281646720567,-0.00339900715478641,0.0476989189029309,-0.00342595214706861,-0.00304221628758976,0.00491689283692208
0.0203545780168489,0.0281957713251115,-0.00161604072506905,0.0169142337380687,0.00302668898203246,-0.0406189867359631,-0.0207332065657389,-0.00818546919665326,-0.0169897470345269
-0.0190093779582384,0.0161922898650958,0.00232774329588721,-0.0146999807775501,0.000559612005874701,-0.0401818092534989,-0.00446406924406917,-0.00558638440296422,-0.00166037126085646
-0.105199418282445,-0.0669039400254706,-0.0581286290824793,-0.0934640365723348,-0.0148640679256629,-0.114014817438295,-0.0287873135996092,-0.0304079581700132,-0.0408396060692614
-0.0990738001820419,0.0196903652415001,-0.0237651560673119,-0.0542740867993302,-0.0158415542203814,-0.0608431966574093,-0.0141179762559285,-0.0307303249994415,-0.012617042315539
-0.0280297671680457,-0.0274576848952285,-0.0250316473272623,-0.0165734704437843,-0.00503376392962279,-0.0401425625966267,-0.00790362984525004,-0.0157868924469064,-0.0315992767216981
-0.0717859326927141,-0.0308740895763203,-0.0355527229497149,-0.0418275494707886,0.0134276507010615,-0.0353591313492539,-0.00439931692477185,-0.0469622862080758,-0.00205778775114048
0.0288482797282012,0.00122943235443799,-0.00843391148983184,0.00977176776421653,0.0145285114019627,0.0134461613021588,0.00877485017850695,0.00901753667952974,0.0244025214620456
0.0175333691304412,0.0265796891685686,0.00780232056489905,0.00484159430196365,0.00196301602509694,-0.00523577544454922,-0.00160743424019246,-0.00220120726015915,0.0107209435262894
0.0153922813088054,0.0194601797868207,-0.00788524428597768,-0.0275851650698385,-0.00609264307429356,-0.0132141250943962,-0.0101861601323351,0.00292562923964884,0.0130475329691417
-0.0129534649274578,0.0150197394651489,-0.00188490186918534,0.0163229510320053,0.0104983267716929,0.0219311086400933,0.00175649665465872,0.025726927175947,0.00364543552547508
0.0546276908570944,0.00931340819473139,0.00468486738812157,0.0234319301280159,0.000624238455518809,0.0368650928223765,-0.00100056924364167,0.0173661935071172,0.0124140807811819
0.072619330523632,0.0169956673512871,0.0130805199548786,0.038645261478617,-0.00179836347772781,0.0464965251785845,0.0069403395511915,0.0102058221433205,0.0198474404934915
-0.126344918360593,0.0180423874321447,-0.0449471088336791,-0.0378814243046127,0.0078127716302078,-0.0815263981933563,-0.0125740054605423,0.00682209839732597,0.0159347894901755
0.0290242010344569,0.0425695955381342,0.0326681319697651,-0.00446113701469225,-0.016244100928875,0.00106436684031585,-0.00811276859690747,0.0144412823769308,-0.00867899569147615
-0.0194025918595195,-0.00866163351803073,-0.041057658001729,-0.0453940244956482,0.00639687588621666,0.00158659421640461,0.00849587043647276,-0.0293263827990591,0.0140619801096843
-0.0767744654690134,-0.0202290452592277,-0.00218706606330948,-0.0368900263694853,-0.00436077569779884,-0.0170733259051848,0.00999061233526363,-0.0298350849598881,-0.0467037818802797
0.0350961911930839,0.00474633524482665,-0.000763799104496508,-0.00915831259352429,0.00971937988788702,-0.0247817218211917,0.00942120887580093,0.00661525986583062,0.0213566713895579
-0.0718854533324308,-0.0289832170688142,-0.0259820460735267,-0.0555308880960296,-0.0146817553292613,-0.0444182263656603,-0.0128946090870711,-0.0408077492154401,-0.021995621377526
-0.032142920803849,-0.0682291460163876,-0.0422588667357646,0.00139582247424322,-0.0180679027994982,-0.0554136003577646,-0.0135860554678164,-0.0277639275275384,-0.0460251289599775
0.0398398286968406,0.00216038915713929,0.00373500317274151,0.0243796965004589,-0.00408272701055246,0.0337624004237166,-0.000626965427599443,-0.0166008304556251,-0.00982187345842712
0.0340936646329409,-0.0212482294953941,-0.0153132866803536,0.0283572443016888,0.00891188118186054,0.0290432782688448,-0.0101019702101454,0.0150387287905969,0.0186661964965566
-0.0272871665770406,-0.00762144146798781,-0.0210488379162556,-0.0222160595108968,0.0135346069813815,-0.00439390326620137,-0.026891297035622,-0.00419228235791769,0.0207693977113045
0.0131937216672354,0.0184656179307659,0.0054845015213908,0.0326977514954635,0.0184085770371802,-0.0349641455862254,0.0117952524111285,0.0205621300130011,0.0165269207881382
-0.0586126983772049,0.00899904723889923,-0.0153514753753541,0.000749445672605258,-0.00608093360477415,-0.00932831447080681,-0.00817108850248575,-0.0274154785769083,-0.0201539166343247
-0.0291066026588685,0.00436830873067309,-0.0297269246542137,-0.00913666525836744,-0.0210253524841221,-0.015118277700013,-0.00941178903140435,-0.00560516686980564,0.001863296305042
-0.0422517326851281,-0.0169385127010653,-0.00261378086289694,-0.0185401434553408,-0.00449810101342751,-0.0327193567717111,-0.0102356686751545,-0.0263762481083136,-0.0114429398356073
0.0243319246973337,0.0306616406221735,0.014059287075852,0.0143620738610353,-0.00953171417430497,0.0515764595424819,0.00731759723773026,-0.00479603950108441,-0.00900829037597579
0.0223887537198865,0.0244559658191606,-0.0129171085500116,0.00289090336388422,0.0141052475182757,0.0151013461116481,0.0148397800518613,0.00269572933815267,0.00183692725862042
0.0179141240487072,-0.0139285241250624,-0.0130559645916353,0.00540451814685706,0.00833418853498612,0.00640496591264075,0.0121576365697352,0.00452770732229105,0.0163771366258503
0.037947296111431,0.0391961100690951,0.0336553969785573,0.0182118930844809,-0.0105807559568817,-0.00724739900314356,-0.00247402742129051,-0.000212508368249453,-0.00524032116064452
-0.0752628619219476,-0.0302667910066082,-0.0513660159934559,-0.0490507035574479,-0.0317144961526019,-0.104452059085644,-8.6961335780566e-05,-0.0153262909797642,-0.0277259039715083
0.0466805894555001,-0.00968822146112317,0.0133929674372115,0.00460206599897927,-0.0154606667743366,0.0688861460692542,-0.0120640022017732,-0.0106340655682715,-0.0122829618657411
-0.0491084868799128,0.0106003070052539,-0.0125197051061369,0.000457887318820858,0.000998178379936202,-0.0292891804389391,-0.000635142352250108,-0.0144423873425731,0.00363292382531326
0.0153912916279464,-0.00226141612575266,0.0145314604563199,0.00830122404449236,0.00511688744492226,-0.075197782420717,0.0147315026278537,-0.00181981052352587,-0.0178191847698455
0.0577262685723352,0.00498645206666378,0.0171560478954351,0.00200854528881729,-0.0192877055424238,0.0248548983047754,-0.0211331484413074,0.00811098233795611,0.00704809269049769
-0.104566594767363,-0.0199076682334066,-0.0447986287391749,-0.0600337510260072,-0.0120619260142888,-0.0709096543630589,-0.027989049844342,-0.0200140019438555,-0.0381711501106396
-0.00722959888390928,-0.0104236508058146,0.0104290265385487,-0.0284367830446504,-0.0121547455854169,-0.0192106849097108,-0.00965459006639714,-0.0391317348265485,-0.00359680140825263
-0.0515779972395096,-0.0346699464671424,-0.0198131437030176,-0.0328099033838768,-0.00896740692298623,-0.0595078683812231,-0.0131501391186194,-0.00949892334961602,-0.0157891552604566
-0.00310982636249546,0.00192299924796855,-0.00343755273487558,-0.00050641257641644,-0.00833593160670824,0.0353741593714484,-0.00121406808132932,0.00318664134267964,-0.00970363299413206
0.0139344555807023,-0.0165398852519364,-0.0154635053209051,0.0298238071437346,0.0165731067419062,0.0115319980265531,0.0106190763181999,0.0175779786050911,0.0219568817301782
0.0276964942814594,0.0150378047695387,-0.0185490995911513,-0.00766791686280458,-0.00824079948191853,0.0156367216324529,0.0115978947828323,-0.0139106797958234,0.0156487232679061
0.019728968904416,-0.00635451669256717,-0.0231560207349029,0.0111819221897496,0.00449490145057793,0.00313544065597494,0.00296891888846878,0.0157039492703377,0.0102205387533582
0.0114095636438269,-0.0180898290016805,-0.00471760684306773,-0.0224938982666316,-0.00725852473984021,-5.30641150724856e-05,-0.0330619680204997,-0.0362778521813056,-0.0205179200764873
-0.0904174048898829,-0.0283877164528495,-0.053849010429949,-0.0309891541907247,-0.00269740664902899,-0.0669579541033583,-0.0182473268262039,-0.0196757793631605,-0.013014664563185
0.0471759829933963,0.00213747609084051,0.00721082563129284,0.0220754792454034,-0.0080162341211974,0.0622670267285937,0.00839558629495023,0.0172281198684986,-0.00879762294187274
-0.0237807074543538,-0.0246991119567409,-0.0178483441732454,-0.00152058041373192,-0.00422410242783624,-0.014685938221702,0.0146713541265837,0.00554714787452187,0.00867382771988336
-0.0439640738760497,-0.0148408052123957,-0.033463431941292,0.0583898186225547,0.00204216541298279,-0.0100852588410571,0.0115567920205283,0.0162751698887839,0.0115830946531351
-0.0492020280711136,0.00638558522564843,-0.0170668426908998,0.00616260965515279,-0.0162274010541479,-0.0560793649241045,-0.0127087895579986,-0.00591570982189993,-0.0101926820280601
0.0133487612549286,0.0031039618355225,-0.00234071876470346,0.013370715212792,0.0122629497230986,0.00742860538108372,0.0235784351999602,0.000995168005689698,0.000481502075100231
-0.0185373547228301,-0.017459572476771,-0.0323005490217425,-0.00484212712798064,-0.00648499370581004,-0.0495484653582794,-0.0120285721583175,0.00889549161375867,-0.0238529067239819
-0.118977362235253,-0.00406477881108692,-0.0178965037065916,-0.0383433742874404,-0.00233551960844836,-0.0811365978792683,-0.00768304594393386,-0.031891722914005,-0.00240431911024289
-0.0220038068518836,0.0348223889351479,-0.00157418220212124,0.00496640135061263,0.0181989008777934,0.00529414076276811,0.00223087782280873,0.00634617656818845,0.0368665977578816
-0.000930321043934035,0.00530384050727191,0.00884488131464256,0.00112927605752851,0.0031729510583867,-0.0137393511980116,-0.000486316633678371,0.0215442426290815,-0.00642876932801118
0.0112978975064774,-0.0170873496261975,-0.0140408416459778,-0.00348554763560034,-0.0165860334302957,0.0111373051913962,-0.0013312574813749,-0.00454352803752986,-0.0277420270876797
-0.0812832889326071,0.0204028355091058,-0.0622252135466942,-0.016656353950373,-0.00709775510421007,-0.0708627296683987,-0.0252668698155654,-0.035647449823594,-0.0282930467310939
-0.0270629079515446,-0.0224109400924407,-0.00730171484491363,0.0103408689580791,-0.00493775824729403,0.0375078184919707,0.00890972747707381,-0.00309739219659842,-0.0145373434709148
-0.0495872105172259,-0.0160572275217012,-0.0368507780782872,0.000431195564291088,0.0116499721614193,0.00228212993849937,0.00593936850285088,-0.00213654410650677,0.00427804815304109
-0.00741447005494512,0.0158239525540844,-0.00399609646064957,0.00891476725514111,0.00757948440619268,-0.0456571956027736,-0.00017187226638251,-0.00958294649905363,0.00155381158683148
-0.0129712361894834,-0.0243280711213668,0.0116745795112055,-0.008626302474472,-0.00869869846654623,-0.0109815392710201,0.0023316547042336,-0.0161588293198638,-0.0127594456325386
-0.0144889916113624,0.00638800721588699,-0.0178444296245348,-0.0171965765434752,0.00189308790506821,-0.0725192616722888,0.0104854936731427,0.0186388187536742,0.0108286317759358
-0.0649094305179138,0.00605556996022987,-0.0234477935731514,-0.0275804343521886,-0.0104505752387079,-0.0721420375310377,-0.00516198857972807,0.00141992900198749,-0.00457648971312986
0.0156567238344532,0.0339055297502951,-0.0198550628953699,-0.012536806804057,0.00126048731849235,-0.0193787532833623,-0.0114358158021923,-0.0136497934057471,-0.00248851401805754
-0.0632852983511915,-0.0213263748611653,-0.0263155148422686,-0.0318018393708113,-0.00640972343520578,-0.0616141471106009,-0.00335857521396518,0.00932767296342114,-0.00699316124805739
-0.00420740320431304,0.0152371214052596,0.0160844301113628,0.02969726839177,0.0129330707627546,0.0120497527700404,0.00645990169682227,0.0223997934466054,0.0069719446335048
0.0130339638053338,-0.0281819458603803,0.00709502682992105,0.00822705655986302,3.5670017682425e-05,0.0276826876505868,0.0235863385521101,0.00819630478852279,0.0038902583637604
-0.0614416540636991,-0.0317604981323358,-0.0375354666831902,0.0162372975829736,-0.0058002643413704,-0.0850805174819999,-0.0062036545276119,-0.00873512475851223,-0.0016255391865848
-0.000257171947275324,0.00672681793559919,-0.0191991857969127,-0.0278296402515513,-0.0037137624584601,0.0153821502771606,-0.000950409965269936,-0.0034540448444475,0.00143889963652588
-0.0705589274739314,-0.04233434769798,-0.0460391417712499,-0.0278807977580572,-0.00740159211045191,-0.0571539515891836,-0.0341844414796352,-0.0444114708873476,-0.0138619454604736
-0.00694748246084158,-0.0419900464525842,-0.00716199756831163,-0.000860422632034544,0.00490519190382376,-0.0203993436282603,0.00957744098366942,0.012056018120472,-0.00100954603645198
-0.0112169455872643,-0.0420582937979761,-0.0453382672546737,0.0230192346771536,-0.0052169466976143,0.00466674612674836,-0.00664915996488978,0.0197217073189215,-0.0251760172510045
-0.0461004619191052,-0.0535682650175593,-0.0374995092437715,-0.0412956362846841,-0.000110885014554793,0.00046301275491097,-0.00335624373318853,-0.00529229345961851,0.00220643470833272
-0.00511610344378636,0.0229869230595114,0.0323844601889172,0.0138692357820949,0.00158278440742768,-0.00715379517320193,0.0154565443925038,-0.0127439003358396,-0.00956120916900862
0.0254626641737683,0.0340289918883465,0.0161467915199701,0.0243911346844373,0.00897433999733774,0.0202445885570134,0.030435173918517,0.0330467996231739,0.0319937278666298
0.00102667943466375,0.00303574567797592,0.00868289229616598,0.0440175013015022,0.0131730288954659,0.0177361859939536,0.027813407265036,0.00803339039720236,0.0355274209590431
-0.0662319173619087,-0.0137058020973913,-0.00492388842019158,0.00877734202709216,-0.00780874905524933,0.0109409365465747,-0.000260729851836551,0.00909123327809377,-0.0167482949083081
-0.0257737334614026,-0.000735912908407898,-0.00643346102296805,-0.0312655741643486,-0.0066041772467427,-0.0173790178204087,-0.000534129988537864,-0.027787845345372,-0.00106856443942965
0.0165436830933409,0.0139335799150854,-0.00909893689814509,0.0099593443201804,0.0124328502812736,0.0350610205909379,0.0145027344109543,0.0190410762607231,0.0100370058507009
0.00245682190237655,0.00929531457201356,0.00241825120484885,0.00295452931664721,-0.000989177892655286,-0.0143118353989103,0.00785853026210931,0.0104536198243386,-0.00269873423745246
-0.036153441009535,-0.0151261700066879,-0.0116495527779568,-0.0186809560715707,-0.00888332584948153,-0.0405337926338079,0.000791584352469173,0.00299137494191686,-0.00854334914737608
-0.0301450673413945,-0.0177037778720343,-0.0423253378495211,-0.0179198802408033,-0.0124044895036857,0.0169278222334051,-0.00270255919915769,-0.0164957007004966,-0.00414951574697798
0.0462205185045218,0.0335930572748981,0.0343712726052581,0.0418118485166962,-0.000467404687159537,0.0345456400188234,0.00504842491346562,0.0308433922092281,0.00167543607348302
0.0784621592621858,0.0111679257514625,-0.00378378280446921,0.0071491304423974,0.0183026575498899,0.0758025984391355,0.0207813350401018,0.0364369836883008,0.0328591225787163
0.0232992362875804,0.00905758880154629,-0.000825418225472514,0.0346595276203936,0.00722444948336805,0.0124540653500749,0.00581180958946309,0.00068451768038805,0.00155683357763084
-0.0334984878159037,-0.0259193089325539,0.0245039020967417,-0.0415291565079267,-0.0047715238527603,-0.0336616358425715,-0.00654498346161997,-0.0289820894943692,-0.032246055648496
0.0119673335746395,-0.00850224690964273,-0.0125333406381444,0.0281385783024811,-0.00662768737738297,-0.0265883554265441,0.00468002244888518,0.00663594376718655,-0.00107488804142538
-0.00225588739129082,-0.0398108880668738,-0.0355666834191887,-0.0150081437707536,-0.00700899735968838,-0.0872071984745057,-0.00555221863059667,-0.0083802002638433,-0.00740996153360876
0.0231382023951343,0.0153616120361643,0.0308027159854123,-0.00687518417733887,0.00359442939069621,0.0157192854362364,0.0118282069638224,0.0197389958736358,0.00431981029867957
0.00982242046737221,-0.0177072409050492,-0.0125820055488191,0.000497441210027516,-0.0171992221361305,-0.0179414449257416,-0.00557956114745555,-0.00554377411555785,-0.0171246124176417
0.0250022145938908,0.0408546912134785,0.0110414127473457,0.00542319567345155,0.00512290727859384,-0.0292022765820233,0.00901732298477616,0.00735442662013805,-0.0035357631025985
-0.0236475185762564,-0.0139250217243224,0.00686110657144252,0.00676170430101117,0.00842696103862296,0.00327957856888337,0.038715230266151,-0.00345980452039349,-0.00180134162385466
0.00395405822278926,-0.0262694897054663,-0.0233306146585826,0.0144719238808276,0.0049789964461005,0.0786634147711808,-0.00473981185722851,-0.0183797902421748,-0.0261064021611113
0.035699665415268,0.0379802987768935,0.0365566281167249,0.0366873901798303,0.00641982369132674,0.0191491819803985,0.0125702235702798,0.0238968791237882,0.0236119767851343
-0.0529061225319587,-0.0171125439695647,0.00408886727408502,-0.0136023393671671,-0.00568380031477927,-0.018706760907084,-0.00691598869713441,-0.0246681881158268,-0.0287517809517852
0.0627812379608168,0.013411359957757,0.0196689040784159,0.0182444413057522,-0.00242773178767309,0.017942300382681,-0.00894383754358764,0.0107245040906316,0.00117466305405364
0.0560189476616956,-0.00130001679645853,0.00357061813099178,0.0467729294306325,0.00213634145288609,0.0264393849043437,-0.017084141740293,0.0318562889259456,-0.00719594620532426
-0.00153278916320776,0.0158982077186639,0.0122103930580318,0.0288173188841984,0.0134820416226338,0.015887920031528,0.00904370049929807,0.0349250087633977,0.00929399250231534
-0.0210818275556784,-0.000116870522309472,-0.0075460423205029,-0.0122702021053167,0.00177082827903794,0.000949192791661197,-0.00838641915252589,-0.012865910864333,-0.0114076912800538
0.0268431141857006,0.0123734710438817,0.0115627846457027,0.0201060992891215,-0.00963156438377878,0.0509761663498678,0.0121570264995562,0.0205833121233654,0.0115198872589413
-0.0356216273631628,-0.0110043674310037,-0.0293914325125951,-0.0440398618282046,0.0276244575055899,-0.0696300636125218,0.00700448246964406,0.00279831219744781,-0.000931439252493861
-0.0314173726781188,-0.0159830659849252,-0.0231270886871719,0.0226548804210939,-0.0184410932799962,-0.0391571495493829,-0.00593684427052254,-0.0166977889182411,-0.0241840833402067
-0.0178582771401678,0.00994304561507512,0.0182812837564803,-0.00193781963628475,0.00174400205773072,-0.0325058183633349,0.000124992412991437,-0.00059834632453468,-0.00481525318328637
-0.0437081100613258,-0.0188281786746876,0.0202992158554027,0.0321192178503941,0.0088032012542871,-0.0392787664000562,0.000652011896164853,0.0363965832905089,0.0169090460848351
0.0179189038909155,-0.0185610794760782,-0.0152397096631226,0.00398844421232034,-0.00506852664537732,-0.0206330663920318,0.00587131371890136,-0.00696930874194219,-0.00813894100788988
-0.0169082566428387,0.00529425015315758,-0.00323409996837787,0.0125751723684546,-0.00146612610742378,-0.0322758559972851,0.00533565718676638,0.00577107011990012,0.00685190480112207
0.0638051055553599,0.0476937933230329,0.0345839884320397,0.0243426770644146,0.020130288505752,0.0400256409947866,0.0159137181716636,0.00308277533200897,0.037967896828199
0.0460262014099979,0.0200575859045977,0.0229172994017583,0.0242098020161098,0.00960221184787447,0.0048778802695488,0.011424687840846,0.0239633907332638,0.0139599635842036
-0.0126793447113894,0.0160682628525119,-0.0200744391858012,-0.0109207867813729,-0.0149143440682391,0.00897022519743251,-0.00429245817394862,0.00286590774058899,4.2115158150528e-05
0.0750547911115349,0.0621866289408694,0.0489936265466923,0.060239828047893,0.00832594791120921,0.088968009000498,0.0176249656884979,0.0238942664494046,0.025666166818234
0.0555571800066656,-0.0159194045302126,0.0096582514705427,-0.0112773922599672,-0.00503996438851891,-0.0140159648980748,-0.00703789457977772,-0.0219774931162334,-0.0154328347226834
-0.138289483186391,-0.0670887450668343,-0.0511247542943243,-0.0441691160775169,-0.0342666621578356,-0.128675490866324,-0.0165338273704488,-0.0384644905103946,-0.0416818761942073
-0.0150638247503096,-0.00462166466937116,-0.0306132013879303,-0.0114113241341025,-0.00272774915554739,-0.0339429603693654,-0.0179614081793501,-0.00272396141309081,0.000850757869459504
0.00862839347630915,-0.0181226928131964,-0.0426403744382439,-0.0152727817348071,0.00111277801801185,0.0146454029482952,-0.024498655701506,-0.0116755175928223,0.00559456964853381
0.0235747499715292,0.00199235529748382,0.0239877127579839,0.0371684060541824,-0.00712052350889185,0.06888575087802,0.00325164714869381,0.0224639203722862,0.000765889226766529
-0.00742799946981995,-0.00607941587248721,0.00388102548248387,-0.00184358201653953,-0.0139968882586074,-0.00290676235258506,-0.0261893609284855,0.0115067091960859,-0.0155720798547339
0.0256431994587793,-0.00787328575504186,0.00738041583946043,0.0163717690158356,-0.0167366071717418,-0.048014035169672,0.00510047844031901,-0.00197310766943549,-0.0284974603745184
0.00564781645667208,-0.0135628111813525,-0.00944460058778636,0.0281240851628147,-0.00363255565918863,-0.00760521516376404,0.00493252929803718,0.0263940659146029,-0.00197198210444002
0.0415285503847381,0.0432626445426633,0.0438002195420672,0.0381518155825902,0.0340945340624683,0.0397830989312146,0.0253119368945635,0.0243660738280673,0.0411648155987719
0.00831868581517943,-0.015074807265785,-0.0346335276148398,0.00403838749081136,-0.00390764429027995,0.00326615339597801,-0.0196286387136017,0.000365983067519374,-0.00552096912197162
0.0549354650436216,-0.0435922631356154,-0.0181953446723174,0.0146156913546651,0.00480753433641756,-0.00385464938039844,0.00544277646959033,-0.00133138091280715,0.0175767974781106
-0.013180538794272,-0.013080438273944,-0.0400165463827427,-0.0218447535820465,0.00840944994387828,-0.0260312506191348,0.0127950815331915,-0.0130276652870443,-0.015678546533052
0.0191482151355015,-0.00904565178570062,0.00382182131296104,-0.0131406665892447,-0.00686566225359391,0.0467495840258189,0.00206959887074539,0.00897223659634719,0.0151954076783158
0.0870902517267283,0.0231476838550365,-0.0207024766922848,0.0614232376123044,0.01215173457272,0.0589435558290486,-0.000630747440075663,0.0153373554833895,0.0179933766698973
0.028827973961631,0.00699948448262205,-0.0112908268930713,0.0120298792704488,0.0158205014260479,0.043420198527746,0.00769520455522918,0.00808944923287333,0.0145191401463156
-0.0493985087973456,-0.0007443984848093,-0.0109283961438415,-0.0275829334299334,-0.0113618104232281,-0.0690821339991656,0.00825227912843876,-0.0114128873543042,-0.0174031247378796
0.0147919939060812,-0.0055383102121385,0.0206503805136844,0.00211230845433523,-0.0229393228379534,-0.00739220772702122,-0.0108602536397766,0.0102530238647807,-0.0114618236098364
0.0111449823557671,0.0106517939566004,0.016641836610415,0.00875924494245234,0.00635583941181298,0.0134996401276608,0.00595666663467243,-0.0181577337127261,-0.000114764955084839
0.0012992307647521,0.0207420495913715,0.0177235649824755,0.0781573573907287,0.0111604965051633,0.0396356892532734,0.0200127944645547,0.0225295210023145,0.0270907374744997
-0.0479910489857314,-0.0231145563429813,-0.0457684103857184,-0.0289374523265967,-0.00175001110979752,-0.0287190975610243,0.00282852719094243,-0.00844990093113659,0.00759216234439527
0.0789445511729639,0.0229267495687151,0.0267437145946615,0.00224134666081219,0.00987941904955529,-0.00265254970387339,0.0328916497072849,0.00800773263605091,-0.0151489973585396
0.0484253026741281,-0.00492510211365395,0.015261018578054,0.00301203407765921,0.00803540818040897,0.0068607898892841,0.0173518776518329,0.0116336233057897,0.00510036293006238
0.0142722936016406,0.00963672236395771,0.0137774592825683,-0.0269679697763081,-0.00596745425260829,0.046973899145992,-0.0419305605325898,-0.00160414992209267,-0.0262973636092964
-0.0491081872783569,-0.0370254175615928,-0.0288512561855439,-0.0365791444226779,-0.0147433689860143,-0.0314853291019861,-0.00711708786823089,-0.0194054075395541,-0.0151300152955965
-0.0242803025874188,-0.0254922546686833,0.0104594044955676,0.0130788141568657,0.00821055514612441,-0.0256702309015841,0.019111336866072,0.0124072990001751,0.0185151343811627
-0.0213735774707938,0.00182418013582538,-0.038809993608343,-0.00521993198077102,-0.00215507624718219,-0.0509563023586896,0.00707736510362579,-0.0139153918830023,-0.027576544314899
0.0997373543174186,0.0669584086749653,0.0439542245302372,0.0353481369828595,0.0103975240556622,0.0562836789707746,0.0158673075158699,0.0278631319427226,0.0241560894160334
0.0511236377432794,0.00482302850591205,0.015479182565818,0.0110014553328789,-0.00854014358965912,0.0153556142649857,-0.0123019635151534,0.0155617176892086,0.00874253356242489
-0.0224247596494213,-0.00182240254707279,-0.0284566721720444,-0.0205283536775998,-0.0106479136315009,-0.0155377108352893,-0.00297385040727076,-0.0104129353005877,-0.0142940360721113
-0.0386573673220284,-0.0445059029149995,-0.0306565009590897,0.0107163209741154,-0.0245765710995558,-0.0314468883367525,-0.0195008847603497,-0.0174327563978716,-0.0215141900163931
0.0415356965915107,0.00265626589060314,0.001393192480355,-0.0180083013353115,0.0061395490056388,0.0139628787245998,-0.0115484262112706,-0.00204033900775238,0.0111656962962078
-0.0135586990437606,-0.0329113460031886,-0.011487083883426,-0.00941657492048314,-0.00503760382249614,0.00354094872499683,0.00423955745172758,-1.189689319857e-05,-0.0223576878114422
-0.0380799613506081,0.0226721286233101,-0.00427118498344364,-0.0316438093595806,-0.0303523560285466,-0.0415157390059359,-0.0231656548792696,-0.0387251657126198,-0.0337287021982656
-0.0451254816669556,0.017474777079389,0.00315664473162325,0.0152674661969395,0.00205728687765708,0.0454797314504467,0.0314126324802127,-0.0120646132282925,0.00498873889810301
-0.0419563589490335,-0.00122815202847022,0.0101295904545329,-0.0140706108531722,-0.0239729568499943,-0.0336319390362839,-0.0327500638138251,-0.0310870742172355,-0.0250264339006682
0.0256606411841467,0.0423135172170419,0.0313210306108066,0.0825379984423499,0.00428622267987348,0.0234645945147695,0.0242616854993256,0.0340794562797744,0.0199672559498762
0.0646886451228132,0.00517178883365212,0.00794277658140733,0.0246124670817139,-0.0020321225244481,0.0105777163855204,0.00403063902289737,0.000735933862279529,0.0125846023751249
0.00277924363966866,0.00480452771897829,0.00236167854893602,0.0185878014889329,0.000352800239783441,-0.0232743352188523,0.00869880057456615,0.00305362793259474,-0.0091649041507536
-0.038366930958169,-0.0145279064486418,0.00955377249894254,-0.0309309644281246,-0.00548060406903373,-0.0332950964388492,-0.0289816654717663,-0.0257836045706591,-0.00990909367644847
-0.0442378669976478,0.00237070944670691,-0.0121100033171186,-0.0173989234355216,0.00361152529263466,-5.41099343979957e-05,0.000253737420847784,0.00413438657232122,0.00413358145815624
0.0398733061943761,-0.0608760365480293,0.0138550521895506,0.0343852609071323,0.00837506178859923,0.0122110085820955,0.00809693770553778,-0.00373490927910331,0.0125373523261017
-0.0596475127649731,-0.0182776943250531,-0.0293423243514253,-0.0121740609472024,-0.0194613005551612,-0.0614861711176493,-0.00261686769824023,-0.020375671187855,-0.035535585445428
0.0525248290224309,-0.00113974877028253,0.00449105047710494,0.043321854167597,-0.0196583619056754,0.0550858905997337,0.00331105124492132,0.0130267019644161,-0.0287714730240194
0.0725288527212567,-0.0140499216537181,0.00305261569748697,0.0101005374108381,0.00306433481707933,-0.00852990316456175,0.00922852687074315,0.0132325524381639,0.00325341250934124
-0.00956386834331196,-0.00900676418329214,-0.00297093676162765,0.00585588580846349,-0.0125393423952623,-0.0052881013663083,-0.00590009587281831,-0.0060737023352113,0.0028951665603981
-0.0183860770198667,-0.0300094327926002,-0.00557267609628028,0.0247568657587029,-0.00153483302386156,0.0110508118641693,0.00253825344782031,-0.00142112003958325,-0.0139921840147772
0.0437607998253805,0.0388115068260929,0.0364596316725342,-0.00467505307323599,-0.0184065501441581,0.0623060741729876,-0.0241044221114318,-0.00306174672922978,-0.0115660090124939
0.0337412747272873,0.0184011575733342,0.0333525265440504,0.0360225255608346,0.00241091772521849,-0.0269258343795408,0.00937684231691241,-0.0138253487291105,0.00408216570783556
0.0784998445833668,0.0492091466444861,0.0549308875564845,0.0208490551978612,0.00789058248275594,0.0748776562917531,0.00818210441835919,-0.00511684465655133,0.00782525307925513
0.050216014124407,0.000672156673041089,0.00519275423965752,0.0180984706475016,0.0235477464689452,0.0591679292806904,0.00560156482377945,0.0115541474272062,0.0137400063082668
0.0095078051217571,0.0529222043999584,-0.000747630627851584,0.0882261113582356,0.0316402401166983,0.00861249733637253,0.061226743462752,0.0457284228677716,0.0450550663579439
-0.00549446275389858,0.0056854675087507,-0.0132900261210657,0.0041512387381861,0.00970412637206588,0.0237595794940707,0.0142929075013372,-0.0088265134929194,0.00367001935924108
0.0402576685219563,-0.0480606874832484,0.00369195023019095,0.010628914452658,-0.0267846259006539,0.0351924809940333,-0.0136581892615806,-0.0256405516123274,-0.021007760537024
-0.024701116476379,-0.0304042272579722,-0.00489008272538312,-0.00612785592810659,-0.0268519716482708,-0.00472561937414204,-0.0141328119642442,-0.0125398153743594,-0.027878642397058
0.0108646691488523,0.00555849544103523,0.0339610865461951,0.0147451145251963,-0.00626346549300129,0.0187181439218226,-0.016868262154768,0.000649646473782109,-0.0110751232029693
-0.0223902892027834,-0.00340144999352291,-0.03376239030356,0.00404101045631217,-0.00324275881880887,-0.0107585603930949,0.00363553429157341,-0.00787162313897539,-0.00494190879270286
-0.00030120349847508,-0.0157351584815398,-0.0117024589043395,0.00325805190375904,0.0101548643016273,0.00166397460649927,0.00643923916974484,0.00106221485714877,-0.0211090934665777
-0.0102419979980321,0.00983360620766678,0.00147741596556833,-0.0206283157846084,-0.00346613691193412,0.0159020063877546,0.00960209125879727,-0.00294107637036391,-0.00160890140183708
0.0103294491094499,0.0096114708638668,0.00398992475883695,0.0138572380199813,0.00437391116964906,0.0126302571944803,0.0256453470911488,0.0116596714122375,0.00672218285706708
0.0012521706052436,-0.0243018914920172,0.00841784242510744,-0.018925699377624,-0.0144835408580645,0.0083932079741955,-0.0318316386624051,0.00258407188703705,-0.0149134755870957
-0.023313579109625,0.00215132475037366,-0.0033262693510027,-0.00546459419997608,0.0116844844055001,0.0288211403699272,0.00242997947951105,-0.00703356899255404,0.00449507015535003
-0.0442031816963819,-0.00114806627673189,0.00936526888791561,-0.0298533704514344,-0.0144417949471379,-0.0068805177244689,-0.015341767001637,-0.0385709686306474,-0.0242339261727226
0.0992521329461906,-0.010918120725231,0.00650047105774538,-0.015908844001636,-0.00535890356243385,0.056843020124459,-0.0197487820453071,-0.004746740165791,-0.0138246353748959
-0.00952832001712649,-0.0245329374780297,-0.0500189974543469,-0.0196690453837748,-0.00223338198269888,-0.0360380711102134,-0.0377823333293172,-0.0112145619076084,0.0179119556540777
0.0219946207487531,-0.0168943712374256,-0.00407296212256386,0.0311382659843251,-0.00944183100216917,0.0367299133323235,0.00672525893205309,0.00408463837555113,-0.000134441376603615
-0.0101591139659474,0.0105867513893866,0.00450752229389486,-0.0396678520282244,-0.0030249668414478,0.00141968017388686,-0.00853856397942971,-0.00897327407082999,-0.00136014348748304
-0.127169867091144,-0.061142799633559,-0.0109547825865425,-0.0753971996195123,-0.0105062637549083,-0.185882837372196,-0.00839053489216107,-0.0119770883906685,-0.0190872648328462
-0.00988650455045535,0.0178136104429385,0.00375072095834955,0.0137107407404568,-0.0239750120936757,0.00415089524958594,-0.00300524812209888,-0.0035809454918718,-0.0297502199941139
0.0205752203971553,0.0203653200369411,0.00757443794177959,0.00644554166613362,-0.0012883167622619,0.000384576921076418,0.00242202409243893,-0.0137761085561161,0.00932308313701566
0.0186113940875958,-0.0106124608414899,-0.0156817827472536,0.0263772194517334,0.0035316929644821,0.0448467381289688,0.00739725280823054,0.0180466488674057,0.0137808893262938
0.0758035492288082,0.015173484523806,0.0135664451534044,0.0340440875113502,0.00662844715000763,0.071588884511614,0.0360616603264861,0.0223344098682061,0.0461879168052985
-0.0273390101008678,-0.0206485460084781,-0.0197661330616631,-0.0445611320805408,-0.0012340485895203,-0.0285117748662066,0.00723923942332628,-0.00710416913385754,-0.00163611980887965
0.020696307248123,-0.00203227387847624,-0.00650894479909281,-0.00566892668510715,-0.0063655354696067,0.062401724987742,-0.00905914033626385,0.0211613136301418,-0.015456226260182
-0.00245474596726392,-0.00551829860598884,0.0116271116678342,-0.00270285552166688,0.00693202024247644,-0.0263502137775569,0.00013464844117237,-0.000306121421622669,-0.00658526600152138
-0.0510017606054166,-0.0470843355936818,-0.0220246991425901,-0.00599953861698731,-0.019097544920325,-0.0501395158333982,-0.0223645594760936,-0.0105337698867851,0.00782492230242621
-0.0198673852290012,0.0130897955885215,-0.021010637165317,0.0123716379558994,0.00511967660577302,0.0512350968794173,0.022305817470788,0.00892485050789752,0.018877082019548
-0.0546971644141465,0.00834446972586967,-0.0140492651795897,-0.0359787553443062,-0.00480896150567795,-0.0432143107238968,-0.0248003888918415,-0.0228767495104445,-0.0102754919624563
-0.0697035331431377,-0.0374027179447936,-0.0664292930489238,-0.0387964197085534,-0.00754128961146021,-0.0266175391387674,-0.00753079422055905,-0.0163020752171263,-0.0139634698830245
-0.0477373231278456,-0.00846553849267115,-0.00561836521655727,-0.00666292410543422,-0.00850080637164082,-0.00616908968722467,-0.00342571274547769,-0.000610133071949544,-0.00546459060845151
0.014760479323146,-0.0230422334546532,-0.0219196738567341,-0.0116084834515012,0.0021486119502447,0.0169867939897111,-0.00409309364865106,-0.0127714203171918,0.0055330461910958
-0.0721097809522626,-0.0364427600345311,-0.0459650440927357,-0.0400272894412806,-0.0259587890012569,-0.0893565942692398,-0.0326765034367882,-0.00464611387344308,-0.0294764861491553
-0.0199076594032972,-0.00697658174160214,-0.0111943112124048,0.0200645106324912,0.00155218554304737,-0.0101958971078034,0.0149245690904352,-0.00125103377280533,0.00147737032145175
0.128273539031503,0.0417122807560776,0.0321660070228505,0.0169540500891593,0.0142419557549117,-0.0862238008053565,-0.000407222557991601,0.0252748066157155,0.0371061933944926
0.0448434281728403,-0.00495787015005656,-0.00772900006347907,-0.00155404186992302,0.00728304672322455,0.0402073457768849,0.00751551283232788,0.01764387403278,0.0127016411965698
-0.0161761796880165,-0.0401478541301038,-0.0232160379043535,0.0115687440249106,-0.00621295616984808,0.0238218448816121,0.00634905313896018,-0.0126124071427563,0.00107153075253594
-0.00350949881271861,0.0166105009914731,-0.00365409544068859,0.00314806727326688,-0.00538115942701474,-0.00816555698206695,-0.0112432738026915,0.00135234651231988,-0.00223556243930641
-0.0548583729181573,-0.00613736340422186,-0.0344308712221636,-0.0365098141302,0.00219629261202147,-0.0766777764355305,-0.0172304529516596,-0.00216306353608227,0.000631492675957381
-0.0387774206602265,-0.00332574119235561,0.01920203169353,0.00464389673162503,-0.00318772745482458,-0.025801526446704,-0.00233406797654109,0.00100453617497782,0.00128854524978713
0.0204513314032854,0.00898525410380085,-0.00200902156108657,0.00486088956476616,0.0033875560450795,0.00229943965719159,0.0126108886965993,0.0299282223287319,0.00833331339469692
-0.0583092926308505,-0.0216040614245175,-0.0113510186124754,-0.0483726296255211,0.00568379936439801,-0.0311221990736949,-0.0143748763727138,-0.0229377569194712,0.00701209837140917
-0.0345233549660423,-0.00736244794865962,0.0058227946583521,-0.00959024433545926,-0.0137939349121641,-0.0269946212574544,0.00186873804833022,-0.0105418618871441,-0.0246203484732074
-0.0323149939242285,-0.00126379756300487,-0.0462546254423161,-0.0178713972562882,0.0138852690473719,-0.0549945104840268,-0.00106236747669865,-0.00639608559311775,0.000144682804815422
0.02711056615839,0.00968815532450037,-0.00101003476810169,0.0404840951310583,0.008407282761113,0.00248147474365656,0.00869293988675928,0.00847020982691233,0.0204268917720653
0.0342588247939984,-0.0095350106518407,-0.00644826330256721,0.0139226034128971,0.0280914265036534,0.0319279576287195,0.0418062448417615,0.0229444918678209,0.0255934153517948
-0.00185520912142142,0.00173200164868229,0.0120034188905726,0.0027496439054873,-0.00693125748749798,-0.0096313762546217,-0.000760029477670457,0.00307074464307998,0.00319695938412728
-0.0487851875003689,-0.0293422168220279,-0.0032293890973284,-0.0221809576900333,-0.00808322344947659,-0.0630434063326133,-0.0273847822963058,0.00689300080604047,-0.0121320491274204
-0.01162819272818,0.028063176721634,0.00205035851779741,-0.0111503604800255,-0.019122786481304,-0.027630882307622,-0.00774038816423711,0.0123753267241674,0.00952310002254001
-0.0309068287718704,0.00746402440577294,-0.0157450660796502,-0.00639897193399099,0.00823285370551235,-0.00195859962794994,-0.000490036919765706,0.00904601519075741,-0.0101024742205011
0.103023280544857,0.0427289244866568,0.0431238216442137,0.0078896639466406,0.0072790278267326,0.0765786554457689,0.0210088200514248,0.0193047063815425,0.0130455597977675
0.0526075927386577,0.0385516977235314,0.0223982706143844,0.0295476705841437,0.0102812444933818,0.0833794928882931,0.022501167135267,0.0212047744585532,0.0389030414929725
-0.0160598240745629,0.0372279032151992,0.0167583084028489,0.013504589502662,0.00756572683129948,-0.038536514600674,-0.00462890189712395,-0.00741433727689887,-0.0091088481074893
-0.031101369486183,-0.0320471582252358,-0.0178312933601805,-0.00219070671053216,-0.0141144925779565,-0.0385424661586651,-0.00814182114600167,-0.0163213125523902,-0.0133846874174222
0.0229159729632743,-0.00522415130195076,-0.0209302071689519,-0.0128068891888376,-0.00638988288987379,-0.0057003934132548,0.00151463728776732,-0.0235230118273098,-0.0139546771520571
0.0168733370170504,0.0338034325767665,0.0427443402776285,0.0324625200357043,0.000830374787263003,0.00832270789136985,-0.0038968878987689,-0.000183823361288739,-0.0154531299596267
0.0486681507156682,0.0228212414881414,0.0222431693501851,0.00346450315432145,-0.0028385653831779,0.0170390976360157,0.0202000555741531,0.0138494123063765,0.0217997053304016
0.0312802243466409,0.047333860005117,0.0277827120902136,0.0493126048800041,0.0226198587326775,0.0771368963646675,0.0250948995296012,0.0197491109093983,0.0330118854618124
0.038874273505875,0.0350083357667146,0.043558378177242,0.0544212721291781,0.00641370492877257,0.052276704545436,0.00609087930979462,0.020972460798188,0.0358647599853463
0.0797264969058302,0.0277048643698912,0.0502649525265741,0.0213641183991997,0.0110743462707759,0.0994927347976731,0.0101250086408759,-0.00835804418138824,0.0241509681508092
-0.0221834420451827,-0.0392119498505709,-0.0297521370974166,0.00450712188207979,-0.00722867965917249,-0.00993851576660486,-0.000387930896518374,-0.023842631415026,-0.0154455646593282
0.023495178552756,0.00396794601085115,-0.0209458967514436,0.0221650546989939,-0.0173704726310007,0.0438070410705984,-0.0124583468051717,-0.000616002471086395,0.0143749325089632
-0.0154452651072964,0.00433090479806982,-0.0249566826538035,-0.0121002663611578,-0.00109014485121601,-0.012837732891847,-0.000502090578920801,0.00651093808842714,0.0239519119309348
-0.0112221357811655,0.017856493588052,0.0181823057218304,0.0197227632627573,0.0201425802990915,-0.00456211790215204,0.0158107348807089,0.0160179381204348,0.0145713551399026
-0.0423867451898031,-0.0392090940582639,-0.0164206398288478,-0.0270030969852911,-0.016226901849971,-0.0402178334110701,-0.0191691621369937,-0.00378762773040434,-0.0088886269095204
-0.000189621023885326,0.0305108297148935,0.0153456051758175,-0.0259758918963605,-0.0200265418468928,-0.00416148231425049,-0.000785579449273596,-0.0204108076360425,-0.0132043722485735
0.0337172917643303,0.00992931263673896,0.00147635233541575,0.00329985662692938,-0.00847413429184955,0.0152869166323357,-0.000754622603819043,0.0209033751599691,-0.000169453460368921
-0.0159128680242509,-0.00928686084371044,-0.00978002090387835,-0.0030110615608663,-0.0249185223782277,-0.0453297942623667,-0.0222547396140061,-0.0419535263513123,-0.0428513320535087
-0.0764607455675142,-0.0140432731034745,-0.0305639328288704,-0.0170220307714714,-0.0152452283531393,-0.0536403327686292,-0.018192506509335,0.00217604908961846,-0.0159731206361448
0.0354560247298217,0.0134298765453281,0.00278429212988979,0.0383322794411017,0.0348545141534864,0.0203479454952509,0.0230459046145487,0.0314388275969709,0.0396519451381864
-0.0926962934531799,-0.0367443842901344,-0.0728389787108643,-0.0657730750851481,-0.0222397759643509,-0.112958575984231,-0.0179473437485926,-0.0202174181039779,-0.0134082818396337
0.101326743818113,0.0184384571031237,-0.00432869955420462,0.00484642189706374,-0.00852517364386484,0.0793952215044969,-0.0127907563215448,-0.00573649872237472,0.00101842898039848
0.0976875804813079,-0.00146079874317136,0.00692825337831838,-0.000122334366795328,0.00167060926868435,-0.0202223188327851,0.0130774867014518,-0.000407696926641696,0.0218958098351868
-0.0688691781597267,-0.0626581207525934,-0.0736932536640773,-0.0306921707301514,-0.0357590920278068,-0.0528559363509044,-0.0086408444935006,-0.0412802007548912,-0.0546435768431126
-0.0765838490747514,-0.00365970788232303,0.00488466751904186,-0.0116307062661923,-0.0260682610296023,-0.135678767917409,-0.0363672434383618,-0.00755186724922375,-0.0396226807095829
-0.0831792002327254,0.00827249292919039,-0.0220190492984144,-0.0535164869193,-0.000887266670018887,-0.114425697180051,0.0125694440256865,-0.0278726635868284,-0.017828992167271
-0.0419278739037262,0.00157305483099318,0.00203317915528209,0.0308419742369089,0.00946117438395972,-0.0341049794599871,0.0120065027493619,0.0386711127728084,0.00526648218191665
-0.0164597876366095,-0.0279371674963652,-0.00891651083370108,-0.015432312526221,-0.016303184202401,-0.0436576418923582,-0.0304516931308679,-0.0348283474665304,-0.0136677670396877
0.00843972956180341,0.0296615433896142,0.0213664084970589,0.0127927359525032,0.00938798430488878,0.00523210074513479,-0.00093466251144989,0.00223166712668254,0.00431447397227173
0.0786149332071847,0.028998044062943,0.0343759610953746,0.0148311035551352,-0.0059423104807272,0.027759305478312,0.00533030825801466,0.0126703362546469,0.00740594964423659
0.00261345462185587,0.0100066624645321,0.0109655789774331,-0.00423221446843323,0.00480410865550905,-0.024529377887149,0.0104986224943986,0.000291184228345879,-0.00345806603422771
0.00242621858417471,0.0239720269031901,-0.0186747312277095,-0.00200163643649146,0.0204510430253328,0.0303305411346392,0.0102422865745468,0.0136183079453195,0.0218633937978559
0.0854727796765461,0.0445044150620981,0.0338498223152315,0.03718924054821,0.004319047014906,0.0381909326087001,0.00129867990789107,-0.00731638964900321,-0.000784754844376312
-0.0788297024101875,0.0141315737872,-0.032973674613251,-0.0455202826545078,-0.00788024610731672,-0.0710372703826909,-0.00045584236647659,-0.00233155665025633,-0.0234116759798538
-0.0390907354095545,0.0163078183167068,0.00856276181847553,-0.000916761815901142,-0.00309613827377372,-0.0148408504057506,-0.000923533297367556,0.015972245073871,-0.00358221447133855
-0.00487075185710994,0.0242046462084573,0.0158131082576921,0.0132085432742403,0.00969250649434257,0.0330373181425881,0.00348801139088083,-0.033083770586346,0.00866376510495662
-0.00826917849448231,0.0201092574307077,0.00436307484871426,0.00629636322400989,0.0143888703350761,-0.0506610652835709,0.0279664751361449,0.00203748642515003,0.0215174941969404
-0.0708290374521811,-0.0304758407140348,-0.040081062761993,-0.0238573345083375,-0.00128357827211748,0.0726533044591878,0.00625873471087965,-0.0353619871940899,-0.0137376016823456
0.0550233847950211,0.0272568763453747,0.0149365055307385,-0.0151515999883585,0.0100050880157967,0.045592269199645,-0.027927752053511,0.0206351623110252,-0.00264820142990631
-0.056616126969246,-0.0102631351166259,-0.0156291277799061,5.33313787988243e-05,-0.00106706039476952,-0.00710592892123515,0.00675466863552568,0.0185498670607694,-0.00442438930183579
-0.0503500469017932,-0.0339712977926151,-0.0213113628990861,-0.0481650772493081,-0.0038193475706457,-0.0771603823404103,-0.0380564735083478,-0.0225002406816938,-0.0196260478410354
-0.0133031093421938,0.00559847899979683,-0.00931306173670492,0.00389916412137615,0.00189897183003531,-0.0219062067255058,-0.0109018076806851,-0.0256455255885307,-0.012805470508131
0.0839728994076772,0.000490606167437661,0.00501353263154396,0.0375052608366628,0.0114163284255268,0.010070837708084,0.000504103025023603,0.0203761569872044,0.0313530222891615
0.0128242533538399,0.0180272284439071,-0.00065234050266413,-0.00200902520636485,-0.0188421435315037,-0.0348270739809821,-0.00434430531360539,0.00270958851497624,-0.00712501817656695
0.102121518535076,0.0299850172742557,0.0183082910014754,-0.00307209004134238,0.0242407659713817,0.063640529407176,0.0263957168787747,0.0209110699318953,0.0301326842301139
-0.0309596532853949,-0.0157022341390316,-0.00817224104461113,-0.0100336098880389,-0.0174515544509586,-0.053860467501458,-0.0203018630206385,-0.00666237090954668,-0.00923725966623521
-0.0221287572440493,-0.00426225087833428,-0.00608787158302553,0.0086450065677293,-0.0143197771615944,0.00347641767694323,-0.0338163610167838,-0.00137818008664156,-0.0152255837349606
0.0635070565217299,0.0414496462772304,0.0306755107932599,0.0495463468916395,0.010857916560458,0.0579617259591451,0.0163786960152935,0.0263783425761929,0.0139190546049964
0.00433277440425927,-0.00688492590810184,0.00045571886001182,0.00756942469244791,-0.0167851776109358,0.00435796651728187,-0.00285321399411617,-0.0174908956220774,-0.0147202752712845
-0.0491765778515455,-0.0433271590650757,-0.0404404445904377,-0.0428655849217833,0.0165209072084912,-0.0443741532489513,-0.00714072319720865,-0.0388041843284064,-0.00391932276359535
0.0107309528859247,-0.0232614166473997,-0.0200868482431061,-0.00811742949585333,-0.0111036495490408,0.00246262405953527,-0.00802356914628267,0.00169325211949408,-0.0130689987696519
0.00533785912906628,0.0127912876902274,-0.018503501733163,0.000637849571276897,0.008846915771565,-0.0226361326863256,7.58830363869326e-05,0.00382681168062695,0.0112656082330532
0.00104797984221825,0.020550605228088,0.0380937866995912,-0.019763114196912,-0.0119240618837107,0.00354021790133013,-0.0308057231400836,-0.0156514860137624,-0.0192041766107051
-0.00357436365426096,-0.00353338701930747,-0.00130788828312237,-0.000715138425483639,0.000693547557950651,0.00175005056553638,0.00238491709409469,0.00539918313174887,-0.00524619786845874
-0.0512902382689749,-0.00619026346562587,0.0132247772296052,-0.0507027024205723,-0.0333095145575641,-0.0951177228981545,-0.0525448970119077,-0.0361540242846747,-0.0431107917050419
0.0479148014042907,0.0111070434675196,-0.00289793080558395,0.0251836732757882,0.00403772397168626,0.0340181709585521,0.0134820813099342,0.0311935844488793,0.0120971298393488
-0.0386386636805931,-0.0323462485225173,-0.0310840706536198,0.0249022601774574,-0.0198638069591301,-0.079993734499768,-0.0040453498855685,0.0109355830395325,-0.0123542530726383
0.0137205700128507,-0.0213392333039941,-0.00933497238860751,0.00971567751335384,-0.00302629592238412,0.0135633254790393,-0.00347907172602276,-0.029174529817453,-0.00385624195198018
0.021268247143601,0.0202775167772816,0.00523594639751324,0.0517933200792768,0.00763927023341585,0.0310160594026628,0.0111097643884387,0.0258246861038053,0.0244079460723142
-0.0182252407179919,-0.0416490184159337,-0.0231774295832286,-0.0127228210983567,-0.0285846348629255,0.000411603050441563,0.00144092555656129,-0.0178854715017107,-0.0321028335892745
0.00319473272171327,-0.0255028647731609,-0.0384463065928385,-0.0238106943497288,-0.0207027674012788,0.0123190477701267,-0.0239799690388041,-0.00399713241011862,-0.00483755038754214
0.0350419115476056,0.0200441997431517,0.0209649940793347,0.00576470214296503,0.0246384347706477,0.000280592189895574,0.031686257678503,0.0477042791812959,0.0329299339767466
-0.0185870806394043,0.00723914596381746,0.0200734180553493,0.00305596691756152,-0.0116634553655597,-0.0450034930498881,-0.00305735676608307,-0.00171688637798686,-0.0119759318237916
0.00183439448113483,-0.00223141044413685,0.00989117981918283,0.0055948321157742,0.00742157173400657,-0.000391086132660638,0.0190177211062438,0.00645857030543997,0.0404659270352723
0.0186885698820315,0.00826784724376338,0.0283293289144882,0.0170115498165164,0.00892487970670998,-0.00881898258905511,0.00202566638614295,-0.00331166250892784,0.0214680358984696
-0.0801319708442025,-0.0296835741365712,-0.0373006070875536,-0.0260199126676862,-0.00906064371522984,0.0481855072894769,-0.00127016992575675,-0.0117841804068861,-0.0318896487019941
0.0249632299698993,0.027399636293247,0.0100062145421892,0.0431666762535884,0.00517144992242294,0.0242183286235775,0.0185197340915701,0.0195586506079323,0.019834187992476
-0.0203345565664188,-0.0170818952590265,-0.00879148334068838,-0.0182118436676029,0.0017772989970126,-0.0270151580636154,-0.0185483348782208,-0.00234665137337878,-0.0204486168467127
-0.0645264003738449,-0.0204099724786965,0.0124979088043757,0.0211467672299299,-0.00536984012277926,-0.0482019902485982,-0.0173428614231936,0.0141137675287629,0.0047278325854537
0.0139106074803345,-0.0118698826457806,-0.00752902336781368,-0.023811740964639,-0.0137584564523595,0.00429102489339645,-0.0018123547856944,-0.0232737878945016,-0.0136624331797838
0.0449708582189892,0.00909840679886077,0.00930292923659036,0.0233195699551742,-0.00580456263919648,-0.00927383818681793,-0.00917995055132589,0.0160822442550348,-0.0058640509465943
0.0949272990819371,0.0483007768519361,0.0304433873628253,0.027567999586122,0.0126283060698433,0.0767839929994598,0.00217982190405423,0.022696166769453,0.0209368771561362
0.0296660744397332,0.0331082600133238,0.00843875029267429,0.0646546746845258,0.00606361511823188,0.0531584905502899,0.0185347123415589,0.0057615410097419,0.00798625961229262
0.0501456961517104,0.0158166653257181,0.00247902061882493,0.0067763422767822,0.000777580273612575,-0.0580993546786825,0.0122451323702471,0.0410135798544303,0.00850077553692897
-0.0482508886293738,-0.0383492933137752,-0.0142200674066167,-0.00963626773885929,0.00126799040534707,-0.0723836583410689,0.00618576702710821,-0.00548168304597636,-0.00666891029884431
-0.013934561669565,0.0155253446013006,0.0318358761248615,0.0250989231198434,0.0191134936800667,-0.0169946070807431,0.010761140092836,0.0100518160419876,0.00853454304448851
-0.0047626015048134,-0.0106003014664998,-0.0125442622531009,0.0498669883394737,0.00582544103351016,-0.017462719938333,0.0110054824172523,0.0412975086859416,0.0112269218360198
0.0050824533859639,-0.00168707879999777,-0.00871837770245984,0.00609155883841708,0.00917645093688045,-0.0518690414583828,0.0151150611519867,0.0196127525597499,0.0154456819666512
-0.0583113354456633,-0.0575434257111075,-0.00604349153528222,0.0288966968668984,-0.0225172014268569,-0.0300012474869473,-0.0141278204696085,-0.00846448311503648,-0.0168446730885487
0.00710758612318405,-0.0143631158168576,-0.00612003210136644,0.00823678791139954,-0.00562969634381214,0.0456905061882751,0.00860326465276382,-0.00903265339680844,0.0125744430119708
-0.0492379533878801,-0.0388241728770863,-0.0507940808926726,-0.0312277106367474,0.00274809556052277,-0.0667804521609317,0.00133901188430388,-0.00522143311830781,-0.00589604307908744
-0.00818489705729218,0.0217514542606476,0.0246184559788155,0.0109704935558145,-0.00032326535746943,-0.00989055582110768,0.00542585635972796,0.0261221122115264,0.0111411290122884
0.0634251862507887,0.0397248903615522,0.0356086717807435,0.0493393631498115,0.0261562993688602,0.0747408828030466,-0.0208436043521282,0.0133524171943963,0.0384926455503176
0.0384362374686758,0.0299423282156287,0.00338111792569537,0.0232627995721255,-0.000403406899711206,0.045020406355563,-0.000734549141922946,0.0149119251041086,0.0149272218759616
0.0273645272144026,0.0163034171826038,0.0191622871337592,0.0173749423193429,-0.0114659241613422,0.0134171369875093,-0.0410119666441843,0.000210806278836714,-0.0167886678772199
0.0600046993684896,0.0518375185189296,0.0301212021162296,0.076288581624968,0.0167962398705763,0.012509682021864,0.0115447323914679,0.0235387882218266,0.0309166268787993
0.0144576404868315,0.0237600862613263,0.0307581267764313,0.0390665712484617,0.018548384915142,0.0202176748351228,0.0168483852799886,0.021617854151253,0.0260204966356183
-0.0478090311995334,-0.00742356611900731,-0.0300541705288364,-0.00623700272186846,-0.000674706642399405,-0.063088309712875,0.0139355352337706,-0.00279393965816914,-0.0162869381139725
0.0553723350645466,-0.000478641641122753,-0.0144665809796738,0.0127192391002216,0.00519797634814017,0.0442964436368864,0.016645010864074,0.0202297763949377,-0.00401964554895727
-0.0760429472984186,-0.00531020774656738,-0.0360453798008423,-0.0300372548979858,0.00727201818463423,-0.102390798488771,-0.00462188706695012,-0.0154890795399586,0.0068543763362021
0.00300303365122069,0.00913487291264738,-0.00467094769880168,0.027993874732,0.0056605374266614,0.0064622418401056,-0.0120380888205102,-0.00186266991054772,0.0219982454910942
-0.00762000958367564,0.0149745684280944,0.0263987407429711,0.0218024113468439,-0.00811419421978727,-0.00584183824490038,0.0254722960406293,0.00492695145186761,0.000331948971816042
-0.01423093253131,-0.0138363568813712,-0.0187404028970819,-0.036280296022946,-0.0121903285958993,-0.0341390423809555,-0.00762727955605277,-0.0105017270674296,-0.0111523690924484
0.0412555380777423,0.0186974174734185,0.00945246292066642,0.020056345075806,0.000725102686206402,0.00784509239667258,0.0201576779938317,0.00352235246785238,0.0095840208254808
0.0898666444865186,0.0637967961344599,0.0475531423009542,0.0445021447744421,0.0105626015486021,0.0997785115592356,0.0143002728475651,0.0413967674143504,0.0192252155825629
0.00416874699546731,0.00858581892334608,-0.0187000288262296,0.0176080707020074,0.0255655965340503,0.04305978462699,0.0321557759126727,0.0179148170411116,0.0366136141645423
0.0226227675369162,0.0447290499796932,0.00922042378092857,0.00176340259423802,0.00176113636003847,0.0320577688760816,-0.0154555303713708,0.0133151317307582,-6.59478382672799e-05
-0.0823306318810882,-0.0369450375648179,-0.0235986705832646,-0.00514462792614612,0.00554627421560128,-0.0226828223791515,0.00124082648781601,0.00443563838832325,0.00136088121670949
0.0200252538157419,0.0187850117823725,-0.00770148851817404,0.0483531889036137,-0.00254629023969594,0.0294965475021601,0.00953716452797806,0.00984525334666523,0.0134893097992835
0.0483169442848332,0.0483922293319468,0.0221789393040855,0.0100544092889475,0.00528641199298528,0.0957334289639168,-0.0110049446502145,-0.00792639659387104,-0.000534165311847695
0.0427847267642293,0.0238767946136604,0.00173229706255883,0.0486122897429508,0.00348420893364338,-0.0174967191189596,-0.00403394230620284,0.00881812974313035,0.00624392767750987
0.00794161808780654,0.014499105809881,-0.000684791636283172,0.0155400308215815,0.00534713447105069,-0.0170385018640861,0.0113632022269934,0.0324301195516843,0.00151433655083249
-0.0713764856942211,-0.0287659479495082,-0.0267863767048429,-0.0416424435197267,-0.00746486189490267,-0.0165959616208055,-0.00389474499050881,-0.0170253678926643,-0.00703330371884835
0.0260420681254536,0.00498201451679694,0.0166415978243558,-0.0058278969307302,0.0026536560613622,-0.0106980462098861,0.00151893487752224,0.00410919221709121,-0.00094950224667663
-0.0299701199373463,0.0150422524204685,0.0288807112228021,-0.0553523230576927,-0.0183079624977372,-0.0509568189825174,0.0120321257203439,-0.0164747784675258,-0.0322077259485488
0.000239620860446193,-0.00849002688946128,-0.0212978576264822,-0.026178609598608,-0.00926118421112442,0.0048384389033454,-0.0225025716567305,0.00416350929148087,-0.0140703310257735
-0.015837565244523,-0.0312483977644145,-0.0103025268186236,-0.00879221048604527,0.00333833619537889,0.00329964417528228,-0.0139141098128259,-0.0145909529461874,-0.0241526153507097
0.0286740044895991,0.0337063898567895,0.0230782672749806,0.0345554675216753,0.0196321873174155,0.0176478557160256,0.0115043030999133,0.00723154226323454,0.00887623264491629
-0.0326272001767341,-0.00550298183564222,0.00454667774474225,-0.0104200775616235,0.00315295498243572,-0.0251079013986242,-0.00640498286326454,-0.00732786115858606,-0.00632879426027688
-0.0309493023656026,0.0116774522525883,0.000298545528125204,-0.000204295694292249,0.0184285770348235,-0.0320010675220492,-0.00456623582669246,-0.0146785185251613,0.0186858290398013
-0.0387389821231831,-0.0335018035746096,-0.0098175766775591,-0.00911907756860716,-0.00489210221025016,-0.0862102678909505,-0.0205495485965503,-0.0118530206720478,-0.020874239454341
-0.0173777642022989,-0.0136431449045469,-0.0294166549149179,-0.0182057457562172,-0.000863921837059554,0.0145795684676043,-0.000646637175116165,0.00153154964546283,-0.0052476520027608
-0.118345972604693,-0.065752180212581,-0.067116999507351,-0.0660476083345913,-0.0142947120448902,-0.0971571118949039,-0.0190959418569101,-0.0351174728775677,-0.054122835299036
0.0141468625876194,-0.0166207966625149,-0.0153720857290598,0.0102105885351079,-0.00342885776251719,0.0189523471692081,-0.000328110873129449,0.0132817351773816,0.0114201913120544
-0.121888710725148,-0.0475559819050103,-0.0446499749012026,-0.0493743079926633,-0.0213673459680079,-0.109670344001596,-0.0215021707221049,-0.0380599363850838,-0.0390369695983846
-0.0234797076309992,-0.00186892821459487,-0.011373893353835,0.00791848238530486,-0.000396323268511561,0.0273306900249713,0.00950739664792459,-0.0325133280164866,-0.0192589703344401
0.0784359929467966,0.0321225816114021,0.0157998347876137,0.0337398052407136,0.0259685647474211,0.0949041107537288,0.0273806047502546,0.0527620462563373,0.0241166146214229
0.085954867633936,-0.0303877791815241,0.0348922953855223,0.0420672886846915,-0.00467068268387201,0.0582533529532035,0.0191142595962502,0.020848254126485,0.00749822912742403
-0.0190178065239332,-0.0181059272129015,-0.00197065614580541,-0.000353845932072272,-0.00409796157696452,0.0209713713697106,0.00495450359075106,-0.0214815903582039,0.00294200359290393
0.0028278529733951,-0.00960428611342013,-0.00626957679271902,-0.0184057840179082,-0.0187198240404635,-0.0235490894282727,-0.019079324760254,-0.00831903121145998,-0.0133769696318163
-0.0763908257621952,0.0179076045020265,-0.0353798857426801,-0.00158643371222006,0.0217031127463068,-0.0556574281023487,0.0240866372936893,0.0159541478484231,0.0189858784416576
0.00626851788176202,-0.0181164433655196,0.000492689184926116,-0.0127100711149823,-0.0159842805246866,-0.0215574728897248,-0.0203941284065868,0.0110285213197371,-0.00250983039877615
0.0291260977761495,0.0159865683066085,0.016856486389008,0.0200186848571361,-0.00228890398736122,0.0253170795250276,0.00265161056287541,-0.0111604426352505,0.0130518399014057
0.0687064649083357,0.00612615732649993,0.0177171408192021,0.000820345242988702,-0.0113631062486152,0.0480828053364878,0.00297847808266778,-0.0171851697476317,-0.0115635461798188
-0.0174824054862069,0.0113438496077628,9.07055630680622e-05,6.84124732510663e-06,0.0037833261286285,-0.0128447016596875,-0.00319280102628201,0.00990527663579457,0.00977596497451644
-0.0248275675881865,-0.0328871646718021,-0.0360203179553964,-0.0131632945420942,-0.0037516961618913,-0.00930123344585257,-0.0296919987142036,-0.00379496759176139,-0.011439022832534
0.0283312368222682,0.0202245134946336,0.0184074333553638,0.0118367223126248,0.00651021924343317,0.0401341127987314,-0.0247526863725759,-0.00248062227737604,0.00418204254111501
0.00158711542408528,0.00719635931386914,0.000343809312741421,-0.0104224210785836,0.0153221033830735,0.0102360481159438,0.00241529591917789,-0.0097020206997134,0.0295464228140448
-0.0164287359232355,-0.0528663485018813,-0.0357690615631442,-0.0133772509664365,-0.0120933638457088,-0.0421005329870505,0.0145079964870556,-0.0242427360129501,-0.0286151226654312
0.0704417166531241,0.0210496538131066,0.0156630175558893,0.0165211890134531,0.00288476691808091,0.0783760092319608,0.000151144735967934,0.0199322076816029,0.0155222422409255
-0.0293412578409298,-0.0319496661684278,-0.023812506067775,-0.00384129012571898,-0.0178406832502946,-0.0151680196604165,-0.0199153328386494,-0.0244120315160043,-0.0368583507436355
0.0628741101518948,0.0505018916806455,0.0501308784230329,0.00400252652608184,0.0114843868906087,0.0613658811550943,-0.010913339848996,0.0114757540494156,0.015588919794051
-0.0546711734346276,0.0118175713359004,0.000344875700851283,-0.0193930818869839,0.0100947044588689,-0.0669992753279735,0.00228255823927864,-0.0143731035321603,-0.00891259651692516
0.0596019174803418,-0.0074118593955485,-0.0044638031215364,0.0083761177878659,0.00586272486881122,0.0250746951945889,-0.00807230940002422,0.0215509764766774,0.0267760913137638
0.034513316811433,0.0109812378784822,0.0155842277698091,-0.0108638379991774,0.00356070044512119,-0.0316702837386684,-0.0115493448762649,0.00574189450597839,0.0029587561330721
0.0105447701209841,0.0128173551283713,0.0371219196937709,0.0286925914104108,-0.00367529829228905,-0.00616242427220781,-0.0331549734972009,-0.00348627912633488,-0.00790575389127665
-0.0250786617373064,0.024293511125979,-0.0149545379468742,0.0477922014568125,0.024563848110223,-0.0263598640505314,0.0263804911386896,0.0163906542000414,0.0160169113074951
-0.00813439181316562,0.0454260401316587,-0.0123069087659036,-0.00341678068321502,-0.00514432412699671,-0.0199513483749204,0.00373909478683029,0.0133394553182578,-0.013647341790288
0.0386337968982423,0.0264729327236927,0.00319531674904097,0.0666067742727685,0.015936886486544,0.0212858580111702,0.0435156499115302,0.0328053456059837,0.018420350353392
-0.0252154974441609,0.00363225460569492,0.000598705810695836,0.0102588161785054,-0.0143431316476026,-0.034015971475008,-0.0167072088037215,-0.00509942474879554,-0.0126646127294802
0.0497246001641815,0.0785794334766185,0.0521160968375994,0.0581156806885738,0.0266139012576655,0.0353606539084308,0.0104659935653528,0.0235317038364721,0.0387763255958475
0.0289234712049137,0.0504016220061264,0.0504079496344236,0.0161179806637882,-0.00327958978766661,0.0232589533097146,0.00528374381100656,0.0107685278168977,0.00153741150599627
0.0358996903586461,-0.0291761290515951,0.015792157461393,0.0103766453736347,-0.00384419794778892,0.0154751890477929,0.0204442006001402,0.00282502473814596,-0.0023754115975221
-0.0228076909042348,0.00788620238196188,-0.0124142470316506,0.00546945319816514,-0.0102435206237652,0.00213950154187862,-0.002076728766664,-0.0135224112133335,-0.00824836205990618
-0.0558179641610607,0.00422320108088887,0.00531031923732788,0.0131358037307716,-0.0153852849761139,-0.0923692077237566,0.00258330808715014,-0.01299254462815,-0.0134021233007768
-0.0827428754472172,0.00178136915405473,-0.0459152435818508,-0.0347640960318287,-0.0122306754138811,-0.0989822863276569,-0.00347975689909889,-0.000673422402923928,-0.0122738719871336
0.0164354171212891,-0.010215150143706,0.0259199861644187,0.0568438842718277,-0.00622323058727222,0.0200387595685194,0.00383914944524176,-0.000368108480966902,0.00741795716511355
0.0346914922677954,-0.00252559345228193,0.000303492341552158,0.0191851389331562,-0.0152238947316304,0.0330556518079743,-0.00706501649672257,-0.0242969008356151,-0.0109688641030923
0.0717144614141986,0.0500720033692377,0.0400902211547679,0.0182573394413247,0.00960406479075265,0.0496661450195303,0.0108956639112367,0.0130588324116523,0.0118540007683327
0.0108984450682034,-0.00572872922165192,0.00557504799360471,-0.0049280060459187,-0.0164469371872523,-0.0302528744586979,-0.00659231445236928,0.0040705563219349,-0.0113153963394546
0.010959672896277,-0.000319081767474825,0.000810946383612325,0.000444126760217566,-0.00566326719793231,-0.0394955344466513,0.00920991346572314,-0.0266902281774007,-0.00907153880761762
-0.0412368701685676,-0.0476197894470239,-0.0340443445617091,-0.00944129481809509,0.00997255237366894,-0.0534851178515161,0.00983050063352091,-0.0115868868580972,-0.00175102146930359
0.00095277119506601,0.00227103041687863,0.0165246223521228,0.0126486708378391,0.00379847341807175,0.00367228154730961,-0.00612347255292513,-0.00389137727493914,0.00839940591944218
0.0278869939990463,-0.0357304333308294,-0.0224694447632331,-0.0122992701992371,-0.00290889474036405,0.0230379541581777,0.00523202216143925,-0.0289789526865244,-0.00359010508407564
5.52949535222703e-05,0.0104190426339169,-0.0183421927601733,-0.000848255396533987,-0.0063819793128751,0.0137895378302863,-0.00713401335724128,-0.00365078236601729,0.000515026169866979
-0.0348231359536861,-0.0447733775306556,0.00132948271468336,-0.00675383045833012,-0.0313994859562268,-0.0319512575896413,-0.0169176588008124,0.0111001824566154,-0.0238909616147098
0.0243714329543274,0.00472660066412223,0.0165382681863283,-0.000345752543996985,0.00110376312094378,-0.0141070871638326,-0.0043538000173319,0.0151634220131116,0.00673838619765449
-0.00443124859355791,0.0302448325458801,0.0139715220793149,0.0349600207669098,-0.00322506024477742,0.0286597009424585,-0.0092242371535625,0.00756659133110985,0.000505861878809948
0.0162363849007931,0.0180709575586222,-0.025869232773311,0.00725245005358351,0.00258130226090925,0.0152051378210351,-0.00504894115555709,0.0140436298100085,0.0109279456100882
0.00710139952361303,0.0118173625891925,0.00698349049510322,0.0148758787544452,0.00695353923233561,-0.00732952214834059,0.00757643983993747,0.00118376445417352,0.010820826509173
0.0433964302104658,0.0329724996257038,0.00848211722058095,0.0503068653712454,0.013839147380391,0.0741656828741325,0.0192676310048664,0.00494171153530242,0.0179859818591272
0.0550095837875923,0.044535905267562,0.0281758885693418,0.0614675122143549,0.014927592477159,0.0588006358257948,0.000964778050079857,-0.016637541859849,0.0222321341467521
0.0791745554761838,0.0621219211600829,0.0474956395921413,0.0566070010073447,0.00822993646945692,0.0923262521885149,0.0173025304237628,0.0180410723041071,0.0404476739973092
-0.0349912083073958,-0.0301511120442829,-0.0135687264443565,0.0356161081119654,-0.0148603720858843,0.0368738074739408,0.0238355366471211,0.00590712962200714,-0.0191896679904806
-0.0129091317917172,-0.0122584951290985,-0.0248306053235902,0.0039942858791193,0.00527709074471471,-0.0366085372425189,-0.0148810200915115,0.00404488107833046,-0.0150009308260437
0.111692506328398,-0.0318781349586675,0.0173512939222959,0.00320300246073568,0.00568533001926823,-0.0332995108127212,0.0233547951789021,0.0155298539152308,0.0241171087563747
-0.0213928025313848,-0.00373217406865766,-0.052660622603379,-0.0412773483123045,-0.00177475669001153,-0.010856134503162,-0.0108173127365684,-0.0108929073009583,-0.0160666407185148
-0.0158538838727288,0.0384150259634135,0.00605770637860029,0.00856294082506522,0.000731024153982148,0.02961965738262,0.00482802646940836,-0.000567589202802975,0.00480732872860214
0.00285579580732989,0.0114818048522391,0.0202697381872339,-0.00260162704878159,-0.00465214763659727,0.0129389382780626,0.00048694408812545,0.0132761067306977,0.0103380111375377
0.102297748145411,0.0440343732619418,0.0320328022198914,0.022276306593649,0.0147995467022206,0.0941754865181495,0.0228169386446596,0.0209424317076743,0.0320847028407273
-0.0416457274607918,-0.0194008813996725,-0.0112036897463268,0.0247086573544596,-0.00504280067571961,-0.0513224279489394,0.00999607152014422,0.0141988605496355,-0.0055387358026124
-0.0869311282029036,-0.0275008619395987,-0.0403982289769147,-0.0427396246031095,-0.000959532367611877,-0.0908418208643909,-0.0026238262158703,-0.021528977054838,-0.00289695129824136
-0.00275285059988624,0.0108384991280873,0.0167649575767825,0.0428415568720828,0.00895277027307911,-0.0276653267348487,0.0135061158561949,0.0197382012226232,0.0154402148161952
0.0905396194857328,0.0214157896082015,0.0214276802225844,0.0349550899281978,0.0058555358660382,0.068413193922682,0.00943622290418369,0.0404199264760638,0.0129293654414981
-0.0194620779425725,0.0232146327512749,-0.00168152169466341,0.00110658456712802,-0.00525256859724563,-0.0208798791068001,0.00138866116690281,-9.51703979684555e-05,-0.0150759430535746
0.0419143996486901,0.0144822257487886,0.0142690286489881,0.030357966503282,-0.0103840328929056,0.0423303559409989,0.0121917540535636,0.00979072412882853,0.000256754015591465
-0.0709218141897589,-0.0442209424442002,-0.0548055062429635,-0.0372337882505146,0.000116488788742492,-0.0687557447900651,-0.0136259945166491,-0.0515766283327874,-0.00935746076292182
0.0390760098894599,0.0474702857738252,0.0310821637012854,0.0228282391462923,0.0209250613777154,0.0360984485827866,0.0189821841571574,0.0184833028215467,0.0413533708589607
-0.00586094618801459,-0.00441090716779737,-0.00419189012456313,0.00392733740523071,-0.00800419629366109,0.0454401847533865,-0.000992138669271043,-0.00865378436803265,0.00626773568967258
0.0700534614327086,0.0393470726373727,0.0309595690601709,0.0136624221472357,0.00467830628918511,0.0274725331427402,0.000904464480075874,0.00101762499780318,0.0198726183583199
-0.0019358256006787,0.0240155813642758,0.0227609025023371,-0.00601466591518388,-0.019670027161625,0.00897682752337146,-0.00201957213890038,0.00142049748069872,-0.0124202835407511
-0.037591945619001,-0.0301793370128737,-0.0250750963897846,-0.0111575433729933,-0.0115594327558686,-0.0385608823919898,-0.0480332968497342,-0.0406809696699035,-0.011226027651846
0.0234048952618114,0.000606611130888981,0.00671163561105357,0.0466858768697738,0.0158966749449753,-0.00135379887584518,0.0100268988631481,-0.0073694429665084,0.0254531355015733
-0.0299257635654659,-0.0111529974700278,-0.013452098977131,-0.00869338390196519,0.00493212403772541,-0.0114191942307713,0.00401615563426958,0.0208497946068269,0.00284208685796346
-0.00679722094147302,-0.0191661015123678,0.00236944549806243,-0.00349937775135498,-0.0177277700673903,-0.00805345989202915,-0.0131863171709618,-0.00821302341548984,-0.0175610325263429
0.0380687647574267,0.0477136114327433,0.0111762972342402,0.0279899418036121,0.026825778616927,0.070139740154464,0.0224312079882785,0.0365179273269915,0.0415574287535239
-0.0266949217344572,-0.0623096865716002,-0.0209783387410948,-0.0496313962175362,0.00101798326129964,-0.0426085709284382,-0.00411163756620473,-0.0177321834946317,0.00528646558613059
-0.00352144766988106,-0.0088382593588319,-0.00244275492142104,-0.00141609204193264,-0.0103261684695275,-0.0195057127724871,-0.0179240783195175,-0.043010261573467,-0.057555994788447
-0.02979143484263,0.0232094090833223,0.0146013272133867,0.0155960860295177,0.0250483821532448,-0.0334969232809504,-0.00690992403765133,0.00334557624667161,0.00131162135433428
0.0391331290565568,0.00207568721104861,-0.0015309463578683,0.0192062631337025,-0.0178714642034194,-0.0101326485699305,-0.0070155565715025,0.0126868893928102,-0.0151816397853963
-0.000744402695408445,0.0106096466586667,-0.00372948867727423,-0.0174867144994331,-0.0275670041329309,0.000456265943765156,-0.00596692367487775,0.000457069844160626,-0.00992515923761307
-0.0295488463355652,-0.012314033358252,-0.00760347496650396,-0.0143837072276661,-0.00462595566718224,-0.0172822228243848,-0.0117535168555875,-0.0257742810530581,-0.0506811347149858
0.0120516839295556,-0.0389245553445806,-0.0369221136500088,-0.0101899444861018,-0.00211664176434655,0.0197862383413228,-0.0162291044136128,-0.0138683967814932,0.00260840528091537
-0.0387317228892783,-0.027003046961412,-0.0126174106575933,-0.0099961939165698,-0.00680086003745329,-0.04673540399251,0.00240705339113716,-0.0190910240010208,-0.0171897135019706
-0.0244818126501053,-0.0112056190313815,-0.0199509533112481,-0.0106084607802803,0.00601499742677476,0.00708559710541446,-0.00906208821704764,-0.0207904738508657,0.000656510943159115
0.00384066995441988,0.0198446173278104,0.0128287288372946,0.0214084405263063,0.000969640853545915,-0.0346396162639879,0.0188777061879119,-0.000530631304389326,0.00288262673228215
-0.0109633649267554,0.00925380222413437,0.013787049818405,0.028327748355385,0.000902714377223152,-0.0232884984806057,0.00248425795030218,0.0238843040164955,-0.00433048180478524
-0.0198046490615068,-0.0178850247456676,-0.0341892258784026,-0.0174301177355463,0.00162945562780465,-0.0477409150870119,-0.0166250782643666,-0.0163770779981443,-0.00828168358766409
0.019570505951334,-0.000178961342727591,-0.00325072888808781,0.0169354158694629,-0.0102120692388492,-0.00669870827470428,-0.0113156047559507,0.00774883426685599,-0.00820247620608424
0.0527279656922573,0.0167176697579607,0.00889686270225728,-0.00502125808826222,-0.0139251409328653,0.00638116122524813,-0.00302775453713346,0.00518590004517356,-0.0181551466384512
-0.00225686680677436,-0.0188905022661066,-0.00714789661841331,0.00448250624285665,0.012472810663853,0.00842215348405912,0.0055985589189838,-0.000166781687942994,-0.00898358654473195
-0.106013993940014,0.0122207360587619,-0.0433167726378171,-0.0606696744680805,-0.00766645902782623,-0.09336856194598,-0.0268119514019583,-0.00705282749974691,-0.011170663591174
0.00406114323931759,0.0291102165775249,0.0219687415528394,-0.020094664946791,0.0118827265047659,0.0219055614680415,-0.0298199670210701,-0.0121926551346937,0.0192512066065447
-0.0220472262544407,-0.0298225021104552,-0.0133602977167026,0.00817582377556823,-0.013801372082825,-0.00811493081195369,-0.0259150450690386,0.00835004578229934,-0.0165705156462809
-0.0423738470355274,-0.0265621496115838,-0.032081986836898,0.0215085896471849,0.00897619148874627,-0.0082982556855805,0.0257006413990314,0.000987737580372546,0.0207480654436029
0.0867277566980572,0.0249376254768474,0.039814582055564,0.0483387883005965,0.00680400620716679,0.0348412064164511,0.0043834964157732,0.00296493842575795,0.0295205895398666
-0.00889767983481851,-0.0252129604526321,-0.0154239294159015,-0.0166800667034784,0.00329517774540588,-0.0103180019223457,0.0277379791583663,-0.00205663731284401,0.00173581087595608
-0.0785281034027422,-0.0281495761803888,-0.0182768795901755,-0.0397329770645311,0.00671530984782183,-0.063148688814759,-0.0202733997421587,-0.0304106600750007,0.00112614237107549
-0.0324258967217229,-0.0154129177052763,-0.0158575367709717,-0.0256353645916616,-0.0019745650979344,0.0208504592567032,-0.0148813102930695,-0.0245074066762598,-0.00688947455791106
-0.0750944121712896,-0.0168711063754829,-0.013914026969952,-0.0453524471762581,0.00212101967377195,-0.0856497098362601,-0.013180869241359,-0.0170843084031373,-0.00729453860085608
-0.0201814970632428,0.0129502223648754,-0.00443269439211962,-0.0176462037564262,0.00107495438459953,-0.00158606275888304,0.0176519932234758,-0.00620847151816155,0.0145328727997209
-0.044776248657185,-0.0212618224610254,-0.029224349037448,-0.0243053434791791,-0.0132480152770056,-0.124369712500283,-0.0359023380370068,-0.0103113852081121,-0.0157743882151383
-0.00141414409689953,-0.0261029764955578,-0.0418773200820928,0.00695887530201261,0.0017087066870898,0.00324453837767605,-0.0024030462687638,0.0042660925385646,0.00320451501118151
-0.102167448068972,-0.061377391331258,-0.0286263520445518,-0.0341210508921557,-0.0503134645574239,-0.0768333524258182,-0.0150992611794803,-0.0577903527680316,-0.0654383274421093
0.0680161800653974,0.02224703469335,0.00483034046644743,0.0698233766971118,0.0134536312522754,0.116892130010396,0.0122243634816001,0.0267983066931416,0.0242448743217174
-0.0110838657722036,-0.0116343643964341,-0.0130861559439029,0.0188941139989177,0.0258377365042033,-0.00787309669628664,0.00321887486969799,0.0118177491595641,0.0229611003855384
-0.0953715246252119,-0.0278499996058987,-0.0586660303442276,-0.0682469697288037,-0.0103144427503863,-0.073787256155943,-0.0120219276000188,-0.0355834113866316,-0.0147931955536451
-0.045285652768587,0.0123996442034491,-0.0224259644604396,0.0259950190454868,0.00626947096916692,-0.00551477284136302,-0.0132202663490985,0.00262100174706937,0.000902441588545423
-0.067456993878845,0.0278491656634581,-0.0107624847793832,-0.0456026747643221,0.0104195175413363,-0.0812673705404908,0.0175485835232423,-0.00903932283192256,0.0133470844669879
0.0200777655446381,0.0179417413053677,0.00850514413820858,0.00691743780193083,0.00702831358255449,-0.0113747109794389,0.0146615238633611,-0.00281403629114071,-0.0070108583968199
-0.0657451553678629,0.0130711242057844,-0.0412066041514347,-0.00995540417736278,-0.00401394113787208,-0.0923721920780738,-0.00427126095130315,0.0144741674423378,0.00424906094161792
0.0344358140273841,0.00762059037592442,0.00208435109957906,0.0253137011354305,0.00447513060763505,0.0603298998284724,0.00496769006425002,-0.0037850643162144,0.0138412990558849
0.0494999518728492,0.0321210235770871,0.0227747913521855,0.00657473503539971,0.0224384339923032,0.0697070162733039,0.0208719149708377,0.0171223936187375,0.0204911378045852
0.0164902813788094,0.00599789444081989,0.00554611313337345,0.0177773887035844,0.0120507244363566,-0.0144571308421319,-0.00757039945705163,-0.0039091809176927,0.000354887916747328
0.0408312019855671,0.046027406494104,0.0110500613631287,-0.00206529089291642,-0.00238719895640523,0.0445262573936088,-0.00745597887326537,0.0144783143341405,0.0125032968383657
0.0469852937125616,0.0257077823129182,0.0180648835530965,-0.00445179970890213,0.00745314157988872,0.00966498971930962,0.00253860089945433,0.0177121295393455,-4.23713375704003e-05
0.0226238282931928,0.0261298600950891,-0.00437902094607867,0.008050940440011,0.00837958534504209,0.0498365297500415,0.00404627402228007,0.0382765034657372,0.00121655856112874
-0.045950373440444,-0.0368807133279388,-0.0107074665874996,-0.0844585169067877,0.0081345590331203,-0.0738081020585594,-0.00423215686344183,-0.0114410275615602,-0.00261752103373849
0.00237218389497009,0.0230828912298695,0.000565988391076447,0.00224010878523913,0.0153297822786013,0.0172516225481127,0.0267337111565589,0.00940479507576853,0.0334916922053277
-0.0457426442155945,-0.007840134888364,-0.000967662205223695,-0.00950506857519913,-0.00205464906123154,-0.00783023154628705,0.00318395200944562,-0.00885106092293606,-0.0295939392072735
-0.00243816856717485,-0.0134821055445616,-0.00543198206098327,0.0253206306960472,-0.00303252841706534,-0.00833237957675077,0.00667404686065233,0.00218094912095538,0.00243204189630488
-0.0622318602384711,0.00280403048823247,-0.0377382117702026,-0.0349549072184543,0.00184900562685486,-0.0208427700558475,0.0112588766577338,-0.0153451723951203,-0.00679382336035251
0.05105247709784,0.00575994860745039,-0.000490981019946572,0.0396381413842455,0.00173233508903183,0.0383854385088038,0.0128345703250159,0.00861896804423693,0.00108152397887963
0.0212003026852929,-0.01111762525313,0.0333252887014913,0.00549098921830679,0.00780108768852475,0.0106923946027363,0.00564693566530331,0.0110758271119076,0.0130559416858311
-0.0278717940090205,-0.00314987572987222,0.0104091380391459,-0.00323291342137591,0.0101257552985415,-0.0124745474674538,-0.00116347628426563,-0.0158703404552185,0.00850994860551077
-0.00934945388793119,-0.029516196362894,-0.00907939011040654,0.0236720242509342,-0.0156258783718197,-0.0105261598054319,-0.0134334246296404,0.00277279443232627,-0.0162069805492223
-0.17196341778272,-0.0628161439956801,-0.0494725748936892,-0.0889664690561473,-0.0151342484160462,-0.16775359408564,-0.0060865113064495,-0.0264388411524711,-0.029823161536695
0.0660910042570268,0.0115782546450636,0.0122486702518512,-0.00487012344134703,-0.0183370187138635,0.0155606315099196,-0.00607994968781732,-0.0100436242535055,-0.00529203111997012
-0.0514540615730965,-0.0102924670936892,-0.0251692844589101,-0.0287666443961029,0.000774000100965912,-0.0967539596045334,-0.0052891132095162,0.0201688722840803,-0.00548866595007286
0.00955308525564286,-0.0283254828672173,-0.03012389805436,0.00275462859633116,-0.00137299902115386,0.0135492749931284,-0.00165103429038534,-0.0195482781879804,-0.0228241926750622
-0.026500399284907,0.0168643855446594,-0.0112258797006361,-0.00788079236267513,0.00462424365367828,-0.0504534926830221,0.0053539619751609,0.00111160044427659,0.0081776248372625
0.154187056520955,0.00308722924377353,0.00544929927581024,0.010478296356782,0.018556812247453,0.0657014050385272,-0.0036119795253432,0.00856346635739688,0.0129974582964453
0.00366290615921917,-0.0154080096321571,-0.022259853973803,-0.0109256123241503,-0.00335609927287365,-0.00345735879463261,0.00310554508136896,0.0196549488539193,-0.00382164141686448
-0.0191111906424743,-0.00172429884782309,0.000115213574081037,-0.0411554038502602,-0.013086983448692,-0.069908696684301,-0.0317345134033368,-0.000364748848355815,-0.0091543244913663
-0.0745128470672416,-0.0242455057743386,-0.0284286098204326,-0.0172779504137852,-0.0201443866375212,-0.101836477851523,-0.0286565720847535,-0.0218476213676882,-0.0375765976517087
-0.0588877851829354,0.0122520242348431,-0.0249082203414504,-0.0316380625924303,-0.00152036753701992,-0.0497493246019455,0.0152208931099367,0.0055767719067923,0.000699805396442536
0.141096595722869,0.0260868756669241,0.0458446651355449,0.0114777636394253,-0.00256021529978393,0.00224379488463685,-0.0227692461928915,-0.00131672296375023,-0.00192236105595843
0.0834125078729862,0.0777237992560668,0.0471351548288691,0.0688108370728659,0.00767877302947072,0.0557300170121526,0.0114541580660264,0.0262112180952055,0.036640930559217
0.0871764622395969,0.02876786210051,0.0318932184108383,0.0507806963940795,0.0203855897573166,0.0767629792967739,0.0192804214636481,0.0236385338625732,0.0110541724767694
-0.0854252678578739,-0.0140166291341507,-0.0303937651421875,-0.0444031090509774,-0.00199250472047893,-0.110800345854595,-0.0211385796820256,-0.00792774061837505,-0.0081714573815634
0.0295603650516915,-0.0164425869423007,-0.0180727495823252,0.0248228247134106,0.00320309718092551,0.0280790500996855,0.0093824083801285,2.83979939204312e-05,0.0158980282344637
0.0122769425141625,-0.00470038234171915,-0.00706151776387515,0.0066920003318919,0.0067480480731656,0.0445633666686594,-2.59156488329034e-05,0.0141191841131345,0.00808373244234654
0.00971507557448196,-0.000698839375411818,0.0101222421052517,0.0171870497359903,-0.017734293443687,-0.00697179775203477,-0.00983719160925981,-0.0176183280150755,-0.0117609833625702
0.0303207775524349,0.00695348930952996,-0.00380726349594271,-0.014630453692457,-0.0160941780219345,0.015377263728045,-0.00290871917336038,-0.00104631789503566,-0.0266082956172595
-0.00928464758127827,-0.0464279997941358,-0.0282730326624847,0.00300974202460624,0.00708052255274941,0.0119986902319666,-0.00852235244143127,-0.0131908880755462,-0.000172248766793611
-0.00711748890064711,-0.0240763145949429,-0.0280268345382798,-0.0113302138887049,0.00745166698768947,0.0357965864066442,-0.00293490474905873,0.0029314532197377,0.0131151317878736
-0.00909154028459354,0.0140510999801546,0.0216101468457058,0.0189801747098606,-0.00510181957090352,0.0381742090018821,0.00961903222847489,-0.0228845038256537,0.0134547123389304
0.00772073177308476,0.0213143537982267,0.0105546617161361,-0.0128496282238567,-0.0114575237084104,0.0134385334609987,-0.0150448114998433,0.0233479376060269,-0.00466330490261642
-0.0130061343861495,0.0061100229203316,-0.0204923681067062,0.00291128549067164,0.00183832586037636,-0.0374054287708262,-0.00645392107035366,0.0177584881169692,-0.00536520629747479
0.0846045636247874,0.0402175645846779,0.033040253595539,0.0408132171259575,-0.00276459042326619,0.0913932876973088,0.0116823942306634,0.00786022117425811,0.00601762267688675
-0.00373420496226466,-0.005689944307234,0.0102855746264187,-0.0141503434202501,1.31011183915334e-05,-0.0587539233789973,-0.0171989195243778,-0.0224657081183984,-0.0130488751786622
-0.0595198844138505,-0.016855013136936,-0.0128042616717466,-0.0230527638538693,-0.0062834439215525,-0.0529340364238838,0.00731759131097965,-0.00866995709375871,-0.000482006788108495
0.0266731318490916,-0.00311609141717089,-0.0113128159527242,0.00680861049645467,0.0266720777328366,0.0433646063968975,0.00890728183103594,-0.000985388780876462,0.0360155230306855
0.0770941132922266,0.00806742688004431,0.0158855069088627,0.0223093045207856,0.00438989089896466,0.0571005618870707,0.00704826230806565,0.0359511251727713,0.0215363286114419
-0.0130982376617219,0.00349078463433936,-0.0157173093944528,0.00205688325240792,-0.00723904510380543,-0.0510933898114034,0.00457095215060598,0.00603406229608933,-0.0126630187166941
-0.0258861228023356,0.0289414502413733,-0.0168785870089852,-0.0114105685083817,0.00824589087952945,-0.0115783756701566,-0.00020632535236846,-0.00413705972570252,-0.00261788286049046
0.0418302173488764,0.0295059072449936,0.0210193754318229,0.0260354389743486,0.00569742326998478,0.0778560292199103,-0.00462158662858572,0.0197255031453069,-0.00038867838839751
0.106552945376169,0.0216444968816954,0.0249490719607268,0.00937319286961918,0.00374057181102942,0.172429060249886,-0.001886899516787,0.00577083537560738,0.00960024120144873
-0.00705182121383944,-0.0127512200096164,-0.0157860035545217,-0.0105289655260459,-0.00526566562274281,-0.0078747836952768,-0.00886963668603121,-0.0166583397964939,-0.0167229377875157
0.0739026737348576,0.0482222134470825,0.0290769706036435,0.00475908616030241,0.00102942696621887,0.0852559594492348,0.0168114566711272,0.0402164204473028,0.0206390932306063
-0.0588141490130017,-0.0139043488098647,-0.0174647971966461,-0.0101427849946391,-0.000956943804199773,-0.0691808936158918,-0.00384212390711671,-0.0153154524719441,-0.0134196049735576
0.029865299846196,0.00192177235159496,0.021985583639564,0.0389065820749255,-0.00597875269178891,0.0155968240883067,0.00300065084765616,-0.00614649306642517,0.00256709749092459
0.0312085033125128,0.0028466806495672,0.00627291647313878,-0.00315545063580239,0.00488500832098362,0.0285154301339804,0.00278938939305832,0.00349607889995165,-0.0140250540065276
0.0193607188365267,0.0191955388049847,0.0159706950372551,-0.00954665969303759,-0.00379267863013392,-0.0126384207340382,0.00799542244228902,-0.0126206452481013,-0.00456465035940885
0.0227821224565463,0.00204968427326109,0.0115740470920842,-0.00753493556545009,0.0120654576021603,-0.0934201690012907,0.0100446080476267,0.00404311312907649,0.00826413042393998
-0.0228947601095132,-0.00897206316198606,-0.00379858211333592,0.0233312979353247,-0.0201332667028169,-0.0312388659094157,-0.0200851070494606,0.00235707407618966,-0.0337546393305243
0.0353631130728724,0.0229486188212837,0.0225072420858907,0.0110366004161219,0.0178706624050415,0.0174720245447869,0.00505997565367768,0.0074886352418892,0.0160219863197442
0.0422521507199194,0.0111201787468195,0.0212941045515317,0.0414409066079429,0.0121591250396057,0.0558159846829605,0.0066318391895709,0.0147769481686578,0.0359139782938662
0.0430147032294284,0.040271563649272,-0.00732932921911004,0.0430548632898899,0.0329540130491226,-0.0333418220187975,0.0335474841765467,0.0696398847795367,0.0769906771896733
-0.0968884466929305,-0.00199908244277244,-0.0371157279002768,-0.0197955519283458,0.000425551371789735,-0.0682571430185961,0.00880624015063313,-0.00929033889976832,-0.0278939020340611
0.0391802108076869,-0.0144263751680005,-0.00210078179882112,0.0257415412435594,0.00891014280920367,0.0400172736538512,0.00836392478197291,-0.00864048232546416,0.0146908418249367
-0.0438453577734808,-0.00557248690125481,0.0107933848987107,-0.0130411265918952,-0.012191566056081,-0.0595622670706006,-0.00371267410089676,0.013159325581159,-0.00888649865398105
-0.00789624652613783,-0.0376356914736952,-0.0102669540020726,-0.0198353753247892,-0.00969136281191544,-0.026339171518365,-0.0089497028217131,-0.00287090723114569,-0.0138288724149456
0.0542551622914997,-0.0150546438516125,-0.00522818719119903,0.00663587624670854,0.00313032076702218,0.0312126909849962,-0.0101147933862566,0.0177273585122816,0.00363046137860255
-0.0204812033881901,-0.00664226951221753,-0.0127717099888574,-0.0139467496489431,-0.0207213120323372,-0.0507438176628961,-0.00132831043824464,-0.00777047032729848,-0.02338578346944
-0.0913838153537651,-0.0450145684259356,-0.0353724691394783,-0.0535156983066846,-0.00851444239673622,-0.0562828097348118,-0.0175726679517598,-0.0248801660550571,-0.0174810048881154
0.000909211514892173,0.00828703934923687,0.00662317786053199,0.0138831167333627,-0.0032269062751717,-0.0243074778386855,0.00562003414802621,0.00401033808884489,0.00177202931457327
-0.00127975924489091,0.0124764604879946,0.00225938737393206,-0.0229372634831528,0.00281944674367496,-0.00688902607099059,-0.0101806811825031,-0.00626275293046857,-0.00394059632841899
-0.0784772168724578,-0.0180244601850421,-0.0185515080020617,-0.0463658459004797,-0.0275798813425068,-0.0953277157301348,-0.00352637712585282,-0.0329849931393467,-0.0228062933613215
-0.00258670464076343,-0.0164118721098462,-0.0301454832815022,0.0176453926724482,0.00337679207413371,-0.035331805976616,0.022794863778198,-0.0056459216123432,-0.0159979097065384
0.0128512352604493,0.00509142216087305,-0.0242331546876382,-0.0211633656865361,-0.00187409160242657,-0.0103402111522328,1.51270441787121e-07,0.0150117539448999,0.0153598685872179
0.0215190499966176,-0.0147485744503073,-0.0105946073144049,-0.0063189528980881,0.0144528420044175,-0.00195302302728665,0.0209241022362147,-0.0137014474557731,0.0270818449232759
0.00412108976444769,0.0257239631017867,0.0137966303821747,-0.000209627162404136,0.0152397671180651,0.000277408477493689,-0.00709059904219699,-0.00758603468084487,0.0223888856900125
0.0168975056323175,0.00737161828991503,0.0124398741223062,-0.0120743765427417,0.00960676243259199,0.0285676004403369,0.00220638644397381,0.00983934506000493,0.01139400884214
0.0477121046995272,-0.0173369880012317,0.00557718946409345,0.0312909730286416,0.0173197286017569,0.012448856496802,0.00767611919257199,0.0209666197970073,0.0114927299422701
-0.103882479472855,-0.0723025189024182,-0.043735254816269,-0.0679736626523347,0.0113628759444644,-0.105351942179929,-0.00754945341955977,-0.0242353376197388,-0.00727324060192212
-0.0916763536041606,-0.0203627304719174,-0.040915529228624,-0.0431631967592531,-0.0350604120734412,-0.0679437339437073,-0.0223278757187215,-0.022847053353762,-0.0301902501746719
-0.0602700828769261,-0.00985933334845078,-0.0188097700188551,-0.0346190929112658,-0.0247384568593402,-0.0375957229968857,-0.0219821111098491,-0.0560405587169006,-0.0229498630072505
-0.00724964239281309,-0.0317440845820082,-0.035332637329907,0.00488123884493166,-0.016807979767544,0.00405269783008778,-0.0162900911161311,-0.0129104629754922,-0.0172238280793595
0.12617405523757,-0.0166077803848677,0.0130448409580166,0.0370887372691274,0.00737652220965168,0.1029202311774,0.0400918198740951,0.0266652883867976,0.0171764341088972
-0.121978168892707,0.00101091650950377,-0.0385974076985279,-0.0407038911679276,-0.0151965777121542,-0.0973771210723901,-0.029006286881775,-0.0347784683654246,-0.0159625021923353
-0.0217434092410273,-0.0128404093891936,-0.0344644102916817,-0.0329542947051291,-0.014138609815279,-0.0200808369759909,-0.015177691122106,0.00242946270237958,-0.00156445862107172
0.0204025244338069,-0.0375252488314348,-0.0400276525332564,0.00547571452358741,0.00973366332541417,0.0196667062841898,-0.0158829507418187,-0.0208092248616067,-0.00231565524013876
-0.0402776835247632,0.00339659545936681,-0.00699250333578769,-0.00180063269496656,-0.00366985797377777,-0.0212774270188733,0.00169868453771475,0.000349255329354663,0.00591720784254223
0.0390817159945103,0.02425456390867,0.0305273747864716,0.00284810080583555,0.00320558217599785,0.0184653385204802,-0.00566167575978148,-0.018631752549448,-0.00397598128753959
-0.00803293515399416,0.0261886882303318,0.0307362473591826,0.0219117601985882,0.00435149961857556,-0.0191680118166896,0.0149105309670638,0.00375373135023647,0.0100407523960149
0.070189398894555,0.0402186260826593,0.025143540815202,0.101146850520743,0.0186782209682978,0.105235368823248,0.0333747030316398,0.0673348696865874,0.0341838580781492
-0.0979922825415918,-0.0696587516571116,-0.0653221863483256,-0.0561959305302416,-0.020630203271684,-0.0745201682662164,-0.0165747182612112,-0.0188010979093436,-0.0310046928702678
0.0361504050782408,0.0356316131526546,0.018457224892481,0.0311642430763402,-0.00105235546660555,-0.00476240151906789,-0.00245302971857252,0.00852735976416196,-0.00664198947184683
-0.0691794908878712,-0.0232590040143536,-0.047387351506025,-0.0476442654560858,-0.00379079583973918,-0.0512350589741605,-0.0259525785033099,-0.00897357724730748,-0.0022638195996974
-0.0431813844341027,-0.00294939073055552,0.000588854915355338,-0.0216627161848089,-0.00267678805546285,-0.0615987255267104,-0.00804536840314269,0.0127659671731098,0.00683916791211336
0.0357181136839465,0.0232921815235333,-0.000753854168569699,0.0394566187799499,0.013026558696407,0.0137954784137042,0.0352276452848687,0.0241268545924005,0.0464266698977233
-0.0365647857302223,-0.0170244370469172,-0.0326723176839113,-0.0198446847224095,-0.0110496550221784,-0.0296198250307341,-0.015898754475064,-0.0115469593357689,-0.00305894224836914
0.00250055535300097,0.0145055035467859,-0.00372802704628003,0.0394108952855979,0.0030809230219008,0.0510550220606754,0.0147952493190856,0.0285188094898824,0.0274731056787036
-0.084521846351849,-0.0443033317882936,-0.0669035324897699,-0.0646772228274897,0.00351705448990833,-0.0994254433543554,-0.00132688231757458,-0.00986044994516461,-0.00426638490026252
0.0490094594063458,0.0579966346713485,0.0583006807443556,0.059056159993264,0.0180149415079342,0.0604652493267529,0.00105044621773881,0.00676886421411425,0.0414497926192857
-0.0406441685560557,0.00380296765851738,-0.0277539409395103,0.0121847281793813,0.000336419723065845,-0.0311260446071728,-0.00615450039352088,-0.00515395034325777,0.00150783674721832
0.155650200454949,0.0684601826909532,0.0660459503551081,0.0676917069239093,-0.0048105119650603,0.134263308285456,0.0280296558530946,0.0193483415223595,0.0238045935201217
0.0463231562454878,0.00747805320836817,0.00634975516677417,0.0268986952495078,0.00998562247735952,0.0294679625412267,-0.017101813521826,0.017064997773427,0.00719742892132682
-0.0512382807437448,-0.0467268294784899,-0.0520529623389,-0.00620979247372209,0.00878058921871924,-0.00342319615404601,0.00934552314555492,-0.0188606423048734,0.00565001304450294
-0.0261356554634202,-0.0277566498328346,-0.0444084110682561,0.00872636972693039,-0.00918855901156041,-0.0416364048805737,-0.014224560910853,-0.00401612961638851,0.0028424395669011
0.0134302065049783,0.0356659485595686,0.00781949426722505,-0.0238815279145975,-0.00750908857074003,0.0243037157733548,-0.00364908021939449,0.00510027996017643,-0.00289454110288415
-0.0163915244883248,-0.0262668750203462,-0.0474011953711325,-0.00503323214386376,-0.0076212897685195,-0.0405774088796961,0.00580563707752489,0.0228121101150989,-0.00892866068298908
-0.0474613824706206,0.0255279634299141,0.00118809067657711,-0.000135347561128776,-0.0016451235635328,-0.0325368957154066,-0.00091046064305452,-0.00143671089348966,0.0026515783358051
-0.0143042062193108,0.00512088309683746,-0.00317026861995829,0.00762584507997457,0.0134895850135201,-0.0228168219368667,0.0140389662872085,0.00950714877194144,0.0152972713191759
0.0328040580903297,-0.0296844966420878,-0.0268140013568341,-0.00112245729710862,-0.00580118782604441,0.0395394001056713,-0.0109802554050719,0.0124602283609159,-0.00612747001352775
0.0130602224972809,0.0273783359439186,-0.00811680802765316,0.00990697068864169,0.00351091809484349,0.0131797797634744,0.0170034934668251,0.0259718323950786,0.01992224016911
0.0317321970622221,0.011312872544363,0.0127886498959781,0.0161216391527988,0.000173720753284323,0.0131407718363008,0.00184576137003274,-0.0145747917908506,0.00520835056738673
0.0117737677338162,0.0142586293077961,0.00885750431082563,0.033660630112695,0.0224660425788761,0.0448707176411939,0.00461483436837213,0.0579818108532557,0.0343739372940109
0.0139225801729741,0.00637683624955385,0.00534821516383861,0.0849027505116998,0.0211541636749021,-0.0230651091462899,0.0318547532746328,0.0377315165738111,0.0212754057382259
0.0164657383615169,0.0186879463878337,-0.00724745775812164,-0.0248957070120967,-0.0145949194432862,0.0124373700547988,-0.0433965875508599,-0.0120898430002949,0.00523704504192041
-0.0157386230047795,0.0045148318410369,0.00532259276630703,0.0146254646497115,-0.0188390593973118,-0.020235761579005,0.0132116953772915,0.0106641437953959,-0.0145506197077644
-0.0169588440706091,-0.0189044386468309,0.00347945366235597,-0.00487690189363837,-0.0206746997466681,-0.0412441702774004,-0.0185359838004945,-0.00650831121648564,-0.0245338773423295
0.00372700187454425,-0.00934652095946335,-0.00206905672430273,-0.00752718086233814,-0.00444912865132783,0.00898405827050037,-0.000745267618567223,-0.00357799419209402,-0.0150251084483595
-0.0792192420049839,-0.0167720174466901,-0.0331440428050804,-0.0176714256926708,-0.00666806214395941,-0.0697630190945822,-0.00199890272923485,-0.0204636079063857,-0.021398557510273
0.0219907767824173,-0.0147759789603455,0.0051121561038393,0.0159606139065591,0.00544234744565737,0.0221327453949488,0.017156840926604,-0.00515767193425626,0.0156337105408543
-0.000911598650610188,-0.0235597626684165,0.0103874498982427,0.00141647291184596,-0.00562851635772429,0.011523840939453,-0.00198517886452087,-0.00144399653307132,-0.0205932919596708
-0.105891889573701,0.0228673144375302,-0.0621291713165474,-0.0555457912599645,-0.00392707269783896,-0.0498651792342605,-0.0189831488794372,-0.0273925189846988,-0.00379266543160181
0.0206713320811386,-0.0066852084260251,-0.0167843721428451,-0.025257739795619,-0.0172103958902134,-0.0254318935530853,-0.0100952552440672,0.018958673608957,0.00805864486279611
-0.0692963922485557,-0.044495588835994,-0.0207897984460869,-0.0663959704137762,-0.00753490681678204,-0.144633470359242,-0.00819511104638841,-0.0194808540616274,-0.0222919581095989
-0.0149248492448114,-0.00365204726461582,-0.0109669753758283,0.0171648196187684,0.00564631722329754,0.0303656844517351,0.0101228624295049,-0.00238097114661759,-0.000429910448238907
0.0225450076220378,0.0247430690369891,0.0205567288467041,-0.0130728314567677,-0.00475362333297523,-0.00309645621925784,-0.00301600573388674,-0.00435977157651349,0.00709402645605623
0.00834974164996039,-0.00925307213132701,-0.0120296750407237,-0.0124330614864882,-0.0181586888204874,-0.0195047845005631,-0.0379405956217369,0.00341361261193719,-0.0206725398248444
0.101060115147668,0.0452993613741358,0.0530736506404433,0.0246001214452943,0.00663211487774989,0.0985902765793539,0.0236936161757934,0.0228166303926589,0.0202449677233249
0.031068397145556,0.0152759892304386,0.00499859908145236,0.00829556085732481,-0.00981811524324161,0.00760241468873342,0.00159286148516186,0.0263163540558271,0.0065050884529629
0.0715063629654186,0.0426353542991484,0.0538421537344438,-0.0149508675661982,0.0107102144359671,0.0493865851712808,0.018020309884025,0.00282653762411,0.00972582091806356
-0.031406498943601,-0.00309552987782184,0.00113633551626235,-0.0186332907216278,0.00822178325351776,0.0143269068590282,0.0186469937457387,4.99910027480976e-05,-0.00827961852314843
0.0189438715681438,0.0112043404173599,-0.0208640337790706,-0.0154319429821997,0.00121321478063682,0.00512803549885156,-0.0216734536585954,0.0173733306469107,-0.000374797515380625
-0.0531448540124461,0.0076869313859705,0.0020341761117233,0.012966940997355,0.0125160184588592,-0.0311585648416551,0.00387468390821107,0.0194322090451909,-0.0146927176563216
0.0112308682902104,0.00296853300567187,-0.00464212410019581,-0.00913402375604246,0.00171976365654699,0.0148792450119515,0.000793178335274363,0.00782151035700668,-0.00737386276746163
-0.092627792422826,-0.00286086410873511,-0.0355775947611904,-0.0351195084082495,0.00383178435100436,-0.0934247451627684,0.00149579424481069,-0.017342967930689,-0.0219118902582253
-0.00588510907202874,-0.00138430294827122,-0.00686735242898283,-0.0105856306495555,-0.0228151250568056,-0.0229917401402874,-0.00379510510158974,0.00285057596144609,-0.00426056951341672
-0.0263373836171342,-0.0376459204534626,-0.013576763058651,-0.0432458348261346,-0.00115262049154247,-0.036884771174131,-0.00921761930945407,-0.0468880886356087,-0.02658325094647
-0.0637928009099946,0.00314563115370393,-0.0343319209636142,-0.0211791569147497,-0.0076500946927899,-0.0896434339893103,-0.0115539294192259,-0.0123539088888034,-0.00528626733337743
0.0457294881686032,-0.0108835798086327,-0.0212331942858749,0.00367787266422419,-0.0195134417189302,0.0342005124491365,-0.0217300402245419,-0.0188905357379887,-0.0123741535188732
-0.00877672328721663,-0.00158204831244539,-0.0327887593706676,0.0178360678519249,-0.00959684165993416,-0.0226744590106972,0.00115618399496443,-0.00197513072814732,-0.00561427087511299
0.030681485047477,-0.0242942767651833,-0.00140032381183491,0.035933419501353,0.00483280024945395,0.0581031221514779,0.0115415700270178,0.00395675585006625,0.00440633389370123
-0.0472706501772295,-0.00490939289797666,-0.0128028162172615,-0.0295420765005783,-0.00855314001065666,-0.0501334180660043,-0.0252611372336672,-0.00589506741746818,-0.0107843168690104
-0.0343697703970575,-0.0183713760560271,-0.0338933028105011,-0.00583475747237235,-0.0126908675945995,0.0239977429728778,-0.00404574589900934,-0.0118235434959658,-0.0177463646363469
0.0670558347989243,-0.00722907362651968,0.0127578374121343,0.0244529395796538,0.0106617493904771,0.0820040307656565,-0.0020021717224665,-0.000439436461166297,0.0109090380654092
-0.0714525400505227,-0.0312997518099967,-0.0354939072555406,-0.0393012600948891,0.00733593164300588,-0.0661241442590473,0.0243392931156714,0.0096422774568097,0.0118325413875926
-0.0666002267602152,-0.000469735529044654,0.00293159086096123,-0.035608793709327,0.0174964007715531,-0.0866206241683551,-0.0316927733166761,-0.0190333311007816,-0.00758966186098765
0.00574454622700987,-0.00969475975837813,-0.0134953671306868,0.00734649911085414,0.0109716434373226,-0.0403102491718691,0.0130181714047038,0.0342090402576017,0.00803086102212248
-0.0110088150112023,-0.0178604604971959,-0.0185764317758771,-0.026021881641505,-0.00874070880272569,0.00718759443942138,-0.00870537749994145,-0.00461385329584085,-0.0139608137580777
-0.105841275545187,-0.0407805226234907,-0.024502496268163,0.0224341960122072,-0.0192363132224577,-0.0924729883473815,-0.0339851507068752,0.00555524984696267,-0.0243467271082956
0.00647034011096573,0.0218535358378781,-0.0177854523711912,-0.0225510381410651,0.00957001518276013,-0.00540055442383163,-0.000578882450214768,0.00951798568961452,0.00572773886062775
-0.113421634520755,-0.0659678821719637,-0.0547522218071054,-0.0662136601354276,-0.0177559832690943,-0.122553358536647,-0.0251066036606486,-0.0235818313340856,-0.0182393144570311
0.0192790077404795,-0.00663572486437916,0.0100112298523676,0.0182977271528595,0.00102252597497067,0.0458625991484533,0.00534029484872642,0.00608079753225966,0.000940592815935325
0.00282223662882114,-0.00647053023890375,-0.0418562097255479,-0.0251894141251737,0.00131381544248992,-0.0486048096613674,-0.0094696793239499,0.00418773843418435,-0.00404233284044379
-0.0480433325698103,0.00911813981062197,-0.0296627492342094,-0.0451857189296437,-0.00374949290177932,-0.107359559948605,0.00663714051421296,-0.0104746681434517,-0.0131313037409907
-0.0264092981548729,-0.0113817275360017,0.00769905757107221,0.0285226514470869,0.00359977254274923,0.0137804562887684,-0.00590640238343484,0.00669228395973215,0.00750409113243694
-0.0252394089355852,0.00977763268491689,0.00953115639434848,0.0262424785142349,0.00428720432456639,0.02059372901942,0.0183345528649522,0.0117229814714661,0.00510752085160438
0.0562087956150238,0.016596134795509,0.0128046590878545,0.0331935276886734,0.0170664978514974,0.0473133746184489,0.0303703066824946,0.0254099747500812,0.0238584913244265
-0.0272877378604704,-0.0157122620937053,-0.000113925572264986,-0.0205393459935726,0.00236091010060392,-0.00733253434794647,0.00760203727524914,-0.00369792553572501,-0.0189079862691462
0.0255869863525652,0.0180341545560308,0.0217307066708643,0.0114715676394635,-3.4671556940844e-05,0.0251280315147265,0.00872304169467612,0.0016793610929411,0.0129649441649341
0.00555158839522235,0.00323764287405761,0.0121143999625469,-0.00835732062354568,0.000105209056428548,0.0294801947915566,-0.00750551155462516,-0.00746957621312078,-0.000885331795031625
0.0235300830244765,0.0135982519318877,-0.003901356970892,-0.000300069961381136,0.00394667110186979,0.00364566197438837,-0.0159851641175574,0.00364418168682181,-0.000732999211926953
0.0407977450216232,-0.0119616078616914,0.00407238234546049,0.0028073429137805,0.00237290549086018,0.055856137411269,0.00422640025094415,-0.0239043002653406,-0.0051225053439887
-0.0253748050062958,0.00598170506995054,-0.011132145077992,-0.0205333629976451,0.00265936868352085,-0.035347979708524,0.00338075506891781,0.00727173051979629,0.00409997511506795
0.0219035974942503,0.0149186604720739,-0.00332283392294723,0.00243453536570821,0.0108121170050362,0.019637087100849,-0.00267148495979582,0.00906578772834764,0.0151968281848272
-0.0315956033080074,-0.00219675020145051,-0.0300687867720438,0.000412759042079387,-0.00484397191953713,-0.0423940752317892,-0.002264742496415,0.0216005146956642,-0.00877602673557373
-0.025500134133803,-0.01338895028217,-0.00729515930758853,-0.00632280240690515,-0.00670586299898803,-0.0371037217807062,0.00373678063139186,-0.00192359271364618,-0.00701703733390799
-0.0225539712194031,0.0155103074991353,0.00247641011921458,0.0137665061802872,0.0100472075756169,-0.0220300590688471,-0.00294734324616288,-0.00250437598758954,0.0100794901112464
0.0328880569956121,0.0259083463737689,0.0149569559223208,0.0648455514286333,0.0203046015209085,0.0745125548932878,0.0149344789426047,0.0415427419703783,0.0107205131607841
0.0550527162197359,0.0406088210812247,0.0343557495089718,0.0352949958437981,0.00158401142445196,0.0408381985261487,0.00200449295747142,-0.00295501058870715,0.0315620090991457
0.0202243278889518,0.0161810190256411,0.0195142808755295,0.0239680800852673,0.00728408938526724,0.0200469205353042,-0.00289692121890322,0.029070439409663,0.0181801804219504
-0.0303511464820855,-0.00196674948171027,0.0184740724169179,-0.0177290187049021,0.00513764045707145,-0.0861325298330508,-0.00232052964882267,-0.0114243166791704,-0.00697089612159598
0.00935324219944821,0.00775974225106793,-0.00561390682622768,0.0266078793694533,0.00478469672973665,-0.00997754154633525,0.0156416416268166,-0.0228543237413549,0.000667419170912694
-0.117400785338428,-0.0392324186188573,-0.0306039171414971,-0.0827726557864598,0.00149503635355976,-0.132212636339967,-0.00808724429652228,-0.0233169105497021,-0.0215587024124174
0.0207494419005117,-0.0137854912454159,-0.00108320758227777,-0.0078972277861698,-0.0138313250982174,-0.0209449960322304,0.00428192631598104,0.0161730376830517,0.00980813717893578
-0.0143891407739236,-0.0191860721934302,0.00276426035336044,0.0254177060747065,-0.00960706620859432,-0.0316453832358586,-0.00705929335313616,-0.00929470845672234,-0.010425718943872
-0.00714507371596082,-0.0307826976312671,0.00247326876357666,0.00448505098466018,0.0129869988419286,-0.00200301384179697,-0.00398725496298279,-0.000344600290709711,-0.00516715317524965
0.0203548319982835,-0.00328951968944024,0.0163742659807482,0.00948522675251271,-0.0167755483469566,0.0137991788118379,0.00435860384254455,-0.0124319401700893,0.00211951836071299
-0.0393862865890651,-0.0190194425410258,-0.0093762867871233,0.00143009532404374,0.0241803902134965,0.0478073276519224,0.00796999472035889,0.0105093923293913,-0.00524057710026002
0.0725382756964858,0.0098474755138916,0.0230092959218482,0.0158775960699961,0.00523491668895484,0.059517526584119,-0.0109795566135826,0.020437088230967,0.0135926071802298
-0.0517082551550973,-0.0381564815903129,-0.00454939764969532,-0.0148355074099811,-0.000121747717027683,-0.0621205813576247,-0.0223883740933309,-0.01404094895191,-0.00228334668063829
0.0590330378297021,0.0316954866005286,0.0272207077158326,0.03868868896992,0.00775217470481187,0.0515118998092996,0.0146592115255793,0.0240483090627546,-0.00310029884406358
-0.0357122287648187,-0.0123189129615697,-0.00725425052831919,-0.029345630839703,0.00869819073227406,-0.0990894742808,0.0110788132468825,0.00714643196267572,0.00395020045007907
0.00781164296619531,0.00912043725362071,-0.00538829262508255,0.0479625771453003,0.0199646871092824,0.0359963401455041,0.0179368588389653,0.0139236046972124,0.0326225090314052
-0.0715067128836571,-0.0206389676427291,-0.00164733472132167,-0.0158566365886998,-0.0065261202014528,-0.0636512415397515,-0.0185801578902668,-0.0264449405917302,-0.024550126018843
0.0512615384031606,0.0214128674076549,0.0128780688499915,0.0213685593816559,0.00381141708017346,-0.00466036110790213,0.00829205160813287,0.024625086754845,0.0102035614524331
-0.028515294827206,-0.0130090036723293,-0.0149445850093449,-0.021735176692469,0.00541881846688601,-0.0426238265799751,0.0154680587662195,0.00870842232562926,0.0163851023958818
0.0217117019643609,0.0362294729298737,0.02024761129155,-0.0179529145257451,-0.00451551477570325,-0.027181592448345,0.0217696319002565,0.0230627034156527,0.000915105444077505
-0.0177006260907797,-0.0185723753296628,-0.00872023198898303,0.0117611253838432,-0.00604576954990767,-0.00930028312449136,-0.0135730619294274,-0.0119000922666791,-0.00751975422088804
0.106640940334353,0.0294544386505979,0.0334680239546878,0.0208497475510927,0.00712782533705368,0.107333387547268,-0.00299847771943138,-0.011256866872589,0.0160705585408677
-0.0712870219402258,-0.0421972928599947,-0.0261738979152789,-0.061395927172823,-0.00467397247013768,-0.0585187516115168,-0.00991563706067186,-0.0245009931451666,-0.0381537111764029
0.0276117283093087,-0.000563099753687075,-0.00244632674686159,0.0122370311553003,-0.0104428570066168,-0.0036454181380102,0.0135525500910371,0.00739171566537874,-0.00602486530476142
0.120180631669941,0.0601649097975745,0.0401175130953645,0.0400357257971703,0.032917049540948,0.0757785272400521,0.0285784215689952,0.0383797389101651,0.0425228891102722
0.0838482626686968,0.0132544676820212,0.0247312624116467,0.0330117408119247,0.018664453979357,0.0872591483461334,0.0227229234275058,0.0063605473887233,0.029687779232858
0.036922200946233,-0.00802179887902023,-0.00757150527580179,-0.00928963219314372,0.00189884032608633,0.00444307996086981,-0.00338001998362774,0.00225406699624072,0.000719337607638267
-0.170528038915875,-0.0707769201897461,-0.0481573119556203,-0.0998642343611665,-0.0100664845186775,-0.183029419684522,0.00442520476142203,-0.0629988422383786,-0.0281853459172883
0.118059554351788,0.032028866260489,0.038460804622335,0.0324491491908286,0.021897924775206,0.0661655833076407,0.0342841223088548,0.0347749038018379,0.0389056767920033
-0.00983105626085615,-0.00224170808992943,-0.005536628286468,0.00579345703248588,0.000400412522774578,0.0018659098855558,0.00415612011000037,-0.0147150687754188,-0.00333368140686202
0.0622278384814586,0.0487731599837753,0.0193693763316074,-0.00661407272646605,-0.00827102258611833,0.0382598976131778,0.00337055730439556,-0.00320653127663563,-0.0106623421894681
-0.0128889008527585,-0.0110161151304145,-0.00113184416100417,-0.02810716733063,0.00818267220793159,-0.0493406025481751,0.00438300257320547,-3.18005794526463e-05,0.0123014736902739
-0.0317617170573073,-0.00235508204586884,-0.0302217329851213,0.00297690582799244,-0.0167507756851722,-0.0201235319932674,-0.00705581493646078,0.00139098288120786,-0.0105354937459774
-0.00146840326697229,-0.00860934206650018,0.00512795150964596,0.0100841358774592,-0.0059183487626002,0.00171287598765667,0.00201090612819795,-0.000405449292813798,-0.00753264901793889
0.0133195001362081,-0.00387111856230734,0.00666453800223537,-0.0173132240694991,0.00576864023514813,0.00428544004017124,-0.0073693204885376,0.00674713072093205,0.0094275091200723
0.0886832193682307,0.0329042394819516,0.054256345162578,0.0291735781377902,0.000165293811991639,0.048736114698189,0.00698268244337721,0.0337982744502176,0.0122727976907175
-0.0824056864221482,-0.0330270703689893,-0.00490922490721112,-0.00384910378982457,0.00379007765467964,-0.0493403945175397,-0.00380759654524846,0.00566425849021671,-0.00752793561910975
0.00685683304578511,0.00677375008848358,-0.00270224780831752,-0.0356675634093132,-0.0066455387626239,-0.00607889657336791,-0.00950554769991033,-0.00783945922596418,-0.0159769699096461
-0.0527588125080839,-0.0365371886638853,-0.0422455643895421,-0.0214964391180763,0.00148936387075043,-0.0194596381457155,0.03002795260092,-0.0224302333511139,0.0187671423130842
-0.0201350911733395,-0.0171301657183872,-0.00826650820350045,-0.0112806157990363,-0.0059746779338276,-0.0652547450256462,-0.0158029453411099,-0.0158105236563349,-0.00618866334663844
-0.0213107222049067,-0.0292290255366293,-0.00186321037309126,-0.00349307896866283,-0.0241267701134662,-0.0418090903636794,-0.0374611625771162,-0.0359423935291455,-0.0300635976261348
-0.0607234438917102,-0.0361912314118879,-0.028183649106697,0.040026245466927,-0.00422585221204212,-0.0469156746151843,-0.0182143555458222,0.00527507846353773,-0.0187688386830106
0.0714014821143738,0.0330670609221675,0.0112044308461723,0.0133284008586608,-0.024111246114174,0.0531514994385823,0.00519027524904763,0.0164507306160241,-0.0106818874450088
0.0822781896437544,0.0464379939802606,0.0248833931479037,0.0345185113823296,0.0231352396998103,0.0334461101517557,0.0453138635234836,0.0275392602295667,0.0528058478437424
0.00650923140878523,0.0241595427967406,0.00528074972493971,-0.015983006165486,0.00869393715305875,-0.029677346159065,0.00334332489421975,0.0117921205045084,0.00676961080057845
0.0165513646456581,0.00498848501945418,0.0206205478665853,0.0168656211500404,-0.00910305083100379,-0.0113084162451662,-0.00725626266664232,-0.00723994520202532,0.00949089781882132
-0.0818188108758772,-0.0275423267159939,-0.017786700697019,-0.0518228809423885,0.00176705767429922,-0.0919003347309913,-0.00794102555481324,-0.0174631792280901,-0.0106005179481049
-0.00864340217552825,-0.0226815707817134,-0.00291735211554912,-0.0179332730599611,0.0156404160711926,0.0259501700064697,-0.0011861185033275,-0.0214163333232399,-0.000264105772292666
-0.036686049108779,0.0153926239508371,-0.0334757672865986,-0.0081654350070003,0.00270023052516421,-0.0630430071488678,0.000194742888925516,0.000876210666538806,-0.0162840805338339
-0.0475775145018117,-0.0343614579594934,0.0182945968386129,-0.0153785994417763,-0.0187215950216766,-0.022198062344883,-0.0390969085813128,-0.0375157995718218,-0.00973161063989281
-0.00981644454489521,0.00758189080830906,0.0289556430912847,0.0165052818118626,0.00371508183833157,-0.00245044999705002,-0.00110894730548079,-0.00102490859026545,0.000258339509716508
-0.0650423438702193,0.0211390205661721,-0.0349172079203005,-0.0315355468137998,0.000824333479693246,-0.0488960796350537,0.00030893356561708,-0.0101905502048936,-0.0152895383942638
0.0982874422296943,0.0512097845553367,0.0287521338990841,0.0264515641550216,0.0209171941263297,0.0894146017456039,0.00415590096664765,0.0318063397086853,0.0346612727407842
0.0309530215200304,0.0208724444574588,0.0181071613008217,-0.0216984198640803,0.012482137410588,-0.0396260625535322,0.00416827845996039,0.0181115902332138,0.0187001019961014
0.0615199306702936,0.0421314236725903,0.0523740229469209,-0.00117865206030652,-0.0256034909540513,-2.5664604000373e-05,-0.0151163860681196,-0.00208652248769186,0.00321615980557485
0.0214553362979012,0.0129991548301426,0.0406912765650332,0.0274628473377101,0.0114353090559283,0.0167374667932202,-0.00624551565543779,0.00216895157093902,-0.00802907676692616
-0.032063325966205,0.00895777244688245,-0.025068416752675,0.00845210616200473,0.00665213160796355,-0.085344250091591,-0.00345588926635567,0.000790090481748486,6.12339334937917e-05
0.0257539905696196,-0.00936153207491269,0.00383329999024133,0.035363105471671,0.0185668094663763,0.0375560227984102,0.030575380218655,0.0436749471691414,0.0306409621238669
-0.0343491211710339,-0.0169957931020987,-0.0189689837647454,-0.0154100501535799,0.00616727496766999,-0.0350900430435207,-0.00526758356522985,-0.0336167230911818,0.00015231498928392
-0.105723911677452,-0.0637799529581826,-0.0249229307658218,-0.0375866108384907,0.000230788445615889,-0.0138991617599556,-0.0127201561003139,-0.00555763058796203,-0.0273478209412777
-0.0142913033999756,0.0148866000977025,0.00826120440846193,-0.0135017520544527,0.00110378884527474,-0.0287161744234609,0.00125144450847408,0.0124883767031974,0.00589187108875482
0.00821695473979405,-0.0122457390702319,-0.00437439334011882,-0.0352414008666896,-0.0302061378423958,-0.0369498575334034,-0.0182660494404923,-0.0340196862311029,-0.0570947772847159
-0.0532654114421276,-0.00105375530921001,-0.0137228741587894,-0.0312653928482829,0.00862842373687048,-0.0400519488035857,-0.00986790908811919,-0.00726976226017799,-0.00977237592983
0.0274488987488616,0.0285349855933758,-0.00031059002661442,-0.0182778923252305,0.0171876402668655,0.00930264125806456,0.0077081072466848,0.0102109839431945,0.0124925780165857
0.00223513371678216,0.0194494064987002,-0.012406930120484,0.054524971489229,0.0215108430405151,-0.0023595090661199,0.0284646140237496,0.00627681019787291,0.0407753712669902
-0.0739296356707445,-0.0213797721146883,-0.0164106544802907,0.00200159344790025,-0.0234632379252227,-0.0350539012146361,-0.0234879228578413,-0.0122178374385292,-0.0114480429227466
0.00425393190630832,-0.00335403241449939,0.00218910366949752,0.0176302050599132,-0.0169059756724297,0.017603922823313,0.00108243983743474,0.0223416729624522,0.00468379110007558
0.0550528626953871,-0.0100327170342561,0.00458038790697109,-0.00274747460308914,0.000909888833292259,0.0265396762547219,-0.0067497969580906,0.0178411015207125,-0.000889251010391095
-0.0714792283467851,-0.0786594493150413,-0.0388148319309336,0.0148941058821724,0.00479306517044363,-0.0650223107420127,-0.00031837131220706,-0.011834932947434,0.00530184795666432
-0.032424614225256,-0.00289085102472417,-0.0222285948120814,-0.00429272639869479,-0.000165999700712018,-0.0038488268348853,-0.00260768409453132,-0.0103870859024533,0.00300376553582271
0.0416529492986151,0.00599015785468577,-0.00762180071546589,-0.00619224073099958,0.0053167450151355,0.0335912956143428,0.0224908216407515,0.0120623544196779,0.00230256827988734
-0.103050261654469,-0.057652260986681,-0.027744854054046,-0.0568174186153899,-0.0244300504037388,-0.0728234292822121,-0.0577157788037375,-0.0117910470399529,-0.0260519332071934
0.0367705850790747,0.0119284728736721,0.018798424078077,0.029776534558193,-0.00569956273189399,0.00187570334946703,0.0028832130386085,0.01511419600366,-0.00499099143172182
0.0414035176551443,0.0386319025049416,0.0110671281905523,0.0213572314677639,0.00331442578800908,0.0378229897335368,-0.000472178740568086,0.0376795610795582,0.0191593653974569
0.0564045449020699,-0.0152976022539297,0.00381375887926242,0.0191083704856537,0.00280280740777013,0.0437311611777152,0.00366737305713871,0.000132867889987366,0.0141372770655235
0.00642435438553719,0.0142101422940645,0.0130094643092023,0.0385369619397165,-0.000991085578759191,0.0354148213196693,-0.00739872434676942,0.00933203865861921,0.00598004394377644
-0.00553508207733221,0.0105016690191793,-0.00588195953392913,-0.0117191538064533,-0.00227455735533175,0.00979157452381613,-0.00583588987590011,-0.0197077567805544,-0.025515404504302
0.0519245681366317,0.035634572793777,0.0219335905867439,0.0416496222170857,0.0096861134931873,0.0812520502500173,-0.00729310422190527,0.00374240193799956,0.0141725274559831
0.0453200938057249,-0.0117071150008791,-0.00176042632145622,0.000535240492449268,0.00148120219077551,0.0721938569829093,-0.0148835334427661,-0.0288176804636581,-0.0133710669695313
-0.0186472686549776,-0.0201674642052629,-0.0229143908945619,-0.0358305144508372,-0.00778203564808465,-0.0470749570582232,-0.00537689036631626,-0.0128988835075935,-0.0127123265996507
0.0263757604421118,0.00960398379513223,0.0520098053585272,0.0560768149760562,2.78238462543392e-05,0.0365265218886951,-0.00880345251857236,-0.000322463278542315,0.00944813242914363
-0.0348930895037409,-0.0491401914287868,-0.0228088498957908,-0.0301371839575739,-0.0119316216112521,-0.0699172609375038,-0.0264940562432402,-0.0220981473902954,-0.0110265745880294
0.0418519449590939,-0.0127637567135659,-0.00859821166453706,0.0223573791820355,0.0112846653441263,0.0435174387857924,0.00166024993223251,0.0147319999601197,0.00739351936768557
-0.0364168072346934,0.00347063990350566,-0.0132240609614756,0.00313268283795577,-0.00776340421297898,-0.0583805535365235,-0.0172565966975672,0.00530642383805105,0.00660743814624983
-0.0227921648744268,0.0150854073456867,-0.0111149895447094,0.0250642057755244,-0.0132193927832065,0.0211386422840384,0.00301784490324234,0.0234477063301322,-0.0129556181571102
-0.0703637018477385,-0.0284530694719959,-0.0245159876772805,-0.0438140496695942,-0.00773077417428208,-0.0656596093628059,-0.00230183151307939,-0.0240460614304759,-0.00644815328155456
0.0590892239892223,0.0187671980200909,0.013454931895652,-0.0238355503226777,0.0130565485523493,0.0797211547427126,0.015518107850879,-0.00147474338400476,-8.7673958945873e-05
-0.0617722003813491,-0.00851584434715995,-0.0144230950767008,0.00622825893653803,0.0121057533640619,-0.0470758239524841,0.00694645474525032,-0.00742597268165349,0.00810252817663181
0.0161578586399137,0.0132881044891976,-0.00324296545929446,0.0271831903302617,0.00179301481049578,-0.0550469972301505,0.0206301225364862,0.0268482310128958,0.0147656061366092
0.0840230882531281,0.0541853285958157,0.0254808162089933,0.0153868225348569,0.00141797781549996,0.0799502783468834,0.00423776363666462,0.00525796205734664,0.0231737980074402
0.0226489882421322,0.00875699267133063,-0.0175010576571995,0.0374051280941846,-0.00964274261073263,0.0532892293263121,0.00774859819150435,0.00492198361829831,0.0123222946768059
0.00974391367551138,0.00879573325744483,0.00396188489979639,-0.000877527664702465,-0.00814613725618591,-0.0278772804101127,-0.0190700325341892,0.0151365514946264,0.00456049966115348
-0.0656032716113795,-0.0515844025050751,-0.0421717371326985,-0.0604235016236575,0.00374660286117291,-0.0854842632134304,0.0117161505480489,-0.0365859411325151,-0.021218593911453
-0.00183826615075827,-0.0208959989204939,0.00666536077945496,-0.00148787306356195,-0.0115786426355691,0.00402400909223022,0.00405580898689598,0.0118459882984934,-0.0210946705010508
0.0222161284277995,0.0033410552834319,-0.00780786302500946,0.0458059561846454,0.0148055411031538,0.0438103944606269,0.0263604694982051,0.0214252579787412,0.0177917408476735
-0.0652162393827441,-0.0239586711990207,-0.0314489186314829,-0.0407500253748651,-0.015599526322942,-0.0752276276244271,0.0189042523639358,-0.0459663993804827,-0.0459688882771189
0.036457407237272,-0.0225767458902311,-0.0180457219696713,0.018888040874395,0.00138113598686324,0.0370883811584078,0.0166087808578435,-0.009006159768281,-0.00487907212054216
0.0459112281197894,0.00527915011933444,0.0265571341387424,0.0513326876400026,-0.00224183722730652,0.103160802248794,0.0374610617190638,0.00938014055570738,0.0373406461984029
0.0543906919548796,-0.00964113437171282,0.00243289940224522,0.0286403431910261,0.0294774569606103,-0.0276144731484806,0.019836566611503,0.0186507886609997,-0.00289086345432629
0.0651989334741602,0.0260778388484276,0.0147539125353194,0.0159168903192387,-0.00103148321305848,0.0195433113316661,0.0172222263166412,0.0169057804170051,0.00181585598699884
0.0159986758000895,-0.00582071435613788,0.0150161877030808,0.0167171287856708,0.0014013131396594,0.058439134654475,0.0112564835154131,0.00068270278732612,0.0108201357525189
-0.0117084722186007,0.0116207333902783,0.00223497618703614,0.00926219726700384,7.73006489282585e-05,-0.00502676634525861,0.00613168813275433,0.00202557436358086,0.00655477626308858
-0.0360372906152488,-0.0367103798426823,-0.0517897484150768,-0.0139323304676698,-0.0101183789212772,-0.0519664259838137,-0.0227346545593735,-0.00573267736100004,-0.00887683835980359
-0.0274030475108661,0.000498546704393891,-5.20421345307481e-05,-0.0300573649861702,-0.0128188184355504,-0.0157194419159358,-0.0143504503131093,-0.00733870703648875,-0.00626329227187504
-0.0477749814542964,-0.0257260651343826,-0.0209497568174049,-0.0296261032317132,0.0109135036630667,-0.00394617706652166,0.00168886168876662,0.00164329952816771,0.00452833335627921
-0.0179682492718134,0.0164737194429181,0.0118485769437443,-0.0136374389298904,-0.0104819711734427,-0.0115102216955431,-0.00975163088861457,0.00770628847775488,0.00421136600516689
0.0432102069271319,0.00732623167304265,-0.0108045718756157,-0.0101675357112799,0.0151075111000681,-0.0253028296828405,0.0101161748811582,0.0356557442760936,0.0258980499528535
0.108870400522098,0.035105296953501,0.0191013099996315,-0.0280085268435905,-0.0106265985039507,0.00478991683420309,-0.0225794786126163,-0.00215719617157037,-0.0116432171358901
-0.00303239321187269,-0.00960434923876724,-0.00548058665226085,0.00525624363087529,-0.00697716397991718,-0.019784533854817,-0.0250912804660594,-0.015382742302296,0.00800202349947305
0.066186764384477,0.0376371556865226,0.0466834698925514,0.00671887547686169,-0.00427934655961909,0.0406964276581697,-0.0194972664648994,-0.0171573843050503,-0.0151805824373473
-0.0243482134863379,0.0202981624777349,-0.0107785452711292,-0.0127864874720434,0.00300670374505832,-0.0244991892121904,-0.00458003032505798,0.0133243016666303,0.000850323668655584
-0.040827149719101,-0.0255075796098715,-0.0206117632985385,-0.00657733996575303,0.00787760854567308,-0.0345772363626725,0.00397563208024894,-0.0121460647020324,0.00658358755020279
0.0558230810489698,-0.00932102402373141,-0.00564967746492547,0.000558402426624212,0.011554013897921,0.0549406846024333,0.0174227418152315,0.00773496469850064,0.00709709249963342
0.136823223817909,0.0240831632793365,0.028000911567507,0.0351846102592819,0.0132183088447525,0.0827003867491209,0.0198308020939323,0.0245955188833587,0.0208806066273807
0.0130778581067461,-0.0279989553368696,0.000340761744901001,0.0136449757715423,-0.0117727980949808,-0.0247453814082131,-0.00243553053860924,-0.0297799873379629,-0.0106060584143893
0.00820176694113536,-0.0430632246104243,-0.0163689920755863,0.00210157160624349,-0.00123006549106576,-0.00109201898061686,-0.00578038672488426,-0.00832646107230765,-0.00948809230024782
0.0200121885620538,-0.0119651700038779,-0.0240288844927986,0.0269855671733258,-0.00124975662176038,0.0296019715292068,-0.00318655495883978,0.00832892035040546,0.0180228543788343
0.0160323396860542,0.0121434639553128,0.0171321802871535,0.0256277507008915,0.00634506981799749,-0.0318292204563091,-0.00467605149330121,0.0141075553604294,0.00611070040830724
0.0182617636831577,0.0109997449366415,0.00486394493041468,0.00622955705072596,-0.00501655652254137,0.0230879812096236,-0.0205046045707082,0.0217317494427611,0.0178135375599338
-0.0321316825278738,-0.0388111764097096,-0.0177852309733049,-0.030016288974954,-0.00362668621282801,-0.0506649179473264,-0.00345863309229577,-0.00693158271922211,-0.00847186900379979
-0.0194119935535335,-0.00400182649614219,-0.024343973888593,-0.0241801881082931,-0.0104078304444118,-0.0616966107354163,-0.000874820488572449,0.00473890907402734,-0.0123804463190186
0.0133458356379267,0.0140199316061192,-0.00403812812976771,-0.00974172349892584,0.0180355178916302,0.0114430998055395,0.0159633292863447,0.0120256590957672,0.0219940194351144
0.0823444588373941,0.00459844714453876,0.0175399420550035,0.0189017262073107,0.0107824518706472,-0.00988217455104311,0.00117172849426133,0.00350688375852052,-0.00167708018712008
-0.0726637006752868,-0.0374922343195263,-0.0370554618895866,-0.0200581053761816,-0.00751674617849251,-0.0743492428706883,-0.0246760131462665,-0.0106200740425829,-0.0194043488990455
0.0820499163078679,0.0449604958138987,0.0400817307074824,0.118488115864979,0.0116294288773368,0.0421561101092762,0.00414814724728018,0.0331072884903194,0.0412064247672821
-0.0486767834519043,-0.0113765597825919,-0.0179984630405999,-0.0234634042979516,0.00496131035829783,-0.04920514606569,0.0010353471022888,0.00665374061307239,0.00737920183428929
-0.0169581818761296,0.00782005619953997,-0.0112445643980875,-0.0236868691078786,0.00327311719464213,-0.0329567760211229,-0.00867938037259779,0.000736098171813551,0.0118029120804811
0.0608173790900621,0.00814369413593256,0.00735898102642354,0.0192037128478804,-0.00887331216411167,0.0317916781075134,-0.000482166004404889,0.0213002324116516,-0.000360587035097453
-0.0377003318246682,-0.0125002436954367,-0.0151146735200643,-0.0314727031420305,0.000125770971572551,-0.0451895804645503,-0.0156409895441394,0.0174590403447725,0.0175522229938011
0.0307637970831508,-0.0327007405066735,-0.0139712236093055,0.00576347457033197,-0.00313724056189453,-0.0696218667507852,0.00430694062938311,-0.0110828602273135,0.00305687930321266
-0.0593720123023331,-0.0257029426463684,-0.0175329239623107,-0.0400115757623592,-0.00912922089402335,-0.0413855110194848,0.000103302480947946,-0.0314402222970665,-0.0154638023410221
0.0280802990974999,0.0146768978865534,0.0255437071963278,0.0367290336346462,0.00465088138884864,0.0549353596497558,-0.0199248923601435,0.01011564823383,0.010414288905433
0.0062461862053147,0.00832188638854503,0.00802820852162203,0.0082349059648924,0.01027630381661,-0.00502095857546941,-0.00323304406549974,0.00476068511761873,-0.00400132516807719
-0.0167496376305847,-0.0102879098036149,-0.00898914597019629,0.0317396469659646,-0.00482849278756113,0.0362832708110235,-0.00874136353061455,0.00203195395831304,-0.00911328480358603
0.000258044052020321,-0.00491890016862411,0.00353709311448125,0.0144674064870328,0.00730958453813272,0.0155028735581731,-0.00241950666913004,0.0110017986021049,0.0196422737471515
-0.0496309903455107,-0.0115564182235458,-0.0175367751798564,-0.0373948406576049,0.000869310125946005,-0.0533305786156235,0.00834206858101915,-0.0103070046070559,-0.00998464895928869
0.0190763084672761,0.00274559323676687,0.00261055785407441,0.0036695207667663,-0.0112068960182397,0.00586020447087465,-0.0110717376099243,0.00283883095234445,-0.0242052363115416
0.0214763371210205,0.00948469573598647,-0.0151314293724636,0.00450423807781206,0.0128885364281537,-0.0127114899078742,0.0230608584144696,0.0124343118030399,0.00727322691797945
-0.0844538503471588,-0.0144580279422724,-0.012862708879759,-0.0423292088561742,0.0034328005719443,-0.0567073168728884,-0.0076905677269584,-0.000897888068691393,0.000458409210589064
-0.0272983522674102,0.00492896581410553,-0.00186778156680813,0.00587966670912165,0.00152823863430356,-0.0178182538169767,0.000119850241515724,-0.00223056439201474,0.00112523275242509
-0.00893642808077709,0.00738460078738536,0.0177897489289293,-0.0126677129393809,0.00622610766467415,0.0245832302984677,0.00326353206173004,-0.028310722109081,0.00291985735068019
-0.0645331338134573,-0.0440575854707832,-0.0205214917539736,-0.0181256076065215,-0.0101379386208346,-0.026333068381373,-0.0133585949323645,-0.0259870911564831,-0.0330843721057783
0.0747442139726232,0.0352047406887236,0.0296055030908537,0.0453660586928287,0.00508806404295467,0.108268844356579,-0.00200251092969533,0.0209740134526321,0.00551045214322855
-0.0284951983828008,0.00771278850496236,-0.0195783824423926,0.00522581238769882,0.0122003065968798,0.00734068102773254,-0.00614005521413329,-0.00451655808394077,0.00187887613602282
0.137299614446492,0.0508737127231778,0.0458813273640932,0.0158940381792651,0.00935396423699883,0.0553640054154493,-0.000455242623268584,0.0066347177049446,0.00567745411484932
0.0164855858264519,0.0438588873133214,0.0177482361483338,0.0310591031099096,-0.0171403002167866,-0.0249589321651112,0.000212816482199461,0.009105979227522,-0.0100878862296302
-0.00626961841617935,0.0203048481678387,-0.00143185587270926,0.0230891176468569,-0.00474064167558481,-0.0281072758414547,0.0146009464515803,0.00768331298630355,-0.0155963331768317
0.03885898139666,-0.0100197373054195,0.015419234843536,-0.00626394927969408,0.0158679460929163,0.0243620917756806,0.0213701280070902,0.013797964140735,0.0252559771095418
-0.0767594592076606,-0.0235818043120645,-0.0407741032249436,-0.0371900340368074,-0.0127347133112828,-0.10037110534786,-0.00988528422445783,-0.0210633856887809,0.00159277696527951
0.0149384486811809,0.00610169530337844,0.00500391478446634,0.0349934698317237,0.00291188904237112,-0.0124669665887541,0.0120594260180303,0.0248786068714631,0.00107055176251853
0.015209134195412,0.00624528592235464,0.0115613296751781,0.0543574706249052,-0.00128788033966546,-0.00270034720137469,0.0123847159698801,0.0253111818325599,0.00762773581055287
-0.0566827234807083,-0.0179209856318707,0.00465598139169851,-0.0205411042765055,-0.0352782388001676,-0.064718396830959,-0.0106013575732129,-0.0492664083670485,-0.0299777250676114
-0.0517011237126585,-0.0173196929868807,-0.0140100113060798,-0.0219936911371065,-0.0192551376503327,1.5948759217615e-05,-0.00874939229162168,-0.0117324289869943,-0.0252430228864296
0.113084327820157,0.0193310155102564,0.0273926577776649,0.0963789167307428,0.0142083134283502,0.128385405272209,0.00647916665381263,0.0374484669661026,0.0193164019590008
-0.0368027961865989,-0.0279056149239183,-0.0312215816057062,-0.0491817019044649,-0.0154642766743518,-0.0199911777757876,-0.0263075110523871,-0.0238707615953472,-0.0309164856526477
-0.0344205969683013,-0.00829377715030491,0.0040477114597611,-0.0135816414990707,-0.00463402455407561,-0.0320478611924899,-0.00709927297299453,-0.00144721070514104,0.00446970594319589
-0.0783979512926805,-0.00968905644302478,-0.0123109218854899,0.0227825682754908,-0.00212127081099289,-0.0851343104374955,0.000280545434729052,-0.00868686274587355,-0.00532507488161313
0.0625946165477128,0.0322829741562806,0.0167663414944253,0.0762478413759251,0.0224849240829347,-0.0182981845296262,0.027841188665058,0.0319215102058976,0.0371180217368366
-0.0126270542304259,-0.019993440902996,-0.0258437114612468,-0.00155881015879036,-0.00033129511912169,-0.00240779102154135,-0.00388520316888548,0.00598313916517886,0.0122249276934933
0.0675245712813699,0.0234637056580456,0.010555784053821,0.0115652878145975,0.0180600662679814,0.0429662712008715,0.0340550825373745,0.028469507089514,0.0239172099097785
0.0467296088767951,0.0293125150684528,0.040091754521954,0.0571437380761319,0.0127891514109558,0.113812742972893,-4.10444097802458e-05,0.00184503728773082,0.0209448334928172
-0.127640675486594,-0.092731128808035,-0.0218467708653562,-0.0568265770143393,-0.0188209949206651,-0.089675674746808,-0.0165336138102729,-0.0489522508684977,-0.0480540067345334
0.00538116683978093,0.0279471785911752,0.0220863836331115,0.0531085127276738,0.0160421332203647,0.0232795916230735,0.0148919933470542,0.0270488976293224,0.030425874943708
-0.0370201999212101,-0.04694624152656,-0.00643804393984915,-0.0052547979401224,-0.0111491172703343,-0.0447742779292285,-0.00284043686796456,-0.0130398069941505,-0.011531126497795
-0.0124357644136833,-0.000370320383444006,-0.0182114479548914,0.0277551106529615,0.0132774419181521,-0.0249500965762714,0.00949768485998854,-0.00437196753819827,-0.00986193633397371
-0.0367078721316952,0.00562033607139573,-0.00659297157057013,-0.00979029674039121,0.00493273220821857,-0.0293913238653627,-0.0191431092442712,0.00355186982811358,0.00495513549750664
-0.027913253086679,-0.00548517074850835,-0.0100989677903496,0.0119677483599116,0.0086753418870058,0.00409987347307782,-0.00385994939304517,0.00529297590856771,0.0136102869556762
0.00326167836313628,0.00202307188494164,0.0162169718283423,-0.0100088877081929,-0.00859910140582841,0.00897176599364706,-0.00812022477521127,-0.000235260870788713,-0.00589882714875806
-0.0731724793444107,-0.0143873587268007,-0.0420974068192518,-0.0409156228873212,-0.0159349131061717,-0.0193919868696883,-0.00573968921437704,-0.0344860951389784,-0.010642315104173
-0.0382527648384223,-0.0181690822019144,-0.00954701327107464,-0.0210362510376745,0.0125803663533933,-0.040075656912479,-0.00988932591070309,-0.0222659895565662,0.00103239821172197
0.0544928627962252,0.0346998366296748,0.0377012852367644,0.0305973641624777,-0.00121613243028935,0.0223674179781937,-0.00451446247424302,-0.00514463253892646,-0.00357186709466413
-0.022656507647619,0.0076607992317563,-0.0196393524055528,-0.0282706170093188,-0.00288025411486235,0.00972922164241524,-0.011272818037706,-0.0257784983585196,-0.0245044174242403
0.0290530723665337,0.0137106131580706,0.0120900134745233,-0.0126721981924747,0.0152365980828877,0.018772627580377,0.00491672576797737,0.00532531400448774,0.0215404662257593
-0.00172343192511362,0.0123675767566615,0.0104851906522205,-0.00699060861775237,-0.0312491936510912,0.0223976424139064,-0.00985847983640813,0.000598194159331207,-0.00645932565645
-0.0163163443837906,-0.0110557462949934,-0.0061616825940017,-0.00256637394022821,-0.0242980751271143,-0.0600351449564929,-0.0138635772768974,0.00285724015720374,-0.0414198495906167
-0.044231010374636,-0.0239991222455339,-0.00648717047170816,-0.0201344302202142,-0.0244055143521735,-0.111514907035423,-0.0100432944580884,-0.00747886981138841,-0.0298456461674414
0.0636753728636301,0.0426022919152088,0.0418541224940744,0.0249339964331135,0.029753059653146,0.0636477109167507,0.00930722888438716,0.0266755622736411,0.0347432361535989
0.0498169836935103,0.0255820065149175,0.0142095140543154,-0.00702008976502777,-0.0216748455239601,-0.00860364637194617,-0.0141372927443576,-0.029478018420154,-0.016642636610854
-0.160199901812974,-0.0437653058566795,-0.0589784288719959,-0.0842083573181001,0.000497399597487764,-0.133695387399025,-0.000811687647570985,-0.0138683992456528,-0.00904450907016128
-0.0147619473896948,0.00707488298006274,-0.0182268187329989,-0.00475599806539339,0.00347392514979871,-0.0298044101886948,0.011822267468768,0.017996037149832,0.00494442473092695
-0.0682821363430509,-0.00707560165915341,-0.02331407723712,-0.0356572934874066,-0.0118451890267839,-0.10842715410874,-0.0161706628634553,-0.00959360043731798,-0.00340014724230806
0.0131773659629504,-0.044368639602615,-0.034754582838839,0.0199757318606269,0.000157837204941793,-0.0155660579787985,0.0232486934034469,0.00425845670266745,0.00430228747509824
-0.022495180239252,-0.0182081739175348,-0.0320757803901907,0.0059442024342345,-0.00651755276052484,0.00380530759777982,-0.0175624059640342,-0.0123632330337618,-0.0155951594076226
-0.0382772314454927,-0.0389626799601838,-0.0390028451996296,-0.00874046782995045,-0.0119097778617292,-0.000847238521665417,-0.0158093071052696,-0.00777490960679939,-0.00865165910350446
0.0110340440503857,0.0355900890613319,0.0443966459768368,0.0222551257712559,0.00266993820242771,0.0224424376303867,-0.0133422183866214,-0.00168983950759132,0.0231902384536742
-0.0768606494412412,-0.0419772125789708,-0.0560252780242593,-0.0584269191658662,-0.00376521715554477,-0.0726988959895777,7.02366613818409e-05,-0.0289286019384836,-0.000324248332964105
-0.0234607909602561,-0.0183438246311978,-0.0098391153064534,-0.0220598818130115,-0.000104509910704463,-0.043073221246839,0.0138158767293764,0.00554410898887105,0.00482229745627038
0.0734965036888823,-0.0237205337772865,0.0168250392417041,0.0182672117897083,0.00911695752455055,0.114724049156581,0.0059340361891567,0.0125519060767073,-5.00069575575539e-05
0.0273100434544149,-0.0157293293956915,-0.0159842728958006,-0.0310750529574869,0.0168880619212206,-0.00345397160049425,0.00439156193401439,0.0265516497388783,0.01522777786834
0.0383930793398616,0.023549910343993,0.0192032438628234,0.0447248935054411,0.00402796312695701,0.0115533857913865,0.00133993835626098,0.0078509502946672,0.00137615503641958
-0.0925473676252849,-0.037793266094496,-0.0407354103963886,-0.0407739323326684,-0.0144222245821827,-0.091972549223116,-0.0152183352080214,-0.0205467278720017,-0.0193774344966853
-0.00129883661727108,0.00639213031344602,-0.00767862357698413,0.0232782782519901,0.0153546229297099,-0.00664825399849171,0.00510634848873435,-0.00137877081301458,0.0118264900815587
-0.108795980573767,-0.0681163589648086,-0.0111139148442124,-0.0546151062083313,-0.0226985997990057,-0.0954947748948972,-0.0267778995868124,-0.0497567005762443,-0.0811656957175253
-0.0186854165425058,-0.00964453885366212,-0.00022257735723418,0.00530780932219742,0.00508162226865718,-0.0222562198193182,-0.00292935887022139,-0.000844688144021052,0.00763983407522783
-0.015207116762732,0.00653727735264224,-0.00970001459736636,-0.0197620072909176,-0.0187107055851636,-0.0151062999000786,-0.0162835617702397,-0.0259683745938742,-0.0300386024979488
0.0108783435307408,-0.0243781318592317,-0.0138552527889477,-0.0195627667735686,0.00604660778375813,0.0310295196927287,0.00236016782836906,0.0062777191897932,0.00920720005465208
-0.047102605398667,-0.0128279201859299,0.000149686535142575,-0.0376121454128346,-0.00554419843127629,-0.0574164221440258,-0.018291290716275,-0.0310883655723283,-0.0193433109071198
0.0227834477948938,0.0191190272682371,0.00621805933510243,0.0306924043439114,0.00378063313813085,0.0085217202754973,-0.014662780983064,0.0251884983482058,0.0240803549048083
-0.00358909076204994,-0.0252302202119742,-0.028734558114923,-0.00346577092059994,-0.00656243153487272,-0.0127303978043405,0.0089082850179966,-0.0100347250452287,-0.0167971576788274
0.0245357386707559,-0.0248377488382771,-0.0140286819819299,-0.0222275529620427,0.00515203510688181,0.00811556274184401,0.010292920556103,-0.00807505370554075,0.00676557914099216
-0.00656752373395646,0.0242486819918324,0.0145057384700519,0.0222247548593442,-0.00914734389849424,0.0282837715471354,-0.0164054062159016,-0.0065930238268726,-0.0161485011404825
0.011131389199466,-0.0164166270594329,-0.0192685328998003,0.0394716146811663,0.00742377605613405,-0.0190705809889887,0.00591866309865971,0.00428650306841103,0.00353270744561916
0.0257748900892071,0.0165468052800723,0.0185568252444247,0.0192561707464546,0.00770376625767864,0.0821090744434384,0.00196162042295462,-0.00321291917571373,0.0105186535991575
0.00236856750632281,0.00695590877969674,0.0150597135458819,0.0247186141509144,-0.00838416912513703,-0.0154056261500862,-0.015597449937286,0.00622282091139524,-0.028296733935625
-0.0225160751812929,0.00519647459839096,-0.0169392382941959,-0.0288633564272491,0.0116941000622202,-0.0191229085334697,0.00862767981873036,0.0106974279181741,0.00722163649057127
-0.00103003883167981,0.0188790705405794,0.0107161933912898,0.0364006259422321,0.00819365337672598,0.024358545019844,0.00708678528444418,0.0252995444443144,0.000320509778715178
-0.0347933367550781,-0.0553824407163066,-0.0116774066068414,-0.0350551562946113,0.000535307287400406,-0.0556392550907811,0.000370851289835369,-0.00851954137758268,-0.00637360399447873
-0.098506451105977,-0.0331737408142014,0.00356081013750842,-0.0664034607472099,-0.0320255569794658,-0.11597243484439,0.00853287815605673,-0.0483249388724966,-0.0682489195074935
-0.0224473305078612,-0.0101547843657332,0.00475129999834297,-0.014647446809699,-0.00585397985231988,-0.0291641773162025,-0.00191734007336785,-0.0245161803909382,-0.0180900402115786
-0.00644715073784569,-0.0201876527901904,-0.0206543339222452,-0.00930047382746084,0.0131262643743391,-0.00410372197942184,0.00502604537134111,0.0126749494307456,0.000887756098598522
-0.0238826233427518,0.00420965758614432,-0.0268300394156419,0.00346357398682371,0.00376325523607835,0.0322284621042627,-0.00102808725750503,-0.0102694330493743,0.0042349081849305
-0.012366172633369,0.019250648535527,0.00320896875257395,0.0108032681296363,0.00357170571336849,-0.0114171472289434,0.00989812514038438,0.0078004522278072,0.00916979807112361
-0.0324595807541194,0.00170466269182071,0.00559575998592236,0.01827188322355,-0.0160249544331067,-0.0406436894365474,-0.0142889449634704,0.0203518446989817,0.0118661446130092
0.0995177088353256,0.0328740911063859,0.0349994586903148,0.0173432131363268,0.00330544571224357,0.0875146557611691,-0.00389599085718867,-0.0031127787254461,0.0207981432212684
0.0106698705501678,-0.0220216046646845,0.000716109858009733,-0.00419442986792434,-0.00851863323631806,0.0249369110540335,-0.0216069680201073,0.00788733307570935,-0.00394032988051109
0.0840566101651913,0.0386159897346708,0.032058005618926,0.0171415843321078,0.023851787099912,0.0864443023089731,0.0148887036387787,0.0128123808596011,0.0366913963687806
0.0977420270727891,0.00296335342236672,0.0233318410769286,0.0134971496184621,-0.00554458221719389,0.123162373592471,-0.000717316212749242,0.00426112779984169,-0.00325368833485538
0.135239481770541,0.0304533639315042,0.036588126373979,0.028848636084085,0.0230982932451134,0.132219425599337,0.00848346143221865,0.0264354261198224,0.0247173326541456
0.0496095191978694,0.0298047929929865,0.0184696059837852,0.0271196640869747,0.0137631909433826,0.00829306047779452,0.00334331904422168,-0.00409914158576345,0.00523928318215819
-0.0395805906957372,-0.0131188033220026,-0.0302183773829515,0.00258544938483553,-0.0113427877191233,-0.0824407024623146,-0.000279097533264192,-0.0337575285038391,-0.00949626035013532
-0.00403770620375153,-0.00640833108711124,-0.013025158608077,0.0162280310350874,0.0116244545849206,0.0639698734696267,-0.00217501677214912,-0.00604936032851048,0.00144990218226437
0.00794350797414876,0.00502168102563711,0.0129774798791195,-0.00427113192011546,0.00110503242731062,0.00577406551794675,-0.0115463912304402,-0.0101553392216968,0.00867616218701637
-0.0221564482819262,0.0124666152239896,-0.0113086998391207,-0.026955647706225,0.000760419244687537,-0.0465298850656263,-0.00727429778618339,-0.0255124421630884,-0.00759626473198421
0.032006391114311,-0.00451979431773156,-0.0132748755443491,0.0315584038375471,0.000106955269960088,0.0229643491951868,0.00442187858265462,0.0193977360104721,0.0109409067903171
-0.0714297783572833,-0.0289067544336578,-0.0507542687876995,-0.0399436772664232,-0.00796019281900715,-0.0610799178103696,-0.0164972600212677,-0.0243480909348733,-0.0209090249616004
-0.0239660758451078,0.00800414548545218,-0.0103693076885584,-0.0458233611985326,-0.00102818158119959,-0.021955866130939,-0.00544415003087526,-0.00432023479354666,-0.0233124981881811
-0.0925753963284143,-0.0274352632737709,-0.00773311913755097,-0.0228587867024291,-0.000540193836400407,-0.0679146977601802,-0.012103205248233,0.0040660706239557,-0.016540064448276
-0.0190587056099904,-0.0189806239566118,-0.0154497277720208,-0.0206254633386382,-0.0077244344732504,-0.0479267506627296,-0.00209881265809583,0.00832581314866266,0.0106139481850581
0.0858396985167883,0.0764747447801122,0.0646028235334663,0.0420763662171994,0.022093046821841,0.0583970406688989,0.0192252289934057,0.0267626142038699,0.01703485758624
0.1432377520265,0.0747875851875045,0.0558603252524446,0.0545797317833725,0.0063300788202068,-0.03473116798374,0.0352632330921105,0.0341429473579564,0.0430736611352733
0.0104557828608111,0.0196793239281076,0.0178430189709453,-0.0159678644502298,0.00862494730471026,0.00968330669154686,-0.000355533861753005,-0.0126130659902155,0.00169379036877552
0.0480283531252019,0.0127015177356062,0.000171910900411422,0.032750133439711,-0.00339745325290317,0.0202911045784146,0.000676624842623389,0.0364930722281413,-0.000572552377832121
-0.0321867695801704,-0.000851084942212655,-0.0135300115086979,0.00620192535194191,0.00814094345251638,-0.00364153134212257,-0.00659130696197986,-0.0227467131185818,0.00913164342066278
-0.00953857355007896,-0.0465339322410709,-0.0373157368636138,-0.0193829741474138,-0.0209928519340951,-0.000458326025425481,-0.0244383082216767,-0.00379612418304512,-0.0207396207486594
-0.0136455499541153,-0.00113178047136136,-0.0273498149408357,0.00930192592068252,0.000753891856804697,-0.0194171942250283,0.00474159693147626,-0.00421556531769496,0.00324032525687425
0.0210837864012634,0.0195680001856613,0.00176757099266224,0.0389819152490158,0.0102624670425146,0.0384043231207914,0.00941153682120052,0.0167431692386047,0.0195657446905168
-0.0620478561506525,-0.0121520017193576,-0.0575505429985788,-0.0170526419940073,-0.0244553032664931,-0.0667277738882994,-0.00469351521940945,-0.010078785397966,-0.012012426401723
0.0247724621345791,0.0188970167597773,0.0081264404682268,0.0115912101725014,0.0034606562031499,0.0305578345586389,-0.00592920102107596,0.0102495923554344,0.0050522773403389
-0.0404248356275484,-0.0047318785202481,0.00397075352649807,-0.0241947539985082,0.00316285201717424,-0.0340765411939093,0.001510104383684,0.00278916763123862,0.000950393347869023
-0.0368196090405983,-0.0164939187903342,0.00485660628017131,0.00219745886397767,-0.0107877293343121,-0.0540789909650231,-0.0144259301838497,-0.0148174919552388,-0.0155994808814748
-0.0038981135843344,-0.0152462573743372,-0.023775862103385,-0.00445261347799607,0.00102132151881933,0.000622406855824313,0.0231994816699276,0.016080965343748,0.00942886060310372
0.0174445441069348,-0.0104446540622574,0.0240996044421382,-0.0141608146495921,-0.0172876814931041,0.0342166956359042,-0.0117603251318918,-0.0128363737804535,-0.0247067434329061
-0.014821877147351,0.013821984881687,-0.0186720192489542,-0.00226326539717702,-0.00123677197298745,-0.00985265191900066,-0.0020931129568831,0.00657439484746033,-0.00329257528719945
-0.00436388856850633,-0.032097632828023,-0.0310118822417445,-0.0206174623646514,0.0101479917878545,0.0112292417856024,0.00275018855362545,0.00968000970746949,0.0131923490555455
0.0717091137936222,0.0197458879319901,0.0104801647308165,0.0205732460212281,-0.000520238872936134,0.0739318209578648,-0.00182826925012401,0.0149216611999929,0.0183477790642885
-0.046845257868881,-0.023342595820866,-0.0368737049561261,0.00271899641862265,-0.0136274435543241,0.0556896660867519,-0.00211670233318781,-0.00899218423448913,-0.00763776428988964
0.00903416466359143,-0.0386362888695655,0.00382715583049561,0.0110580010032581,0.00558994821891635,0.00236763882538754,0.000574972249831904,0.00573789047588256,0.00462187824041952
-0.0216660629475773,-0.0236857143044515,-0.00940939322797908,0.00836992851346755,0.0121135143104526,-0.017453665802232,0.0160788401762881,0.0182183899665196,0.0201810081261951
-0.0826402516178892,-0.0343529585868227,-0.0514782464439649,-0.0470509014054428,-0.0093270486627024,-0.0806648641665468,0.00299110834723775,-0.0316058863189354,-0.0121838385120206
0.0356456057346388,0.0297324393965802,0.0166778776157053,0.037069604613676,0.0299550921679412,0.0525888009714279,0.0357184895915268,0.0306620338444692,0.0397627095997834
-0.0451380031903679,-0.0254239693870025,-0.0268263242916232,-0.0209492947562104,-0.00274157458495121,-0.00549385989224603,-0.00346240199250776,0.00653509514662308,0.00193812203778164
-0.00054635812024567,0.0319143466668893,0.0300847212163348,0.0202538878093408,0.0142713044964371,-0.0166240434946512,0.0330983434385521,0.0509476803971958,0.042002679975045
0.0418929706256886,-0.0218907046209793,8.70452523545847e-05,0.000409694627093728,0.00480257288847692,-0.0272039910764674,-0.00515880168733447,0.0166245943066758,-0.00378873453938556
0.00239015664591844,0.00771122718693683,-0.0127598379109743,0.00249333772825082,0.00396501074792743,0.00718602559190919,-0.0128087795657319,0.0155336378605494,0.0142497456660646
-0.0816915377565408,0.00921632299192541,-0.0595787427156187,-0.0427582812357088,-0.0108516534874817,-0.0738075794322876,-0.00118347278643665,-0.000325454907893838,-0.0113541252816774
-0.000972362138036354,-0.0150939907338365,-0.0190343188821906,-0.0326324504304827,-0.00649733751600003,-0.00520510554029942,-0.00533999632406738,-0.00106593725286428,0.000132129772244559
-0.0676679463047586,-0.0248710623974187,-0.0357774178766164,0.0117134980388749,-0.00212945827976071,-0.0516781870076692,-0.00503296869377028,0.00337439206057879,-0.00757085621248232
0.0116305059362187,0.0117190572263964,-6.9941483960678e-05,0.0360820804264138,0.00534094868955852,0.00413382572823807,0.00483099159588018,0.012203546158704,0.0226811917018609
0.0221623412052392,0.0154323582792857,-0.00047516117456176,0.0126810593181383,-0.00181734267699748,0.00985900157857798,0.00718789895731819,-0.00590798606637184,0.00265387531149875
-0.0430814093730965,-0.0337953290435141,-0.0121041377478934,-0.0190680280851857,-0.0303700282550265,-0.0201343439222289,-0.0311886295404556,-0.0233371119986641,-0.0390230835571742
0.0688558513688206,0.0458405048692514,0.0468845936080672,0.0367276158744705,0.0279741173315141,0.0399437512420569,0.0345265907999688,0.0397728040797786,0.0286036561010503
-0.057034315166814,0.00111387159508943,-0.0344765410437951,-0.0180232295912517,0.00256766104627497,-0.0702562154587469,-0.00939019807857555,0.00709726918918286,-0.00351325792128963
0.00431667948816181,0.018837646115354,0.00849504217372132,0.0119243147749289,0.0144908684417214,0.0409415710105743,0.0240342727719019,0.0153181360676976,0.0121672069930541
-0.118294582516117,-0.0065941405288779,-0.0349359813123891,-0.0319132262380603,-0.00917193110505057,-0.0844677528715262,-0.0171650203048031,-0.0346135017149758,-0.0206278856100271
-0.031468325992541,0.030362101644264,-0.0154187085743385,-0.018139471361396,-0.00425942669653423,-0.0399484202489776,-0.0243378678003776,-0.0331430055790896,-0.040544841692605
-0.079280966955404,-0.022191989688189,-0.0399893719230281,-0.0302051200441944,-0.012495185804625,-0.0835647110478399,-0.0176467379798604,-0.0239924267944163,-0.0085528192812123
0.0701737857274491,0.0509426879044041,0.0350613559026711,0.0109453930819287,-0.00399212115483458,0.0952097640458634,0.0119628378362582,0.0106053826072919,0.0276632300207562
0.0549614330392932,0.00859076382548558,0.011980829269828,0.0139697489886348,0.00671959127018956,0.0692112617019846,0.00298284407761631,0.0215894571044052,0.0148192191072134
-0.00105037270755562,-0.00804700510281065,-0.00116358179348996,0.0337438864709984,-0.00534541120635674,-0.0173894518698755,0.0057915340158533,0.0061876630937978,0.00104319995576359
-0.00899050574342036,-0.0301230244217249,-0.0400715731353419,0.00105127145627694,-0.0172692183579579,0.0233721122574267,-0.0157457693574296,0.00370533602868067,-0.0255796411336259
-0.0643339353230839,0.0163588341926812,-0.0563777740665996,0.019997684239432,-0.000327801644800123,-0.0419810075861846,0.00901677848736638,0.00365096023773931,0.0193157714695715
-0.070017434617559,-0.0189375037665633,-0.0233367077233348,-0.0199298731111269,0.0050239169672953,-0.0357000230325712,-0.0116874596524941,-0.0111181654876481,-0.0161981869357964
0.00761533135662519,-0.00285244745370575,0.00564522396192303,0.0107599085981414,-0.0113421957068435,0.000461395111449618,0.0114507291644331,-0.00975930555263366,-0.0182058160223974
0.0328999642791517,0.0366573788775339,0.03812075195026,0.0524662058604532,0.00834721334175578,0.02707026302361,0.0288064547837439,0.0182537524013878,0.0111987591699426
0.0291680038986227,-0.0131626340456252,0.0118244027319207,-0.00400456606474785,-0.0109349768375379,0.0132253672188859,0.00386107328705305,-0.0272743098440259,-0.0190062062039486
0.0287146997184932,0.0103386348948044,0.0196767574101408,0.029791204014231,-0.0052983939974732,0.0103306300080144,0.00865600524103415,-0.0125532725872385,-0.00705577183303036
0.00485363059827107,0.0213219330200438,0.0240655764680071,0.0321071153676215,0.00601578867258134,-0.00246218126240528,0.0282119992499982,0.00676682655559894,0.019049659740072
-0.0542957284782132,-0.0358285195386819,-0.025634122377097,-0.0210453490580295,0.00545744582011682,-0.00871276299277952,-0.00607132521449358,-0.0205589162696159,-0.00370762017897331
-0.0403683827948445,0.0246014916855416,-0.0315280272517814,0.00321422496622541,-0.00567736164847196,-0.0248664736743092,0.0018391160355393,0.0176035046108975,0.00958650647761464
0.0947869738822136,-0.0112342366206736,-0.0106640438074304,0.0416129932457462,0.00595414475370195,0.0692704549360449,0.0166248844435677,0.0295271766307468,0.001108342162444
0.0139684470673165,-0.020278695037799,-0.0158086276167621,-0.0172405652392867,-0.00555701734603639,0.00732369343383866,0.00685165851106093,-0.00252645900618086,-0.00466608209691832
-0.0216378811236235,-0.0158219652017478,0.000106547480066716,0.0198595934141559,0.00523127763786092,-0.0227850713113483,0.00894935210708693,0.0202778391557257,-0.00391738971799477
0.10034056048106,-0.00304028189546637,0.0410741397178769,0.0224711491607648,0.00074043439291915,0.0741725812162673,0.00799235056358665,0.00169254984225793,0.0169511573368261
-0.0146859692927396,0.0245668711202184,0.00468751633675863,-0.0141080401834919,0.00513113827759554,-0.0527726519606501,0.00970817605361087,0.000706820430002504,0.00333706171478708
-0.0333049586486009,0.0300485256875829,-0.0169452282869186,0.0143172230155093,0.00318600523838185,-0.0280451431186701,0.0168900128387264,0.00234610231439098,0.00239219565002112
0.114295175345962,0.0273332322934295,0.0269863630364412,0.0346049334386758,0.0202927504559013,0.146714241189179,0.0219329653147686,0.0259709309260975,0.0448483473626398
-0.061635981583685,0.0141009794133253,-0.0360753426657834,-0.0351444387891983,0.00131029542205497,-0.0502018389809784,-0.0113086251430738,0.0133411861198055,0.00344395756736623
-0.0128801359225199,-0.00733477223281096,-0.0158893150715825,0.025240472127574,0.0228600820462754,0.0267087630060954,0.0112385896633065,0.0136143797200513,0.0171620440344835
-0.00189524328708431,-0.0209885769856551,0.0133277956803293,0.000378488715716759,-0.0126376162505122,-0.0232454690096832,0.00667446802977142,-0.0305653120094222,-0.0183045257347968
0.0896984405681481,0.0216145363216946,0.0155624881276981,0.0313884032300691,0.0148138298805951,0.0693896454786217,0.0285221298263992,0.0239764534475598,0.0432442208704344
0.0341167165243064,0.0177466848683715,-0.000607474796479913,0.0237343300832063,0.00663929139873123,0.0125020552807698,0.00844929932431751,0.00302081167891339,0.0173225465840482
0.00334560354923164,0.0339569271010409,0.0289613117746243,0.00642587510011513,0.00774680092124644,0.00930413367995236,0.000411528529035145,0.00276971610089673,0.0149869728825398
0.0155015999664471,0.00834073126736364,0.00753533957836889,0.0158742173216471,0.00807573157894095,-0.000715872905252861,-0.00156030002708491,-0.0125730772227456,0.0150754654860187
0.0117947559380923,-0.0264535950293422,-0.00508457513211886,0.030613138052508,-0.00110612366069488,0.0367110153906535,0.00387661969250375,0.00128796243379899,0.034037648841798
-0.00805847975921396,-0.0182017648878495,-0.0187814346719293,-0.0398409354278691,-0.00427966929440547,-0.0255381618774622,-0.00238886395443345,-0.0154923814693295,-0.00356748003241356
0.00836266659259698,-0.0103642252008598,-0.00679889527631766,0.0112798284639649,0.0067443691005258,0.00507880050108457,-0.00169103387737858,0.000537536413455066,0.0130411212453889
0.00548220755036676,-0.0039026578937666,0.0176134214700847,-0.00806485436102854,0.00760923466448076,0.0359502816425352,-0.00799745284475685,-0.00334457333155715,6.93827059119625e-05
0.0223371707623634,0.000432999219833335,-0.0120394036459183,0.00963463651473608,0.00445111662227641,-0.0177651699918056,0.0104589651227458,0.0121657759503209,0.000700532638657202
0.0366594552555221,0.0124792063072903,0.010682182785908,0.0299463881328284,-0.00608563610453722,0.057404752254978,-0.00128156906584996,0.0127993347919167,-0.00901729949888584
0.0344536898879529,-0.0205348238404743,-0.00335693686650418,0.0130005799747423,-0.0197705084922585,0.0586296640683357,-0.0136179754680035,0.00136612160735129,-0.0290958629721787
0.0343121617304591,-0.00100391139438919,0.0138214492969021,-0.00571417594280814,0.0142819135738732,0.00177581556730538,0.0149539779086736,-0.0113396742975584,0.0147099563030866
-0.047374344764388,-0.0209411304888153,-0.056050072912607,0.00722994701653583,0.00615891541602816,-0.0139378686487897,0.0238515086159796,0.0250692519305453,0.0293382532540352
-0.0645260502657462,-0.0370715189548702,-0.048985181125142,-0.0350835930340781,-0.0117789175372929,-0.0165333232844307,-0.00891112162935524,-0.0380216645085534,-0.014257647541689
0.000774101291911984,-0.00159246314012518,0.0163314147038476,-0.00527660075803275,-0.0017531159782186,0.00976505738147839,-0.0122713495008523,0.00173843878336825,-0.00101161031204176
-0.105103227148887,0.0121861344245334,0.00298553319930411,-0.0628276420922556,-0.00694177208324582,-0.100633865610772,-0.0187423904052783,-0.0324986069980444,-0.0103947800952557
-0.0240366087704183,0.0147065932091228,-0.00450655897753597,0.0352334558247868,-0.0131072261937113,0.00219721656946994,-0.00221894508812467,-0.00527673007317532,-0.0059063803634589
-0.0496579949642332,-0.00151935786321639,-0.0378837323607101,-0.0126385335705525,0.00921159873674395,-0.0451888233442655,0.00471084350866631,-0.00788859610232855,0.00499504587610504
0.0381847611773532,0.0456314170302187,0.0389809475172579,0.0117179625919783,-0.0261808715263872,0.0372448683427711,0.00399545274333544,0.000352560604900545,0.0269134218278873
-0.052807165138563,0.00231684320308269,-0.0103980770884553,-0.0230528642949105,0.0130285888610486,-0.0526238468243914,-0.00309032062541486,0.00808844747780224,0.00711600209796594
0.0560257716779121,0.0203305139030459,0.0238451612356361,0.0273011108763083,0.0282711258175358,0.0682639622425267,0.0287155222389061,0.0324143444448477,0.0398491012171939
0.0930658597296668,0.0128303515294722,0.0162920838677849,0.0229762465372761,0.0123620762884167,0.104653840197714,0.0113635073571461,0.00869185033765164,0.0213430104190276
-0.0268546466378055,0.00570385008620998,0.00180762739538397,-0.0228224580559611,0.00392178465607079,-0.0648003223829134,-0.00874896929898207,0.00383675388626164,-0.0125229870119343
0.00735812377429419,0.00718565056219829,0.00996292841603312,-0.00772555965767252,-0.00475815257212455,0.0053912068360953,-0.00329107075415885,-0.0151047796905593,-0.00486081288432688
0.0205976674363057,-0.00215086387314869,0.00886210778451312,-0.000686179101803536,0.017197656529996,0.0274596684771673,9.74628561929093e-05,0.00309070601710562,0.0255336875211214
0.0450026265239804,-0.00148334317473775,0.0105981640863363,-0.0208001614571827,0.0252610008618462,0.00810057668326335,0.0223206262341505,0.00536039419423634,0.0202541491621337
-0.0608966742341233,-0.0306775613876774,0.0163045442823804,-0.0274282231228005,-0.00454999548568597,-0.0209975112058446,-0.022288596887294,-0.039622915998929,-0.0239714362503588
-0.015833801711638,0.016901338107806,0.0165248022588477,-0.0136596404068084,0.0185907200322117,-0.0344074923280751,0.015697382422865,-0.0012923407653265,0.00984607852370047
0.0515687450778143,-0.00167338251746439,0.000848090617681248,0.0241882635134122,0.000356527929477529,0.0120570867649089,0.00570090848651213,-0.0104075207268143,-0.012199896695635
0.0480525505065157,-0.0356234371624464,-0.0114317307843088,0.0371580895273751,-0.000625050166661876,0.0303990337818044,-0.0082358544591234,-0.00902920408433454,-0.00195351392096818
-0.0695546034873409,-0.0292215117722166,-0.0287402946672949,-0.0162199287524324,0.0102645785625132,-0.0869293552361401,0.00133531159669363,-0.0227003265430518,-0.00643137933359664
-0.0640388009760294,-0.0076685938989979,-0.0133179856276056,-0.0369441289613912,0.00591007506921549,-0.0450711989744732,-0.0117457083480813,-0.0174033027518775,-0.0196819983401148
0.0102926209174174,0.0229832057042736,0.00987514586497609,0.036916521402508,0.0165545776542843,0.0328123493713995,0.0209145520586038,0.00780605782890424,0.0121162624070629
0.0224228970090914,-0.000970432871218445,0.00684954477179667,0.0135173152076991,-0.0153828494921008,0.0104783795687758,-0.00776531606680874,-0.0171597868000722,-0.0098867970232167
0.00415459858660915,0.0400271043121806,0.0230952475745728,0.0390116030408781,0.0246524272339861,0.0236064601773307,0.0264474848156977,0.041059213204211,0.0158401066944648
-0.027007503285215,0.0137399695307518,-0.0210738549053864,-0.00255757556590112,-0.000206070302093231,0.00244163133107456,-0.0142880946291598,-0.000148015899646582,-0.00926878198248913
-0.0129590255866852,-0.00441612047808506,-0.00748473845228048,0.0248243450943356,-0.00649622871179022,0.00305753051054735,0.00307135611444185,-0.0122743930586891,-0.0149186126737561
0.0201632482087481,-0.0031826524259954,0.00575962168393134,0.0366109634943242,0.0171232985104808,0.0390641525509826,0.0270412013951904,0.00581140459649192,0.0275253138358284
0.0487095611422897,0.0305663530583067,0.0203681949858089,-0.0146484283172234,-0.0138023022708416,0.0450049908100598,-0.0132490568616154,0.0270995578812553,-0.0166836984298666
-0.0398000476515774,-0.00928654969405671,-0.00252990546496483,-0.00662618750750111,-0.00993813621563258,-0.0398852360676055,0.0116773801438799,-0.0240490592575959,-0.0270612229015176
-0.066287332166358,-0.0469931369265388,-0.045396499066321,-0.0543637147410046,-0.0200278627851934,-0.0262700106949913,-0.0360738855894953,-0.0170248352951098,-0.00694496309293471
0.0861940073203002,0.076114519524105,0.0697192647808154,0.0203988115183484,0.0228079098175693,0.0788241833919127,0.00508173559629768,0.00262823006073449,0.0395334580977219
0.0232142160414554,0.0305961643974781,0.0108512753226214,0.00197408644044349,0.00444834442699062,-0.0313007620990294,-0.018603491544256,0.0104816743975923,0.0138910033270004
0.0213922280912881,0.0235469405983996,-0.0142093983181306,0.0332635398679619,0.00854140532190186,-0.00889430877841551,0.023454622245228,0.0133109187666147,0.0245666702841344
0.0217843844747057,0.00600475306698271,-0.00911686291973851,0.0189391654969741,-0.00264238919191995,0.0334550258777593,-0.0035390699919676,-0.00919029368856987,-0.0236176103052019
-0.0466948983610563,-0.00336477424532288,-0.0320131786840621,-0.0272099275532153,-0.00017570740186327,0.0274284748150352,-0.00921083993257289,-0.0330381434490879,-0.00832569537190299
0.00779484364621387,0.0188011154780525,0.0173740996571647,-0.00479376810726597,0.0252460584051319,0.00903708417215553,-0.00962405933688907,0.0341695445713107,0.0303640469025683
-0.019971884438915,-0.0458348303354335,-0.0281976682393268,0.00299192948252865,0.00594578335301021,-0.039626905652947,-0.00517161409640675,-0.0133327758218692,-0.0124488406840356
0.0316115878518879,-0.0154709263082701,-0.0162638515343421,0.0148336625698283,0.00119945001490761,-0.0364230101831456,0.00721147048176306,0.020503385266935,-0.00256214552189967
-0.0149187313783243,0.000352445156653358,-0.0387367111125303,-0.0131293018152001,-0.00961096800373401,-0.00158173307153431,-0.00118838586980484,0.00787222509810854,0.00691121482998587
-0.0190311366954927,0.0147586601919287,-0.0201412389736966,0.0467150288787762,0.00219468382769495,-0.0269423764560615,0.015235541562043,0.00864760129972682,0.00993315762426908
0.00630925485738237,-0.00883641716569987,-0.00672702914135894,0.037301709551199,0.00233956478797129,-0.00890599908984959,0.00227961313873987,0.01042209045303,0.00226210749753471
-0.0665895614694556,-0.0338702879169353,-0.00990928046430146,-0.00949353000081386,0.0127407846710963,-0.0333081803994085,-0.00679308339976175,-0.0108792686413871,0.0229776075472275
-0.0326586862682284,0.0189489980511465,0.0112190361660083,-7.23936580421043e-05,-0.00532073815613788,0.0102965750521979,-0.00212312691978524,-0.000127126409637417,-0.012265611837997
-0.00565526669513,0.0206101825273526,-0.0055170983841582,0.00393919532324712,-0.00963706475326472,-0.0453366977907515,-0.000805538566998822,0.000202627828409347,0.00916642324922085
-0.0341103137895401,-0.00235255570591277,0.0361875890066853,0.0401717840299823,0.0010886093802281,0.00388360870902653,0.0313729778993219,0.0121327256476427,-0.000917968601602202
0.0415052710415585,0.0232895385803923,-0.00430665589636034,0.0136216534283887,0.0158529426436709,-0.00264180438169704,0.0308557076549414,0.024806845902955,0.0288481042126994
0.0408725324860537,0.0118416477473488,0.024792936182618,0.0584442309636558,0.0209169288512781,0.0720023648242311,-0.0023671519133821,0.0263902955552977,0.0332281578668767
0.0900433342462553,0.0289381307259039,0.0278178869008734,0.0168383787334763,0.00740637871054868,0.106840985220819,0.00748433403995034,-0.00624648730232263,0.0151311954988178
-0.0982013310273288,-0.043709147044714,-0.0319075312185798,-0.0587742388198487,-0.00981952633619281,-0.117199113575253,-0.036592196535299,-0.0210617988777699,-0.0219356908640055
-0.000716459571369608,-0.00168030128448248,-0.00777226913476892,-0.0246670935631592,-0.0187124279105111,-0.027398454210044,0.00975940447791625,0.0047117086814047,-0.0127522112697019
0.0118781947352884,-0.0114478430629456,0.00155114091738171,-0.0397241158763501,0.00276350263855929,-0.00579653979234794,-0.020650922396373,-0.0262235722952418,-0.00815488602557626
-0.00689759066457419,-0.00995859433148014,-0.0423737594553572,-0.00373759388872224,-0.00618771808032941,-0.00900994177440182,-0.0459939063025265,0.00183477400207347,0.0024500134970726
-0.0136994642406234,0.00778108371812617,0.0100045714080772,0.0174080420696387,0.00824583500134835,-0.0353323906426413,-0.00437293002401693,0.0214672526125724,0.0161823042984864
-0.00825712137292005,0.0187929083455132,0.0222242844365959,-0.00672402587613656,0.00267503355891924,0.0118944628853729,0.0128243659684838,-0.00293308866436245,0.0148150669769217
-0.0361628159746666,0.0064644835319369,-0.0155193786369173,-0.000527223264177868,-0.00268674182211608,-0.026592865178639,-0.0294076041443119,-0.00352826284900743,0.00694935718791552
0.0753615893483052,-0.00504517125860916,0.0139676046415266,0.0139956949853144,0.0126138471593087,-0.015292916669087,0.0169873749842222,0.00881035210951209,0.0199485508041084
0.0924612453446979,0.0559034148673305,0.0460339449423708,0.0767527132825011,0.00885875643849836,0.0972594684835749,0.0131576384953799,0.023261315808916,0.00775995312345818
0.00607403029820046,0.00195634228511765,-0.0119968993119441,0.0151331539667841,0.00624160133686667,0.0220642965607906,-0.016110574031787,0.00555473851320888,0.000919394849740695
0.066253459731377,0.0257757067606183,0.0240354162509949,0.0406087352369733,-0.00144417355029227,0.0400081032584987,-0.000937575094848116,0.0345083431675537,0.00645513437959951
-0.0371467981002463,-0.0184110001583971,-0.00288145853412814,-0.0110264014619614,0.00613411707895237,0.100458687736645,-0.0125452551106878,-0.0169953096218474,-0.0267974621674255
-0.00646475307964479,0.0209634315123969,-0.0025909591417264,0.0143247957548437,-0.00222122724176763,-0.0193314793974179,0.0172439648655386,0.000153377792808378,0.0289933640850236
0.00810460640031663,-0.00782522206253307,-0.0205850646892544,0.0291949347367241,0.0103811545806243,0.0141441161151968,0.0442919619620425,-0.00530390809905363,0.0275142421546911
-0.0353815000550315,-0.00162625291329587,-0.0289097631317964,-0.0420871114727009,-0.00187638739391171,-0.0223109099842036,0.00503663726335807,-0.0140150756448855,-0.0112824080312056
-0.0520781013329983,-0.00279000363091597,-0.0141849720433709,-0.0242586791742477,-0.012767255828523,-0.0608103698178792,-0.0114719824890812,-0.0106732518771717,-0.0129893556446104
-0.00418341238550107,-0.0128881008660236,-0.0236788293704122,0.00457582172734256,-0.00387392538641443,-0.0772946167256225,-0.014554065079072,-0.0196199626901032,-0.0167463953164392
-0.0165047358992852,0.000510384200356364,-0.0106134012660476,0.0240675395557893,-0.00302165628771952,0.0340301359290668,0.00514162292359109,0.0270237668091972,-0.00625949504568551
0.0547943370441022,0.0130028511060152,0.0204554368376422,0.0186997084577001,-0.00227656427264819,0.0143171832618686,0.0139904731825878,0.0408015723290825,0.0136393948107175
0.0512997553957231,0.0373489579834994,0.0272288043365297,0.0571336231901715,0.0305871445827807,0.0777711658596422,0.0133803849246592,0.0171223825635809,0.0481020377390736
0.0772723531378725,0.0458373596735929,0.0358435551642676,0.00822970926612676,0.0131432096642068,0.0534976784206304,0.0158384474666472,0.0199742151692751,0.0215378632587399
-0.0031684237045841,-0.00529383650549399,-0.00390787913705666,0.0118120120355464,-0.0125139068342752,-0.000891757628161021,0.00771415280203776,0.00891496213347708,-0.00710189977541122
-0.0118945857489178,-0.0220242376243698,0.00608315759422862,-0.0275268031119379,0.00487929086333064,-0.0180794769163201,-0.00690442475097,-0.0246269142998923,-0.00348403843746154
0.0111251691566552,0.0503040148669122,0.0380846145545861,0.0211213497103286,-0.0145701303301605,0.00642672579381601,0.0108576873838337,0.0358919058435079,-0.0191391998645042
-0.129578981679591,-0.0241019730160206,-0.0422805455914077,-0.072833402279253,0.000877404654318402,-0.105209837093444,-0.0140703306706044,-0.00440945992600706,-0.0114307480521094
-0.0315912500704614,-0.0116677546311056,-0.00134728939052333,-0.000986488422627235,-0.0144388234984711,-0.0202107454195526,0.0118567736203321,-0.00880575360530671,-0.00456099038170248
0.0102119971787587,0.00964615324333945,-0.013608524958826,0.0187100345284027,8.87206199646271e-05,0.0113883115408947,-0.00597044662330719,0.0281546106503455,-0.000455770782405399
0.0569683035504144,0.0240936110687759,0.00056233240210804,-0.0167247739426558,0.0068230185939392,0.0533604590967176,-0.00724405281392512,0.00454372830903584,0.000961003233850646
-0.0684465042846056,-0.0270054007544612,-0.0273855884376582,-0.0374093469146184,0.0105329095574027,-0.0435597106356864,0.00308080763295536,-0.0202922833110413,-0.00477783329758961
-0.0530042508296159,-0.0154647843070343,-0.0321877127869226,-0.0366704331035104,-0.00244629126337834,-0.055668567687099,-0.0167226596287512,0.00904234291500731,-0.00275813052924493
-0.0013313987533734,0.00396750267545353,0.00260407025006739,-0.0203169919406603,-0.00116390529006089,-0.027514324156431,0.000177008870313459,0.0193391359408195,-0.00568595669750551
0.0254980347359472,-0.00161551998672621,-0.00422671899520308,-0.0054803972291809,0.00735609684285278,0.048037087247328,-0.00709123512079738,-0.0207417270345149,0.0187415517517287
0.0435684152053946,0.00999999597683865,0.0404058982432408,0.0308882905490878,0.0142131880430288,0.0770631179111514,-0.0121508536990802,0.00242036231231882,0.0287717974379135
-0.0471650163009116,-0.0207045904311481,-0.0371491048976418,-0.0126087826393577,0.00485482610250727,0.00252625391116257,0.00545398490646491,-0.0138377962944001,-0.0189420117034001
-0.0744689855762536,-0.024271322691899,-0.0123708105096097,-0.0164428195637906,-0.00994778156983393,-0.0597123526094964,-0.00838962481563428,-0.014258519196649,-0.0462390676053539
-0.0166179908853981,-0.00311887072979771,0.00134720325859342,0.00864097830580009,-0.00209784855840955,0.00134522874876952,0.0100181607210781,0.0141177539839999,0.0259292935072913
-0.0421124047077017,-0.0039583784459762,-0.0257925128710963,-0.0233413247212158,-0.00551239163548313,-0.0525284138661801,-0.014250224667328,-0.00960423500168555,-0.0175609815262905
-0.0316332722402228,-0.064325296398023,-0.0152051961734815,0.0348477194998107,-0.0046266652148746,-0.0141696980906949,-0.00791152721664815,0.00146293553527342,0.00945442335517751
0.0377488797505258,0.00054790346485175,0.00474163401103818,-0.0112941457440738,-0.00547341278995316,-0.00237565508195539,-0.0196228606968909,-0.00698292669737696,0.0033834305254872
0.0259560033850278,0.0080523355112101,0.00124027757288508,0.0561903511210867,0.00306837043157202,0.0288363121377747,0.0393429089299097,0.0112378003421304,0.0616328659864686
-0.0208601468266817,-0.0324500102779845,-0.0373693476941325,0.00996008025826586,0.0037678769187206,0.0104766982562043,0.0207587964570847,-0.00768468804721947,-0.00232795735566
-0.118432252870848,-0.0545864859309178,-0.0154649831151319,0.00153426854886349,-0.00695851445781172,-0.0977410292365581,-0.00878679860667719,-0.00107622166872838,-0.0129371387196126
0.0305423153362873,0.028459398514104,0.030043469928473,0.039710887055763,0.0298462641079471,0.00525559520904483,0.0201599622606109,0.0179105293893689,0.0354304412669338
0.0497205763321485,0.00707888161556535,0.0038876702962156,0.0245154375254018,-0.00944580348136023,0.0314506503108607,-0.0100221281997217,0.0146048394636766,-0.00818978306892593
-0.0633729939022145,-0.0179605184845358,-0.0230441647767415,-0.0335306730292478,-0.0217574368007049,-0.0379566345052643,-0.00470681885708028,-0.00863913248382199,-0.015730815979711
-0.0423007060161117,-0.0114805894157625,-0.00631424682192779,-0.0260259528214681,-0.0227118274965652,0.00122109631859826,-0.0118366535012972,-0.0100561079436051,-0.00895821333674608
0.00341922846073557,0.0235602995616659,0.000760768089203565,-0.00366810863085593,-0.00552929680813469,0.0155275204521845,-0.00259982647413359,0.0118524047113946,0.00592035759404496
0.078817906132476,0.0353034362371796,-0.000983533819109166,0.0272224777043189,0.00356112854396594,0.0513951355388844,0.00574214000839993,0.0136287364135564,0.0269068297138759
0.0303073919158973,0.0442722622127803,0.0372580799949764,0.044128123487616,-0.00257036289078217,0.0426797781753389,0.0111699930091752,0.0234324474328786,-0.00284420712094306
-0.00307678001270512,-0.0262006510626025,-0.0105723273074786,-0.0440554621478652,-0.0134291738221263,-0.0449643331534986,-0.000240141902647843,-0.0161138451161262,-0.0118554550516476
0.0481806119685719,0.0469018615524065,0.0421855824746629,0.0603344630232826,0.0179165660062189,0.0149147934898103,0.0288295446030918,0.0289288602979141,0.0333327845632056
0.0200531807281879,0.00761100044051766,-0.00597203169834268,-0.030587868395436,-0.00780097706799147,0.00885035460768285,-0.00720108797415562,-0.0065032836107208,-0.0157990839497366
0.00280020727444635,-0.0122208978569874,-0.0266476424558861,0.0168312184719972,0.00968026054519476,0.00596685102528671,0.000650023072116868,0.00391617418251335,-0.00337005916097854
0.0558935558472911,0.0218560814899948,0.0284770240841264,0.0415104741668074,0.01202961296348,0.0553108763145312,0.0028527063421428,0.00939374813837631,0.0142115231163737
-0.0206018108260278,-0.0148112786844415,-0.0125610313336432,0.043058528480991,0.00344308526435744,0.0205183921298489,0.0143322354921998,0.0114035787378635,-0.000152817902186567
0.0125672408422783,-0.010495314711121,-0.0151327281482446,-0.0187147014871709,-0.00162612050674735,-0.0302389050139766,0.00924375563155036,0.0173046305107332,0.00866940422040732
0.0144491832324119,0.0362070825283967,0.0241275744956136,0.067331317933442,0.0287006774241724,0.0705806186636927,0.01572959644789,0.0394797000218611,0.0289200980182462
0.0355011024422217,0.00994637943298006,-0.0179971731782682,-0.0062036759194374,0.000275054833568409,-0.0129320946262949,-0.00802314426082969,0.00382318299259529,0.00670704168160651
0.0141228356140351,0.0439425730839038,0.00890433542953381,0.0355294405634348,-0.00630018235644818,0.0155859447824657,-0.00318263606254097,0.0237902091422216,-0.00981604125969443
-0.0139120423006668,-0.00782869116084942,-0.0104424340570343,0.00287981877826286,0.00137160374068392,-0.0253441386184644,0.0128724463177346,0.0127046679365982,-0.0149050155072052
-0.0317301799467,-0.0167598581396458,-0.0110915172876267,-0.0183355603883963,-0.00275981056623737,-0.0808317442073226,-0.00865217245641315,-0.0232077644786949,0.00096902220902311
0.0839849815130659,0.00184230576455764,0.0107682011672838,0.0643098150111856,0.0176391529706035,0.0728631196605841,0.00821093845238491,0.0414011556871298,0.0113559101174873
0.0877850026863256,0.0356049321157605,0.0452515720115111,0.0275010995074579,-0.00346069766738619,0.0488827892574054,-0.00345405053000775,-0.00306015983043442,0.00498002162365301
0.0205818320993686,0.0283952786821061,-0.0016070982858503,0.0170831906675348,0.00309182847084661,-0.0414029274128687,-0.02094840190339,-0.0082373313225416,-0.0171844963544159
-0.0191740397154563,0.0163113138654769,0.00235395179096041,-0.0148497364557362,0.000576056478660712,-0.0409560091800274,-0.0045033900047919,-0.00562110615582969,-0.00167466796805009
-0.106222206241512,-0.0673420763394367,-0.0583671011826659,-0.0944078368913964,-0.0151520551138009,-0.116434090432793,-0.0290895764098073,-0.0306063725559221,-0.0413151084634292
-0.100035600196624,0.0198328438411921,-0.0238531834065075,-0.0548228011965277,-0.0161488349738393,-0.0620777529042435,-0.014261658838538,-0.0309308653212644,-0.0127603175243659
-0.0282842378208472,-0.0276313340244315,-0.0251252194195978,-0.0167421133467863,-0.00512772117249572,-0.040915888068493,-0.00798013335596078,-0.0158888842300997,-0.0319660048515024
-0.0724760489489746,-0.0310706457027308,-0.0356923567630729,-0.0422507865019026,0.0136980837427363,-0.0360258772016384,-0.00443793769221674,-0.0472698726219248,-0.00207676272084517
0.0291600988945959,0.00124813037847637,-0.00845481798169232,0.00986871930020787,0.014820673165519,0.0138668460514676,0.00887864637023216,0.00907912446437476,0.0246950289689103
0.0177325346628545,0.0267683606928962,0.00785249699442404,0.00488884324485226,0.0020071608014691,-0.00523134288047714,-0.00161587386303972,-0.00221360453976501,0.0108523957807581
0.0155701297197357,0.0196011149927816,-0.00790374868925093,-0.0278648202488913,-0.00620750040963215,-0.0133874581186224,-0.0102873385253479,0.00294704228060173,0.013206373106185
-0.0130578327385506,0.015130901513787,-0.00187713651560484,0.0164859470588839,0.010710940994956,0.0225408464795029,0.00178442220048948,0.0258987095903742,0.00369359711476961
0.0551961752724523,0.00938630928581967,0.00472139547372411,0.0236665939568674,0.000641958521256185,0.0378075747254476,-0.00100244846181529,0.0174828387847429,0.012565464117373
0.0733669434943777,0.0171200779986116,0.0131538045680653,0.0390332955739805,-0.00182846058231358,0.0476536050015386,0.00702430409640279,0.0102752464005101,0.0200863270131777
-0.12757823537383,0.0181738163387819,-0.045127871671986,-0.0382648792357725,0.00797237852863958,-0.0832217968011168,-0.0127009972251288,0.00686920776607734,0.0161276175071191
0.0293377717104435,0.0428654794025522,0.032827171989766,-0.00450767176378036,-0.0165593271248997,0.0012091728586466,-0.0081915329644012,0.0145386385309573,-0.00877591344826321
-0.0195711685371894,-0.00870925510172896,-0.0412213926572169,-0.0458532162570225,0.00652853592015489,0.00174303598157651,0.00859665076797552,-0.0295176644414132,0.0142327620008901
-0.0775142486086866,-0.0203542263515872,-0.00218062359755073,-0.0372634867135277,-0.00444144953968666,-0.0173326457728812,0.010107551304675,-0.0300297213772827,-0.047248315516295
0.0354702158824681,0.00478861410667822,-0.000751125514853675,-0.00925220101248107,0.00991661930470567,-0.0252127924387279,0.00953199241173393,0.00666100518151457,0.0216133241028828
-0.0725765604371494,-0.0291670948929472,-0.026079779052399,-0.056092272693158,-0.0149661440424066,-0.0452868178911123,-0.0130250666793817,-0.0410747478577423,-0.0222492982830751
-0.0324383428808967,-0.0686761678380049,-0.0424278603346896,0.00140833353287903,-0.0184191270864543,-0.0565271797832273,-0.013723987816611,-0.0279449051327751,-0.0465616737062695
0.0402610820407043,0.00218532924758092,0.00376737271200638,0.0246239150532419,-0.00415791274428115,0.0346357512453281,-0.000624805869052086,-0.0167081899748464,-0.00993224481450502
0.0344577079566583,-0.0213802442191968,-0.0153643113723113,0.0286415617356622,0.00909318223809594,0.0298114823417012,-0.0102022384831773,0.0151400249678255,0.0188911777817033
-0.0275342437418909,-0.00766208856282721,-0.0211249730979026,-0.0224415870875509,0.0138071511196434,-0.00437071295026028,-0.0271730633004627,-0.00421781032490051,0.0210191372227371
0.0133496807551342,0.0185998845983697,0.00552453043957819,0.0330258269157559,0.0187773233013918,-0.0356220907618263,0.0119317001168407,0.0206998517649309,0.0167267191893528
-0.0591716591369982,0.00906984053942709,-0.015402667259059,0.000755440408152464,-0.00619555981931212,-0.00941506775839148,-0.00825048332680809,-0.0275941582405743,-0.0203859135681887
-0.0293717945127076,0.0044080529243245,-0.0298410528723788,-0.00923033544388896,-0.0214349507339447,-0.0153340371436121,-0.00950459622519067,-0.00564001248876764,0.00189047910933823
-0.0426478002232089,-0.0170416307689423,-0.00260920657286091,-0.0187286129930865,-0.00458148537408318,-0.0333272858134333,-0.0103373822713467,-0.026548074283424,-0.0115723938775971
0.0245987780814377,0.0308776816355626,0.0141368567735386,0.0145053016828194,-0.00971445168685546,0.0528467253701047,0.00740564005917102,-0.00482554910909495,-0.00910908448670198
0.0226362604843098,0.0246303977760554,-0.0129576426711835,0.00291848679222109,0.0143890549249151,0.0155589100294961,0.015009140074937,0.00271562624154855,0.00186379965475709
0.0181170804573125,-0.014011460216171,-0.0130971066305222,0.0054574420979426,0.00850408712872409,0.00666876580534696,0.0122980017640838,0.00455968570378802,0.0165751718147969
0.0383497070021146,0.0394693747096704,0.033818759287176,0.0183939321164277,-0.0107841993926403,-0.00728778741847481,-0.00249183519354122,-0.000211790631015429,-0.00529675991734318
-0.0759875952182089,-0.0304592751954295,-0.0515748810830413,-0.0495467594236874,-0.0323350760731604,-0.106658264285558,-7.89641603202494e-05,-0.0154252452010508,-0.0280470359698696
0.0471699508548365,-0.00974272631812793,0.0134676199588974,0.00464690018346821,-0.0157604295944388,0.0705420889784461,-0.0121854806680456,-0.0107020756302695,-0.0124223043840979
-0.0495728217074862,0.010681836754306,-0.0125584993779605,0.000460942765043906,0.00102327924926789,-0.029820681730497,-0.000633071188873009,-0.0145355124204264,0.00368093813079031
0.0155691301854056,-0.00226612424467796,0.0146110973493491,0.00838335057752979,0.00522328314448138,-0.0767521731565101,0.0148996921373514,-0.00182969257840667,-0.0180236979710964
0.0583256030803013,0.0050303409120743,0.0172471753450155,0.00202723339436041,-0.0196630062220874,0.0255297810942829,-0.0213526672785253,0.00816659160312458,0.00713630929472567
-0.105583082202177,-0.0200306944924485,-0.0449787415252499,-0.0606405303675031,-0.0122946046949882,-0.072368501328483,-0.02828268316808,-0.0201438705526768,-0.0386152402766316
-0.00727697867864456,-0.010483086717398,0.0104907027996601,-0.0287250236461037,-0.012389256333193,-0.0195176272679622,-0.00975002201701369,-0.0393876805351846,-0.00363389316493549
-0.052066919032553,-0.034891953818251,-0.0198838689623181,-0.0331422307547864,-0.00913900617316658,-0.0607126721821248,-0.0132833590722835,-0.009559447406883,-0.0159697715898305
-0.00311618883396476,0.0019463476388037,-0.00343658495348135,-0.000513078533646827,-0.00849506683531784,0.0362834217900835,-0.00121825529021017,0.00320977569908184,-0.00981261246047985
0.0140977895715175,-0.0166403305223212,-0.015515187676524,0.0301229094482113,0.016905624604527,0.0119100333087764,0.0107428091842346,0.017696020557265,0.022220599931735
0.0279968460292633,0.015149087946063,-0.0186142908110313,-0.00774678014458653,-0.00839805699840719,0.0161062142509211,0.0117322089894724,-0.0140002983833488,0.0158381838028352
0.0199499942907954,-0.0063866690553705,-0.0232413812534469,0.01129308992567,0.00458902042822825,0.00332639226473578,0.00300995110635066,0.0158096324253182,0.0103461003994934
0.0115477592785197,-0.0182006666466406,-0.00472224319354566,-0.0227222268211276,-0.00739639417692486,6.68444269774048e-05,-0.0334104412119199,-0.0365149771830445,-0.0207542019449199
-0.0912930200090198,-0.0285676014446864,-0.0540687461758379,-0.0313031260297281,-0.00274524901331261,-0.0683287532453258,-0.0184356490089457,-0.0198034174709948,-0.0131626204566342
0.0476702766351761,0.00216226254914698,0.00725841247059002,0.0222964682762384,-0.00816905918018864,0.0637754890565565,0.00849528252281467,0.017343854581884,-0.00889593714151482
-0.023992873573362,-0.0248542648513063,-0.0179104674558039,-0.00153747050845805,-0.0043020786209941,-0.0148920647104822,0.0148388934115486,0.0055858492345774,0.00878118196793549
-0.0443771898438204,-0.0149298581492152,-0.0335939187488668,0.0589769036635355,0.00208787243518229,-0.0101888776042341,0.0116906618931642,0.0163846201138124,0.0117246958807697
-0.0496672942144958,0.00643885526045467,-0.0171255445263981,0.0062231761596008,-0.0165422976290561,-0.05720777824818,-0.0128372383817793,-0.00595260340099445,-0.0103074184265369
0.0135062639496296,0.00313522858182793,-0.00233494899707178,0.0135039488435218,0.0125103939673674,0.00771521298218821,0.0238422628795998,0.00100385009391007,0.00049241883029688
-0.0186973169172603,-0.0175661842510268,-0.0324259446779422,-0.00489250275543174,-0.0066075952341653,-0.0505313637257049,-0.0121496676144904,0.00895627453915547,-0.0241284470112
-0.12013732630735,-0.00408157847883419,-0.0179588378336558,-0.0387314862782769,-0.0023762190682293,-0.08282331134722,-0.00775716487213392,-0.0320999223909012,-0.00242737333862413
-0.0221982817740977,0.0350663277706288,-0.00156505650449094,0.00501490851169637,0.0185635085666623,0.00553319036312941,0.00226393158076294,0.00639014734073052,0.0373058284689802
-0.000914983901226418,0.00534985744253166,0.00889962211991458,0.00113909997986081,0.00324097745921098,-0.0139243867837194,-0.000482636616692606,0.0216884411903215,-0.00649919812448841
0.0114349813695785,-0.0171914656458239,-0.0140862955189154,-0.00352224716848042,-0.0169080086693371,0.0115065463235612,-0.00133671154514461,-0.00457137238987488,-0.0280633488823172
-0.0820679628687003,0.0205500912227389,-0.0624816206696396,-0.0168258324274646,-0.00723245127995773,-0.0723205311048202,-0.0255310755027043,-0.035880417465176,-0.0286208549564752
-0.0273077523502678,-0.0225507507920969,-0.00731766453122758,0.0104435577780199,-0.00502982053582018,0.0384646209640547,0.00901498173552705,-0.0031156996120126,-0.014703223863786
-0.0500563116182002,-0.0161544365714649,-0.0369960948327578,0.000433981922737662,0.011885317491678,0.00245406893332993,0.006012512230943,-0.00214851494732266,0.00433365666014583
-0.00746369046601188,0.0159405068523832,-0.00399757400767979,0.00900307910575069,0.00773448669551727,-0.0465533925986531,-0.000164793005234486,-0.00964402466987913,0.00157735123391016
-0.0130757809350053,-0.024480736186716,0.0117417088567356,-0.008714827535998,-0.00886499396547776,-0.0111051280561822,0.00236579789250206,-0.0162632739421329,-0.0129043971686333
-0.0146086474496581,0.0064412934901405,-0.0179065357690309,-0.0173715011704712,0.00193585244443986,-0.0740139722940844,0.0106077824680678,0.0187638567053278,0.0109613517027672
-0.0655310828696317,0.0061066272423124,-0.0235344314857148,-0.0278600418394237,-0.0106514491753307,-0.0736283432226996,-0.0052088540716472,0.00143141229236171,-0.00462511405384303
0.0158372050908874,0.0341433210439162,-0.0199259716786952,-0.0126647548609416,0.00129076562577622,-0.0196894403726205,-0.0115505033726062,-0.0137376915068715,-0.00251255936253608
-0.0638907805008502,-0.0214589135497329,-0.0264147077617351,-0.0321240041387523,-0.00653083928351581,-0.062865880902526,-0.00338594523071193,0.00939130602651438,-0.00707023388953263
-0.0042246933820807,0.0153497410000493,0.0161708659722518,0.0299950950202184,0.0131937418155431,0.0124393241443893,0.00653867255519528,0.0225496341708822,0.00705926484664427
0.0131883323102982,-0.0283604511601646,0.00714210669709153,0.00830843538770545,4.17729552186624e-05,0.0284205764073312,0.0238502516695138,0.00825247673584518,0.00394130193086462
-0.0620287805023727,-0.0319629976291056,-0.0376837810337849,0.0163994301111218,-0.00590935072297566,-0.0868551054126099,-0.00626178076152751,-0.0087906117378056,-0.0016394258615044
-0.000235132790327761,0.00678237593610727,-0.0192672231221269,-0.0281117600600079,-0.00378166559219228,0.0158459707919076,-0.000951746945604626,-0.00347470430294952,0.00146108657609913
-0.0712368274077016,-0.0426077448679128,-0.0462246855766673,-0.0281634333010512,-0.00754228540263811,-0.0583063077760164,-0.0345450489680888,-0.0447022352543684,-0.0140198752794016
-0.0069920534450264,-0.0422611350822816,-0.00717733556638686,-0.000870657473378924,0.00500740916960619,-0.0207327704884028,0.00968991343864777,0.0121376439992828,-0.00101618143284693
-0.0113040242459186,-0.0423298400262006,-0.0455207426013505,0.0232497379963949,-0.00531451959087415,0.00489181674881689,-0.00671210225504436,0.0198538866743475,-0.0254671327811427
-0.046534848216373,-0.0539169856156833,-0.0376476661711518,-0.0417135109355781,-0.000107674771374169,0.000594420004391106,-0.00338358854588254,-0.00532507574960696,0.00223765683049186
-0.00514244083260284,0.0231515050830599,0.032542258281676,0.0140074951518173,0.00161942419514495,-0.00719209800183583,0.0156325718353283,-0.0128258242782237,-0.00966851206667332
0.0257407754383483,0.0342676109957412,0.0162335004017847,0.0246354685490665,0.00915687386189252,0.0208167490467325,0.0307731251363254,0.0332668549314021,0.0323755966788368
0.00106150088647948,0.00306655503486872,0.00873692390655665,0.044459694596742,0.0134384362273536,0.0182524567725318,0.028123016346942,0.00808848796117074,0.0359508873000996
-0.0668667366712956,-0.0137872448370553,-0.00492942788027526,0.00886426845176407,-0.00795747878656755,0.0113058023894628,-0.000254611169601816,0.00915330707524318,-0.0169402019293547
-0.0260057425672707,-0.000730392526554856,-0.00644560945675248,-0.0315823326780157,-0.00672913121261494,-0.0176451488088923,-0.000530966849207697,-0.0279689806831769,-0.00107589458198855
0.0167329951030404,0.0140374592627257,-0.00912275489981026,0.0100581868730514,0.0126836480124759,0.0359633059651992,0.0146684508628727,0.0191687670091376,0.0101604070049615
0.00250588215393417,0.00936809434534129,0.00244485594743538,0.00298275417775824,-0.00100330334114129,-0.0145096265036454,0.00795242074252105,0.0105246782508701,-0.00272525422854358
-0.0364887926707737,-0.0152171363147722,-0.011684537485509,-0.0188708451845548,-0.00905326551252231,-0.0413158351011396,0.000809078887757374,0.0030132215608216,-0.0086386701155106
-0.030420598368419,-0.0178120270437384,-0.0424946224618375,-0.0181020967145535,-0.0126439296818041,0.0174260818610861,-0.00272283747300614,-0.0166023669128957,-0.00419311388382724
0.0467052993405325,0.0338287534402221,0.0345377690481219,0.0422318059486893,-0.00047123140769736,0.0354364421998655,0.00511193725645403,0.0310489165467515,0.0017004074459436
0.0792679446669461,0.0112532613848427,-0.00378433083319244,0.00721964236593688,0.0186693131816725,0.0776126468060261,0.0210149251725676,0.0366793964893024,0.0332511785465592
0.0235558080082877,0.00912877462331717,-0.000813014406988249,0.0350073803084115,0.00737244411487548,0.0128526452119934,0.00588357436491119,0.000691151100374023,0.00158040879863916
-0.0338074062037436,-0.0260826432492067,0.0246271987676527,-0.041949385347923,-0.00486030501686899,-0.0342905598018799,-0.00660679957046105,-0.0291711006006923,-0.0326203974573503
0.0121110824842865,-0.00854879980595347,-0.0125721946069129,0.0284206912973476,-0.00675310538479078,-0.0270596796428558,0.00473955224342517,0.00668182548849516,-0.00108229262344734
-0.00225374786643648,-0.0400673654371579,-0.0357063783520817,-0.0151610061347344,-0.007141941640447,-0.0890291709789121,-0.00560330263415193,-0.00843334659682595,-0.00749194061756478
0.0233931708284783,0.0154750663407734,0.0309535891341022,-0.00694605567741039,0.00367077490533237,0.0161906176586072,0.0119650109187873,0.0198712892431477,0.00437591041668899
0.00994481417018655,-0.0178155132963936,-0.012621072574657,0.000500895411177815,-0.0175333004567325,-0.0182201073511317,-0.00563094073236153,-0.00557821486327007,-0.0173209493306007
0.0252757415254361,0.0411390766424818,0.0111057700615852,0.00547630791841998,0.0052294217972656,-0.0297318415689658,0.00912374038507414,0.00740504657243475,-0.00357213633545544
-0.0238583586387311,-0.0140079343318302,0.00690716232567301,0.00682831046261142,0.00859869077042237,0.00347374171411588,0.0391426915408413,-0.00348050196264827,-0.00181729779003027
0.00401802527462304,-0.0264351719845931,-0.0234167395568244,0.0146162591344045,0.00508267046147114,0.0805372049795047,-0.00478211348377539,-0.0184988815965436,-0.0264084698911511
0.0360796984211613,0.0382454114013949,0.0367326921398929,0.0370556863732201,0.00655193666765325,0.0196969357189643,0.0127150489620397,0.0240565927875768,0.0238951782475451
-0.0534082674202518,-0.0172168289172916,0.00412278604558629,-0.0137410293851262,-0.00579058793647701,-0.0190024753359119,-0.00698181549121,-0.0248287500238045,-0.0290849892528041
0.063430900809105,0.0135117378199993,0.0197710329203086,0.0184268084663157,-0.00247025132586615,0.0184631635954312,-0.00903158603215096,0.0107973489372836,0.00119373948329817
0.0566012837229402,-0.00129827873180573,0.00360226798548248,0.0472429010432428,0.00218390731606092,0.0271495716357546,-0.0172598895202974,0.0320684930869208,-0.00727540596783394
-0.00152345032003664,0.0160152598979243,0.0122798682182866,0.0291062744713619,0.0137535482290265,0.0163630096008884,0.00915040304896293,0.0351574504336856,0.0094086471360416
-0.021267123057757,-0.000107199460565332,-0.00756306168300041,-0.0123954624383388,0.00181117966531114,0.00109143261730619,-0.00846814177003276,-0.0129486394383998,-0.0115367303870823
0.0271349695014625,0.0124668898597957,0.0116294245485094,0.0203072343956715,-0.00981627273372013,0.0522330570463896,0.0122973850988511,0.0207211735664949,0.0116607444289188
-0.0359516841756842,-0.0110676970482084,-0.0295040919317526,-0.0444854018597624,0.0281751062606681,-0.0710604000196809,0.00708914042031519,0.0028188856114671,-0.000937155200279648
-0.0317055710451526,-0.0160797777815019,-0.0232123225399682,0.0228817105731591,-0.0187996835780678,-0.0399085190356446,-0.00599208620023948,-0.016805787856469,-0.0244635221348751
-0.0180114782951022,0.010020168425771,0.0183773375369965,-0.00195891604777922,0.00178382394967149,-0.033108989556322,0.00013528087625372,-0.00060017310085911,-0.00486668817282453
-0.0441186775994251,-0.018943966955031,0.020404104229331,0.032441460895299,0.00898235719269023,-0.0400328456310591,0.00066799760856847,0.0366387296600766,0.0171133427454169
0.0181219078886368,-0.0186750768559962,-0.0152904122317382,0.00402709228708824,-0.00516317003262969,-0.0209717008284807,0.00594372175301669,-0.00701315056626129,-0.00822950141000769
-0.0170519991935308,0.00534020278508227,-0.00323224146203231,0.0127003858873992,-0.00148966553090416,-0.032873903399378,0.00540227460247918,0.00581124819623025,0.0069378119429336
0.0644649622451499,0.0480240349393293,0.0347514161539307,0.0245865224128913,0.0205330178067185,0.0410385430636653,0.0160946878092341,0.0031052247156963,0.038420091687188
0.0465090475840726,0.0202025267192464,0.0230336498579159,0.0244523078104086,0.0097971386090113,0.00510765517091719,0.0115571296250558,0.024123543025988,0.0141295445688081
-0.0127809833238534,0.0161864552516349,-0.0201463084079496,-0.0110324432440068,-0.0152033236038362,0.00929118162575227,-0.00432992376412624,0.00288692693183991,4.78595881123872e-05
0.0758266520410493,0.0626140450361915,0.0492241402832352,0.0608455636021686,0.00849568385201386,0.0910713958466912,0.0178244344589414,0.0240539628831999,0.0259735495626434
0.0561349186118415,-0.0160156894766643,0.00971655324529669,-0.0113926437719713,-0.00513404401567423,-0.0142071637129316,-0.00710503921542727,-0.0221203105027181,-0.015609256558234
-0.139641722803773,-0.0675281204988094,-0.0513325631298272,-0.0446159591608658,-0.0349376165765278,-0.131421418288262,-0.0167036260761378,-0.038716035894538,-0.0421672935286105
-0.0151892037484549,-0.00464219825742102,-0.0307312097637068,-0.0115279258544703,-0.0027761904183881,-0.0345781525197413,-0.0181466394900895,-0.00273980613742885,0.000866021388270591
0.00873889919481703,-0.0182337508100496,-0.0428110382942786,-0.0154283119953939,0.00114014084806338,0.0150928079976777,-0.0247545567484153,-0.0117503957940321,0.00566567583454203
0.0238340647645252,0.00201616872070853,0.0241087495297962,0.037541551516358,-0.00725566908603298,0.0705416849819571,0.00329573574947846,0.0226141839990515,0.000780153698484245
-0.00747735458259188,-0.00610972368398425,0.00391403431369338,-0.00186372838964183,-0.0142677591069657,-0.00285043705372221,-0.0264635390395456,0.0115847125074869,-0.0157501408403878
0.025923108170696,-0.00791562146610761,0.00742874515197396,0.0165352571918048,-0.0170615544261779,-0.0489627449019597,0.00516455349857817,-0.00198400068412438,-0.0288276748933176
0.00572864692236002,-0.0136432951667646,-0.00946993191993323,0.0284060520478883,-0.00369885593803207,-0.0076535760800619,0.00499478877236216,0.0265702479572632,-0.0019899469969335
0.0419666169975429,0.0435631753014317,0.0440079963196539,0.0385348750983012,0.0347728887970052,0.0407905969209905,0.0255945042818542,0.024528881724207,0.0416546435847221
0.00842610801895719,-0.0151654291866342,-0.0347691371515364,0.00407753905911109,-0.0039793742518733,0.0034600174149671,-0.0198318933195569,0.000370515824187812,-0.00558071157861324
0.055507013723629,-0.0438740946299644,-0.0182589871379667,0.0147614759723076,0.00490782404304554,-0.00381944394999646,0.00551055187900464,-0.00133804188550415,0.0177889546990522
-0.0132871674006276,-0.0131576879484724,-0.0401757230068403,-0.0220665379095756,0.00858083404274954,-0.0264901619846466,0.0129423377114347,-0.013111460594736,-0.0158578608111133
0.0193634584149919,-0.00909584821231305,0.00385457094577318,-0.0132747023421149,-0.00699577739470422,0.047912302252306,0.00210090915165464,0.00903352563744764,0.0153795319240362
0.0879819402380186,0.0233133437798987,-0.0207770954896149,0.0620409034819136,0.0123969836590823,0.0603779679103339,-0.000628628766292571,0.015440621035731,0.0182104377306731
0.0291395909595352,0.00705687071263285,-0.0113242410832899,0.0121495955221716,0.016138164410498,0.0445087347244008,0.0077873294325219,0.00814491649211173,0.0146953035823571
-0.049865731144237,-0.000738934998755519,-0.0109602235966713,-0.0278625661111388,-0.0115806702647678,-0.0705002619880003,0.008350426160007,-0.0114860335688291,-0.0176027402106832
0.0149638657291485,-0.00556498990957775,0.0207568063015714,0.00213204262822347,-0.0233866989187711,-0.00743582262516164,-0.0109687191991638,0.0103227594065867,-0.0115914999457049
0.0112805437634083,0.0107336689257188,0.0167307128209009,0.00884598892485502,0.00648668947030329,0.0139215164385448,0.00602999736110107,-0.0182753606547925,-0.000110867268704143
0.00133676579503719,0.0208915797358055,0.0178171770462415,0.07894372506214,0.0113861805945458,0.0406399028083892,0.0202380764276379,0.0226802172503132,0.027414889818708
-0.0484442583661844,-0.0232590847903843,-0.0459527689175002,-0.0292307403288748,-0.00177915383827176,-0.0292378968374262,0.00286804172968014,-0.00850350692416583,0.00768678356626611
0.0797551393732286,0.0230909281289405,0.0268768172609026,0.00226238170849732,0.0100798173096601,-0.0025905602936298,0.0332561562138921,0.00806266099292064,-0.0153220779494957
0.048932034805883,-0.00494767025010708,0.0153438495078793,0.00304083866193007,0.00819940946559287,0.00713474599485697,0.0175483942532731,0.0117124635868761,0.00516565146929382
0.0144389911789753,0.00971179127691223,0.0138537951260696,-0.0272414028200194,-0.00607984061856189,0.0481416153371023,-0.0423749060450295,-0.00161260974436149,-0.0266016792777231
-0.0495725191230341,-0.0372632183490238,-0.0289615506895375,-0.0369494706703191,-0.0150289738257872,-0.0320657627763312,-0.00718508860865274,-0.0195312626067108,-0.0153028724356501
-0.0244974427808373,-0.0256527255860193,0.0105212137526798,0.0132091050433858,0.00837801347151631,-0.0261210983876855,0.0193268737842511,0.0124912414964847,0.0187383374103775
-0.0215617776964994,0.0018468659444031,-0.038963887892565,-0.00527411637499559,-0.00219221412682034,-0.051970568738748,0.00716281093887638,-0.0140050415456707,-0.0278959180981403
0.100754960046867,0.067417819558741,0.0441626755482776,0.0357029317533845,0.0106081486410176,0.0576588263425317,0.0160477754394103,0.0280490021416826,0.0244456960019988
0.0516572350675264,0.00486582159616496,0.0155629686269532,0.0111108037269802,-0.00870330954202766,0.0158188435309128,-0.0124260144193177,0.0156664628592638,0.00885069659414682
-0.0226234256663831,-0.00182416707946207,-0.028565239170277,-0.0207368669733261,-0.0108526826213762,-0.0157628156675109,-0.00299706142583135,-0.0104794870587689,-0.014457052326452
-0.0390176486012156,-0.044793860365091,-0.0307746989022487,0.0108227948411596,-0.0250562630874616,-0.032026465512505,-0.0197027583052175,-0.0175456022794509,-0.0217621996626726
0.0419738343534559,0.00268453083509721,0.00141530947181288,-0.0181914092092762,0.00626612993718367,0.0143950764534865,-0.0116643311362168,-0.00205167539782493,0.0113023840410527
-0.0136690926932391,-0.0331215619362196,-0.0115213572951789,-0.00951306696128992,-0.00513163685694218,0.00374093545801432,0.00429432567879812,-9.85616891795567e-06,-0.0226156268497052
-0.0384344938542834,0.0228345999498117,-0.00427386687984346,-0.0319643809784354,-0.0309460501097841,-0.0423196602178927,-0.0234071457610288,-0.0389784301904283,-0.0341204972581563
-0.0455501608554031,0.0176024001579762,0.00318648219278871,0.0154198215569765,0.00210329236641105,0.046614156094925,0.0317611503376408,-0.0121420574267139,0.00505271343417451
-0.0423494856839621,-0.00122593211046769,0.0101899557716058,-0.0142140216598234,-0.0244407347363778,-0.0342602013211268,-0.0330951652210316,-0.0312899672190031,-0.0253157885824338
0.0259407235495561,0.0426076840760306,0.0314741729631914,0.0833685287018294,0.00437622276857855,0.0241084999490606,0.0245328993331885,0.0343063217237633,0.0202075528996064
0.0653572985187,0.00521692036229257,0.00799356793340608,0.024859032266228,-0.00206683355094907,0.010934489320922,0.00408314877494513,0.000742906360289879,0.0127379930381374
0.00283151398997755,0.00484719676143412,0.00238803561400481,0.018773630168975,0.000365162674448247,-0.0236718197593278,0.00880177464575391,0.00307588509581285,-0.009267541869808
-0.0387243205917222,-0.0146148613989003,0.00961161686027083,-0.0312443496382568,-0.005583381015532,-0.0339158535346337,-0.0292860292878515,-0.0259515223964423,-0.0100204917616283
-0.0446537089074258,0.0023970597349253,-0.0121470038969106,-0.0175758879836924,0.0036882082451485,6.57753057541578e-05,0.00026541765881457,0.00416377109293743,0.00418748934855457
0.040294892847259,-0.0612737557624378,0.0139317277381318,0.0347303486281658,0.00854576713614304,0.0126041728967835,0.00819340544664999,-0.00375742097466607,0.012690186776329
-0.0602167763548481,-0.0183897916072166,-0.0294547687729437,-0.0122983520516774,-0.019840027642679,-0.0627350534768002,-0.00263621961956167,-0.0205079249230747,-0.0359486505692535
0.0530723769022864,-0.00113693610833499,0.00452673002394537,0.043757034430394,-0.0200409785782018,0.0564343500518358,0.0033557820229822,0.0131147292823845,-0.029104913133948
0.0732755648759381,-0.0141336717153922,0.00308199771507228,0.0102008033746271,0.00313021735710701,-0.00859886705185842,0.00933722745258639,0.0133219372931837,0.00329695932641395
-0.00963448861661943,-0.00905669986848693,-0.00296792611545839,0.00591336013559489,-0.0127814442915923,-0.00528483467596612,-0.0059549405406048,-0.00611163783899391,0.00293449621830994
-0.0185445330616117,-0.0302001913943088,-0.00558105597667946,0.0250048866706355,-0.00155972858029989,0.0114181258387299,0.00257463003457227,-0.00142837282140915,-0.0141516469611948
0.0442210911839549,0.0390821927014938,0.036635271041103,-0.00472374437582011,-0.0187644586319054,0.0638154065169597,-0.024356061367166,-0.00307981907089463,-0.0116969117863069
0.0341018095828549,0.0185349920341693,0.0335145628728966,0.0363841190497701,0.00246390315823706,-0.0274046779635477,0.00948714623615647,-0.0139144045776604,0.00413546834811699
0.0793060051911251,0.0495495487064976,0.0551873948767716,0.0210576802711452,0.00805172520708558,0.0766670960250055,0.00827949283887128,-0.00514846990159138,0.0079226181722869
0.0507405749566668,0.000687118163012466,0.00523150587571307,0.0182793662330206,0.0240179293483373,0.0606073406262822,0.00567105678607927,0.011632463582951,0.0139069980246772
0.00962706644790052,0.0532875025183728,-0.000734886251923461,0.0891139852312705,0.0322701521458872,0.00892548323112797,0.0618975613937412,0.0460321105967179,0.045590689157975
-0.00552456716772746,0.00573404325348216,-0.0133321928913829,0.00419152799457579,0.00990106471591252,0.0244100574879369,0.014456355657265,-0.00888260316012878,0.00371847034173065
0.0406830819671584,-0.0483724797678455,0.00372413128182394,0.0107345071477102,-0.0273079003405747,0.0360976954372023,-0.0137969013997524,-0.0258075260363894,-0.0212498086540119
-0.0249224463815421,-0.0305976329570127,-0.00489547418268277,-0.00619119338253648,-0.0273765753544817,-0.00470982002396004,-0.0142766549256048,-0.012620393422844,-0.0282015723843496
0.010997439699143,0.00560621983791066,0.0341257871768723,0.0148922038975767,-0.00638169451090079,0.0192562937024993,-0.0170416762074197,0.000656049926092371,-0.0112002474227059
-0.0225886120247155,-0.00341380204080657,-0.0338941859636869,0.00408018846753283,-0.00330136531121052,-0.010877180986444,0.00368377283513052,-0.00792141552150121,-0.0049948347324251
-0.000279602728928782,-0.0158302080580291,-0.0117376752371856,0.00328933666930553,0.0103606992834454,0.00182214048394648,0.00651778665959276,0.00107133910410395,-0.0213523344430896
-0.010319369873065,0.00990999522701356,0.00149990169106241,-0.0208378368290414,-0.00352915242761725,0.0163774098151824,0.00971483019113233,-0.00295835291845989,-0.00162259222196314
0.0104568908962565,0.00968637046548498,0.00402341035575626,0.0139953764365785,0.00446564204845771,0.0130327627864367,0.0259315187492812,0.0117386834746611,0.00680656295276307
0.00128923709466498,-0.0244543810229224,0.00847071363577702,-0.0191180558230557,-0.0147640172259749,0.00870130788322885,-0.0321668116000343,0.00260323243494058,-0.0150837836894892
-0.0235210944004083,0.00217620406395778,-0.00332481436617353,-0.00552124510918676,0.0119205109363435,0.0295843949888216,0.00246518559004216,-0.0070778345986092,0.00455323337752649
-0.0446186782719922,-0.00114530938367439,0.00942228797233739,-0.0301558921056768,-0.0147214473367852,-0.00691273165896118,-0.0154986791535467,-0.0388232162137742,-0.024513951701612
0.10026490770943,-0.0109808720581771,0.0065449479342053,-0.0160707866013175,-0.00545927839169915,0.0582306301750417,-0.0199533354390969,-0.00477592465589898,-0.0139821259911765
-0.00959858636380836,-0.0246869761725295,-0.0502219652389051,-0.0198688957286324,-0.00227206545620497,-0.0367199444176885,-0.0381818351791857,-0.0112864002109237,0.0181280582521444
0.0222382034422713,-0.0169971933367395,-0.00407477619076381,0.0314506197521436,-0.00962279440610849,0.0376693833015198,0.00680689838699385,0.00411369481812543,-0.000130775314897269
-0.010235660630093,0.0106681902480191,0.00454327395505677,-0.0400693164860132,-0.00307927456898282,0.00157240292770108,-0.00862193133116769,-0.00903033159066831,-0.00137090600731582
-0.12841139746776,-0.0615423074947544,-0.0109867255603518,-0.0761588626055583,-0.0107082368680932,-0.189903401536433,-0.00847230200212951,-0.0120539553826942,-0.0193067054756221
-0.00996033705782111,0.0179435053996073,0.00378315931075499,0.0138474022729786,-0.0244428305463346,0.0043644721995697,-0.00302879855999701,-0.00360244183127859,-0.0300951816069745
0.020804671241703,0.0205123242092913,0.00762361669139156,0.00650896049509418,-0.00130834659564992,0.000514236541941964,0.00245714420269185,-0.0138648396769253,0.00943808021658669
0.0188212926636241,-0.0106731627245736,-0.0157344207308214,0.0266415756469787,0.00360680019133496,0.0459670590508578,0.00748615673186035,0.0181677815933551,0.0139483623047939
0.0765828649519027,0.0152856774332343,0.0136418571679839,0.0343857357585805,0.00676467792353403,0.0733050471291803,0.0364604356615804,0.0224838194026556,0.0467368751661532
-0.0275866034307648,-0.0207765398538304,-0.0198366525063563,-0.0450119271976341,-0.00125300728099949,-0.0290259547861716,0.00732643517173637,-0.00714890033178578,-0.00165013103557261
0.0209269636588722,-0.0020354455983773,-0.00652142370409162,-0.00572763753286642,-0.00648577913852635,0.0639131885272749,-0.00914813528488708,0.0213029868617354,-0.0156329234535892
-0.00245458632029179,-0.00554484412558648,0.0116940331971071,-0.00273166449492236,0.00707424292332731,-0.0268162319603919,0.000145041289187056,-0.000306021041182284,-0.00665753702784736
-0.051484945265117,-0.0473895814377674,-0.0221051066866055,-0.00606158246518783,-0.0194690922211397,-0.0511355833949596,-0.0225973902603733,-0.010601118521577,0.00792228350165671
-0.0200405894873904,0.0131880173613085,-0.0210866051024354,0.0124947995819102,0.00522612735762019,0.0524977568064107,0.0225558877458226,0.00898582704852315,0.0191045457830529
-0.0552171412927942,0.00841087408344062,-0.0140947559311192,-0.0363430288852233,-0.0048984816119139,-0.0440560778079903,-0.0250595517710255,-0.0230254972883029,-0.0103912031735568
-0.0703729165907176,-0.0376430485317159,-0.0667041058125221,-0.0391890989894447,-0.00768474024446571,-0.027089513597297,-0.00760326725894296,-0.016407464513505,-0.0141225948156722
-0.0481880063601969,-0.00851184525900505,-0.00562694512588766,-0.00673165574651972,-0.00866319588838112,-0.00618545229542479,-0.00345380854040907,-0.000612037579192144,-0.00552366939488146
0.0149320373803855,-0.0231862769770091,-0.0219996215955365,-0.0117270727955104,0.00219642000775368,0.0174863675669448,-0.0041284040445582,-0.0128535257475931,0.00560342814222319
-0.0728031215100305,-0.0366766541025916,-0.0461502634953335,-0.0404323774980409,-0.0264657631224436,-0.0912264574558932,-0.0330208096327962,-0.00467463475604162,-0.0298182254528863
-0.0200812646398515,-0.00701290505125494,-0.0112273028528275,0.0202652264710187,0.0015882213722316,-0.010301981001921,0.0150948457101314,-0.0012571648743899,0.00150001012588457
0.129575257028585,0.0420024163239231,0.0323228487182643,0.0171234084194914,0.0145284615004511,-0.0880238622287925,-0.000402687508755267,0.025443607397888,0.0375482445504192
0.0453144984073536,-0.00498065799623041,-0.00774682042283453,-0.00157126929986757,0.00743219794350549,0.0412242964095524,0.00760569518463492,0.0177623505503108,0.0128564096039491
-0.0163126335262966,-0.0404065908582188,-0.0233016611806435,0.0116838114305735,-0.00633018823778441,0.0244737102104201,0.00642662568897599,-0.0126934639174416,0.00108939314061291
-0.00351984050731397,0.0167323290979242,-0.00365407569256229,0.00317824324996876,-0.00548197354118803,-0.00822640287299621,-0.0113558799325205,0.00136338411154715,-0.00225663011698724
-0.0553799548226378,-0.00616805975398398,-0.0345655935204677,-0.0368794414378662,0.00224504178754658,-0.0782651429142112,-0.0174077824026456,-0.00217520926650406,0.000644175073552261
-0.0391388972157443,-0.00333758561204279,0.0193021165480666,0.00468915262457917,-0.00324524774149485,-0.0262553193285129,-0.00235036274243837,0.00101328004414375,0.00130896226458864
0.0206795487829066,0.00905595492134245,-0.00200179960884894,0.00490833302912612,0.00345981830614151,0.00247176432982039,0.0127561536913785,0.0301277113290592,0.0084366592147121
-0.058865232619105,-0.0217384620018029,-0.0113846963246272,-0.0488618496201649,0.00580138473710969,-0.0316945418488014,-0.0145213361277363,-0.0230869070273152,0.00709989126178098
-0.0348424771471701,-0.00740135849166227,0.00586430463842495,-0.00968848719098544,-0.0140607998796547,-0.0274749974817135,0.00189787695951868,-0.0106092638868379,-0.0249049228444472
-0.0326121291975188,-0.00126181664835126,-0.0464411126445018,-0.0180531249581786,0.0141647345322674,-0.0560987521690765,-0.00106491475353322,-0.0064361471411565,0.000151634629004676
0.0274050842823446,0.00976356909551285,-0.000998439208771518,0.0408906670733171,0.00857862408426201,0.00265785533958487,0.00879585060203773,0.00852818811566007,0.0206725994108037
0.0346245124870788,-0.00958848823019787,-0.00646047654136757,0.0140614007980988,0.0286512922645506,0.0327604352350717,0.0422671209724467,0.0230979247542877,0.0258999416887164
-0.00184908035928869,0.00175406940040062,0.0120719879090314,0.0027758032538326,-0.00706266734336474,-0.00972488206104235,-0.000759308384055069,0.00309311468711035,0.00323984165268281
-0.0492463034911998,-0.0295285017399076,-0.00322750996658702,-0.0224061313944488,-0.00823737073977468,-0.0643269854456364,-0.0276718832946193,0.00694057776004976,-0.0122696151482655
-0.0117193658500197,0.028261795031664,0.00207535261039669,-0.0112643313456349,-0.0194948319985215,-0.0281254350627249,-0.00781512698017531,0.0124590583705892,0.00964045163827148
-0.0311899440562011,0.00752452537648799,-0.0157979811203657,-0.00646504259215646,0.00840075215851976,-0.00188114831782602,-0.000486397120262203,0.0091077907849062,-0.0102161487209072
0.104073601648176,0.0430258766518528,0.043328637122748,0.0079676414159103,0.00742809972227784,0.0784059951368546,0.0212448693696073,0.0194341357106381,0.0132043767072552
0.0531559646315104,0.038820641578609,0.0225123487402153,0.0298439890711406,0.0104895739597752,0.0853583620211744,0.0227533492026427,0.0213467343044246,0.0393662445822051
-0.0161951194518392,0.037487971026618,0.0168476945318453,0.0136391727612309,0.00772045757444354,-0.0392740557212188,-0.00467000455153575,-0.00746111396317919,-0.00921082595235093
-0.0313864216588555,-0.0322515797782492,-0.0178933419935469,-0.0022143525543029,-0.0143876846932518,-0.0392801398858584,-0.00822089958084142,-0.0164268287146192,-0.0135369991040745
0.0231687288335707,-0.00524872456354586,-0.0210058229800912,-0.012937560029206,-0.00651060712670097,-0.00570631300096419,0.00153994825650113,-0.0236760215581481,-0.0141136985794284
0.017065931130673,0.0340405393087249,0.0429474943704387,0.0327882240153935,0.000852163559439324,0.0086292369882367,-0.0039300772477779,-0.000182916452958542,-0.0156297907043531
0.0491773006936932,0.0229847126165686,0.0223565684360187,0.00349786921834167,-0.0028891939300121,0.0175398365906599,0.0204273618897128,0.0139428652119153,0.0220615733005849
0.0316162564660715,0.0476616882681142,0.0279203635321219,0.0498081797409462,0.0230717270200943,0.0789766742202503,0.0253751206735733,0.0198814709852703,0.0334057397064923
0.0392859135788134,0.035253521375909,0.0437650961629448,0.0549683490339179,0.00654569713333415,0.0535625725301922,0.00616566091815933,0.0211128885883116,0.0362921973758153
0.0805448703225686,0.0279010801952021,0.0505010321828685,0.0215779359828313,0.0112983299320466,0.10183062303264,0.0102434004773277,-0.00841104440004675,0.0244405144508437
-0.0223797054532307,-0.0394644113394449,-0.029866375696741,0.00455099890576174,-0.00736596001586139,-0.0100388649477125,-0.000383187298252503,-0.0239977489643442,-0.0156221363477078
0.0237537011159408,0.0040050057720184,-0.0210215812522491,0.0223869467674921,-0.017707931083505,0.0449041965049687,-0.0125840882627088,-0.00061794568568124,0.0145493983778425
-0.015574441806006,0.00437039819831129,-0.0250499265475784,-0.012223813519743,-0.00110626317941876,-0.0130026795223636,-0.000498581083327237,0.00655599542571829,0.0242391150034641
-0.0113092661144839,0.0179866760762567,0.0182779261722591,0.019920033841074,0.0205455522147309,-0.00454267557608762,0.0159905912359726,0.0161256919604614,0.0147481332345025
-0.0427841569408278,-0.0394615363990472,-0.0164765125604575,-0.0272768841571864,-0.0165417885716174,-0.0409928359917619,-0.019367449654226,-0.00381048709216201,-0.00898801237938052
-0.000166909315711403,0.0307258595409807,0.0154288064294013,-0.0262393234982218,-0.0204164256328138,-0.00413311342766889,-0.000785134559021507,-0.0205432930881458,-0.0133545613215065
0.0340775878404655,0.0100063433677997,0.00149883340429133,0.00333156283873154,-0.00863599735669334,0.0157486152464842,-0.000753843060168332,0.021043347346023,-0.00016619954995201
-0.0160467002761263,-0.00933867457732658,-0.00980682072057752,-0.00304297765387637,-0.0254049637797743,-0.0462186964298116,-0.0224863832104589,-0.0422280811332055,-0.0433505158561855
-0.0771974052457468,-0.0141269785866118,-0.030681725504779,-0.0171951957489236,-0.015540738862724,-0.0547144020234391,-0.0183802360669213,0.00219251881998246,-0.0161559025483303
0.0358336319977152,0.0135303785613108,0.00281249941536994,0.0387171582684045,0.0355478693290598,0.0209224088806485,0.0233039754682695,0.0316482786954378,0.0401239640866836
-0.0935945976670186,-0.0369803007491661,-0.0731418533536274,-0.0664377143154654,-0.0226733444313196,-0.115354314865572,-0.018132423018338,-0.0203486281961059,-0.0135608712724381
0.102360173844317,0.0185725416573478,-0.00433163325186585,0.00489371950842148,-0.0086880441203494,0.0812853170967884,-0.0129200912322505,-0.00577221044503149,0.00103566627103754
0.0986847782305533,-0.00146013872165109,0.00697460310415376,-0.000125128313615011,0.00170898253819725,-0.0205518014039089,0.0132277957698704,-0.000408266413552403,0.0221588091175146
-0.0695302545932917,-0.0630677888435865,-0.0739998683592821,-0.0310031485876627,-0.0364595039369387,-0.0539125284711219,-0.00872531753030254,-0.0415503151076316,-0.0552815752598511
-0.0773217343974402,-0.00367379154903992,0.00492207033820026,-0.0117495196452227,-0.0265773959030583,-0.138580735337547,-0.0367514477139971,-0.00759955091438879,-0.0400838578393792
-0.0839827502611942,0.00833841468225911,-0.0220994321071693,-0.0540575637193907,-0.000899380600960978,-0.116854124985033,0.0127142609903201,-0.0280543582816429,-0.0180336208181342
-0.0423207170355418,0.00159405684412115,0.00205809803589432,0.0311513409966081,0.00965331735617052,-0.0347437815573099,0.0121452341387833,0.0389282591469441,0.00533372622497673
-0.0165990651353825,-0.028114031556945,-0.00893953016621974,-0.0155894510657199,-0.0166195765805024,-0.0445092868370911,-0.0307719484160277,-0.0350559133143817,-0.0138234110510344
0.00854835690262668,0.0298708787499406,0.0214759690862151,0.0129201427967689,0.00957868265574892,0.00546976803202066,-0.000935829256773126,0.00224850364535002,0.00437051127271723
0.0794222396615311,0.029202930659542,0.0345424780646496,0.0149790598093401,-0.00605420056043332,0.0284989013566814,0.00539686785009719,0.0127560134218188,0.00749837882849567
0.0026640743417714,0.0100842118262747,0.0110296042881703,-0.00427644137901305,0.00490433074625461,-0.0249548260301313,0.0106210532160797,0.000295223703683818,-0.00349352464151911
0.00247497414264814,0.0241432140491121,-0.018740472468291,-0.00202337620475178,0.0208601033595921,0.0311274267081412,0.0103619462229643,0.0137102367701645,0.0221260114887402
0.0863483642953008,0.0448132718935881,0.034014035826326,0.0375625960493197,0.00440969498834915,0.0391629555446851,0.00132165630829041,-0.00736252039295687,-0.000788744069229782
-0.0795899479218888,0.0142367806839742,-0.0331020172422054,-0.0459807472631649,-0.00803038704312107,-0.0724989607603244,-0.000451832912917431,-0.00234481355444041,-0.0236820222368808
-0.0394553313927325,0.0164276169354851,0.00861626749247449,-0.000927564629864112,-0.00315185077873213,-0.0150504284925104,-0.000924579732327706,0.0160796975786489,-0.00361913451516654
-0.0048946464738335,0.0243773930670813,0.0158983562598507,0.0133401419998423,0.00988921548574604,0.0338945134077341,0.00353465516470716,-0.0332998313464965,0.00877100089905597
-0.00832690856286157,0.0202545447029968,0.00439819411275623,0.00635827813927139,0.0146782758717064,-0.0516687534871079,0.028277738930685,0.00205304236625952,0.0217760400660077
-0.0715096266578073,-0.0306697265813782,-0.0402405218415703,-0.0240994082824007,-0.00130351457747384,0.0743931834149045,0.00633533088980623,-0.035593072274562,-0.0138940677652437
0.0555958088225983,0.0274500884104802,0.0150179157285027,-0.0153059085785352,0.0102079667223507,0.0467292012974275,-0.0282207227285286,0.0207733656943483,-0.00267412656460646
-0.0571552094434208,-0.0103214947703338,-0.015681535237765,5.23083723207342e-05,-0.00108272308336818,-0.00714316524203046,0.0068366260187655,0.0186743183962414,-0.00447122316412275
-0.0508267429625431,-0.0341886207035795,-0.0213886474263851,-0.0486522048446922,-0.00388933473693134,-0.0787585017600327,-0.0384589389012151,-0.0226465054694678,-0.0198518308687159
-0.0134109582867503,0.00564647148647847,-0.00933781718611133,0.00393691213612256,0.00194185250596182,-0.0222732079984934,-0.0110107224525425,-0.0258125328148343,-0.012950963834653
0.0848335509024479,0.000504350361065929,0.00505149962770047,0.0378818022353742,0.0116470621098685,0.0104163168809601,0.000518489795232463,0.0205126522893306,0.0317273489158855
0.012976533937363,0.0181585557095113,-0.000639178942474616,-0.00203083946308391,-0.0192086497351648,-0.0354819650644945,-0.00438233138794218,0.00272957681649085,-0.00720364299652635
0.103162861505822,0.0301965215273403,0.0184044630208702,-0.0031046213812106,0.0247246276277658,0.0651795947448341,0.0266900002742617,0.0210510928632198,0.0304926454192377
-0.0312432945017125,-0.0157970629577676,-0.00819200193202202,-0.0101363224478918,-0.0177906132915175,-0.0549394415776914,-0.0205123953966337,-0.00670418854867764,-0.00934074913176673
-0.022324476198695,-0.00428037459651329,-0.00609850701139661,0.00873059887798513,-0.0145970211715761,0.00367496659384284,-0.0341729894377307,-0.00138514968924499,-0.0153995658767643
0.0641639457725417,0.0417380208806015,0.0308258270321542,0.0500442781776007,0.0110776283452065,0.0593742618915911,0.0165646922120425,0.0265544209270129,0.0140881540219043
0.00440051203419188,-0.00692063466528851,0.000473731551689356,0.00764417373142636,-0.0171110835457608,0.00457615722165559,-0.00287512089447393,-0.0176041249186159,-0.0148883090800423
-0.0496415906071793,-0.0436072130363352,-0.0406014770590976,-0.0432992867071381,0.016852394759881,-0.0452417627814018,-0.00720897944309475,-0.0390579699160123,-0.0039602111407069
0.0108623921289274,-0.0234069297933081,-0.0201587717926405,-0.00820082445256843,-0.0113174138268717,0.00263858464341852,-0.0081013692391913,0.0017065379136578,-0.0132175942683701
0.00541560359429206,0.0128875079672225,-0.018568493323662,0.000642719272246996,0.0090269345444642,-0.0230193974377937,8.56406115841165e-05,0.00385416781479386,0.0114034721099408
0.00108301336537962,0.0206988517378521,0.0382765804690659,-0.0199639128783705,-0.0121540194105454,0.00374018835086736,-0.0311298056028534,-0.0157525848223288,-0.0194249935023303
-0.00358535115688584,-0.00354662370449657,-0.00129759673927567,-0.000723908612113993,0.000712635642556685,0.00191013430120842,0.00241963606582957,0.00543690869798209,-0.00530270580392206
-0.0517762950730763,-0.00622131451035887,0.0132986934073374,-0.0512154125948049,-0.0339615768548564,-0.0971159497771665,-0.0531039868958999,-0.0363903326696014,-0.0436130297855119
0.0484164508778397,0.0111919708851179,-0.00289460053620307,0.0254359969654054,0.00412281920793026,0.034897220602801,0.0136367641754501,0.031401418224568,0.0122447821282751
-0.0389987587423853,-0.0325526754763084,-0.0312041405152683,0.025151746855187,-0.0202504786936865,-0.0816549838316617,-0.0040801441561294,0.0110098199038402,-0.0124944348087648
0.0138817745138863,-0.0214718582084353,-0.00935982376378915,0.00981206358629667,-0.00308062988323821,0.0139866207630758,-0.00350774434859676,-0.0293648100239341,-0.00389638776152507
0.0215045979084581,0.0204239322286777,0.00527488713069126,0.0523139037921584,0.00779545257177945,0.0318282190069547,0.011238801749423,0.0259971132161254,0.0247005174359928
-0.018382095439627,-0.0419178204522639,-0.0232628838306303,-0.0128526444224813,-0.0291434377707926,0.000541864840426899,0.00146543967790951,-0.0180013029364247,-0.0324754894328838
0.00325113976886721,-0.0256634068312592,-0.038598608639684,-0.0240522979300263,-0.0211059984862617,0.012714619305689,-0.024230262917026,-0.00402137340758478,-0.00488924785278857
0.0354153958174026,0.020189050803573,0.0210727972589268,0.00582125721955513,0.0251301455897216,0.000407934927229603,0.0320377335118234,0.0480209972331988,0.0333228235141994
-0.0187475379155372,0.00729813912432771,0.0201773178768095,0.00308521440228654,-0.0118882690567131,-0.0458851249008459,-0.00308147051508576,-0.0017260896715391,-0.0121116600806114
0.0018772577141401,-0.00223591737493337,0.00995050136425293,0.00564967468044023,0.00757345715256569,-0.000278709058326694,0.0192322460081231,0.00650328228911398,0.0409475279238423
0.0188992368365303,0.00833373784750612,0.0284693734683338,0.0171814878192626,0.00910643732704207,-0.00889438745427521,0.0020565017428451,-0.00333138298831361,0.0217259995599305
-0.080905182014823,-0.0298721478556268,-0.0374478932127498,-0.0262837880564653,-0.00923408326757206,0.049380219318557,-0.0012749636135159,-0.011859775214638,-0.0322597949998485
0.025236368762314,0.0275938055639626,0.0100660397142181,0.0436002921201673,0.00527892257286041,0.024879028005634,0.0187288755945764,0.0196897546414385,0.020072918507869
-0.0205124120810771,-0.0171859747071149,-0.0088139552974719,-0.0183970035143427,0.00181777810192552,-0.0274959918684004,-0.0187399110542601,-0.0023600078238284,-0.02068408289922
-0.0651442391967434,-0.0205363666882648,0.0125686427209186,0.0213583936296591,-0.00547043081721069,-0.0491548878075224,-0.0175214060457025,0.0142089637968628,0.00478873581409028
0.0140737040344376,-0.0119390155434683,-0.00754596822060524,-0.0240533550961829,-0.014024621148158,0.00450772407161828,-0.00182300966516722,-0.0234251540501919,-0.0138180144026015
0.0454431971738917,0.00916986630534929,0.00935967539534075,0.023553101046609,-0.00591373386034406,-0.00935937768845731,-0.00927025149700615,0.0161904221793919,-0.00592783205507247
0.0958970148879745,0.0486350882934726,0.0305926873553701,0.027844360401681,0.0128829616955699,0.0786159078160581,0.00221232373120024,0.0228479620083805,0.0211885881831633
0.0299860357425865,0.0333407056124668,0.00849171303888621,0.0653049176638792,0.00618869727130325,0.0544640056067823,0.0187440157642372,0.00580165624375805,0.00808552002382768
0.0506695568834179,0.0159331707631425,0.00250589141251628,0.00684309600831264,0.00079832699087401,-0.0592727753893529,0.0123864434221783,0.0412861742661485,0.00860609266885792
-0.0487066850280675,-0.0385959706896052,-0.0142663059376332,-0.00973497457045242,0.00129841680810513,-0.0738753475853858,0.0062615744020399,-0.00551571431720802,-0.00674216595965326
-0.0140486974865408,0.015639896732942,0.0319912724930227,0.0253503924171054,0.0194961535463084,-0.017252173014512,0.0108864087137031,0.0101202246639694,0.00864025767694542
-0.00478541935384204,-0.0106609218209606,-0.0125831640371688,0.0503681521103639,0.00594582212091349,-0.0177307158934937,0.0111333924567812,0.0415719755437208,0.0113643303087525
0.00515765497779695,-0.00168793598651158,-0.00874052959961885,0.00615140905775648,0.00936297405492655,-0.0529036445760048,0.0152873970517831,0.0197442133833222,0.0156327523629447
-0.0588672957726124,-0.0579187997661274,-0.00605393266589787,0.0291864526878885,-0.0229562457008126,-0.0305486143425945,-0.0142716094713159,-0.00851818527425165,-0.0170377146433616
0.00720295036324762,-0.0144489658457457,-0.00613080832986832,0.00831826484398604,-0.00573541606460574,0.046829627104152,0.00870520595008679,-0.00909010250979509,0.0127277140821407
-0.0497035772112856,-0.0390740343209194,-0.0510004420258185,-0.0315440874365619,0.00280773618924587,-0.0681472963825705,0.00136242428626545,-0.0052537481004633,-0.00596020078893407
-0.00824178800192454,0.021907752464518,0.0247422541715431,0.0110795298147304,-0.000324247064642296,-0.00998983640679138,0.00549344885734401,0.026296500781374,0.0112775275587578
0.0640812603839327,0.0400017004745798,0.0357805856103519,0.0498352077690911,0.0266779697075003,0.0765272750865442,-0.0210599931251527,0.0134425925302188,0.0389510175869891
0.0388435163625329,0.0301535462385275,0.00341193814014704,0.0234957583438902,-0.000405970435794033,0.046144596778768,-0.000733552597730125,0.0150123850398678,0.0151081891223731
0.0276615738281408,0.0164231862917731,0.0192621979849058,0.0175485437935354,-0.0116868389935429,0.0138371750461371,-0.041446381862946,0.000214315679880522,-0.0169810501562176
0.0606267184135314,0.0521955438172986,0.0302690915679248,0.0770561095938422,0.017133161921385,0.0129095010787054,0.0116784718956573,0.0236961403575687,0.0312858163953676
0.014626183416808,0.0239298523450076,0.0309088047116489,0.0394588526970311,0.0189198906987865,0.0207892356602727,0.0170394589678843,0.0217625381637379,0.0263320504397138
-0.0482604283725555,-0.0074628864594105,-0.0301697314434978,-0.0063014405186535,-0.000682625076382177,-0.0643728893179998,0.0140951200812069,-0.00281024587311613,-0.0164734141872654
0.0559482333145316,-0.000471396255134844,-0.0145138987577025,0.012845905000143,0.00530597257556286,0.045404503448594,0.0168338860094994,0.0203653063503539,-0.00406171489449172
-0.0767754472890533,-0.00533535801671987,-0.0361871704870573,-0.0303416303478187,0.00742095172428801,-0.104551076746558,-0.00466291388880457,-0.0155891073147715,0.00694031257215086
0.0030575321020375,0.00920657692446963,-0.0046753797735417,0.0282745289257231,0.00577766365665403,0.00672731789760629,-0.0121592871548447,-0.00187283461333707,0.0222624506138955
-0.00767127638959796,0.0150854276048786,0.0265303330988707,0.0220206474963137,-0.00826895280927515,-0.00585090936454467,0.025756596961568,0.0049615627575865,0.000341105234698928
-0.0143480190790312,-0.0139186749910078,-0.0188064316510529,-0.0366476094880705,-0.0124255416789825,-0.034778603434134,-0.00770079563176707,-0.0105688643871164,-0.0112784026266139
0.0416908865224946,0.018833238357215,0.00950986374430912,0.0202569785948483,0.000744813604023978,0.00814097974391432,0.0203845261941967,0.00354770076276376,0.00970208958183303
0.0907859753491159,0.0642350084026158,0.0477773495355913,0.0449492239094034,0.0107764844235214,0.102122767185502,0.0144638006252409,0.0416718888608659,0.0194567774653873
0.00423485153395715,0.00865384152755602,-0.0187658808207842,0.0177840224150369,0.026075607615891,0.0441402904424369,0.0325123273882453,0.0180350803661532,0.0370498668319775
0.0228726041922089,0.0450394129885569,0.00927680872724993,0.00177961934097519,0.00180129644780109,0.0328931388065067,-0.0156136723416861,0.013405061177429,-6.14754920697692e-05
-0.0831257333842534,-0.0371822994042807,-0.0236859690418593,-0.00519805315706444,0.00566114512525013,-0.0230671274235469,0.0012631774742442,0.00446700959614282,0.00138214974786859
0.0202492290771262,0.0189214199861085,-0.00771918843080236,0.0488390915973885,-0.00259114987743892,0.0302748508656536,0.00964920158159095,0.0099122997346564,0.0136533503948716
0.048822597577633,0.0487271539624641,0.0222920571880182,0.0101542102209702,0.00539615375781309,0.0979875561151436,-0.0111149743656932,-0.00797655019487305,-0.000535204675172128
0.0432353001337468,0.0240473432269747,0.0017558986684443,0.0491008045118764,0.00355837892356966,-0.0177654726097775,-0.00406861325718293,0.00887840248458719,0.00632267790295151
0.00804528612584179,0.0146067770092783,-0.000671772148550625,0.0156951339893247,0.00545807477247514,-0.0172970458174111,0.0114949793320559,0.0326461079951119,0.00153741151014517
-0.0720625254098933,-0.0289483689839533,-0.0268876310777702,-0.042063814440888,-0.00760680400226477,-0.0168446453360933,-0.00392791117399427,-0.017135527139717,-0.00711084890492301
0.0263259480578579,0.00502587360843064,0.0167304729894261,-0.0058882104063674,0.00271143264896711,-0.0108153184868727,0.00154429230457557,0.00413841058666542,-0.000955430826375255
-0.0302439091511544,0.0151535654184972,0.0290231697520789,-0.0559119074858189,-0.0186639250684867,-0.0519710968734701,0.0121711341022752,-0.0165813067025575,-0.0325816165521745
0.000266606191262485,-0.00853649785052304,-0.0213750830271176,-0.0264440848598957,-0.00943858201963629,0.00506733501173352,-0.0227368943968159,0.00419308586980564,-0.0142307138943403
-0.0159706477660571,-0.0314474636276447,-0.0103316141886625,-0.00888240811719886,0.0034096269580267,0.00349425440224004,-0.0140555885339939,-0.0146850577804035,-0.024431683714057
0.0289840885349982,0.0339428459172019,0.0231953224554018,0.0349022711478733,0.0200250851272757,0.0181621584079054,0.0116376055505327,0.00728135182114891,0.00898596954038236
-0.0329274438412567,-0.00552942465627755,0.00458260083014995,-0.0105266862208073,0.0032205867019232,-0.0255462396224973,-0.00646528552086854,-0.00737406755453609,-0.00639804618155427
-0.0312328405259818,0.0117662042617283,0.000315870108204142,-0.000207915918430961,0.018797718057778,-0.0325929923628228,-0.00460666104084379,-0.014773200834453,0.0189110414331011
-0.039100075976527,-0.0337159785263173,-0.00984454091504871,-0.0092125704472257,-0.00498326334268062,-0.0880100277875549,-0.0207627585328251,-0.0119290694656899,-0.0211147158029427
-0.017526181269179,-0.0137241675276628,-0.0295294247588362,-0.0183908441280392,-0.000875574989101709,0.0150255066590897,-0.000644690274450018,0.00154376904859138,-0.0053041770558379
-0.119499650428593,-0.0661825939757136,-0.0673948230793656,-0.0667150152189262,-0.0145714613211155,-0.0992007783949762,-0.0192934378395007,-0.03534694544174,-0.0547547037093375
0.0143123113473499,-0.0167217844439981,-0.0154233678457785,0.0103119639580857,-0.00349113746460556,0.0194957152318453,-0.00032272060128173,0.0133714443813793,0.0115598748925552
-0.123077660796237,-0.0478643901381409,-0.0448294368743893,-0.0498736262146176,-0.0217836944645153,-0.111992817794477,-0.0217256788081827,-0.0383088138267912,-0.0394912519203387
-0.0236888769323448,-0.00187100470163692,-0.011407671212587,0.00799675038210706,-0.000398746988310527,0.0280607359235126,0.00961911190123504,-0.0327256268376425,-0.0194804322406277
0.0792415178342075,0.0323484182357578,0.0158850246779501,0.0340783859249056,0.0264865295914664,0.0971397598680192,0.0276855350985759,0.0531121191316533,0.0244057565224639
0.0868352520219712,-0.0305810745961936,0.0350610728884995,0.0424898212874832,-0.0047574734510929,0.0596723866259639,0.0193298281100771,0.0209878628018609,0.00759174459687079
-0.0191825521977271,-0.0182168727963859,-0.00196326622813164,-0.000358973818096252,-0.00417344800964293,0.0215597253054348,0.00501700061420713,-0.0216211373787981,0.00298188460169994
0.00288060728847263,-0.00965822818382467,-0.00628100773430355,-0.0185928990368932,-0.0190839159094143,-0.0239526957665909,-0.019276641106716,-0.00837177414845577,-0.0135291904671126
-0.0771267893041138,0.0180381296889666,-0.0355187628673212,-0.00160398769427679,0.0221368863569335,-0.0567764402531697,0.024355958800473,0.0160614810061155,0.0192146229225845
0.00635552818162096,-0.0182274594598191,0.000510863734274238,-0.012839765902608,-0.0162943784012999,-0.0219167040250025,-0.0206056582009084,0.0111033710908629,-0.00253412667301535
0.0294406829575663,0.0161042129437099,0.0169463023454452,0.0202189387119456,-0.00232868335083469,0.0260022601731305,0.00268921257629001,-0.0112319240342747,0.0132107307383074
0.0694151205645683,0.00617768789695225,0.0178107247577052,0.000827054738883573,-0.0115819916670779,0.0492752290636141,0.00301961363849575,-0.0172963828515691,-0.0116944199619365
-0.0176318643837577,0.0114303648107962,0.000107120210851926,5.34955955098872e-06,0.00386340007564442,-0.0130098035613027,-0.00321837897104928,0.00997271886372456,0.00989629323730236
-0.0250501564672622,-0.033097218468979,-0.0361619989197754,-0.0132975584143079,-0.00382034802876575,-0.00938738334118897,-0.0300040414597871,-0.00381787535823518,-0.0115684307647898
0.0286379082005496,0.0203705735589602,0.0185040394242428,0.0119544912897227,0.00664411644169569,0.0411494317275985,-0.0250113335722725,-0.0024948622354643,0.00423652090021103
0.00162751669469646,0.00725506558984363,0.000361332059613777,-0.0105290533634818,0.0156299290171185,0.0105852083414981,0.00245034329572635,-0.00976388413780747,0.0298994827173097
-0.0165677042646075,-0.0532103627489828,-0.0359096425162449,-0.0135136717990862,-0.0123266630444219,-0.0429174839922163,0.0146737698236993,-0.0244004921610833,-0.0289467222678845
0.0711676488413482,0.0212012464441914,0.0157476084545079,0.0166861835383166,0.00294710515778705,0.0802433957581947,0.000161715914204481,0.0200657752390401,0.0157102138808003
-0.0296087859712037,-0.0321534340370912,-0.0239007407073066,-0.00388157600791742,-0.0181874226915416,-0.0153848874045091,-0.0201216866997742,-0.024570904129472,-0.0372869870464553
0.0635246976552856,0.0508509615995702,0.0503663710971427,0.00404131656898051,0.0117164639088148,0.0628542650608211,-0.0110223792872805,0.0115535532186654,0.0157776763412076
-0.0551908915416068,0.0119072628436508,0.000362403116416592,-0.019590150159061,0.0102993520093519,-0.0683709951480418,0.00231617067906105,-0.0144657716990433,-0.00901226414949989
0.0602199263440383,-0.0074511012423578,-0.00446732830841898,0.00845899934773582,0.00598384186229901,0.0257544752780405,-0.00815063639066176,0.0216952194461106,0.027096539741869
0.0348815382806609,0.0110653217694653,0.0156684737233598,-0.0109749203436446,0.00363638021987114,-0.0322548383868041,-0.0116652597322734,0.00578188017577103,0.00299883434752654
0.01067435568915,0.0129137501875683,0.0373004585877462,0.0289802895815978,-0.00374244222263751,-0.00617863836831286,-0.0335044521075652,-0.0035071511625939,-0.00799356928765769
-0.0253037505626367,0.0244668538239744,-0.0150039920214661,0.0482724486638143,0.025054086742308,-0.0268260972510741,0.0266746099390574,0.0165008660178344,0.0162107060367638
-0.00819077991694591,0.0457410764602708,-0.0123447714062087,-0.00345278695532457,-0.00524046360035341,-0.0202747934539603,0.00378845285245729,0.0134295451734555,-0.0138027453619929
0.0390430427354063,0.0266608884459381,0.0032253235179599,0.0672766969677086,0.0162568466722737,0.0218812190229545,0.0439950052576465,0.03302380857989,0.0186424376147043
-0.0254419486346201,0.00366706355561518,0.000617344505385669,0.0103606777991706,-0.0146208366270155,-0.0346527903856434,-0.0168788818181474,-0.0051309351135063,-0.0128084479223279
0.0502442683755115,0.0791167633446857,0.052360280883206,0.0587000020608336,0.0271446037146891,0.0362696154118787,0.010588071557877,0.0236890092523042,0.039238037025208
0.0292360389934935,0.0507500196167713,0.0506446553381988,0.0162789103214229,-0.00333892324750227,0.0238982768528378,0.00534980002652673,0.0108416629900107,0.00156075809645745
0.0362817148550212,-0.0293613003507884,0.0158773137400653,0.0104796948666103,-0.00391467560931447,0.0159410825591523,0.0206741462015025,0.00284577431529508,-0.00239812553571319
-0.0230101694654538,0.00794953405647942,-0.012452579603494,0.0055230317794494,-0.0104403077289309,0.00230826263376608,-0.00209024161341158,-0.0136094692578735,-0.0083402105323937
-0.056349099958143,0.00426197232758619,0.0053495855779934,0.0132666691466921,-0.0156835599148455,-0.0943061949431438,0.00262017172896065,-0.0130761083230849,-0.0135546402371897
-0.0835420813341871,0.00180376791495179,-0.0461002449556727,-0.0351161242191029,-0.0124666848600156,-0.101066619534633,-0.00350843692861294,-0.000675744288908423,-0.0124131075022851
0.016623651212159,-0.0102731880581168,0.0260494825122079,0.0574153842737452,-0.00634066545103778,0.0206063339830682,0.00388958913372129,-0.000368416891083228,0.0075105276981494
0.0350614876894086,-0.00253207288047706,0.000320838578992776,0.019376989555461,-0.015518984159485,0.0339132555654722,-0.00713245432896724,-0.0244550141884333,-0.0110927374739699
0.0724530653174334,0.0504181908865535,0.0402817554000469,0.0184398366319548,0.00979902812516386,0.0508938471341158,0.0110223867775983,0.0131470716226118,0.0119987910179474
0.0110315518986637,-0.00575668567876292,0.005615473328137,-0.00497924744512146,-0.0167661669530677,-0.030805847814264,-0.00665464222435567,0.00409951989656873,-0.0114433489793356
0.0110933893238945,-0.000310766532355663,0.000830514276647475,0.000447043482022425,-0.00576964953821255,-0.0402544434859502,0.00931841283070599,-0.0268641249796484,-0.00917307745908096
-0.0416228335216004,-0.0479286255097951,-0.0341773746296899,-0.00953803606778305,0.0101747888936879,-0.0545557287631517,0.00994570874423659,-0.0116611805597714,-0.00176638528237271
0.000986856800875713,0.00229671235709055,0.0166129853935508,0.0127746253174305,0.00387884634136987,0.00387519450660772,-0.0061807319940541,-0.00391492084134401,0.00850352975996818
0.028189242402177,-0.035959551247545,-0.0225517994226803,-0.0124248235766431,-0.00296091144379349,0.0236723536197665,0.00529751924938826,-0.0291679431063132,-0.00362711801372658
8.04450967714591e-05,0.0104993570051564,-0.0184064781330593,-0.000858367576239806,-0.00650254754937787,0.0142178733511468,-0.0072021970676117,-0.00367273926372387,0.000526337560212392
-0.0351452428174913,-0.0450631283983442,0.00135132078205039,-0.00682347855428339,-0.0320138482245962,-0.0325420726154373,-0.0170916068470037,0.0111755048166388,-0.0241669498721884
0.0246386796909624,0.00476874720558811,0.0166266909698046,-0.000350798838089685,0.00113094801550264,-0.0143003162736616,-0.00439192873245214,0.0152655405137798,0.00682295703400337
-0.00445076742318548,0.0304580788606516,0.0140487075380766,0.0353109028186419,-0.0032833174037961,0.0294193585298792,-0.00931501685157474,0.00761861046141612,0.00051706538998995
0.0164226373849394,0.0182025780279894,-0.025966471850709,0.00732400357386064,0.00263765073358024,0.0156650143216965,-0.00509458456867107,0.0141383635358068,0.0110618346282847
0.00719670216858775,0.011907052697296,0.00703008205140867,0.0150242864011882,0.00709618665370582,-0.00737174034926153,0.00766728083267977,0.00119369029307323,0.0109534545548475
0.0438530938283809,0.033204034951296,0.00853526982906613,0.0508124636776125,0.0141177025186154,0.0759392591294739,0.019484857512665,0.00497642018041421,0.0182029558705055
0.0555818704094317,0.0448449732409148,0.0283152613547651,0.0620856244298275,0.015227631278822,0.0602318635068503,0.000984144864622433,-0.0167451434824307,0.0224990925335882
0.0799874336477536,0.0625489033896624,0.0477195950774492,0.0571761129163082,0.00839777734223565,0.0945044640426566,0.0174985135658874,0.01816216825389,0.0409290600168305
-0.0353149885349676,-0.0303428206055325,-0.0136121133766609,0.0359736043817572,-0.0151482863257605,0.0378164835481412,0.0241021436756195,0.00594820497980539,-0.0194103140911705
-0.0130130582127695,-0.0123302336739215,-0.0249232972453976,0.00403299284552462,0.00538664852730835,-0.03730312110444,-0.0150329514219869,0.00407367533057285,-0.015172268424132
0.112829140070238,-0.0320814232104895,0.017443276167369,0.00323373225593719,0.0058029456039531,-0.0339203662651586,0.0236162052383994,0.0156343889509444,0.0244062564742177
-0.0215811941658445,-0.00374674362123498,-0.0528751555363143,-0.0416950385965313,-0.00180438784525023,-0.0109769291450098,-0.0109253140910604,-0.0109626243653068,-0.0162505235198332
-0.0159871288659637,0.0386830534341866,0.00610024481227535,0.00864770580536065,0.000750851949372268,0.0304007037570475,0.00488915623473836,-0.000569213142905642,0.00486916776094933
0.00290882832714968,0.011569245045341,0.0203744975066647,-0.00262941550670697,-0.00473857256017693,0.0133483215924588,0.000501145364739423,0.0133657788163698,0.0104649556318043
0.10334084569529,0.044340078462636,0.0321890607389559,0.022499320226671,0.0150970581441282,0.0963949011576963,0.0230725343030281,0.0210826614627764,0.0324676425818494
-0.0420357614831729,-0.0195205096524274,-0.0112367224463738,0.0249561922626606,-0.00513693628534002,-0.0523448519723449,0.0101130695050899,0.0142946179868525,-0.0055986874030566
-0.0877720332167808,-0.0276748005709325,-0.0405590766238052,-0.0431720565437998,-0.000973072674518959,-0.0927447763810412,-0.00264325336099248,-0.0216688365799179,-0.00292580463851957
-0.00275565894544763,0.0109216259555893,0.0168543728161481,0.0432718951103081,0.00913487839572204,-0.0281606469461472,0.0136610585428416,0.0198704893515923,0.0156272208549051
0.0914656506292193,0.0215698371802018,0.021537509061987,0.0353059222706303,0.00597651096342439,0.0700585989862966,0.00954716874656464,0.0406886058787849,0.0130868145473988
-0.0196312468762191,0.0233807415685612,-0.00167286593394238,0.00111617972957532,-0.00535084459340429,-0.0212240127767203,0.00141261029348592,-9.36788435102892e-05,-0.0152481636721225
0.0423563078580659,0.0145897837673574,0.0143475166042916,0.030662453832343,-0.0105835934207347,0.0433946093577445,0.0123324880688223,0.00985741090903135,0.000265025106989708
-0.0716033271001327,-0.0445069892340163,-0.0550294295686093,-0.0376107141636749,0.000124186922290114,-0.0701666005017601,-0.013764358619333,-0.051914645283364,-0.00946236519813418
0.0394896584923395,0.0477990287717541,0.0312342602840795,0.0230568169809178,0.0213434778575227,0.0370238488875012,0.0191963248932532,0.0186073151810017,0.0418454184584059
-0.00589469938813219,-0.00443002762656348,-0.00419422486466455,0.0039653694435058,-0.00815678375074104,0.0465737282580079,-0.000993926750239827,-0.0087087349259526,0.00634676617558021
0.0707755280701523,0.0396213494821371,0.0311111289183599,0.013798596565177,0.00477604530043874,0.0282057394474286,0.00092317928563987,0.00102645518477844,0.0201118012639489
-0.00193049947319948,0.0241870605429081,0.0228765682461509,-0.00607686226632426,-0.0200528740822673,0.00929793105809871,-0.00203246710422452,0.00143198452006073,-0.0125612425668772
-0.0379416193352268,-0.0303712348225693,-0.0251688587039822,-0.0112715866515532,-0.0117821932550482,-0.0392989664512311,-0.0485436148932714,-0.0409471322299403,-0.0113529282715137
0.0236625189455288,0.000621133137926925,0.00675703697499874,0.0471549708787776,0.0162158414377314,-0.00126287200169866,0.0101442301015295,-0.00741592358502342,0.0257580105080131
-0.0301991111578896,-0.0112173236518104,-0.0134949753093741,-0.00878258523196754,0.00503487288833664,-0.0115525344049808,0.00406850881625484,0.0209894134413203,0.00288079167823503
-0.00684029589031067,-0.0192841555657157,0.00239583656716813,-0.00353621670988026,-0.0180722808350676,-0.00811180814797979,-0.0133199282209406,-0.00826506725518388,-0.0177625068401987
0.0384723850155435,0.0480439859294874,0.0112412450785574,0.028270556348276,0.0273606630964431,0.0718236143902868,0.0226826337749041,0.0367608739328787,0.0420518784586229
-0.0269361023848677,-0.0627170184110201,-0.0210541652743246,-0.0501333062248567,0.00104347503818093,-0.0434368415256866,-0.00414714842779053,-0.017847004029806,0.00535394486756921
-0.00353190832981597,-0.00888706521899023,-0.00243743187246658,-0.00143192875728637,-0.0105245868728704,-0.0198192286458002,-0.0181089060825349,-0.0432917852837839,-0.0582282772774957
-0.0300634450299859,0.0233754828759093,0.0146812699860796,0.0157517543070309,0.0255481844889431,-0.0341221772800914,-0.00697568527081857,0.00336975874261407,0.00133231001381445
0.0395473463498991,0.00210005937484698,-0.0015216313718546,0.0193983267155619,-0.018218811197256,-0.0102373232235363,-0.00708245972613943,0.0127726757241631,-0.0153551046327825
-0.000727214510449608,0.0106912390301054,-0.00372979900397632,-0.0176645640962865,-0.0281057211070446,0.000587522867563276,-0.00602249077257444,0.000462203297402286,-0.0100367464415496
-0.029818441260631,-0.0123861442869636,-0.00762074577159275,-0.0145302744550442,-0.00471186361525494,-0.0175461971238077,-0.0118716388759818,-0.0259421373923633,-0.0512724885034477
0.0121962726491089,-0.0391750898529705,-0.0370677427146768,-0.0102942331030599,-0.00215302102648885,0.0203481863310494,-0.0163956089666952,-0.0139577365221568,0.00264435927481672
-0.0390927444681599,-0.0271736477427603,-0.0126566326885182,-0.010098529274521,-0.00692969611634376,-0.0476556245467846,0.00244201166332174,-0.019214805780251,-0.0173868167645142
-0.0247009591201663,-0.0112702980407918,-0.0200222819069332,-0.0107169685885581,0.00613911996679488,0.00736456213999935,-0.0091511150332048,-0.0209254631152964,0.000669487847963442
0.00390350808876268,0.0199881301879136,0.0129009110981524,0.0216227049349161,0.00099417845090903,-0.0352903306025837,0.0190907174837506,-0.000532011515558451,0.00292180877526305
-0.0110479188829238,0.00932630365712314,0.0138634276496842,0.0286117684316633,0.000925930983847535,-0.0236862985926803,0.0025200508284595,0.0240439347503118,-0.00437621021741498
-0.0199772287053937,-0.0179944891778622,-0.0343228902430115,-0.0176073967630378,0.00166701660924481,-0.048683539431431,-0.0167958634213986,-0.0164829619208035,-0.00837392431074496
0.0197899536471642,-0.000169706600003794,-0.00324894318386706,0.0171045863425023,-0.0104082355584831,-0.00672687131330781,-0.0114289928065142,0.00780205524787027,-0.00829378452466529
0.0532775360435988,0.016840216431111,0.00895183108427721,-0.0050734395899486,-0.0141945956368509,0.00664443072577496,-0.00305154827657512,0.00522221905796448,-0.0183636146776453
-0.00225473703318693,-0.0190067084262002,-0.00716317288192417,0.00452613510871826,0.012724397130668,0.00873089832792428,0.00566801838649156,-0.000165762393653404,-0.00908408984969035
-0.107044891985961,0.0123131307864299,-0.0434903977942251,-0.0612828647491362,-0.0078123802471957,-0.0953278157742561,-0.0270928599151262,-0.00709722011127644,-0.0112969124824514
0.00412617645213892,0.0293158552909597,0.0220809391819879,-0.0202988060932034,0.0121226659261654,0.0225147300909754,-0.0301333931449721,-0.0122709437403632,0.0194830744475669
-0.0222421334693752,-0.030012007341731,-0.0134027721390841,0.00825668610997471,-0.01406838384474,-0.00817464870131515,-0.0261862577379384,0.00840723161650554,-0.0167603299055093
-0.0427711303698105,-0.0267297941757084,-0.0322064256184638,0.0217238636898456,0.00915876189792639,-0.00836205823598594,0.0259874108063138,0.000996370666628089,0.0209975538382582
0.0876158361324638,0.0251152869622857,0.0400049095410262,0.0488245458174688,0.00694370215473715,0.0357385941116485,0.00443982066907331,0.0029866107018519,0.0298733453419152
-0.00896166739496841,-0.025371558701937,-0.0154754385065082,-0.0168497842361181,0.00336561664918041,-0.0104268064335262,0.028046772838319,-0.00206808118653141,0.00176149296169084
-0.079285346131178,-0.0283278644414325,-0.0183408790191976,-0.0401350980678158,0.00685325511202006,-0.0644346137264996,-0.0204836244210117,-0.0306090922793583,0.00114464763002956
-0.0327241361666324,-0.0155058066570004,-0.0159109442132051,-0.0258953632331625,-0.00200814005943468,0.0214361191499443,-0.0150332447607166,-0.0246669082672151,-0.00696532663212936
-0.0758174683463407,-0.0169737724838715,-0.0139589256427904,-0.0458112197839041,0.00216828311659802,-0.0874369799402708,-0.0133144213974767,-0.0171948563494498,-0.00737515896218128
-0.0203578286852376,0.0130475082990417,-0.00443608338364848,-0.0178256612134705,0.00110157065406416,-0.00150031095572498,0.0178517541702152,-0.00624729579405093,0.0147091978922593
-0.0451974508082032,-0.0213939283256778,-0.0293362769579741,-0.0245519337692948,-0.0135041049157809,-0.127019702885376,-0.0362815165365879,-0.0103772672665321,-0.0159548307114775
-0.00140362399844954,-0.0262675423034259,-0.0420446432533782,0.00702746920504011,0.00174783192114123,0.00343792079249721,-0.00242008671205762,0.00429634563007016,0.00324748622221341
-0.103160049093753,-0.0617784721300488,-0.0287356619085551,-0.034466596343849,-0.0513011497905982,-0.0784241852927436,-0.0152535517659049,-0.0581693478178761,-0.0662033982835664
0.0687179631002896,0.0224066557645759,0.00486750543943588,0.0705257269491541,0.0137245770964975,0.119617694125936,0.0123654500152036,0.0269771546117873,0.0245355260557981
-0.0111696194601791,-0.0117019181439966,-0.0131274301618269,0.0190830307094647,0.0263531190683027,-0.00792742628033072,0.00326260919166691,0.0118978037087746,0.0232366399347322
-0.0962964640042749,-0.0280262792056754,-0.0589068552102229,-0.0689365490509441,-0.0105126297121945,-0.0753102189596106,-0.0121429512263917,-0.0358159567092881,-0.0149620877571389
-0.0457119266542706,0.0124932385104273,-0.0225081287612534,0.0262555221610341,0.00639861629256399,-0.00551655661758122,-0.0133542444005491,0.0026404058389997,0.000918313511917828
-0.0681040103081601,0.0280463490291037,-0.0107935858651324,-0.0460639699931471,0.0106305762327808,-0.0829569977537753,0.0177472265780543,-0.00909681592831674,0.0135094508304883
0.0203022636238596,0.0180724953796123,0.00855839755952828,0.00698561396079141,0.00717243689552338,-0.0115070600224384,0.0148289568800371,-0.00283047503881093,-0.00708813936359022
-0.0663751283722754,0.0131692207869292,-0.0413709908995642,-0.0100573283214234,-0.00408776918020927,-0.0943092457918519,-0.0043084973927256,0.0145717404658906,0.00430432822034433
0.034803263862564,0.00768214112164443,0.00210949401316157,0.0255673356758422,0.00456885934958406,0.0617952010368901,0.00503032963770132,-0.00380790677283857,0.0140094831588102
0.0500173834384569,0.032346849754821,0.0228905179019805,0.00663945630240091,0.0228867213291758,0.0713812489894289,0.0211064843013201,0.0172374310915544,0.020737601727506
0.0166790617097871,0.00604856500848028,0.00558641178984471,0.0179550473633982,0.0122939797907613,-0.0146581592742686,-0.00764330064070684,-0.00393284189507188,0.000364314209708832
0.0412623256507773,0.0463464749848488,0.0111144565413796,-0.00208767238130506,-0.0024289184600281,0.0456394376850466,-0.00752764313382088,0.0145759147055015,0.0126557303980525
0.0474776888116829,0.0258906077008036,0.0181599899242264,-0.00449824032574238,0.007605650122155,0.0100014261941779,0.00257498124226956,0.0178310561864166,-3.76214561873882e-05
0.0228736755095985,0.026315515514976,-0.00438217495295515,0.0081305437871506,0.00855037997826916,0.051068028206375,0.00409895279367087,0.0385310474812512,0.00123612817116703
-0.0463832654251944,-0.0371175438733214,-0.0107383268012413,-0.0853115298158236,0.00830051735183362,-0.0753315293297303,-0.00426897057716995,-0.0115143593543512,-0.00264308500841956
0.00242040147269261,0.0232481167201076,0.000584483847497764,0.00226113135352037,0.0156377594782213,0.0177570967697839,0.0270316483782712,0.00946893674165039,0.0338911945847871
-0.0461734680044134,-0.00788224832283159,-0.000955881136993068,-0.0096024527477222,-0.00208980471515205,-0.00788360605203279,0.00322730880412771,-0.0089073124748628,-0.0299370611316356
-0.00243784387211455,-0.0135620483985887,-0.00543974597685221,0.0255743350954881,-0.00308698539452221,-0.00839694244148877,0.00675513269672485,0.00219745116591148,0.00246591979565375
-0.0628268541363185,0.00283328619451889,-0.0378874137474974,-0.0353088590319134,0.00189090007288735,-0.0211860768990975,0.0113895259700318,-0.0154442511350463,-0.00686854945861708
0.0515853659317074,0.00580902374803193,-0.000477113021010301,0.0400361850069262,0.0017719266990506,0.0393617952302553,0.0129822533897263,0.00867792735959117,0.00109950400408871
0.0214359769808072,-0.0111817142641587,0.0334872057818928,0.00554478491082544,0.0079604639700228,0.0110517226832046,0.0057169181009085,0.0111509888539725,0.013214880807655
-0.0281246918477655,-0.00316054097143676,0.0104707272275526,-0.00326706607113929,0.0103310157286186,-0.0126314019644513,-0.00116711657964218,-0.0159728825590453,0.00861537371993141
-0.00941793940574341,-0.0297036478137898,-0.00910312253539532,0.0239091085423899,-0.0159289021284331,-0.0106396022818771,-0.0135697069902665,0.00279319956248888,-0.0163925153870939
-0.173650922188096,-0.0632268716326949,-0.0496731504168044,-0.0898649280155345,-0.0154275684103499,-0.171370220626223,-0.00614337118468474,-0.0266110801144703,-0.0301689817945602
0.0667736198359332,0.0116663415341342,0.0123183129913048,-0.00492078130823297,-0.0186935547944482,0.0160284287645608,-0.0061367386328569,-0.0101077404893352,-0.00534907859012199
-0.0519417494365317,-0.010351023418336,-0.0252634591325203,-0.0290582104311656,0.000794676152996348,-0.0987886434694473,-0.00533735295933475,0.0203040005907387,-0.0055480281438875
0.00967279740033985,-0.028504950582793,-0.0302397642391235,0.00278083819687603,-0.00139470030784224,0.013972257218324,-0.00165994524371743,-0.0196750754545659,-0.0230876232625389
-0.0267396432288237,0.0169879159473236,-0.0112590095492564,-0.00796180170776147,0.00472091557990457,-0.0514565559619731,0.00542077727148968,0.00112105037794556,0.00827913794031838
0.155746774958182,0.00311838379803257,0.00548917407705431,0.0105823706245434,0.0189284843692726,0.0672863887408968,-0.00364208892372859,0.00862205965175091,0.0131557089701177
0.00372397443976183,-0.0155008656752453,-0.0223412910357708,-0.0110373174345632,-0.00341694287229737,-0.00341330133369754,0.00314805427208588,0.0197866879524535,-0.0038613799197418
-0.0192768660682286,-0.00172540559479919,0.000131735518989891,-0.0415718647749068,-0.013339894650987,-0.0713452413142252,-0.0320686363858572,-0.000365035102459257,-0.0092568376699824
-0.0752301130575802,-0.0243976172389437,-0.0285370539604844,-0.0174536953957639,-0.0205365964367867,-0.103984405292598,-0.028957421537368,-0.021989582279532,-0.0380136889322808
-0.0594494847649277,0.0123446287497668,-0.0250012520651401,-0.0319585762763603,-0.00154497757455454,-0.0507366983136694,0.015394373087041,0.00561566863060234,0.000713291949997443
0.14252598277421,0.0262722428761721,0.0460613925837618,0.0115919138438752,-0.00260534978952007,0.0024148797362296,-0.0230064517699889,-0.00132328727060731,-0.00193974182500322
0.0842675799915621,0.0782553920957283,0.0473575320963982,0.0695029796019284,0.00783573507163183,0.0570928282432149,0.0115869184327942,0.0263861942980877,0.0370775047866988
0.0880690090809181,0.0289712053267935,0.0320488658259908,0.0512910715365371,0.0207933581789336,0.078594425907116,0.0194977862403962,0.0237965437981277,0.0111895473981248
-0.0862511802088688,-0.0141001559694438,-0.030510812816654,-0.0448523110893688,-0.00202643377316315,-0.113147997215896,-0.0213581572326924,-0.00797790308291295,-0.00826240055625274
0.0298792738896044,-0.0165423798274105,-0.0181358553214043,0.0250715105778266,0.00327171860409177,0.0288257702071522,0.00949277247029582,3.07044538160633e-05,0.0160904235094134
0.0124237739556464,-0.00472144373185014,-0.00707641585705032,0.0067579037863681,0.00688663952247408,0.0456773737917605,-1.72585499757314e-05,0.0142144161023762,0.0081841402735228
0.00983640052892493,-0.000693070415478576,0.0101825752509358,0.0173587570073339,-0.0180789329693708,-0.00700604549658956,-0.00993459754094632,-0.01773239769926,-0.0118941813133948
0.0306472572174254,0.00701056714185375,-0.00380791432414187,-0.0147795084467411,-0.0164064450486966,0.0158409753656036,-0.00293122610245499,-0.0010510989419713,-0.0269162714799457
-0.00935248787384666,-0.0467288449059515,-0.028380795679056,0.00303852350198621,0.0072256763632119,0.0123871238820343,-0.00860554454125943,-0.0132757598004011,-0.000169027761848851
-0.00716375250476727,-0.0242272916325009,-0.0281335196888876,-0.0114459979117738,0.00760414642454417,0.0367152609209783,-0.00295769475260016,0.00295290466851455,0.013274767677049
-0.00915745796022811,0.0141557672999625,0.0217207745318225,0.0191699590248704,-0.00519712009190477,0.039145859319226,0.00973195429810948,-0.0230333027414571,0.013618345664046
0.00782220062042953,0.0214677212430077,0.0106168880134519,-0.0129807299295655,-0.0116782727329797,0.0138590482543979,-0.0151985134678193,0.0235040311253689,-0.00471295120456244
-0.0131110265854705,0.00616144530957251,-0.0205660670396231,0.00293907439748956,0.00188000950982452,-0.0381177681708669,-0.00651475276562557,0.017877720488315,-0.00542311516290851
0.0854715041015963,0.0404976780789225,0.0332009227800026,0.0412231070481452,-0.0028137588568192,0.09355071217199,0.0118176219033555,0.00791417672659048,0.00609370891070658
-0.00374678387863085,-0.00571764071145045,0.0103466228488967,-0.0142945580354019,1.87585923596177e-05,-0.059941928533218,-0.0173759080889313,-0.0226117451717723,-0.0131972337887671
-0.0600878773089702,-0.0169575713401421,-0.012844301744438,-0.0232867265040202,-0.0064020672724655,-0.0539923686916291,0.00740563406835034,-0.00872501430712615,-0.000482432157619871
0.0269632947848946,-0.00312653013488099,-0.0113463264119905,0.00687568953381963,0.0272039284736059,0.0444519039454261,0.00901250965127345,-0.00098976801416324,0.0364447351565274
0.0778862781430604,0.00813197366502417,0.015971071875426,0.0225326508160473,0.00448193718470332,0.0584939102250125,0.00713339353278987,0.0361903338473771,0.0217950961933406
-0.0132040468606609,0.00352464502794346,-0.0157701029152081,0.00207605866781025,-0.0073765300530131,-0.0521107106366478,0.0046293028603435,0.00607597474600086,-0.0128068351453224
-0.0261192508801627,0.0291459573763354,-0.0169364646530213,-0.0115271626110546,0.0084140466594885,-0.0117152625656131,-0.000199618540097217,-0.00416222351198689,-0.00264345109448278
0.0422712874215379,0.0297141990647963,0.0211274166953122,0.0262963495756147,0.00581527755052031,0.0797118300728155,-0.00466261020260537,0.0198577075333445,-0.000388005125204255
0.107638408566255,0.0218000779362203,0.0250743176044253,0.00946612624966554,0.00381980187591241,0.176392042567134,-0.00189836024864056,0.0058110119038523,0.00971850089898901
-0.00709743101663346,-0.0128262622753143,-0.0158390978212607,-0.0106366719182468,-0.00536420012719799,-0.0079291508673411,-0.00895658303959669,-0.0167660785767371,-0.0169145463124744
0.0746630639410167,0.0485559981209016,0.0292202883649203,0.00480550331327043,0.00105514461825519,0.0872766381287978,0.0170021311489522,0.040483757774054,0.0208872988384844
-0.0593751154577709,-0.0139871228054579,-0.0175252412940652,-0.0102465981822775,-0.000970433018198907,-0.070601222067496,-0.00387472123986374,-0.0154143352157369,-0.0135723276987497
0.0301872446791732,0.00194511251608855,0.0220978550040916,0.0392972506234917,-0.00609136206565119,0.016065427749695,0.00304202609816398,-0.00618490860852306,0.00260256522245371
0.0315438213622158,0.00287622232523307,0.00631639710585238,-0.00318882235942971,0.00498682720442962,0.0292718732238836,0.00282848083968558,0.00352125392665895,-0.0141849038881981
0.0195780778476394,0.0193346995928665,0.016056632961104,-0.00964446315839537,-0.00386213940648596,-0.0127989264908725,0.00809079277094335,-0.0127017563512175,-0.00461313533095637
0.0230335456829952,0.0020738820873325,0.011640736302365,-0.00761245822192478,0.0123090037588999,-0.0953805726862352,0.0101621307279553,0.00407189572209569,0.00836666184368137
-0.0230981055500856,-0.00902176617679418,-0.0037991949340691,0.0235649472601299,-0.0205252570174843,-0.0318138081379927,-0.020293296224094,0.0023747376251639,-0.0341467397142163
0.0357397952927326,0.023112944014872,0.0226217972935049,0.0111463031186031,0.0182287913428028,0.0179824095427866,0.00512361286386143,0.00754014026951906,0.0162158407904682
0.042697421650125,0.0112051942364801,0.0214033485909084,0.0418571244606095,0.012404519998556,0.0571807113594779,0.00671246874722202,0.0148765179622297,0.0363419950668551
0.0434675662930898,0.0405520392073052,-0.00734539980234044,0.0434873519356355,0.0336098562489316,-0.0339636202071101,0.0339190804634867,0.0701012631608562,0.0779022360028658
-0.0978284888677177,-0.00200203161405998,-0.0372622046164494,-0.019996677624539,0.000439349763894601,-0.0696568893854866,0.00891037567799477,-0.00934948739003347,-0.0282170116530225
0.0395948968568637,-0.0145126493509088,-0.00209396157684599,0.0259994889715232,0.00909140955354477,0.0410299892900278,0.00846327873875746,-0.00869534515943908,0.0148690264793871
-0.0442572917787207,-0.0055993957534328,0.0108566563363744,-0.0131741588514759,-0.0124268035640785,-0.0607682829285622,-0.0037438720398436,0.0132482275217131,-0.00898585907068323
-0.00795026360526288,-0.0378775841483894,-0.0102958856327925,-0.0200369024928747,-0.00987725145961187,-0.026804943668651,-0.00903751471580853,-0.00288772102972929,-0.0139864129083353
0.0548199377339661,-0.0151451305767471,-0.00523505888437376,0.00670121389704204,0.00319750573373584,0.032029231737075,-0.0102152002819228,0.0178463855909652,0.0036784466969278
-0.0206605189495046,-0.00667635125799843,-0.0128116075488827,-0.0140889117727473,-0.0211249091501254,-0.0517533496719868,-0.00133373264353573,-0.00781959563003965,-0.0236558249279402
-0.0922690522591047,-0.0453059364788468,-0.035511313793912,-0.0540567671565292,-0.00867710106051449,-0.0574157560121983,-0.0177536968563291,-0.0250421259093272,-0.0176815371416669
0.000942863431347971,0.00835305863606827,0.00666819195264556,0.0140215160412187,-0.00328519987102657,-0.0247279818272511,0.00568972576962718,0.00403890453792882,0.00179813775242913
-0.00126790118253921,0.0125705698482466,0.00228529660384262,-0.0231700617385875,0.00288049569773238,-0.00692142957993012,-0.0102818003463161,-0.00630193517992518,-0.00398173513127589
-0.0792339529638762,-0.0181348595320136,-0.0186167097660681,-0.0468348348919561,-0.0281188524862036,-0.0973306214589031,-0.00355556113492612,-0.0332004024847023,-0.0230695132436802
-0.00258785880214857,-0.0165114590519701,-0.0302614439673173,0.0178217206397261,0.00344884187658871,-0.0359979429924421,0.023050220800201,-0.0056810359995621,-0.0161809834279003
0.0130037844815197,0.00513601483088264,-0.0243232309448971,-0.0213782807333848,-0.00190568342415398,-0.010449510507208,9.09016103189594e-06,0.0151128722291569,0.0155459288152728
0.021757897807524,-0.0148370089797638,-0.0106249734254011,-0.00638421685977272,0.0147435102099852,-0.0018754474649375,0.021159235727724,-0.0137896862036081,0.0274058925871551
0.00418671981750404,0.0259068969818796,0.0138730501575736,-0.000213301134710581,0.0155459676038949,0.000404680278539773,-0.00715831342993891,-0.00763394367244968,0.0226576893069443
0.017090340373766,0.00743149967751991,0.012510353960518,-0.0121976626981147,0.00980177901289454,0.0293252059367036,0.00223917544229105,0.00990635248418948,0.0115333842108015
0.0482117360819751,-0.0174427778464419,0.00561762417407553,0.0316048662830818,0.017666983241456,0.0128473203002739,0.00776803775099133,0.0211070090670567,0.0116332674248174
-0.104892155711653,-0.0727768526937917,-0.0439107121056307,-0.0686604866818839,0.0115925545869702,-0.107578197672783,-0.00762212816985164,-0.0243930449771516,-0.00735361024987128
-0.0925645030819595,-0.0204888079237774,-0.0410786416382378,-0.0435998988609606,-0.0357470334799235,-0.0693364972437956,-0.0225603099398534,-0.0229956052922218,-0.0305403916850651
-0.0608455449060122,-0.00991498551085144,-0.018876102465065,-0.0349696592775401,-0.025221344138574,-0.0383123023420943,-0.0222108075049918,-0.0564080142729885,-0.0232147729465362
-0.00729722174494621,-0.0319464740259048,-0.0354713075989674,0.00492888745663578,-0.017134335769956,0.00426408684361694,-0.0164572549549699,-0.0129934853605982,-0.0174213329280284
0.127454870331636,-0.0167086808921947,0.0131179693670224,0.0374610795658085,0.00752751844342583,0.105334487450504,0.0405341625226477,0.0268432590799695,0.0173838783775915
-0.123168009628161,0.00102814938455748,-0.0387503712725048,-0.0411158002545298,-0.0154911279583319,-0.0994256895963876,-0.0293109168631757,-0.0350057052719497,-0.0161451591075245
-0.0219352915897616,-0.0129160496697813,-0.0345992794254728,-0.0332880777293017,-0.0144122779551448,-0.0204071671902225,-0.0153328295612904,0.00244760363787792,-0.00157762627469558
0.0206302558809562,-0.0377664009880892,-0.0401868777805579,0.00552935622721658,0.00993118466785818,0.0202259909804548,-0.0160457132630174,-0.0209443377846881,-0.00233766574519766
-0.040654097013468,0.00342982431444738,-0.00700709928083208,-0.0018203460827651,-0.00373689452344874,-0.0216304184528134,0.00172598511607441,0.00035367777039482,0.00599211202436736
0.039495421408574,0.0244276454655298,0.0306770424795649,0.00287525272843682,0.00327425264784644,0.0189978555446512,-0.005713943029905,-0.0187525055379217,-0.00401753663105788
-0.00808831313389866,0.0263747380929313,0.0308868295053716,0.0221310987274218,0.00444278813954565,-0.0194740033758637,0.0150806558301573,0.00378060553624741,0.0101641976534341
0.070912818954011,0.040498746694249,0.025269637851899,0.102164982334213,0.0190522894481008,0.107701208672364,0.0337444314991521,0.0677810470176708,0.0345915084175786
-0.0989433147386682,-0.0701153589861487,-0.0655921521512313,-0.0567640196244343,-0.0210320020902691,-0.0760594610827529,-0.0167449590105052,-0.0189229676919462,-0.0313644217451096
0.0365349257431902,0.0358809778374189,0.0185540489508483,0.0314768587272028,-0.00106772791022217,-0.00474742171176363,-0.00247061049894228,0.00858571494374646,-0.00671492822910801
-0.0698436568603411,-0.0234045009835547,-0.0475787978315754,-0.0481261425878018,-0.00386021945368837,-0.0522555363296607,-0.0262241969206365,-0.00903063676652571,-0.00228521991182435
-0.0435867077808754,-0.00295871171997543,0.000607450482402211,-0.0218826653374191,-0.00272422345119467,-0.0628501157103639,-0.00812340415298885,0.0128522750044366,0.00692492511925481
0.0360983303646897,0.0234588103054244,-0.000741137039570179,0.0398528324174974,0.0132890750083713,0.0142239462966887,0.0356174046506651,0.0242880848920941,0.0469784387852396
-0.0369042328261711,-0.0171281312376291,-0.0327993409592838,-0.020046305741392,-0.0112623535593062,-0.0301586934136026,-0.0160616878396727,-0.0116209897245154,-0.00308970249540046
0.00255005102400772,0.0146132176430163,-0.00372833097389885,0.0398066479705536,0.00314713297891119,0.0523136697410894,0.0149641279507002,0.0287090037331246,0.0278017591417102
-0.0853387640479775,-0.044589930998754,-0.0671804214940118,-0.0653308144345783,0.00359187278343609,-0.101519650541918,-0.00133228908442454,-0.00992335818809589,-0.00431135878419797
0.0495220075256095,0.0583959568504076,0.0585719411639733,0.0596499626262868,0.0183759182178955,0.0619335662569983,0.00107073913256841,0.00681562251553607,0.0419429752655083
-0.0410242308469511,0.00383892123964773,-0.0278594313502201,0.0123060055105209,0.00034845884008316,-0.0316984730646009,-0.00621209525552866,-0.00518582029186154,0.00153083519287765
0.15722448626147,0.0689296629711856,0.0663511198977905,0.0683725671581706,-0.00490006267416969,0.137375919580053,0.0283416026513886,0.0194780586152835,0.0240900624064374
0.0468089589644735,0.00753864824222031,0.00639357220258921,0.0271683086024553,0.010188116974294,0.0302456290032782,-0.0172777523394397,0.0171796567336994,0.00728740346491392
-0.0517238202477775,-0.0470296782436733,-0.0522648349090945,-0.00627395595563724,0.00895929884213299,-0.00337837751540274,0.00945548849454148,-0.0189829047692205,0.00572177189281178
-0.026371267940998,-0.0279323035222786,-0.0445868154646054,0.00881278228418692,-0.00936452334827915,-0.0424430146485771,-0.0143693957076656,-0.00404049589610889,0.00288114853915186
0.0135885200857494,0.0359155434632746,0.00786974588395655,-0.0241238455898208,-0.00765190362155285,0.0249663176662787,-0.00367959068814649,0.00513603432798207,-0.00292336607109713
-0.0165301223448103,-0.0264325397680064,-0.0475927023057191,-0.0050855343596828,-0.00776631943978278,-0.0413604231604918,0.00587733512614512,0.0229646699740183,-0.00902851741789777
-0.0479093183796475,0.0257095831319878,0.00120930972352762,-0.000138272697957873,-0.0016721960279675,-0.0331407593427964,-0.000911365758441224,-0.00144406649345076,0.00268804054939314
-0.0144220222953086,0.00516567330245564,-0.00316813065722739,0.00770116291021065,0.0137612405109055,-0.0232041126250674,0.0141996692574072,0.00957196543716805,0.0154825946717877
0.0331552618195867,-0.0298730765465439,-0.0269153766716746,-0.0011353337904023,-0.00591029243533427,0.0405414682425338,-0.0110900182219157,0.0125445199143201,-0.00619435200879765
0.0132148524393151,0.0275723623957682,-0.0081363262269346,0.0100052852468452,0.00358561526857688,0.0135945292663958,0.0171962439238204,0.0261452299037195,0.0201620072071613
0.0320727291172404,0.0113991800461517,0.0128606566895092,0.016282605692785,0.000182548527883934,0.0135546522036959,0.00187465189598141,-0.0146687900459233,0.00527491030327887
0.0119155894611673,0.014364688111978,0.00891230038011718,0.0339984126081007,0.0229148748523593,0.0459915728505339,0.00467365945891619,0.0583663068887933,0.0347838251864645
0.0140857959297278,0.0064300476224656,0.00538764741449826,0.0857571205631849,0.0215771021619842,-0.0234579319211736,0.0322080505992283,0.0379824665247363,0.0215311018177439
0.0166542743370432,0.0188237037679907,-0.00726316990457893,-0.0251482489383331,-0.0148775941949701,0.0128355779288855,-0.0438567812841675,-0.0121674535833239,0.00530394256018385
-0.0158707204365274,0.00455555847230716,0.00536191284100964,0.0147713477949435,-0.0192055047265189,-0.0205655436679232,0.0133634552844126,0.0107365905796305,-0.0147166563843397
-0.017103090280391,-0.0190207382503728,0.00351070439488689,-0.00492762809618403,-0.0210773768339831,-0.042042040667206,-0.018727426457434,-0.0065491128669835,-0.0248174338024868
0.00378870830553376,-0.00939873471422234,-0.00206209760858856,-0.00760462534126871,-0.00453154639846458,0.00930532291348605,-0.00074438694453444,-0.00359947106835008,-0.0151967306578488
-0.0799833658549677,-0.0168740191637003,-0.033273131313297,-0.017851137419802,-0.00679427706606609,-0.0711963178824997,-0.00201157425163092,-0.0205964415642619,-0.0216452059668896
0.0222343212045967,-0.0148645972370725,0.00515055487779403,0.0161199571015748,0.00555516705501156,0.0227469759023816,0.0173512491186764,-0.00518956642590615,0.0158229943506604
-0.000896075103809799,-0.0237072762247294,0.0104489441350369,0.00142919215388655,-0.00573421278802391,0.0119016944736394,-0.00199770202755082,-0.00145140018016825,-0.0208304610823168
-0.106921571922849,0.0230310944851345,-0.0623851579624836,-0.0561073261004665,-0.00399918613616475,-0.0508551343027529,-0.0191794255338728,-0.0275710472350765,-0.00383206283825165
0.0209017398338629,-0.0067195780772711,-0.0168418373101501,-0.0255139314855539,-0.0175446947576972,-0.0258774506453296,-0.0101954509261686,0.0190858209306265,0.00815875737083965
-0.0699617221156038,-0.0447834771301742,-0.0208647995418061,-0.0670668892432397,-0.00767823146657252,-0.147734957481758,-0.00827476556209217,-0.019607206681436,-0.0225491233983888
-0.0150488445735416,-0.00366607956688242,-0.010998971730193,0.0173363027814718,0.0057631627757769,0.0311633530533961,0.0102412310647255,-0.00239455392816529,-0.000429722555946271
0.0227940700832338,0.0249194260212806,0.0206627446235702,-0.0132061833428301,-0.00484205117770788,-0.00304435748895685,-0.00303967246500832,-0.00438640409679561,0.00718278377819265
0.00845747305217274,-0.00930465931158883,-0.0120663239398709,-0.0125599636549584,-0.0185117050364306,-0.0198182796910518,-0.0383418083375949,0.00343824379223293,-0.0209106418285504
0.10209089056265,0.0456135483215371,0.0533220268977318,0.0248465621696554,0.00676841804466446,0.100908057145049,0.0239586889986139,0.0229692200617807,0.0204885338091136
0.0314023202687402,0.0153888694340396,0.00503650069788508,0.00837763029803281,-0.0100065057227555,0.0078928949345805,0.00161901808248374,0.0264920236064553,0.00658691298129591
0.0722428949966506,0.0429316790761325,0.05409389453129,-0.015103152511167,0.0109270108851225,0.050608058413597,0.0182240524516438,0.00284729717839793,0.00984555890071468
-0.0316945890494428,-0.0031058307303876,0.00115732797689779,-0.0188226993055776,0.00838946319861378,0.0147672154978541,0.0188575109663011,5.24398636253718e-05,-0.00837183493693629
0.019157080360022,0.0112899202111156,-0.0209393598802665,-0.0155890777962118,0.00124256002542981,0.00536338410824912,-0.0218988133679888,0.0174900229923499,-0.000373960850895669
-0.0536493757616601,0.00774892694823706,0.00205909935705365,0.0130961040561893,0.0127684577585168,-0.0317317178823452,0.00392550773559836,0.0195624792253513,-0.0148604270654631
0.0113672847963111,0.0029988917015217,-0.00464642998398298,-0.00922766731176764,0.0017591071323923,0.0153318602957608,0.000810690102026407,0.00787521062030449,-0.00745541690804342
-0.0935254146259732,-0.00286959152705671,-0.0357173374644074,-0.0354751196168645,0.00391281476348046,-0.0953852508091552,0.00152090151422459,-0.0174552216777507,-0.0221645815072502
-0.00591910284291074,-0.00138313002236059,-0.0068814004579812,-0.0106939083002727,-0.0232600497293365,-0.0233829281805346,-0.00382719414601353,0.00287149404310096,-0.00430547494043874
-0.0265750045427148,-0.0378878817134776,-0.0136201851755981,-0.0436833700275788,-0.00116997196015245,-0.0375855098035813,-0.00930832746645527,-0.0471951857333444,-0.026890931991132
-0.0644033358620604,0.00317717729283437,-0.0344662100534358,-0.0213942311578207,-0.00779569291390492,-0.0915196882510386,-0.0116698938356099,-0.0124332609263023,-0.0053432469540379
0.0462093802031287,-0.0109460995446943,-0.0213101365876274,0.00371338977181568,-0.0198931979655824,0.0350836248436744,-0.0219560116528083,-0.0190129953427275,-0.0125145695168229
-0.00883950657849287,-0.00158220126942269,-0.0329162924327467,0.0180143180742579,-0.00978086465485396,-0.0230585777109012,0.00117761996897825,-0.00198603708444825,-0.00567511165078417
0.0310115559922897,-0.0244467152393365,-0.00139043695470361,0.0362941146847316,0.00493358865314415,0.0595188085321263,0.0116752753450363,0.00398496893647332,0.00446345254038474
-0.0477166871153558,-0.0049318557041211,-0.0128428499616911,-0.0298414599048802,-0.0087165624855962,-0.051129349763226,-0.0255252809497626,-0.00593182486460082,-0.0109060178076216
-0.034687363457856,-0.0184841014743015,-0.0340256716112069,-0.00589514011123723,-0.0129359602861425,0.0246535274866109,-0.00408054445060218,-0.0118993978943366,-0.0179500206217828
0.0677480564339971,-0.00726708989454323,0.0128297093072876,0.0246978965184167,0.0108775892394982,0.0839522532304744,-0.00201487858372475,-0.000440215263087675,0.0110427045099088
-0.0721393369793911,-0.03149916200216,-0.035633283571263,-0.0396990288267898,0.00748612670263245,-0.06747636528599,0.024611345912684,0.00970798526497645,0.0119770790240952
-0.067238713035575,-0.000462430427565301,0.00296044302661344,-0.0359693375533587,0.0178471425558459,-0.0884295272121349,-0.0320264450755122,-0.0191567324084577,-0.00767375632094179
0.00582633975467241,-0.0097493084546733,-0.0135384328927648,0.00741900076856721,0.011193599956283,-0.0410873108678928,0.0131678392557969,0.034436760278449,0.00813064646749143
-0.0110938214779879,-0.017969760226077,-0.0186417426572359,-0.026285776880114,-0.00890783349912992,0.00746883207634641,-0.00879054815917913,-0.00464216142726815,-0.0141199074236541
-0.106870453970402,-0.0410435013945614,-0.0245937517144313,0.0226588013769575,-0.0196105995236206,-0.0944122879025803,-0.0343436037983469,0.00559400463768357,-0.0246280804944858
0.00655935979546289,0.0220105184988379,-0.0178473003107387,-0.0227799427401872,0.00976430644806974,-0.00539979329977871,-0.000576203099306095,0.0095828738218482,0.00580041267291167
-0.114526284597126,-0.0663997422169752,-0.0549759118512021,-0.0668827410389738,-0.0181010509072391,-0.125162878743686,-0.0253690768194035,-0.0237352289661919,-0.0184487732934365
0.0194955532187032,-0.00666976272828898,0.0100710769816399,0.0184806315044158,0.00104810741565943,0.0470055544671391,0.00540696239904802,0.00612301819042327,0.000956913843613195
0.00287493502638872,-0.00650346047266501,-0.0420234404747855,-0.0254449170030367,0.00134514633705741,-0.0495666824386051,-0.00956311233031057,0.00421747479819406,-0.0040846692536713
-0.0484970624966426,0.00918973162697642,-0.0297765964896289,-0.0456428106986206,-0.00381810128083904,-0.109630547167867,0.00671782738087871,-0.0105416270156898,-0.0132806326743267
-0.0266476350767437,-0.0114475873531325,0.00774878191077443,0.0288086364013021,0.0036762235201972,0.0142085894638253,-0.00596131522661777,0.00673853723179537,0.0075976756075716
-0.0254660981938912,0.00985364640173104,0.00958890174139934,0.0265054763447002,0.00437722378891499,0.0211736687068958,0.0185416924996822,0.0118024110493296,0.0051728936516474
0.056793021842493,0.0167178665766001,0.0128767359703153,0.03352660118106,0.0174087542379754,0.0484886546616994,0.0307075566647385,0.0255796669353543,0.0241445946788217
-0.0275348207131389,-0.0158071581498885,-9.84068083818251e-05,-0.0207479701062128,0.00241290848615471,-0.00737481966367919,0.0076931549844526,-0.00372019333191256,-0.0191253165007939
0.0258663353949522,0.0181655282612244,0.0218418621730744,0.0115856553801345,-2.99570171468851e-05,0.0258089999845917,0.00882627782012399,0.00169255527894437,0.0131228120924291
0.00563146079405509,0.00326980595187592,0.0121834548609062,-0.00844313399640778,0.000112684551302497,0.0302581338003466,-0.00757771127930554,-0.00751671718762076,-0.00089050498026226
0.0237889531039362,0.0136998829050255,-0.0039024197443664,-0.000304655715325904,0.0040299691420806,0.00384798182304978,-0.0161490315980332,0.00367033341772085,-0.000736379185677503
0.041228535582251,-0.0120313557770544,0.00410622894523612,0.00283408394355213,0.00242514064069779,0.0572217587306239,0.00428102624446687,-0.0240598245066994,-0.00517755720977633
-0.02560284229641,0.00603226708786114,-0.0111648645524078,-0.0207419267938656,0.00271725802651615,-0.0360144770912296,0.00342623936760571,0.0073218051101214,0.00415348740211602
0.0221462739410679,0.0150291447859504,-0.00332136389766646,0.00245751800807029,0.0110309248009319,0.0201957118521651,-0.00269142731117997,0.00912769371788435,0.0153809691523055
-0.0318855761767458,-0.00220102473528106,-0.0301844116772458,0.000415359536282292,-0.00493418305920272,-0.043217566650965,-0.00228028783170348,0.0217450843583837,-0.00887408671143601
-0.0257294192271178,-0.0134682685300586,-0.00731108029347847,-0.00638810517667064,-0.00683282403208326,-0.0378093388480659,0.00378611368025857,-0.00193415918846438,-0.00709439103719138
-0.0227539236939807,0.0156247588069899,0.0025032694840265,0.0139037299013378,0.0102509176354932,-0.0223998198955823,-0.00297026771383554,-0.00251877259599361,0.0102033913769224
0.0332400970356687,0.0260925165439066,0.0150384556527779,0.0654977186950768,0.0207107714016173,0.0762938598032077,0.0151048626909718,0.0418188260858872,0.0108519603491248
0.0556254322771578,0.0408915579507163,0.0345221779910533,0.0356492548821766,0.00162067543095699,0.0418692051873213,0.00203509942263887,-0.00297237902980361,0.0319387958531729
0.0204502851737542,0.0162999674550311,0.0196157327703979,0.0242081490065301,0.00743326118554848,0.0206146767843333,-0.00291930060833744,0.0292642715267516,0.0183994404780158
-0.030628729276456,-0.00196948186045773,0.0185709702344709,-0.0179093110448808,0.00524444577832824,-0.0879305576481845,-0.00233667806106808,-0.0114975382674931,-0.00704770666497269
0.00947096466457046,0.00782222601026641,-0.00562246721653369,0.0268745609181824,0.00488453566906628,-0.010078760260742,0.0158196700299338,-0.0230029236263672,0.000680524483959279
-0.118545052678753,-0.0394850173508455,-0.0307218848704439,-0.083608673011686,0.001529944175501,-0.135037374891226,-0.00816573273816679,-0.0234685610894948,-0.0218072360446882
0.0209806273310555,-0.0138674683009065,-0.0010719323766713,-0.00797840282180896,-0.0140989280709372,-0.0212905805722008,0.00433715256402271,0.0162818143694146,0.00992884416284051
-0.014507802476243,-0.019304260150217,0.00279237993886246,0.0256723891208588,-0.0097912910150367,-0.0322293830759543,-0.00712666931636853,-0.0093538857632217,-0.0105431985799687
-0.00719161196031441,-0.0309786409745838,0.00250011437539866,0.0045287055048456,0.0132487343238797,-0.00192655212465905,-0.00402142120885317,-0.000344753669658496,-0.00522273062132973
0.0205820886094958,-0.00330112124390985,0.0164619707555236,0.00957928958054661,-0.017101264219952,0.0142277291433838,0.00441465899916802,-0.0125118068061391,0.0021497173308374
-0.0397538251420593,-0.0191365132458069,-0.00940131903851636,0.00144295189780617,0.0246630601768258,0.0489936134614581,0.00806509016720798,0.0105808185629076,-0.00529701886979971
0.073285081668294,0.00992395752695212,0.0231260491427227,0.0160361023367004,0.0053436420425886,0.0609647273063412,-0.0110893118762668,0.0205739853607864,0.0137578637602488
-0.0521984738233939,-0.0384018661633214,-0.004553297573099,-0.0149866293737792,-0.000118751881210972,-0.0633835990097223,-0.0226214623212383,-0.0141314266348886,-0.00230497685944906
0.059645382807733,0.0319184595523588,0.0273558986784482,0.0390771608711631,0.007910585544798,0.0527807271816712,0.0148266195451444,0.0242090213725463,-0.00313154592799259
-0.0360431876239848,-0.012391056608027,-0.00726999241381619,-0.0296430338149543,0.00887527397934977,-0.101176195742288,0.0112075160161291,0.00719568023751721,0.00400194963665836
0.00791401694453383,0.00919204447433304,-0.00539586526672438,0.0484445419619531,0.0203641477799089,0.0369194653723867,0.0181396992741014,0.0140175468846928,0.0330117796586419
-0.0721940491686664,-0.0207668972651283,-0.00163852928856279,-0.0160180528694147,-0.00664953348208975,-0.0649483638274821,-0.0187720780832426,-0.0266172197781438,-0.0248338737533335
0.0517965086954333,0.0215668953862973,0.0129504671235444,0.0215824217361959,0.00389204548469069,-0.00464310773845568,0.00839062859292489,0.0247896027823213,0.0103289232470965
-0.0287745994956836,-0.013085774377774,-0.0149939955095488,-0.021955856341715,0.00553117366268137,-0.0434524370883567,0.015644210683106,0.00876797157162188,0.0165832313553794
0.0219524678588502,0.0364828462651128,0.0203522737384809,-0.018135464028269,-0.0045992428481447,-0.0276661345772337,0.0220139058378143,0.0232169158803889,0.000931126442392771
-0.0178522576386491,-0.0186864484482918,-0.00874239200428809,0.0118781322450804,-0.00615970169845909,-0.00938641184571993,-0.013710853813917,-0.0119764514867808,-0.00760302574998775
0.107727279620783,0.0296623853734176,0.0336305659361591,0.0210583796042024,0.00727391280700962,0.109845973346248,-0.00302195496711165,-0.0113289841675256,0.0162649847885732
-0.0719721709359131,-0.0424697710770855,-0.0262724708297557,-0.0620164390304824,-0.00476082817096075,-0.0597015169041832,-0.0100138910127731,-0.0246604524403432,-0.0385975960567204
0.0279112361092335,-0.000556420659438364,-0.00244101933551234,0.0123588357688063,-0.0106435786012418,-0.00360555082682762,0.013707994746611,0.00744258153044698,-0.00609053946952046
0.121401774976143,0.0605787702637798,0.0403091668259318,0.040437777590446,0.03357216315727,0.077588039276617,0.0288963007001602,0.0386349637399531,0.0430287039124502
0.084707673253833,0.0133537935813793,0.0248555544757829,0.0333429816549663,0.0190382507271655,0.0893244600724239,0.022977502751313,0.00640461293355799,0.0300425031396332
0.0373144057734627,-0.00806513037074834,-0.00758863611621139,-0.00938484448532246,0.00194171840639585,0.00466316707766408,-0.00340762182519207,0.00227105123695283,0.000733054088268746
-0.172201252386816,-0.071241024840045,-0.0483521292010938,-0.100872557040123,-0.0102597772959166,-0.186986406856502,0.00448197989527594,-0.0634121860915497,-0.0285118863224055
0.119259579765296,0.0322540745233121,0.0386452052120411,0.0327747183749234,0.0223355435738675,0.0677609093648462,0.0346636818895644,0.0350063555640473,0.039368910903151
-0.00990433671336761,-0.00224628406645251,-0.00554485034800733,0.00585030199595004,0.000413714725799186,0.00202857508244313,0.00420998635272558,-0.0148099921252971,-0.0033676757972591
0.0628719915679281,0.0491106387547391,0.019470193828158,-0.00668231188179421,-0.00842887664440834,0.0392334571582526,0.00341593136198798,-0.00322555843945773,-0.0107826072803362
-0.0129926258503198,-0.0110795235159569,-0.00112078188842861,-0.0283920849748204,0.00834958018157714,-0.0503188695248562,0.00443932148790951,-2.98911154555569e-05,0.0124515314510428
-0.0320533437895342,-0.00236041819489328,-0.0303380274954142,0.00300535627358787,-0.0170760025968687,-0.0204508134950706,-0.00712315329689657,0.00140227527849967,-0.0106542656166791
-0.00145842338425204,-0.00865661303595742,0.00516641943656582,0.0101842364923521,-0.00602976588736427,0.00187213143665333,0.00204158192179173,-0.00040600395709066,-0.00761607234055273
0.0134767115010457,-0.00388661973786996,0.006709733170826,-0.0174893246560363,0.00588790019183143,0.00450201478229254,-0.00744004794424292,0.00679374569490987,0.00954373546962497
0.0895907678010008,0.0331353171232036,0.0545098993072886,0.0294661252839233,0.000173955256134082,0.0499430948095452,0.00706710472879327,0.0340232855639986,0.0124225178865967
-0.0832015351841383,-0.0332380622340224,-0.00491470016980509,-0.00388946844397102,0.00387028486290811,-0.0503186568590908,-0.00383982062617267,0.0057037321681446,-0.00761130345706812
0.00694970073537602,0.00682962276912924,-0.00269806083036877,-0.0360286997287431,-0.00677130911959308,-0.00609324958902711,-0.00959936845488498,-0.00788903949479975,-0.0161597971342743
-0.0532594907467409,-0.0367717158760112,-0.042414499750224,-0.0217147119805005,0.00152415972956933,-0.0197721274303865,0.0303615016260655,-0.0225760364564667,0.0189933119007816
-0.0203109607685166,-0.0172345688199596,-0.00828668179658233,-0.011395899808528,-0.00608720688036387,-0.0665875949704762,-0.0159648429783431,-0.0159126712819792,-0.00625626569066893
-0.0214982966303415,-0.0294145515068138,-0.00185535005320907,-0.00352985442722496,-0.0245975839567341,-0.0426195477364936,-0.0378571924684506,-0.0361773062573774,-0.0304122482223756
-0.0613034196785834,-0.0364234389802523,-0.0282910207982214,0.0404282016860815,-0.00430386294233473,-0.0478399117787452,-0.0184023212984797,0.00531198558771312,-0.018984530912835
0.0721369699297542,0.0332992302813582,0.0112695018606511,0.0134612079053887,-0.0245817535456836,0.0544568587261325,0.00525532103952402,0.0165613386241154,-0.0108023826165065
0.0831219682510374,0.0467598154605593,0.0250083512469382,0.0348649424423348,0.0235972805455614,0.0343124137106204,0.0458126581337708,0.0277229945682468,0.0534327104170163
0.00659863830323794,0.0243319872369386,0.00531988660900979,-0.0161456964167222,0.00887093644324537,-0.0302174961700477,0.00338840456074989,0.0118720060385684,0.00685454920317799
0.016740753134511,0.00503238749581544,0.0207268430458618,0.017034088001074,-0.00927732741243034,-0.0114392881753596,-0.00732576793113977,-0.00728557181223931,0.00960787036029162
-0.082608816581273,-0.0277165433686997,-0.0178485541017905,-0.0523468839803912,0.00180733463660431,-0.0938268749924168,-0.00801793332510261,-0.0175762257413147,-0.010720055263358
-0.00870485809372554,-0.0228231960604439,-0.00291410687349754,-0.0181156245508351,0.0159545245418088,0.0266494565419827,-0.00119000356833254,-0.021555449988532,-0.000261966079260499
-0.0370267035284752,0.0155062861903687,-0.033606308098845,-0.00824931392201941,0.00275892639671658,-0.0643265773676789,0.000205785377137181,0.000884108258165686,-0.0164705229685879
-0.0480266066458104,-0.0345813968948132,0.0183907089043745,-0.0155351964831717,-0.0190857218461473,-0.0225715664521852,-0.0395106214100251,-0.0377610885550159,-0.009840919450328
-0.00988957952008386,0.00764318207338494,0.0290984296755006,0.0166701159713405,0.0037938087836763,-0.00238395760375165,-0.00111199812515961,-0.00102954844770592,0.000266629265055246
-0.0656653195352778,0.0212912124014361,-0.0350540594215603,-0.031855027004675,0.000846003008906423,-0.0498644421978358,0.000321210491559229,-0.0102556353839528,-0.0154642733902956
0.0992906123288985,0.0515636008967778,0.0288940295113145,0.0267166698420577,0.0213354553228053,0.0915279391236173,0.00420976484036314,0.0320182144659342,0.0350745430561659
0.0312857959391771,0.0210228488996157,0.0182024527657473,-0.0219187289564485,0.0127339079681655,-0.0403878798892493,0.00422227613833661,0.018233151232699,0.0189254824061745
0.0621570356774378,0.0424243695941598,0.0526193362041136,-0.00119209507026967,-0.0261034522238877,9.4854426486172e-05,-0.0152708617800666,-0.00209816344730965,0.00325926809548091
0.0216935497617986,0.0130967688565433,0.0408854422567174,0.0277381480811526,0.011666417378804,0.0172314851118216,-0.00630409442153139,0.00218537449478174,-0.00811834388159271
-0.0323579555802783,0.00902828899988368,-0.0251621498231344,0.00853575378401612,0.0067888298638875,-0.087124714247806,-0.00348431127912747,0.000797420130345692,6.72034236937952e-05
0.0260350023411796,-0.00941384647921756,0.00386609987719569,0.0357180511441297,0.0189386789126979,0.0385138993105236,0.0309148471114025,0.0439650926929417,0.0310069066012379
-0.0346665086437873,-0.0170992952351286,-0.0190360132555741,-0.0155669642592618,0.00629440315257524,-0.035750793340048,-0.005315590572709,-0.0338362985518755,0.000159356657159456
-0.106751921603272,-0.0641971429353688,-0.0250160268923812,-0.0379670936645389,0.000240742618872548,-0.0140877580843885,-0.0128487278000518,-0.00559216271595794,-0.0276645022645673
-0.0144089910127855,0.014996869446733,0.00831338985116603,-0.0136394280208144,0.00113097424757889,-0.0292349085694423,0.00127391027910098,0.0125728538885163,0.00596647701424612
0.00832336408755036,-0.012317392085666,-0.00437752708713762,-0.0355982409106206,-0.0307969458779254,-0.0376520463518595,-0.0184545740206816,-0.0342419191420459,-0.0577616304656965
-0.0537711334865132,-0.00105036606100981,-0.0137669359564093,-0.031582149534047,0.00880412992721377,-0.0408232553097592,-0.00996564708557488,-0.00731558550710827,-0.00988216461649662
0.0277467853833741,0.0287367673824185,-0.000295932268160395,-0.0184637180287764,0.0175322877550055,0.00963100424778757,0.00780037160619812,0.0102804422412801,0.0126448853976581
0.00228198679405394,0.0195902694697523,-0.012445230658576,0.0550730938190714,0.0219408216433265,-0.0022909904181703,0.0287812628589576,0.00632032351498092,0.0412606148361835
-0.0746410950855359,-0.0215126688319005,-0.0164664834956154,0.00202021146979964,-0.0239209550103214,-0.0357138462351658,-0.0237328975595024,-0.0122962921157645,-0.0115775570366807
0.00432088456371909,-0.00336606652686267,0.00221470519433093,0.0178063799162039,-0.0172342659120808,0.0181172466465217,0.00110307861352405,0.0224911303953561,0.00474417588613362
0.0556255802111514,-0.010089531734464,0.0046164585769171,-0.00277673339501034,0.000933247048896279,0.027252097577456,-0.00681382716632298,0.0179608787086646,-0.000894470331398018
-0.0721662909899543,-0.0791764063319408,-0.0389687473975397,0.015042697282189,0.0048930692855494,-0.066349981819159,-0.000312875752591292,-0.0119108624566466,0.00536950831455336
-0.0327228409013605,-0.00289977950535101,-0.0223098950200964,-0.00433756334863138,-0.000163877307870783,-0.00381349167236152,-0.00262693673815997,-0.0104534671897335,0.00304437358687598
0.0420922544532175,0.00604077654852748,-0.00763915175147085,-0.00625622726840488,0.00542708549131851,0.0344608340501309,0.0227428918700233,0.0121440220849406,0.00233492205635589
-0.104051652157318,-0.0580283647823454,-0.0278503046819809,-0.057391773121875,-0.0249068503750193,-0.0743249170617525,-0.0583307675734237,-0.0118666871315879,-0.0263533597457594
0.0371612803867853,0.0120189079763572,0.0188967419211355,0.0300751602932138,-0.00580666147122667,0.00203858675449891,0.00292331874884671,0.0152159898699929,-0.00504449515690511
0.0418403394157487,0.0389013841331683,0.0111315980881068,0.0215709796221242,0.00338524460848347,0.0387868145352541,-0.000468345888436839,0.0379301683958167,0.0193901521125168
0.0569907200506855,-0.0153897180154235,0.0038464732143935,0.0192994471816579,0.0028635279356226,0.0448266259323848,0.00371595578793286,0.000135863305084689,0.0143089453289214
0.00651291622646272,0.0143158759927651,0.0130824378377199,0.0389239042341614,-0.00100524868103805,0.0363249897270694,-0.00746976966758488,0.00939570051247925,0.00605568781251425
-0.00556559090570375,0.0105825374004244,-0.00589169347050403,-0.0118388588523059,-0.0023140535458506,0.0101308314343924,-0.00589004045632838,-0.0198356057721827,-0.0258105151949396
0.0524661396926322,0.0358839573229383,0.0220456343234528,0.0420679441959205,0.00988269629992091,0.0831835178388749,-0.00736300775539616,0.00376920140911379,0.0143446106759423
0.0457959098237135,-0.0117751565413257,-0.00175211600858074,0.000539075759776684,0.00151583695484907,0.0739234989905731,-0.0150354919433723,-0.0290056073298204,-0.0135232183205351
-0.0188083251756752,-0.0202922323965866,-0.0229986935472853,-0.0361932935297713,-0.00793023811178916,-0.0480027431934931,-0.00542607901526885,-0.0129818295287426,-0.012856723465241
0.0266629626855304,0.00967883319594617,0.0522535240554726,0.0566405819167779,3.37719165338422e-05,0.0374614600936522,-0.0088896834001235,-0.000322470668931173,0.0095646015498345
-0.0352158928398298,-0.049459221788546,-0.022892690485488,-0.0304425668229523,-0.0121617283515314,-0.0713539963875318,-0.0267715282080871,-0.0222417604642733,-0.0111511273086693
0.0422932313564208,-0.0128388830378778,-0.00861983746962014,0.0225812101327245,0.0115128002705366,0.04460814159239,0.00168713502021643,0.0148312733304802,0.00748580222662043
-0.0367547810255615,0.00350436522666699,-0.0132659389334904,0.00316270371943955,-0.00791123893054509,-0.0595602396382317,-0.0174342087708067,0.00534353767784149,0.0066904675031313
-0.0229944888552216,0.0151970096975373,-0.0111476339114635,0.0253153250765739,-0.0134749174729316,0.0217307231825801,0.0030594060269893,0.0236044578015161,-0.0131028789747518
-0.07103965807404,-0.0286333926558993,-0.0246073021895175,-0.044257313219417,-0.00787796484211943,-0.0670014800889045,-0.0023177777924982,-0.0242025205544735,-0.0065188102598647
0.0597021283684959,0.0189034867825309,0.0135298557003988,-0.0240774044836737,0.013319656802275,0.0816185124526575,0.0156948008143751,-0.00148234979958988,-8.3457365839556e-05
-0.0623626178088079,-0.00856248841430446,-0.0144702224715783,0.00628948727155755,0.0123500948761109,-0.0480036294030229,0.00703048539766487,-0.00747282610078156,0.00820315726530801
0.016343329300061,0.0133876559233854,-0.00324114576644896,0.0274556717655082,0.00183380411318398,-0.0561524083722573,0.0208620780134338,0.0270274081710744,0.0149446708931314
0.084884239438619,0.0545590959633759,0.0256083898518524,0.0155403811627998,0.00145136466068118,0.0818527411592713,0.00429251247202071,0.00529475630271652,0.0234518413664533
0.0228990859562908,0.00882616299571224,-0.0175616605044726,0.0377806600239607,-0.00982767159584099,0.0545976573731412,0.0078413002710792,0.0049565621622848,0.0124725975357101
0.00986552574816444,0.00886516333749966,0.00399524773700833,-0.000887934947135422,-0.00830152633539278,-0.0283773231607118,-0.0192672484287159,0.0152384927903372,0.00461943309898932
-0.0662318319912173,-0.0519198213028343,-0.0423403492744785,-0.0610342101606502,0.00382595196655858,-0.0872678470016577,0.0118517431373264,-0.0368250979108089,-0.0214631238929225
-0.00183196870083971,-0.021025651937898,0.00671055955019959,-0.00150443342544412,-0.0118017822981915,0.00423475889206399,0.00410859083430332,0.0119262290784018,-0.0213377416949277
0.0224619164984423,0.00337391174157072,-0.00782602864979817,0.0462661794429321,0.0151031708621842,0.0449076246118719,0.0266543718582369,0.0215686718632767,0.0180064283146728
-0.0658409463881653,-0.0241088594374775,-0.031570585813251,-0.0411623995545788,-0.0159020299444096,-0.0767826833411282,0.0191175506324261,-0.0462674181472296,-0.0465047709756987
0.0368449844804026,-0.022717668317947,-0.0181087093807012,0.0190768963599082,0.0014137956502608,0.0380358381483272,0.016797264345316,-0.00906343416181379,-0.00493125836663096
0.0463929295955617,0.00532500150551546,0.0266894199477327,0.0518486275757687,-0.00228068758991889,0.10558041868533,0.0378749650307069,0.0094441196306374,0.0377854572593409
0.0549568167592309,-0.00969532350973043,0.00245956827526919,0.028927514631864,0.0300646801067733,-0.0281086602911504,0.0200599434951413,0.0187759055514694,-0.00291964513041175
0.0658726674083916,0.0262631454657974,0.0148345233331061,0.0160757927233399,-0.00104644368139794,0.0200998466653071,0.0174173413456885,0.0170193893750277,0.00184248033872241
0.0161825616023434,-0.00584928757367847,0.0150979467528184,0.0168840986395659,0.00143437105847756,0.0598623077288499,0.0113871069570773,0.000689324238505168,0.0109527556668223
-0.0118004446199621,0.0117091050993831,0.00226077854372186,0.00935401166628509,8.4225289344207e-05,-0.00501767684997572,0.00620691089754492,0.00204105174735384,0.00663718570076746
-0.0363714858586889,-0.0369460683018557,-0.0520004686234061,-0.0140743472272784,-0.0103126959870937,-0.0530031989257998,-0.022971486189851,-0.00576836388264775,-0.0089760850585469
-0.0276512784107099,0.00051234413933133,-3.62524422988977e-05,-0.0303619431719794,-0.0130664366130475,-0.0159485958979041,-0.0144966460146167,-0.00738498495853652,-0.00633177312425058
-0.0482260396208806,-0.0258881037511526,-0.0210254582177449,-0.0299263337353026,0.0111343126226819,-0.00391301096426188,0.00171605607898804,0.00165625589635392,0.00458688814244385
-0.0181225453324617,0.0165946304289332,0.0119164680575084,-0.0137764827973231,-0.010683464801125,-0.0116455900524642,-0.00984811188155063,0.00775922887896756,0.00426618955090192
0.0436650164668005,0.00738580874333065,-0.0108358572204801,-0.0102715984184956,0.0154111011246199,-0.0257455111033195,0.0102344712218426,0.0358930049808735,0.0262081623529318
0.109978936783908,0.0353511326875613,0.0192009538902655,-0.028292450062731,-0.0108309467771286,0.0050177318224918,-0.0228146327414878,-0.00216930320805781,-0.0117750287795614
-0.0030379847425791,-0.0096582917324273,-0.00548856336111827,0.00530767278101888,-0.00710947993535268,-0.0201042621399578,-0.0253535879761808,-0.0154820688072142,0.00810146947855306
0.0668703333713891,0.0378999675362193,0.0469038696640265,0.00678504986792972,-0.00435841315810627,0.0417242755229928,-0.0196991008948364,-0.017268414170314,-0.0153540348379633
-0.0245660298149749,0.0204447163585756,-0.0108097166704012,-0.0129169526364379,0.00307144876647474,-0.0249239647213825,-0.00462060466214778,0.0134142915869424,0.000865582076190735
-0.0412090338090102,-0.0256681532809552,-0.020685984948734,-0.00664520880683702,0.00803849519121787,-0.0352265608148455,0.00402754718965677,-0.0122240460543961,0.00666633614533411
0.0564034670209487,-0.0093730668215078,-0.00565839446062428,0.00056247119652483,0.0117874652097829,0.056285908720078,0.0176200244809387,0.0077880942128664,0.00718588591427499
0.138210064278157,0.0242550955947849,0.0281395182960999,0.0355377564666751,0.0134846099095386,0.084664124719839,0.0200541166612924,0.024759839917448,0.021131655255359
0.0132326636326241,-0.0281762336849891,0.000358271149390439,0.0137809743072111,-0.0119997699863092,-0.0251756423250999,-0.00245292214724778,-0.0299742603990735,-0.0107256609502771
0.00830802507596814,-0.0433415089008702,-0.0164246386911136,0.00212119753866801,-0.00124894556438875,-0.000995259389289184,-0.00583393729850147,-0.00837925300754572,-0.00959453448902295
0.0202360337430195,-0.0120349418034083,-0.0241180664463698,0.0272560563088222,-0.00126902535742915,0.0303826238451793,-0.00321206538162066,0.00838596686719354,0.0182402624419715
0.0162165606530498,0.0122353405734408,0.0172232032433196,0.025884551271441,0.00647570730689694,-0.0324173163730471,-0.004717663849925,0.0142027106606921,0.00618788232404305
0.0184681812652117,0.0110839529174702,0.0049012570251899,0.00629079847243335,-0.00511017412665486,0.0237234953238187,-0.0207173286476915,0.0218771845687868,0.0180284816110063
-0.0324269927142779,-0.0390609507122143,-0.0178470779435629,-0.0303204530608766,-0.00369287064089446,-0.0516726919920548,-0.00348708476670339,-0.00697517574900259,-0.00856634853006123
-0.0195806638364499,-0.00401820406854735,-0.0244345353170741,-0.0244255166686702,-0.0106078606868721,-0.0629501818991565,-0.000875340322492332,0.00477228028303676,-0.0125209363938416
0.0135033092045684,0.0141243899419444,-0.00403978969325086,-0.00984149346242965,0.0183969007370074,0.011819154346726,0.0161448352359294,0.0121070847637155,0.0222581748101078
0.083188897234732,0.00463973441651251,0.0176327502097052,0.0190907196588688,0.0110006741379159,-0.00998126839366977,0.00119333250928331,0.0035321300408124,-0.0016915735865629
-0.0733625561745288,-0.0377331651138414,-0.0372016747585756,-0.0202618779543324,-0.00765971237470366,-0.0758847272989208,-0.0249338314838684,-0.0106879918336515,-0.0196275221561844
0.0828914221777212,0.0452724106673395,0.0402732277812185,0.1196810703012,0.0118643687254977,0.0432164811550875,0.00420192730080984,0.0333277427088675,0.041696742563338
-0.0491368201491879,-0.0114423849499303,-0.0180612435500082,-0.023701506740558,0.00506463528673793,-0.0501803949368287,0.00105547679085205,0.00669973970053151,0.00747131615170316
-0.0171024214929637,0.0078829443638304,-0.0112777760491158,-0.0239272243678769,0.00334312066860096,-0.0335699950005387,-0.00876426999457563,0.000743071753407904,0.0119471009300559
0.0614474893456448,0.00820875229294844,0.00740721649640482,0.0193957507195251,-0.00904305417763673,0.0326211192701995,-0.000478441117789405,0.0214428217810106,-0.000359583089287242
-0.0380510846567947,-0.0125736031646674,-0.0151648286750745,-0.0317915497865466,0.00013365231628304,-0.0460753585287219,-0.0158011363874178,0.0175762979261734,0.0177640909316065
0.031094687543934,-0.0329095443296148,-0.0140163726914879,0.00582001727138527,-0.00319376434132802,-0.0710520205236888,0.00436243729015164,-0.0111538299880044,0.00309811259290821
-0.0599385329515537,-0.0258648262268303,-0.0175936663216364,-0.0404165054046955,-0.00930401401856975,-0.0421865306220061,0.000113356469108917,-0.031645444230093,-0.0156405887176813
0.0283844720869206,0.0147857611820236,0.0256715561786311,0.0370977496484959,0.0047480790890794,0.0562804651221435,-0.0201313495627525,0.0101844778145976,0.0105421313177042
0.00633297416629761,0.00838813932481396,0.00807937389832489,0.00831636392499807,0.0104845357642243,-0.00501173967728259,-0.00325905705038973,0.00479419993468242,-0.00404317885182318
-0.0168918009369695,-0.0103464355716267,-0.00901248330246267,0.0320580634401886,-0.0049183984010567,0.0372127891393363,-0.00882692321035129,0.00204747341406217,-0.0092153148758452
0.000285212808013721,-0.00494142672102887,0.00356859619500955,0.0146116961993753,0.00745925956019804,0.0159693839080379,-0.00243672505461546,0.0110764721429863,0.0198787451081279
-0.0501005273276799,-0.0116234493419319,-0.0175975343999779,-0.0377733901895525,0.000891867401480572,-0.0543977462389365,0.0084411862652823,-0.0103728577764084,-0.0100969364576053
0.0192908358288268,0.00277445712121686,0.00263800452343204,0.00370495367631402,-0.0114226981686303,0.00611186653527954,-0.0111824893786562,0.00285967157833583,-0.0244849241123666
0.0217147596735378,0.00955874531023043,-0.0151816578853154,0.00454808602897736,0.0131483284649414,-0.0128736237187853,0.0233190909235494,0.01251843244264,0.00736409373185433
-0.0852700910607377,-0.0145445143570676,-0.0129030048368377,-0.0427575032696499,0.00350595586673901,-0.057849721592741,-0.00776476796803824,-0.000901690254684347,0.000469054123813986
-0.0275455407993506,0.00497246921412836,-0.00185994125980839,0.0059373807788175,0.00156380180085245,-0.018094171421585,0.000130083116260011,-0.00224315527522757,0.00114372730363317
-0.00900080142662807,0.0074445692226503,0.0178836507488558,-0.012796980701227,0.00635439708579184,0.0252520600538162,0.00330774914222512,-0.0284953057002083,0.0029594776608457
-0.0651510396758993,-0.0443425369519098,-0.0205953181914693,-0.01830989808104,-0.0103326417548171,-0.0267987045476792,-0.0134940683600344,-0.0261563509300144,-0.0334685823135299
0.0755129827307034,0.0354512431931397,0.0297511347900632,0.0458218472093746,0.00519389082795038,0.110802273066354,-0.00201522145789219,0.0211144514821585,0.00558056812429759
-0.0287543029668435,0.00777495743924069,-0.0196480799068096,0.00527693475113221,0.012446514394915,0.00762532958654317,-0.00619749391913266,-0.00454422457557649,0.00190624234121203
0.138691197952215,0.0512252757026084,0.0460982153211216,0.0160527102039236,0.00954399110181814,0.0567186615430544,-0.000451226686293563,0.0066805913406516,0.00574953599084775
0.0166743194075211,0.0441634158805339,0.0178419562235236,0.0313706588124742,-0.017473215540111,-0.0253939512058705,0.00022405435173392,0.00916815027085376,-0.0102013890047745
-0.00630744044310846,0.020451446876239,-0.00142210706429496,0.0233203254777821,-0.00482881328914964,-0.0286124431196758,0.0147677246070638,0.00773610186937615,-0.0157746796650008
0.039270469218137,-0.0100764649765311,0.015502758450968,-0.00632865873300589,0.0161865455373293,0.0250259943441641,0.0216100831798111,0.0138910777573238,0.0255585312291117
-0.077499092941834,-0.0237294656576227,-0.0409365964654382,-0.0375665188502992,-0.0129806714269278,-0.1024863828279,-0.0099832100526935,-0.0212001747447057,0.00161677530059503
0.0151117786388473,0.00615306185593837,0.0050418396732752,0.035344689093753,0.00297476261692485,-0.0126236521762125,0.0121987295249096,0.0250447948064424,0.00108840262623149
0.0153851591550921,0.00629761525017539,0.0116279632080614,0.0549039043270821,-0.00130790155897068,-0.00263942276705162,0.0125275359651588,0.0254802225010135,0.00772277579213092
-0.0572224690037832,-0.0180306911818474,0.00469238301316787,-0.020749746114936,-0.0359691596573974,-0.0660392964030245,-0.0107070243833317,-0.0495891899424371,-0.0303253647989759
-0.0521912713788116,-0.0174253668690004,-0.0140553302024649,-0.0222169769498783,-0.0196297955069135,0.000137394976944402,-0.00883503876483231,-0.0118076825059034,-0.0255349271859316
0.114234818830028,0.0194710846695985,0.0275286015450375,0.0973489815390821,0.0144941551436843,0.131367051024687,0.00655814577253119,0.0376975502692479,0.0195490372593024
-0.0371446129648006,-0.0280822674244645,-0.0313422534962099,-0.0496790784052801,-0.015764110746442,-0.0203155102936071,-0.0265829664040682,-0.0240260646568061,-0.0312751761797372
-0.0347386960691524,-0.00833893225664616,0.00408145004933936,-0.0137201228554637,-0.00472009176534941,-0.0326408286429158,-0.00716708112870209,-0.00145463554897167,0.00452757058580722
-0.0791538981992853,-0.00974356689858413,-0.012348802095405,0.0230106856880388,-0.00215774144097771,-0.0869100969288105,0.000292515475898456,-0.00874203144817131,-0.0053825113325826
0.0632424213538907,0.0325098862128292,0.0168557627926417,0.0770149586298342,0.0229341290384022,-0.0185847954692249,0.028151098072782,0.0321341444863788,0.0375602121323064
-0.0127281722278437,-0.0201170422678834,-0.0259408388052442,-0.00157608565931968,-0.000332435317244023,-0.00234034814371795,-0.00391826620222795,0.00602471578862508,0.0123740843787511
0.0682214597556255,0.0236314845094505,0.0106180152647793,0.0116803203771427,0.0184219336477252,0.0440446934439084,0.0344321661249129,0.0286593761946402,0.0242040044809784
0.0472194583238183,0.0295195101934955,0.0402832954803804,0.0577182609963584,0.0130469817922897,0.116469695273666,-3.25508576667307e-05,0.00185932407055378,0.021196638179349
-0.128886893330796,-0.0933424364516721,-0.0219263994317307,-0.0574010238494574,-0.0191870836943256,-0.0915526473647723,-0.0167034102073081,-0.0492729606466419,-0.0486144347948406
0.00545934248569959,0.0281450191336108,0.0221990963043409,0.0536423553016391,0.0163641707597561,0.0239193750084043,0.0150619178125475,0.0272293981381925,0.0307892874821279
-0.0373641812168009,-0.0472505614497712,-0.00645021243784055,-0.00530933382879317,-0.011363778987296,-0.0456508026386647,-0.00286220564350279,-0.0131236823736388,-0.011661618645565
-0.0125349778893806,-0.00036234870330222,-0.0182751609214035,0.0280333577926612,0.0135449101479617,-0.0253849187512982,0.00960929512576581,-0.00439868048807359,-0.00997277929768073
-0.0370487438260056,0.00566847510976688,-0.00660581834838395,-0.00989055638566276,0.00503549306286218,-0.0299251010143454,-0.0193411151214021,0.00357741278330182,0.00501871446486597
-0.0281665637007367,-0.00551149414578454,-0.0101271639702186,0.0120868382508401,0.0088519741449566,0.00431231360698869,-0.00389273942499525,0.00533000106232209,0.013775751656477
0.00331875193520179,0.00204709126291962,0.0163039879625616,-0.0101113510361567,-0.0087634310640039,0.00929275675244337,-0.00819906974637677,-0.000234693181133619,-0.0059630176318013
-0.073876400351283,-0.0144733713044271,-0.0422656935397266,-0.0413296665064255,-0.0162440365716665,-0.0197029688164498,-0.00579279983489157,-0.0347114039105788,-0.0107623444424626
-0.0386090178100323,-0.0182804512396707,-0.00957279297034823,-0.0212498846027015,0.0128340757478983,-0.0408474916589666,-0.00998729543085951,-0.0224107095114531,0.00104979994377905
0.0550600048350006,0.0349429537518104,0.0378823606179743,0.0309042649328782,-0.00123473749370207,0.0229868772248581,-0.00455432800189849,-0.0051764410387301,-0.00360866533241319
-0.0228574809964806,0.00772261957789964,-0.0197093167990876,-0.0285571824399278,-0.00293170551135919,0.0100670892685993,-0.011385743550163,-0.0259463825099951,-0.0247876270914643
0.0293669304915858,0.0138129975133557,0.0121589616077904,-0.012801511171535,0.0155427360184931,0.0193119913113116,0.0049788144010888,0.00536255242062905,0.0217992825143584
-0.00171599116144878,0.0124609560513731,0.0105471128022342,-0.00706264374706329,-0.0318605894590387,0.0230177750911462,-0.00995611590063757,0.000604258295331081,-0.00653011415245985
-0.0164541937313148,-0.0111194204075386,-0.00617264117014949,-0.00259380700073737,-0.0247722701783729,-0.0612516970054299,-0.014004509725193,0.00287820218771379,-0.0419021824298707
-0.0446467840184306,-0.0241495817083028,-0.00649955404776633,-0.0203389722525629,-0.0248818300323533,-0.11387847953258,-0.0101429284274775,-0.00752607207505503,-0.0301917311073409
0.0643339379074063,0.0428983950088717,0.0420533791751877,0.0251838030537851,0.0303457226285726,0.0651869362656055,0.00941678026016491,0.0268536007207598,0.0351574713166173
0.0503375716947236,0.0257639885759366,0.0142877414521669,-0.00709242210284026,-0.0220972634280905,-0.00867425333145941,-0.014281184144384,-0.029670300064938,-0.0168332998554996
-0.161770286174763,-0.0440482976026667,-0.0592206214321653,-0.0850588482914795,0.000512616125522627,-0.136553163122866,-0.000811524995291269,-0.013957739002567,-0.00914572953601704
-0.0148843208332318,0.00713277475708321,-0.0182905989934378,-0.00480550539930779,0.00354789215902192,-0.0303473913129993,0.0119590072158921,0.0181168361030162,0.00500787761449514
-0.0689373680645985,-0.00711258889746413,-0.0234001297338203,-0.0360183262725991,-0.0120735897659426,-0.110721928390775,-0.0163365356446923,-0.00965474886844297,-0.00343492404771265
0.0133331622100112,-0.0446556767020434,-0.0348907223605064,0.0201755526930845,0.000166351471025619,-0.0157917944136527,0.0235089564688227,0.00428865943757212,0.00435818131991403
-0.0226945473784439,-0.0183198050652881,-0.0322001919996662,0.00600256710839903,-0.00664079693753133,0.00401118451017082,-0.0177433239332347,-0.0124426465618758,-0.015773492078548
-0.0386337280117978,-0.039213470094164,-0.0391575837964025,-0.00883014382749386,-0.0121394534514026,-0.000745024977553126,-0.0159712735152077,-0.00782406418557911,-0.00874825506253573
0.0111685009328836,0.0358391753270173,0.0446070339349752,0.0224779258739012,0.00272803616594744,0.0230635683897312,-0.013477514778595,-0.00169886443318542,0.0234684753444737
-0.077601290646701,-0.0422482151575313,-0.0562545415631607,-0.0590174995418002,-0.00383413589897356,-0.074197609043141,7.9933197459644e-05,-0.029117260306542,-0.000322816619328333
-0.0236697719232421,-0.018456365317138,-0.00986617384098552,-0.0222838349143192,-0.000101173836109914,-0.0439118447166523,0.0139741680301163,0.00558279030816695,0.00488431269579366
0.074252849980483,-0.0238691253040642,0.0169147175211795,0.018449808506515,0.00930230636522509,0.11740130626812,0.00600712227323263,0.012636802223794,-4.53469603026742e-05
0.0276065476163589,-0.0158243398881537,-0.0160382351942327,-0.031389890768344,0.0172267963501072,-0.00340983866949519,0.00444797337814585,0.0267288710110155,0.0154122831658038
0.0387999285422948,0.0237182671979135,0.0193033340242892,0.0451742182387825,0.00411286570423856,0.0119318976143438,0.00136336077368067,0.00790484470765743,0.00139760336620278
-0.0934441891022021,-0.0380362153071989,-0.0408977342380176,-0.0411865475257674,-0.014701490693151,-0.0939006984954572,-0.0153739130227716,-0.0206801096871446,-0.0196002909259053
-0.00128716849325844,0.00644544423307327,-0.00769622338591772,0.0235113930690813,0.015663090432598,-0.00667529286549501,0.00517048700409398,-0.00138574431132408,0.011970956483981
-0.109854576664809,-0.0685626245491189,-0.0111465545058816,-0.0551672585269439,-0.0231412245030512,-0.0975014028684916,-0.0270584399889696,-0.0500827155172298,-0.0821159042148154
-0.0188468528716095,-0.009698750818735,-0.000207534275532903,0.00535975832191497,0.00518732190630171,-0.0226310197331607,-0.00295208892103915,-0.000848139488611734,0.00773501647379024
-0.0153339224063448,0.00659156448332962,-0.00972646414301884,-0.0199627948133167,-0.0190746174745956,-0.0153217924663478,-0.0164506550247615,-0.0261375109359324,-0.0303869588593654
0.0110112502260587,-0.0245311325818843,-0.0138998941458969,-0.0197615456911105,0.00617135424709107,0.0318419792057094,0.00239461925262723,0.00632123850149617,0.00932083299485511
-0.0475469692475706,-0.0129034767263958,0.00016635940415579,-0.0379928856607704,-0.00564823059944727,-0.0585746264366249,-0.0184800881627271,-0.031291267090289,-0.0195657656441259
0.0230348842166905,0.0192576750461794,0.00626129980090924,0.031000263243575,0.00386065393106333,0.00883268356678978,-0.0148123530789895,0.0253567299469859,0.0243690699678166
-0.003600224890863,-0.0253889341879848,-0.0288443417097505,-0.00350227107834117,-0.00668656152641086,-0.0128929529020448,0.00901352368300595,-0.010098782592804,-0.0169896398971118
0.0248046212697233,-0.0249938312932882,-0.0140740826193359,-0.0224531964077083,0.00525912454886527,0.00841747643816003,0.0104131275740526,-0.00812618766638047,0.00685047008415718
-0.00660831176899849,0.0244217241104331,0.0145852627511203,0.0224472487834973,-0.00932249473380595,0.0290350530526531,-0.0165738166478438,-0.00663438413776712,-0.0163333475770616
0.0112668152707789,-0.016516245883499,-0.0193368738296098,0.0398679794970003,0.00757570498346989,-0.0193744016921381,0.00599158299471143,0.00431689076271832,0.00357954203524752
0.0260561099407877,0.0166682063067073,0.0186540853574113,0.0194487374622885,0.00786122161466532,0.0840596373861743,0.00199176342231433,-0.00323198846527724,0.0106477245599315
0.00241674907851797,0.00701300283457069,0.015141663153629,0.0249662494366389,-0.00854425646296566,-0.015627788003772,-0.0157571261034914,0.00626597818143941,-0.0286245855656237
-0.0227156503549304,0.0052417716451116,-0.016997381472164,-0.0291558974460053,0.011930316386314,-0.0194278951465049,0.00872988505180481,0.0107700942036276,0.00731189599808525
-0.00101569450027769,0.0190161094083944,0.0107791268812182,0.0367660311772557,0.00836077809601653,0.0250223685630698,0.00717233295486177,0.0254685083668396,0.000329531382997959
-0.0351151469317832,-0.0557433253645196,-0.011712513259653,-0.0354101187498013,0.000551272035124288,-0.0567578623287775,0.000383797566176125,-0.00857360663351572,-0.00644338340191931
-0.0994626024736166,-0.0333857161047336,0.00359241705218234,-0.0670744550890256,-0.032652276599797,-0.118435325507345,0.00863405855284237,-0.0486415116707166,-0.0690470757588791
-0.0226462212450454,-0.0102124175275351,0.00478811892876677,-0.014796672876818,-0.00596412646742897,-0.0296928934134999,-0.0019291298773722,-0.0246757398425461,-0.0182977418382974
-0.00648674031397566,-0.0203125563459986,-0.02072874194846,-0.00939579541748541,0.0133907486709394,-0.00407406613496653,0.00508931578432271,0.0127606570207646,0.000903455148980614
-0.0240958041578187,0.00424833802369423,-0.0269314849457928,0.00349693068362096,0.00384293302503197,0.0330676352500718,-0.00103026395420812,-0.01033503844285,0.00429000886183575
-0.0124646932386383,0.0193901788342136,0.00323903529055079,0.0109106185376634,0.00364760270943697,-0.0115504417939105,0.010014064293644,0.00785401361753285,0.00928299072688536
-0.0327581555643527,0.00172654713580271,0.00563627599844673,0.0184545270345163,-0.0163358551288625,-0.041428180514262,-0.0144344757724802,0.0204881796670973,0.0120110778161617
0.100533127728075,0.033104966602746,0.0351687053588436,0.0175164947388788,0.00337608728452604,0.0895856604475255,-0.00392917050889134,-0.00313118761151819,0.0210482211158454
0.0108007016445656,-0.0221588048698622,0.00073526255266196,-0.00423827586033992,-0.00868137461863434,0.025613621169399,-0.0218316089984882,0.00794146742486488,-0.00398146554682663
0.0849180951019017,0.038885364667755,0.0322143744795541,0.017312833252749,0.0243279711148751,0.0884914584527778,0.0150585925414736,0.012898994778633,0.0371285646639741
0.0987397669037713,0.0029936773891047,0.0234500064143474,0.0136316578732731,-0.00564862196050808,0.126027644989349,-0.000716133375081375,0.00429134815002465,-0.00328674107185089
0.136610554161269,0.0306680084494495,0.0367643282978704,0.0291379073895604,0.023559604843978,0.135286497148992,0.00858410761841732,0.0266118809236283,0.0250135460198111
0.0501280416388511,0.0300150888420637,0.0185664842471021,0.0273915050946489,0.0140402468580508,0.00859892900071475,0.00338839864751147,-0.00412405531053984,0.00530620704710785
-0.0399500637813577,-0.0131963102342212,-0.030334657202274,0.00260995343778156,-0.0115612720916808,-0.0841564726811712,-0.000273177411539236,-0.0339780325442015,-0.00960279869063669
-0.00405330684242617,-0.00644084427549017,-0.0130661657770446,0.01639007014432,0.0118592962507989,0.0655162769215044,-0.00218959214366615,-0.00608713530229577,0.00147221864036166
0.00804719482829063,0.00506580608125695,0.0130503133784283,-0.00431575116948019,0.00113224237536172,0.00602380832056008,-0.0116622741565929,-0.0102201921923309,0.00878354391568478
-0.0223524429343796,0.0125606585717355,-0.0113421922778649,-0.0272289565273627,0.000780827238598773,-0.0474455264532127,-0.00734399801609027,-0.0256785717344725,-0.00768043691886867
0.032349653103085,-0.00453964486495975,-0.0133169759847906,0.0318749931441201,0.000114465231491028,0.0235971086647819,0.00447861775945242,0.0195277788488098,0.0110749483834697
-0.0721163486659378,-0.0290901195757365,-0.0509604556217397,-0.0403479224031651,-0.00811191173816783,-0.0623197484406121,-0.0166666634222187,-0.0245065418747524,-0.0211499107943038
-0.0241800875308718,0.00806826796861053,-0.0103986874281145,-0.0462868812350905,-0.00104307688212927,-0.022323973865013,-0.00549406577830977,-0.0043466065777382,-0.0235816769552926
-0.0934724968650056,-0.027608762065977,-0.00775095753038965,-0.0230907938093312,-0.000545457264760164,-0.069306814105137,-0.0122251075119738,0.00409500461643168,-0.0167295202455343
-0.0192238584837026,-0.019097434382741,-0.0155013498089388,-0.0208349556266872,-0.00787150000845252,-0.0488735156091396,-0.0021125642387717,0.00838283917416202,0.010744140923865
0.0867189362568269,0.0769979627081156,0.0649016750049321,0.0424989903333847,0.0225345169276486,0.059819275847288,0.0194419971219013,0.0269412267386675,0.0172406352604305
0.144688456881144,0.0752994907085526,0.0561209016908899,0.0551284061685612,0.00646042041769922,-0.0353839221859712,0.0356533771734833,0.0343702315111641,0.0435859594533087
0.010584482453065,0.0198217284957809,0.0179371540094041,-0.0161304020531833,0.008800584877446,0.0100201512868271,-0.000350440041181523,-0.0126941271098499,0.00171897780225441
0.0485311331436098,0.0127971361049552,0.000188681068650463,0.0330787369384738,-0.00345911309468163,0.0208643014914885,0.000692876628848855,0.0367358549203052,-0.000574043621680124
-0.0324826282248742,-0.000846336788975078,-0.013573228945351,0.00626288821000608,0.0083070277865133,-0.00360157742925068,-0.00665362384267297,-0.0228946033360141,0.00924438693182375
-0.00960894198309535,-0.0468354876300617,-0.0374630892276196,-0.0195799405202634,-0.0214018086900285,-0.000347447122971569,-0.0246935568930314,-0.00381903957697535,-0.0209785124080007
-0.0137568083095569,-0.00112891438196065,-0.0274535360705635,0.00939414083672517,0.000774171013528991,-0.0197287378168102,0.00480179236586311,-0.00424124683050153,0.00328371801490793
0.0213183006361037,0.0197096583275171,0.00179132702932895,0.0393733432544506,0.0104704258807193,0.0393811006102347,0.0095222157991304,0.0168557058128935,0.0198013151753963
-0.0626410180650315,-0.0122230262257492,-0.0577864842130576,-0.0172261155725969,-0.02493260167725,-0.0680934443854794,-0.00473531636449696,-0.0101431335135456,-0.0121485842612895
0.0250437016022302,0.0190341759570121,0.00817803590861158,0.0117065040662992,0.00353436131070729,0.0313597844563441,-0.00598436032482225,0.0103193052672169,0.00511699983106147
-0.0408027141935938,-0.00475315109229135,0.00400415519093867,-0.0244402294020989,0.00323067908373435,-0.0347147096582978,0.00153536635027516,0.0028096807389238,0.000966829744340727
-0.0371615932111169,-0.0165940558555425,0.00489388624602053,0.00221805146530165,-0.0109952579980667,-0.0551628339619936,-0.0145729418468964,-0.0149130907626907,-0.0157778644234375
-0.00391232440947773,-0.015338028868356,-0.0238639363140664,-0.00449906229869253,0.00104687918602549,0.000757365564862339,0.0234592127407274,0.016189134833976,0.00954510286189155
0.0176428252786985,-0.0105042308006987,0.0242211310805502,-0.0143051348284234,-0.0176235058191398,0.0351001686079854,-0.0118785207519301,-0.0129189075641707,-0.0249923348185653
-0.0149448472641825,0.0139251159845035,-0.0187377486163763,-0.00228764272735608,-0.00125578441844468,-0.00995108796793771,-0.00210680292196622,0.00661987066764335,-0.00332608578922426
-0.00438273674753162,-0.0323023928133045,-0.0311316360594249,-0.0208268739924239,0.0103536911204117,0.0116005313567896,0.00278885622664294,0.00974596635124671,0.0133528939222229
0.0724476644548197,0.0198887388113839,0.0105420648771303,0.0207790905774806,-0.000525108431434867,0.0757001865364434,-0.00183909617004639,0.0150221853430899,0.0185690120391041
-0.0472870595115545,-0.0234886532732233,-0.0370191220854528,0.0027448468002387,-0.0138910223254711,0.0570515782589478,-0.00213064730697211,-0.00904936646255546,-0.00772242499657819
0.00914871032553654,-0.0388848905509181,0.00385992881805468,0.0111679194516319,0.00570568116339914,0.00254148304350982,0.000590125139023226,0.00577784974000749,0.00468153420767572
-0.021857175220317,-0.0238340723666249,-0.00943457042079233,0.00845274767736106,0.0123580090075917,-0.0177214600222091,0.0162615948355307,0.0183406552859532,0.0204238212996291
-0.0834384357603913,-0.0345728405338392,-0.0516876028832837,-0.0475267966518971,-0.00950574649977287,-0.0823410669368426,0.00303238044026459,-0.0318122007685039,-0.0123220141812883
0.0360251005109613,0.0299422501147126,0.0167669116152605,0.0374417540281804,0.0305517428489162,0.0538816227758595,0.0361135551412384,0.030866362164829,0.0402360324328474
-0.0455628070457408,-0.0255839824514484,-0.0269277535568015,-0.0211620516882531,-0.00279028873328066,-0.00549517770709804,-0.00349089440993188,0.00658031179421824,0.00196618566717923
-0.000527198161768198,0.0321387870757092,0.0302324509530832,0.0204565128173602,0.0145583895256604,-0.0168733529020988,0.0334650843704899,0.0512857879423689,0.0425023710381364
0.0423346654831962,-0.0220270271412176,0.000103443875140911,0.000412264227987849,0.00490276466634576,-0.0276890322691325,-0.00520563272792773,0.0167363489062597,-0.0038280856728028
0.00243855316413629,0.00777338565257604,-0.0127996834945327,0.00251691317529235,0.00404867077496207,0.00746722827334677,-0.0129383093134706,0.0156381978505216,0.0144227378746194
-0.0824802763039438,0.0092885731266203,-0.0598235634755828,-0.0431909012596432,-0.0110604438823024,-0.0753309950588239,-0.00118732925039607,-0.000325482027397789,-0.011482533826542
-0.000957443565319746,-0.0151847412798604,-0.0191016344129701,-0.0329629888436598,-0.00662018268573368,-0.00519998962016859,-0.00538878613662544,-0.00107084768500215,0.000138933826064158
-0.068317063020874,-0.0250273682198811,-0.0359180354140165,0.0118300247542176,-0.0021660905135085,-0.0527085376977593,-0.00507843943946473,0.00339876459025949,-0.00765472929822943
0.0117709013189274,0.0118080881969323,-5.42301558495227e-05,0.0364442743062429,0.00545176689640229,0.00434702235225999,0.00489215341517551,0.01228614495137,0.0229534362536568
0.0224075937589612,0.015546286937534,-0.00046122391566283,0.0128073403159485,-0.00184781439186967,0.0101997608311902,0.00727453969887329,-0.00594482870905551,0.00269036456436559
-0.0434857373470969,-0.034011472083819,-0.0121411126479714,-0.0192618193900383,-0.0309640711496006,-0.0204618663245939,-0.0315168513438577,-0.0234888957624175,-0.0394772024169982
0.0695659943481298,0.0461583201843926,0.0471058739078084,0.0370963175954444,0.0285316676510721,0.0409548287255629,0.0349087715426029,0.0400372158574916,0.0289456180497062
-0.0575775612107967,0.00113179478410713,-0.0346114632865401,-0.0182064879615501,0.00262374026947719,-0.0717005031536025,-0.00948277186725752,0.00714619324671579,-0.00354936623019752
0.00438425687371853,0.0189744072323515,0.00854825136820656,0.0120429667985455,0.0147822872108069,0.04197488091381,0.0243030282014602,0.0154212748723643,0.0123156842082959
-0.119447748689468,-0.00662789956977168,-0.0350729150043659,-0.0322365139312255,-0.00934756724115707,-0.0862286877954056,-0.0173416424079528,-0.0348396507039647,-0.0208654619582954
-0.0317570316615091,0.0305761342484713,-0.0154701948078766,-0.018323901600686,-0.00433810011796954,-0.0407174200356887,-0.0245920306786596,-0.0333594569805436,-0.0410168742128078
-0.0800457053519996,-0.0223303323251399,-0.0401484295761737,-0.0305111877941304,-0.0127364161408417,-0.0853055252991377,-0.0178285676051193,-0.0241485322101889,-0.00864825172879768
0.0708648773542997,0.0512823398422061,0.035228981257086,0.0110475803767775,-0.00406135963626692,0.0972691512695856,0.0120938339306205,0.0106729471928783,0.0279747223061831
0.05550780455756,0.00865642745905978,0.0120485350672307,0.0141005770584329,0.00684979992625149,0.0707386675964445,0.00302186335246638,0.0217249370683746,0.0149883799038607
-0.00103685989798584,-0.00808897658131077,-0.00115278040522531,0.0340619764368565,-0.00543984732344862,-0.0176340696909231,0.00585932105763714,0.0062279125794705,0.00105970117212233
-0.00905253002786065,-0.0303078128141867,-0.0402292111124766,0.00105976101198937,-0.0175856702564728,0.0239615575212615,-0.0158985763069544,0.00373023709497203,-0.0258581621368295
-0.0649224598341723,0.0164747519876263,-0.056606004383308,0.0201855971042254,-0.000328812189545753,-0.0427288177959919,0.00911759982033264,0.00367552509432837,0.0195347610149188
-0.0706600281245413,-0.0190499294056705,-0.0234218975988629,-0.0201200758582623,0.00512255295108825,-0.0363193117426509,-0.0117986997112963,-0.0111849192726331,-0.0163727469293215
0.00771128385575721,-0.00286081365753548,0.00568550183769104,0.0108603393472923,-0.0115482891813527,0.000582041303689328,0.0115764800294395,-0.00981765740200907,-0.0184026236485924
0.0332364577976158,0.0369046145277464,0.0383016219547067,0.052961596961728,0.00850772756897345,0.027735379844767,0.0291099701868666,0.0183686074463311,0.0113277996757861
0.0294689940519879,-0.0132377001834492,0.0118914313320209,-0.00404395549850855,-0.0111334880847995,0.0136071897957715,0.00390908774961237,-0.02744095831358,-0.0192118833901986
0.0290113774402763,0.0104156060720311,0.0197777801999506,0.0300718619144914,-0.00539195467585344,0.0106532204749524,0.00875313138482159,-0.0126288997499227,-0.00712901973943732
0.00492331013083324,0.0214699587076289,0.0241855992079933,0.0324097050437446,0.00613289284937009,-0.0024013572870376,0.0285094259930611,0.00681065705355121,0.0192657003562337
-0.0547887562299012,-0.0360502186256605,-0.0257292581545592,-0.0212461154083063,0.00556415391089748,-0.0087798384146004,-0.00612504249572548,-0.0206840429436181,-0.0037437653911526
-0.0407289151317272,0.0247707338995755,-0.031648678753972,0.00324319778072593,-0.00577797852946441,-0.0252640863081285,0.00186642077355064,0.0177143391236835,0.00969768073221208
0.095712218853742,-0.0112968273314224,-0.0106943715481041,0.0420056039767326,0.00607010114919518,0.0707990720424016,0.0168036311523385,0.0297117361257473,0.00112556525511706
0.0141248388432878,-0.0203997972773215,-0.0158612271427991,-0.0174053001301569,-0.00565539347170586,0.0075847559675681,0.00693030378749136,-0.00254008960843461,-0.00471284854826021
-0.0218202240448877,-0.0159142354135234,0.000122847475723697,0.0200461985531488,0.00533377458155759,-0.023140094292074,0.0090494828311089,0.0204052092849246,-0.00395585950082341
0.101318638546331,-0.00304986326109318,0.041267795444336,0.0226824858401959,0.000759313909765689,0.0758015056257244,0.008082679280992,0.00170500569657528,0.0171439433035429
-0.0148021763929605,0.0247358893626101,0.00472364813201574,-0.0142431099331175,0.00523177067265956,-0.0537412807869808,0.00981607896712951,0.000713181443463295,0.00337898246414172
-0.0335982943111512,0.0302530065275292,-0.01700274835213,0.0144513416786474,0.0032504201547344,-0.028507797683518,0.0170714751024524,0.00236259913396669,0.00242364582327607
0.11540600824672,0.027520147021594,0.0271190303622589,0.0349311775547671,0.0206756850664073,0.149827512973298,0.0221660795887481,0.0261335018800774,0.0453502773043867
-0.0621988395745367,0.0142022904149394,-0.0362156802760508,-0.0354787240996893,0.00133978548803884,-0.0511178638346602,-0.0114159850217517,0.0134256663891651,0.00348706288795367
-0.0129791635366495,-0.00737213604635818,-0.0159422639074456,0.0254780344095139,0.0232908191851149,0.0273664828142513,0.0113621677075815,0.0137005491664769,0.0173571669516937
-0.00188976800888886,-0.0211142716812543,0.013401332726264,0.000380606991177593,-0.0128678298571752,-0.0236099126476573,0.00675129844782278,-0.0307523089987702,-0.0185024272171413
0.0905752766506085,0.0217644549547403,0.0156456995403815,0.0316841866726602,0.0150947495207635,0.0709207014617428,0.0288227330554171,0.0241266923937162,0.0437283746117901
0.034464785406598,0.0178715811185208,-0.000594265925679155,0.0239576291379781,0.00676800490827801,0.0128690774494926,0.00854430830039805,0.00304148027844217,0.0175194481175322
0.00340093672506924,0.0341866926546998,0.0291025289921399,0.00648526237360735,0.00789613574653143,0.00960571998004022,0.000424211323874486,0.00278883215713241,0.0151579926502477
0.0156725771296091,0.00840477735939536,0.00758380008870593,0.0160230807849659,0.00823119094113547,-0.000619315970007253,-0.00156781351791012,-0.012648826839016,0.0152474658885208
0.0119304686762646,-0.0266146446954399,-0.00509074839628206,0.0309015797019499,-0.00112162620186084,0.0375734012772155,0.0039247933877938,0.00129791669301684,0.0344197795381553
-0.00811163737428349,-0.0183094307940256,-0.018846903989404,-0.0402196967548833,-0.00435426178937492,-0.0259495185946305,-0.0024048639405557,-0.0155861813685413,-0.00360207227521031
0.00846572873733842,-0.0104211875261513,-0.00681249012630992,0.0113851828756502,0.00687503910834343,0.00529392803784295,-0.00169988639850557,0.000542850730806774,0.0131905779700315
0.00555786694197014,-0.00391781824883769,0.0177055117248454,-0.00814269489211725,0.00775600806960817,0.0367971013958952,-0.00807089832382139,-0.00336326239767902,7.50925223019807e-05
0.0225731769560834,0.000445887633882039,-0.0120756855551419,0.00972441089092959,0.00453908732822799,-0.0180174757566928,0.0105745579292153,0.0122429885680967,0.000713236571618399
0.0370317140466874,0.0125700255337885,0.0107442665200253,0.0302285156330809,-0.00619385486731507,0.0586905733648033,-0.00128622767859808,0.0128804647527937,-0.00911228416298033
0.0348049645085532,-0.0206575830601184,-0.00335563088840727,0.0131222299740781,-0.0201335332577002,0.0599405493224751,-0.0137489886702511,0.00137655913075744,-0.0294133491469732
0.0346620899472032,-0.00100031882016548,0.0138971234539812,-0.00576975545249878,0.0145529291781085,0.00192335742961358,0.0151156104998946,-0.0114077976885712,0.0148779062990203
-0.0478015271190392,-0.0210665182376702,-0.0562768845548345,0.00729694888418023,0.00627868454666805,-0.0141118601773792,0.0241042734059488,0.0252262477338669,0.0296683073853012
-0.0651164024293965,-0.0373012594073736,-0.0491814076395267,-0.0354173021327631,-0.0119931425705583,-0.0167604230032092,-0.00899392528295239,-0.0382547646995384,-0.0144107033600106
0.000804970922002818,-0.00159267809763165,0.0164179549315137,-0.00532803641270857,-0.00178066521748387,0.0100760751018913,-0.0123885700015836,0.00175117837254191,-0.00101787956874981
-0.106079603326372,0.0122750576741682,0.00301429681774956,-0.0634240884777451,-0.00706593170248845,-0.102581830543503,-0.0189258899900847,-0.0326975576991697,-0.0105050293729795
-0.0242417715758005,0.0148118221223912,-0.00451022991066354,0.0355656520737509,-0.0133461837205986,0.0023533811386679,-0.00223320469476356,-0.00530736581320555,-0.00596689123622769
-0.0501069024334451,-0.00151909987902573,-0.0380318988000201,-0.012759687032054,0.00938820742074702,-0.0460022718769439,0.00476756167018143,-0.00793538121112919,0.00505533965205099
0.0385715307048364,0.0459367086377225,0.039165541455797,0.0118274661518939,-0.026663254290506,0.0381181779279117,0.00404484357600467,0.000356731202584932,0.0272166050798582
-0.0532860316981879,0.0023419188135723,-0.0104272534136018,-0.02327264189713,0.0132762681380559,-0.0535894308001711,-0.00311350522161108,0.00814044965968052,0.007199799346365
0.0565822685992976,0.0204721257794866,0.0239642297602905,0.0275581874920353,0.0288026140919747,0.0697719844963835,0.0290181062732006,0.032616755520753,0.0402956317863113
0.093974731176853,0.0129234424280622,0.0163784538255183,0.0231923665096577,0.0125973454091911,0.106906472098321,0.0114883648602369,0.00874758340587404,0.0215844649046283
-0.0270866183631833,0.0057508373404442,0.00183129165764912,-0.0230400537016119,0.00399989944531597,-0.0660150613895358,-0.0088301121211772,0.00386246751928552,-0.0126568201110143
0.00745162937319937,0.00724222406330203,0.0100218983746651,-0.00780018705395167,-0.00484165420470836,0.00561272683097187,-0.00331631151641207,-0.0151961830181279,-0.00490973725371085
0.0208171251634348,-0.0021546913057256,0.00891631210189256,-0.000694143274407034,0.01752296192126,0.02813275331233,0.0001069288601878,0.00311180677870926,0.0258215811848691
0.045454256644266,-0.00148285219987103,0.0106598840890979,-0.0209986058707851,0.0257364420000205,0.00837753580127461,0.0225577110920048,0.00539552861260384,0.0204835373823901
-0.0614524989512862,-0.0308659372592499,0.016390968183385,-0.0276894355532539,-0.00462962132947037,-0.0213159571334584,-0.0225084181892771,-0.0398659168511743,-0.0242321358582959
-0.0159609285187382,0.0170207655361615,0.0166121796943963,-0.0137904637920882,0.0189419636224154,-0.035000333276157,0.0158666292713632,-0.00129834071947067,0.00996012923768538
0.0520828408409603,-0.00167412096861272,0.00086760088072054,0.0244158613364566,0.000368259285305471,0.0124150039883,0.00576776730404777,-0.0104698805405239,-0.0123301494547388
0.048533195555588,-0.0358438095051574,-0.0114653819735273,0.0375085121367399,-0.000631595341582157,0.0311322639069253,-0.00831174174637238,-0.00908304166011407,-0.00197022092518734
-0.0701927939297352,-0.0294004679875707,-0.028848877597163,-0.0163749981737525,0.0104607932444889,-0.0885968984911319,0.00135745616074642,-0.022838693721662,-0.00649770800623577
-0.0646245177771187,-0.00770811731294633,-0.0133598027374442,-0.0372954574119062,0.00602521090753986,-0.0458822406774133,-0.0118575450141758,-0.0175089180245192,-0.0198951643475355
0.0104140433516666,0.0231419787025302,0.00993373579789398,0.037264656351785,0.0168679092139279,0.0335949607577292,0.021137235321742,0.00785631397383956,0.0122554702665919
0.0226597187447587,-0.000966623713592887,0.00689503635883469,0.013643858710965,-0.0156641780736683,0.0108039932870801,-0.00783638390474107,-0.0172638963948333,-0.00999141706351581
0.004217627998003,0.0402961398068543,0.0232110695944137,0.0393795784995251,0.0251165370123166,0.0242007006680709,0.0267268386702918,0.0413150761693052,0.016020580503157
-0.0272409291860951,0.0138389450425933,-0.0211492485030934,-0.00258326194006509,-0.000204814265466726,0.00260279711488288,-0.014425971469712,-0.000146940405033907,-0.00936655346111798
-0.0130588037041063,-0.00443460258879822,-0.00750130243497115,0.0250579666361388,-0.00661209251925781,0.00323129882275726,0.00311128196627345,-0.0123482958877747,-0.0150789930071309
0.0203785731630528,-0.00319315483266296,0.00580039480705172,0.0369562047976308,0.0174472193897683,0.0399746883277934,0.0273266363411684,0.0058493276469041,0.0278352777968044
0.0491964565493768,0.0307741838911111,0.0204722111274326,-0.0147886155647233,-0.0140542017932217,0.0460370880134557,-0.0133762914465291,0.0272691072226025,-0.0168636386410071
-0.0401551732295365,-0.00933654018770092,-0.00252501912613389,-0.00669040380425694,-0.0101180867509662,-0.0405901626026712,0.0118054524621956,-0.0241957657544317,-0.0273561621201987
-0.0668944399833335,-0.0472870635368702,-0.0455771895607838,-0.0548800073860176,-0.0203956793686947,-0.0266963425019405,-0.036434901534255,-0.0171281104743244,-0.0070169830672686
0.0870375045780206,0.0766170161876138,0.0700369301649561,0.0205905230749876,0.0232376755336093,0.08054828888049,0.00514225258835985,0.00264647129788951,0.0399764908533121
0.0234585658550365,0.0308041880894841,0.0109140910873215,0.00199131509204831,0.00453626351594649,-0.0318300331362354,-0.0187855684693353,0.0105484740857927,0.0140498780584305
0.0216192447349518,0.0237093605801413,-0.0142550745063417,0.0335770809317133,0.0087055353140904,-0.00896509898992263,0.0237033219604243,0.013395211890599,0.0248438479025641
0.0220151318308735,0.00605368695998794,-0.00914049264908096,0.0191170541456972,-0.00268649628765909,0.0342507877101269,-0.00356685086524407,-0.00924512729377619,-0.0238743889748993
-0.0471156169188654,-0.00337645485698409,-0.0321359304899836,-0.0274690727156374,-0.000173886022059446,0.0281009213655142,-0.00929671342530584,-0.0332404301456339,-0.00841301599353425
0.00789250390472894,0.0189328331810863,0.0174651538467649,-0.0048406313168608,0.0257212213216642,0.00933320610547882,-0.00971416519409702,0.0343828081847473,0.0307054684126196
-0.0201383781864153,-0.0461212634855368,-0.0283039020463535,0.00301879714964665,0.00606158406308479,-0.0403265462313233,-0.00521611616331383,-0.0134132227130744,-0.0125818521272241
0.0319358246221505,-0.0155609255358286,-0.0163184218027678,0.0149726719368077,0.00122687619061113,-0.0370570926555858,0.00729380110158872,0.0206321499651065,-0.00258559710477592
-0.0150371528207309,0.000364812440395722,-0.0388885702431025,-0.0132551028721833,-0.0097848268180847,-0.0015028933661553,-0.00119209006162187,0.00792289036036418,0.00699274271899782
-0.0191886808006616,0.0148642259433605,-0.0202125951171358,0.0471559560972584,0.00224064079728295,-0.0273824662105491,0.0154000580449484,0.00870306077274059,0.0100481733092517
0.00639278222171349,-0.00888349560633103,-0.00674031287053132,0.0376534922481023,0.0023882193741175,-0.00897702850849771,0.00231142963072851,0.0104885217291133,0.00229211609303481
-0.0671995444930778,-0.0340793185697637,-0.00993634070505646,-0.00958490014902996,0.0129831051670266,-0.0338785272278926,-0.00685419322759471,-0.0109445453087768,0.0232371758949526
-0.032945873729315,0.0190816724544084,0.011283444030453,-7.45452572236114e-05,-0.00541471487243145,0.0106184686866637,-0.00213640511701426,-0.000125921753699537,-0.0123965928224278
-0.00568556175483327,0.0207536036706398,-0.00552514411563675,0.0039750336368757,-0.00981140947703729,-0.0461531721302078,-0.000805321477997922,0.000205871380191954,0.00927294233249283
-0.034411311060116,-0.00235768794823416,0.0363600900173033,0.0405507464503607,0.00111397175451242,0.0040742802325172,0.0317027806963694,0.0122097339128521,-0.000923200163453996
0.0419236296702117,0.0234502933451703,-0.00430946141477558,0.0137491850189002,0.01615321008351,-0.00258465585441876,0.0311802123556667,0.0249622192296029,0.0291727267351599
0.0412848716649653,0.0119283424011745,0.0249161077875165,0.0589962342087735,0.021311485375191,0.0735868822680195,-0.00238292951577729,0.0265554594730707,0.0336013181523249
0.0909234514155777,0.0291354280614596,0.0279541540360672,0.0169963728450596,0.0075493750315153,0.109138370480726,0.00756945944147823,-0.00628311912597142,0.0153038134759814
-0.0991120471996441,-0.0439818284616241,-0.0320298256585097,-0.0593322993094698,-0.00999726841035846,-0.119486036595459,-0.0369585212356764,-0.0211900349136599,-0.0221738312672233
-0.000699770136440351,-0.00168108449537394,-0.007790077887082,-0.0249021579830069,-0.0190557517042599,-0.0278478762270828,0.00986783209419782,0.00474283222729795,-0.0128885845277784
0.0120147012541493,-0.011511815662904,0.00157369480570828,-0.0401017709174019,0.00282005075166181,-0.00580394345792412,-0.0208539699571799,-0.0263837239736256,-0.00824031381569843
-0.00693970436031882,-0.0100129324993936,-0.0425413639917872,-0.00377445508498473,-0.0062978375623437,-0.00908309806815851,-0.0464565272126351,0.00184810923932214,0.00248210438141884
-0.0138062863942035,0.00784150926902982,0.0100637216463616,0.0175714309164686,0.00840446161069542,-0.0359441568591217,-0.00440925163749075,0.0216019769767591,0.0163665701854294
-0.00831216873091719,0.0189245729539503,0.0223363359076836,-0.00678916870627138,0.00272993441862373,0.0122490524991017,0.0129641861911978,-0.00294923348910299,0.0149841817615491
-0.036483339372804,0.00651639157011343,-0.015570725954528,-0.000533682118454833,-0.0027316747433425,-0.0270258032337135,-0.029700341270424,-0.00354808768155969,0.00703130775319474
0.0761020342552639,-0.00506772290241621,0.0140439115301514,0.0141267687647692,0.0128538041374033,-0.0154946351889284,0.0171698344714122,0.00886681788331447,0.0201745525223166
0.093364364896616,0.0562751593534138,0.0462490725160187,0.0774780986089392,0.0090287953618899,0.0993607967574756,0.0133008722335014,0.0234071330039875,0.00785088634431759
0.00615531989402567,0.00197908569849146,-0.0120329972126185,0.0152749995296226,0.00636291004115902,0.0226269813011335,-0.0162671174620481,0.00559107457746499,0.000934524114208601
0.0669072560091474,0.025952545352012,0.0241553084222305,0.0409918356032713,-0.0014659704242535,0.0409379541537536,-0.000938710378712657,0.0347237015987982,0.0065316081924398
-0.0374766824435956,-0.0185200196752582,-0.00287809412880832,-0.011132287966023,0.00625342447601054,0.10262547843174,-0.0126652810662463,-0.0170984022415508,-0.0270894785095833
-0.00650274904925105,0.0211091379376986,-0.00258633711472997,0.014458986132135,-0.00225749249653435,-0.0196158349838145,0.0174290524526847,0.000156316827828639,0.0293195963113396
0.00820521353367269,-0.00786575875476471,-0.0206583422303113,0.0294699459423781,0.0105795398542096,0.0145447381310906,0.0447540863505472,-0.00533471188291056,0.027824083424331
-0.0356945905381527,-0.00162668646778116,-0.0290190797197032,-0.0424871441793348,-0.00190623188999674,-0.022656230676322,0.00509669233959485,-0.0140997412484331,-0.0114024935981117
-0.0525500320691336,-0.00279796586544588,-0.0142305424860505,-0.024489875893018,-0.0129998832642466,-0.0619434664190597,-0.011581015541431,-0.0107372547270451,-0.0131283568288202
-0.00419970521163301,-0.012961390959855,-0.0237655003492081,0.00461768891922786,-0.00394096311723473,-0.0787650139707355,-0.0146946660992534,-0.0197392837418244,-0.0169270303059684
-0.0166382455237233,0.000523773242890016,-0.0106435097664768,0.0242939941179848,-0.00307282516159475,0.0348376656627357,0.00520275330649089,0.02719284752851,-0.0063239189748017
0.0553391189232735,0.0130970579601959,0.0205598306642003,0.0188753294384029,-0.00231385987736911,0.0147213465775465,0.0141422371588995,0.0410558422808076,0.0137954813309765
0.0518112921716566,0.0376006676827807,0.0273625212323027,0.0576732149257165,0.0311617560568335,0.0794737245045151,0.0135259001240682,0.0172302422617022,0.048640023598121
0.0780309757684728,0.0461439835907109,0.0360145667933962,0.00830617892343504,0.0133930231276242,0.0547035529895191,0.0160091391618146,0.0200997079679869,0.0217814770149109
-0.00317506060995712,-0.00531799684526458,-0.00390895828250952,0.0119224062475646,-0.0127418170287507,-0.000798799645941708,0.00780163210261829,0.00897207471911255,-0.0071756588507013
-0.0119842375004795,-0.0221566323438363,0.00612533135977579,-0.0277889490989469,0.00497523397587218,-0.018338214029186,-0.00696667498308826,-0.0247771937189491,-0.00351770601844388
0.0112545118958076,0.0506395350221256,0.0382653281140511,0.0213199037333928,-0.0148363264563367,0.00666943457658191,0.0109773640690263,0.0361158189493113,-0.0193463508260283
-0.130788203750539,-0.0242478092782027,-0.042447746589039,-0.0735246036256509,0.000898834494164101,-0.107251435550131,-0.0142059770824002,-0.00443473326793806,-0.011552477455677
-0.0318682826603316,-0.0117331499101736,-0.0013372833039434,-0.00099729653686268,-0.0147025747520933,-0.020513092546425,0.0119866833610168,-0.00885820956956886,-0.00460659225444149
0.0103326526128961,0.00971864453263854,-0.0136515998632433,0.0188857532974202,9.54655273926281e-05,0.0117325442863131,-0.00602313066418018,0.0283306834642024,-0.000455880478185931
0.0575337670871373,0.0242595676387224,0.000580605568838096,-0.0168846242687117,0.00695515301899512,0.0545635258839361,-0.00730978165748647,0.00457381321935235,0.00097659358351195
-0.0690741530152589,-0.0271700202303887,-0.0274883066119902,-0.0377650809983035,0.0107341204385583,-0.0443398242657322,0.00312083029115852,-0.02041576137293,-0.00482583812492412
-0.0534849923301651,-0.0155547437999989,-0.0323112201808998,-0.0370191696429832,-0.00248674710626787,-0.0566964527381619,-0.0168854722934896,0.00910024310582323,-0.00278375392885832
-0.00132055943689829,0.00400325693631212,0.00263118245000274,-0.0205108607190491,-0.00118048369847565,-0.0279661171041983,0.000187289617567681,0.0194607019957611,-0.00574402493543472
0.0257641112670339,-0.00161588410643577,-0.00422917845306781,-0.00553376284482881,0.00749815693866866,0.0491312272050262,-0.00715539874218187,-0.0208679840415528,0.0189541780552602
0.0440064012022488,0.0100747763893033,0.0405966610377843,0.0311793379040004,0.0144829240096249,0.0787511884796021,-0.0122668400318477,0.00243731828717969,0.0290955743633924
-0.0475902072451226,-0.0208284479258128,-0.0372940910087104,-0.0127296543583159,0.00495031369250283,0.00268915124212101,0.00551831463031009,-0.0139213657660732,-0.0191469775153842
-0.0751539281499,-0.024418254531945,-0.0124085271359668,-0.0165999997702706,-0.0101279116972074,-0.0608229815836443,-0.0084670870826335,-0.0143446900304221,-0.0467465269788881
-0.0167525779417249,-0.00312896051202939,0.00136887426582943,0.00872134269784603,-0.00213181655908214,0.00148395994402245,0.010129238626092,0.014207035832259,0.026221571096696
-0.042489528497976,-0.00397389927533369,-0.0258883343481635,-0.0235638340555484,-0.00560993685103521,-0.0534920450928632,-0.0143877136280289,-0.0096616280379041,-0.0177506433898055
-0.0319107046007988,-0.0647313503575948,-0.0152551833413406,0.0351762628098965,-0.00470771861360189,-0.0143484333130955,-0.00798409260980167,0.00147397166665052,0.00956413392467022
0.0381315025948026,0.000561535231650674,0.00477800009098586,-0.01140256779751,-0.00557023223740624,-0.00231306060796887,-0.0198153784234995,-0.00702411198251077,0.00342586511291815
0.026226436722322,0.00811451587775488,0.00126148568049497,0.0567210100313029,0.0031305950421586,0.0295375658541601,0.0397543430651995,0.0113092752152671,0.062320794331694
-0.0210350909060829,-0.0326498526950882,-0.0375152872740283,0.0100529366001091,0.00384312601698802,0.0108022775714924,0.0209798844067701,-0.00773021237681458,-0.00234881377176321
-0.119535432448789,-0.0549295363735749,-0.0155160949452026,0.00154733210692773,-0.00708298581233527,-0.0996298009542597,-0.00886832889232715,-0.00108088534185724,-0.0130755612596026
0.0308563797658387,0.028653598776038,0.0301893719941755,0.0400854847628204,0.0304070807297795,0.00547434031894273,0.0203749167021573,0.018023262260001,0.0358280062556445
0.0502170898588688,0.00713476439379715,0.00392033942082743,0.0247461336998095,-0.00961658700859565,0.0322053986123596,-0.0101163112432768,0.0146971329989619,-0.00827559757221484
-0.0639523766618841,-0.0180666236896486,-0.0231280881836965,-0.0338496759115533,-0.0221574572534655,-0.0386220979970677,-0.00474656029842494,-0.00869055821686026,-0.015900196780814
-0.0426796211785924,-0.0115447738624757,-0.00632574354566671,-0.0262738856944363,-0.023129618263239,0.00135728751618772,-0.0119494216653601,-0.0101162949450175,-0.00905254323485818
0.00347526205454308,0.0237228059668646,0.000779900318045394,-0.00370431179886571,-0.00562715679019286,0.0159564496862543,-0.00261798722585544,0.0119276797306707,0.00599090525371042
0.0795912321164488,0.035541912794243,-0.000971952972293707,0.0274788096606699,0.00363252808299482,0.0525579878774051,0.00580942113627885,0.0137149946285235,0.0272099399150367
0.0306192214417751,0.0445687610078745,0.0374352153446212,0.0445445526055409,-0.00261312889006388,0.0436642968801014,0.0112928684580759,0.0235793227479581,-0.00287078438220667
-0.00308254508153112,-0.026360064352313,-0.0106022579916988,-0.04447413521643,-0.0136741258651436,-0.0457731881681155,-0.000234133786576371,-0.0162114875729185,-0.0119818908650702
0.0486624753084026,0.0472153720767086,0.0423840498273759,0.0609043668438259,0.0182552571598579,0.0153311851053817,0.0291332965017182,0.0291097203569587,0.0337071042741289
0.0202674585743915,0.00767032566765035,-0.00598204691413788,-0.0308790027967039,-0.00794113468717367,0.00914265568084247,-0.00726637675401325,-0.00654150322571759,-0.0159692212654421
0.00285035191635195,-0.0122898715986105,-0.0267471659355401,0.0169891447756096,0.00986559549559106,0.00620014985099352,0.000665148626955077,0.00394237887734427,-0.00340246367544521
0.0564487949560452,0.0220075627569112,0.0286161447371974,0.0419021140378956,0.0122586917707127,0.0565538525369327,0.00289039269234625,0.00945382109474631,0.0143739497023695
-0.0207742972701879,-0.014897010438024,-0.0125995714585614,0.0434648284901679,0.00351228689204552,0.0210494445752539,0.0144874999397939,0.0114760786315859,-0.000149570411901011
0.0127103024831159,-0.010553125096882,-0.0151824015895977,-0.0188933965089988,-0.00165130514899444,-0.0307464483325578,0.00934690175854044,0.0174136170619448,0.00877041556479625
0.01461014840945,0.0364514050657866,0.024247865635691,0.0679674822580453,0.0292401637511122,0.0721360443389495,0.0158991732457896,0.0397257967353273,0.0292455183433242
0.0358623414425398,0.0100208129826693,-0.0180592472932731,-0.00626389101405945,0.000285269197983856,-0.0130855060078302,-0.00809685288203026,0.00384881271573868,0.00678630701662554
0.01428069613897,0.0442369390133182,0.00895872255762859,0.0358644398000596,-0.0064123958713353,0.016016069495124,-0.00320676619172162,0.0239392965254974,-0.00991987721679479
-0.0140208867791667,-0.00786925029580085,-0.0104718024111029,0.00290562475239586,0.00140223533924167,-0.0257515252318988,0.0130127589993215,0.0127852125650195,-0.0150652451629629
-0.0320085342221232,-0.0168581958843892,-0.0111236956342876,-0.0185106649284095,-0.00280610399372806,-0.0823745181514699,-0.00873232384521115,-0.0233492691851335,0.000984701421321052
0.0848074635825875,0.00186431143877159,0.0108306572897221,0.0649173655787198,0.0179726788216596,0.0744652498689832,0.00830350603758192,0.0416591329089254,0.011486692098675
0.0886436356056263,0.0358453591472428,0.0454633125586013,0.0277600700237555,-0.00352004128895268,0.0499942339687978,-0.00348096059870263,-0.00307709034597918,0.0050401489076648
0.0208011391797352,0.0285890641320943,-0.00159821695652318,0.0172435031582126,0.00315448985928895,-0.0421389089467411,-0.0211544963726537,-0.00828627268806123,-0.0173699861804438
-0.0193329433039997,0.0164269242360451,0.0023799811852028,-0.0149918300995956,0.000591875354671755,-0.0416828458734611,-0.00454104784348233,-0.00565387119969573,-0.0016882849282101
-0.107209227634705,-0.0677676468248418,-0.0586039436375353,-0.0953033490217917,-0.015429086410651,-0.118705359550215,-0.0293790561639966,-0.0307936234257907,-0.041768002760674
-0.100963766374129,0.0199712361289298,-0.0239406091938192,-0.0553434414091751,-0.0164444258512595,-0.0632367826968845,-0.0143992649127615,-0.0311201225548869,-0.0128967806122707
-0.0285298097167891,-0.0278000028652681,-0.0252181520689042,-0.0169021278777132,-0.00521810400171057,-0.0416419038037822,-0.00805340144163978,-0.0159851357364118,-0.0323152966335518
-0.0731420320617793,-0.0312615645639606,-0.0358310363617035,-0.0426523692178016,0.0139582287051934,-0.0366518335394034,-0.00447492514118284,-0.0475601551957813,-0.00209483551222341
0.0294610138450609,0.00126629213981063,-0.00847558160498857,0.009960710450017,0.0151017202244917,0.0142617945675914,0.00897805289678007,0.00913725207834257,0.02497362899992
0.0179247354406753,0.026951621083854,0.00790233053359268,0.00493367476339548,0.00204962617892776,-0.00522718148740128,-0.00162395656413574,-0.0022253007387633,0.0109775980450138
0.0157417588289537,0.0197380081515991,-0.00792212663909788,-0.0281301672721034,-0.00631798822948039,-0.0135501871474876,-0.010384237963024,0.00296725475826055,0.013357661076809
-0.0131585508408669,0.0152388754148073,-0.00186942422807311,0.0166406036279992,0.010915466739244,0.0231132823838115,0.00181116674156415,0.0260608339942743,0.00373946882731042
0.0557447799706991,0.00945711956045809,0.00475767393757382,0.0238892515477342,0.000659004462859465,0.0386923984080343,-0.0010042482056032,0.0175929272114346,0.0127096498260039
0.0740884126800601,0.0172409205261167,0.0132265883766438,0.039401476461809,-0.00185741270330457,0.0487398981459025,0.00710471768050351,0.0103407697285097,0.020313855504688
-0.128768423687899,0.018301475840656,-0.0453073992324019,-0.0386287152457613,0.00812591350477742,-0.0848134759990759,-0.0128226183559999,0.00691367129493729,0.0163112773799062
0.0296403769207736,0.0431528772643364,0.0329851251789651,-0.00455182562922378,-0.0168625611765618,0.00134512007841031,-0.00826696629252391,0.0146305227407782,-0.00886822318190279
-0.019733850142676,-0.00875551088981182,-0.0413840084002014,-0.0462889141310146,0.00665518721384978,0.00188990710803393,0.00869316897863935,-0.02969818374518,0.0143954239465468
-0.0782281617699701,-0.0204758172276246,-0.00217422515763043,-0.0376178394951034,-0.00451905430809514,-0.0175761012276282,0.0102195447851108,-0.030213406768512,-0.0477669589162739
0.0358311610487965,0.00482968040314124,-0.000738538532642061,-0.00934128576524214,0.0101063551460273,-0.0256174914467624,0.00963809077934025,0.0067041813777627,0.0218577740818166
-0.0732434997487605,-0.029345699067897,-0.0261768441540177,-0.0566249348531427,-0.0152397137609817,-0.0461022715881115,-0.0131500070639744,-0.0413267254981609,-0.0224909139411139
-0.0327234341429539,-0.069110368993098,-0.042595699083102,0.00142020448115714,-0.0187569897543381,-0.0575726337541525,-0.0138560868412896,-0.028115699944635,-0.0470727080539254
0.0406676042906597,0.0022095540517274,0.00379952104775082,0.0248556385143042,-0.00423023818852799,0.0354556730789998,-0.000622737640820379,-0.0168095073116644,-0.0100373684865621
0.0348090208024661,-0.0215084727368944,-0.0154149873771468,0.0289113324762137,0.00926758606159209,0.0305326899898354,-0.0102982662909359,0.0152356275962919,0.0191054621728641
-0.0277726806977766,-0.00770156989165047,-0.0212005879950294,-0.0226555758694505,0.0140693268662791,-0.00434894134840301,-0.0274429133327292,-0.00424189868259096,0.0212570026928415
0.0135001860039047,0.0187303004737137,0.00556428581239474,0.0333371168280633,0.0191320413582735,-0.0362397848218591,0.01206237728577,0.0208298312305872,0.0169170180345712
-0.0597110732188516,0.00913860347531878,-0.0154535093131045,0.000761128431659781,-0.00630582531088408,-0.00949651373963213,-0.00832652044898556,-0.0277627843573924,-0.020606880044097
-0.029627712692736,0.0044466572473288,-0.0299544011732447,-0.00931921312881526,-0.0218289666451022,-0.0155365970705626,-0.00959347849167479,-0.00567289443194602,0.00191636948801955
-0.0430300174069068,-0.0171417913920214,-0.00260466354212244,-0.0189074397574482,-0.00466169754504401,-0.0338980235768804,-0.0104347942778194,-0.0267102323825872,-0.0116956929357966
0.0248562996885522,0.0310875265536959,0.0142138963836615,0.0146412014586801,-0.0098902373195856,0.054039280138317,0.00748995944431835,-0.00485339516248361,-0.00920508627029687
0.0228751120168096,0.0247998269929443,-0.012997899794582,0.00294465895403824,0.0146620654516171,0.0159884815570658,0.0151713376599371,0.002734407856019,0.00188939438385387
0.0183129395456043,-0.014092017685218,-0.0131379675173122,0.00550765827103382,0.00866752227339335,0.00691642721058956,0.0124324307463663,0.00458986927990499,0.0167637912809189
0.0387380457134157,0.0397348020710342,0.0339810052277959,0.0185666573825898,-0.0109799032335237,-0.00732570499150278,-0.00250888985379008,-0.000211109460477424,-0.00535051525352218
-0.0766869848242628,-0.0306462389029752,-0.0517823188525549,-0.0500174353035311,-0.0329320472832444,-0.108729500458018,-7.13051949816278e-05,-0.0155186299915464,-0.0283528995207256
0.0476421994434765,-0.00979566796599655,0.0135417623281073,0.00468944049125932,-0.0160487885431034,0.0720967262593215,-0.0123018216645869,-0.0107662566996277,-0.0125550217640766
-0.0500209188955261,0.0107610282154404,-0.0125970285416085,0.000463841883746505,0.00104742520669044,-0.030319667364665,-0.000631087617474015,-0.0146233959246305,0.0037266695622267
0.0157407497857251,-0.00227069733390275,0.0146901900282345,0.00846127522438247,0.00532563123440407,-0.0782114709218481,0.0150607687111935,-0.00183901502018689,-0.0182184874478558
0.0589039790533431,0.00507297101747723,0.0173376800575069,0.00204496534980688,-0.0200240293449151,0.0261633765757247,-0.0215629024013844,0.00821907695614678,0.00722033157824555
-0.106564023398423,-0.0201501923361768,-0.0451576234756918,-0.0612162647149158,-0.0125184315849282,-0.0737381004052089,-0.0285638983871199,-0.0202664309670529,-0.0390382158622587
-0.00732270161720108,-0.01054081799631,0.0105519575840872,-0.0289985168309021,-0.0126148455929158,-0.0198057918119019,-0.00984141803622024,-0.0396292269084446,-0.00366922136786884
-0.0525387433877907,-0.035107593958461,-0.0199541109068512,-0.0334575550727605,-0.00930407727623655,-0.0618437696943791,-0.0134109449946618,-0.00961656351795427,-0.0161418003883519
-0.00312232881185373,0.0019690263935757,-0.00343562378560884,-0.000519403436743325,-0.00864814808535984,0.0371370582568133,-0.00122226541701596,0.00323161267769744,-0.00991641042118639
0.014255411825222,-0.0167378950042225,-0.0155665168507487,0.0304067086125878,0.0172254924962316,0.0122649415244935,0.0108613092392741,0.017807427103271,0.0224717794652762
0.0282866945730762,0.0152571795009997,-0.0186790365340749,-0.00782160849975041,-0.00854933197009584,0.0165469847169287,0.0118608428875588,-0.0140848726179505,0.0160186363029167
0.0201632904905219,-0.00641789928260566,-0.0233261584443429,0.0113985699239436,0.00467955883934735,0.00350566202589414,0.00304924802262861,0.0159093752882537,0.0104656921285461
0.0116811222563278,-0.018308325447939,-0.00472684786062397,-0.022938873272858,-0.00752901864955677,0.000179417323501436,-0.0337441770550023,-0.0367387614102818,-0.0209792496251587
-0.0921380151491454,-0.0287423273024911,-0.054286980314918,-0.03160103395024,-0.00279127131141399,-0.0696156910007672,-0.0186160068211846,-0.0199238728377521,-0.0133035416827075
0.0481472849873282,0.00218633812735567,0.00730567411599759,0.0225061507205015,-0.00831607031827872,0.0651916681765185,0.00859076247788055,0.0174530836585478,-0.00898957692314831
-0.024197620311447,-0.0250049679328529,-0.0179721662068702,-0.00155349644573027,-0.00437708836727351,-0.0150855809979428,0.0149993472596317,0.00562237765881923,0.00888343198249724
-0.0447758592791068,-0.015016357031734,-0.033723513849551,0.0595339513410512,0.00213184062597908,-0.0102861572817755,0.0118188702486632,0.0164879181698996,0.0118595645780994
-0.0501162901505305,0.0064905975010483,-0.0171838452115259,0.00628064386578122,-0.0168452145993717,-0.0582671586242223,-0.0129602549510674,-0.00598741811785244,-0.0104166996019713
0.013658258825769,0.00316559859220619,-0.00232921865826552,0.0136303657667687,0.0127484246948143,0.00798428678852898,0.0240949329709034,0.00101204766465391,0.000502816540663054
-0.0188516852852146,-0.0176697383803553,-0.0325504834186211,-0.00494030098620961,-0.00672553263483807,-0.0514541313143876,-0.0122656417988878,0.00901364256257628,-0.0243908865409961
-0.121256726809032,-0.0040978963290784,-0.0180207459883811,-0.0390997410761684,-0.00241537019921228,-0.0844068367362154,-0.00782814922215061,-0.032296407994402,-0.00244933143744616
-0.0223859559708489,0.035303270396281,-0.00155599316908413,0.00506093387350672,0.0189142454919468,0.0057576156247958,0.00229558745573264,0.00643164880209318,0.0377241756459266
-0.000900183093464986,0.00539455460378286,0.00895398884328391,0.00114842127530748,0.00330641593292309,-0.0140981024463991,-0.000479112232029623,0.0218245331805158,-0.00656627833413104
0.0115672714540899,-0.0172925955992162,-0.0141314387740023,-0.00355706902243638,-0.0172177350102966,0.0118531983889857,-0.00134193495002977,-0.00459764684903714,-0.0283693932054514
-0.0828251970096954,0.0206931236159277,-0.0627362755848135,-0.0169866397815323,-0.00736202321157516,-0.0736891486148769,-0.0257841076151175,-0.036100278160817,-0.0289330773084255
-0.0275440346191395,-0.0226865516956535,-0.00733350522226874,0.01054099267188,-0.00511838050040153,0.0393628891261264,0.00911578466541598,-0.00313297353430339,-0.0148612173563059
-0.0505090084045937,-0.0162488576481368,-0.0371404185370215,0.000436625721153642,0.0121117095838774,0.00261548921534331,0.00608256262323149,-0.00215980869235902,0.00438662122153381
-0.00751118965513894,0.0160537183523707,-0.003999041457606,0.00908687260727987,0.00788359223560726,-0.047394762946066,-0.000158013134513277,-0.00970166372867991,0.00159977167185505
-0.0131766697844106,-0.0246290227904374,0.0118083794608721,-0.0087988233398131,-0.00902496308780986,-0.0112211560495657,0.00239849712447411,-0.0163618403288623,-0.0130424568816429
-0.0147241189617845,0.0064930515044311,-0.0179682174991511,-0.0175374760300004,0.00197699009322876,-0.075417240996082,0.0107248995234933,0.0188818657644601,0.0110877613670084
-0.0661309962386094,0.0061562201923298,-0.0236204773413105,-0.0281253436109014,-0.0108446812684867,-0.0750237211830197,-0.00525373756582175,0.00144225351310062,-0.0046714265159597
0.0160113749758489,0.0343742924403187,-0.0199963958931061,-0.0127861566391426,0.00131989205597441,-0.0199811205561378,-0.0116603406684027,-0.0138206420229353,-0.00253546145414107
-0.0644750891345324,-0.0215876510047913,-0.0265132228271609,-0.0324296858087522,-0.00664734752384192,-0.0640410373694887,-0.00341215773669246,0.0094513638831187,-0.00714364205787386
-0.00424137892789447,0.0154591306445344,0.0162567111569323,0.0302776837766997,0.013444496164277,0.0128050627086615,0.00661411209969022,0.0226910509835867,0.00714243335862257
0.0133373025983079,-0.0285338368957338,0.00718886483486469,0.00838565058462623,4.76437188147447e-05,0.0291133233396111,0.0241030035853161,0.0083054931232561,0.00398991859554616
-0.0625953753183775,-0.0321596894037603,-0.0378310818495185,0.0165532673611799,-0.00601428713337702,-0.0885211293677861,-0.00631744876744203,-0.00884297407873507,-0.00165265228466424
-0.000213864335608168,0.00683634052313347,-0.0193347955010922,-0.0283794456133978,-0.00384698548825999,0.0162814161565141,-0.000953027383440787,-0.00349419797888752,0.00148221862197163
-0.0718910213988834,-0.0428733009576682,-0.0464089614325282,-0.0284316082021612,-0.00767762630250401,-0.0593881662621714,-0.03489040593426,-0.0449766419286748,-0.0141702962136275
-0.00703506579623376,-0.0425244488411521,-0.00719256874927944,-0.000880368663756224,0.00510573778583131,-0.021045799291718,0.00979762929889161,0.0122146826750391,-0.00102250134463726
-0.0113880577918949,-0.04259359825959,-0.0457019709673783,0.023468447944154,-0.00540838052035493,0.00510311822422119,-0.00677238264041535,0.0199786354727099,-0.0257444070179416
-0.0469540441645771,-0.0542557048441148,-0.0377948106394531,-0.0421100056297443,-0.00010458665541567,0.000717788151858697,-0.00340977691371988,-0.00535601041467716,0.0022673944748175
-0.00516785721140573,0.0233113668644686,0.0326989780305836,0.0141386806793348,0.00165467009609372,-0.00722805757811511,0.0158011548669161,-0.0129031366489996,-0.00977071317233806
0.0260091612414806,0.034499386464069,0.0163196167416495,0.02486730142221,0.00933246359400389,0.0213539064710759,0.0310967839926532,0.0334745371452886,0.0327393092688582
0.00109510464332804,0.00309648077384524,0.0087905862814653,0.0448792637067211,0.0136937466730084,0.0187371436508951,0.0284195316902162,0.00814049039336081,0.0363542196351033
-0.0674793565536686,-0.0138663517842466,-0.00493492948538481,0.00894674741068516,-0.00810055039545975,0.0116483468327061,-0.000248751253761978,0.00921189336600601,-0.0171229845956445
-0.0262296383893491,-0.000725030470249698,-0.00645767487186003,-0.0318828846969817,-0.00684933155706762,-0.0178949987004534,-0.00052793748282563,-0.0281399243560187,-0.00108287620774614
0.0169156869326665,0.0141383593319271,-0.00914641013654464,0.0101519722885757,0.0129249046502148,0.0368103922222367,0.0148271589677005,0.0192892796598562,0.0102779409642508
0.0025532267842786,0.00943878678163441,0.00247127888135691,0.00300953495436231,-0.00101689141545101,-0.0146953173408957,0.00804234048214267,0.0105917438352067,-0.00275051330794142
-0.0368124171923089,-0.0153054936927227,-0.0117192831182814,-0.0190510188936254,-0.00921674016409565,-0.0420500345522155,0.000825833558209775,0.00303384323006578,-0.00872945898094108
-0.0306864941640729,-0.0179171716096609,-0.0426627502349449,-0.0182749903439637,-0.0128742608416416,0.0178938594568283,-0.00274225815438334,-0.0167030299375734,-0.00423463911649001
0.0471731275466727,0.0340576897969854,0.0347031277052731,0.0426302768614491,-0.000474912548376326,0.0362727477710575,0.00517276358644224,0.0312428850768257,0.00172419153687666
0.080045552015341,0.0113361495768558,-0.00378487511685518,0.00728654664811586,0.0190220201400161,0.0793119618341806,0.0212386364987574,0.0369081787104051,0.0336245939367122
0.0238034074984668,0.00919791882287178,-0.000800695352401703,0.0353374356129279,0.00751480858934543,0.0132268411515423,0.00595230412211339,0.000697415229163192,0.0016028631191261
-0.0341055218149466,-0.0262412931081788,0.0247496528668657,-0.0423481137824851,-0.00494570868078857,-0.0348810080767264,-0.00666600140207417,-0.0293494770735467,-0.0329769409207057
0.0122498045408103,-0.00859401755679598,-0.0126107830595551,0.0286883703857551,-0.00687375211725543,-0.0275021696550356,0.00479656445170539,0.00672513041830449,-0.00108934514939119
-0.00225168316007795,-0.0403164869901722,-0.0358451186525752,-0.0153060475152689,-0.00726982832438415,-0.090739680661557,-0.00565222623405656,-0.00848349993987954,-0.00757002194811626
0.0236392230977374,0.0155852667554497,0.0311034312618883,-0.00701330113890425,0.00374421600896301,0.0166331151870594,0.012096029270762,0.019996145642933,0.00442934321499422
0.0100629278045902,-0.0179206804160128,-0.0126598726284018,0.000504172883084154,-0.0178546694419441,-0.0184817220438157,-0.0056801474131278,-0.00561071470697162,-0.0175079512664655
0.025539703308185,0.0414153058460543,0.011169687577644,0.00552670275160783,0.00533188418606762,-0.0302290093558364,0.00922565726614707,0.00745282323389368,-0.00360678017728529
-0.024061825692053,-0.0140884689907902,0.00695290334898044,0.00689150881555476,0.00876388739120158,0.00365602653956182,0.0395520749666148,-0.00350003148596261,-0.00183249530902377
0.00407975541923382,-0.0265961024660516,-0.0235022759038814,0.0147532096818999,0.00518240040818675,0.0822963623141141,-0.0048226261239066,-0.0186112709175408,-0.0266961755977777
0.0364464417951035,0.0385029205479771,0.0369075529954339,0.0374051392204992,0.00667902367245749,0.0202111795241017,0.0128537495146468,0.0242073272414433,0.0241649146965522
-0.0538928524633526,-0.017318122953896,0.00415647302658838,-0.0138726235273815,-0.00589331303865162,-0.0192800988415272,-0.00704485839137885,-0.0249802774086836,-0.0294023549299848
0.0640578451565995,0.013609236827036,0.0198724638449657,0.0185998450728647,-0.00251115329405178,0.0189521619565964,-0.00911562353211052,0.0108661004654697,0.00121190891025082
0.0571632556794734,-0.00129659051516087,0.00363370155455815,0.047688827232855,0.00222966363198008,0.0278163112696548,-0.0174282047163403,0.0322687657372497,-0.00735108775985528
-0.00151443805320671,0.0161289549995575,0.0123488686065681,0.0293804460606527,0.0140147259145986,0.0168090346130932,0.00925259302009473,0.0353768223451374,0.00951785043428826
-0.0214459388357415,-9.78057666174829e-05,-0.0075799647403856,-0.012514314006211,0.00184999596454041,0.00122497063636798,-0.00854640824023495,-0.0130267111847677,-0.0116596342386961
0.0274166187307285,0.0125576294072088,0.0116956090546241,0.0204980787131887,-0.00999395422731061,0.0534130549339686,0.0124318077649925,0.020851284866492,0.0117949044453378
-0.0362701990076583,-0.0111292103605617,-0.0296159814709337,-0.0449081464750995,0.0287048066953105,-0.0724032327287191,0.00717021808492894,0.00283830568657267,-0.00094259937929385
-0.031983691208011,-0.0161737158662979,-0.0232969739307113,0.0230969352860684,-0.0191446320320422,-0.0406139219867793,-0.00604499188263197,-0.016907708648504,-0.0247296748148333
-0.0181593220549368,0.0100950793403366,0.0184727349153863,-0.00197893309165974,0.00182213089811146,-0.0336752605419718,0.000145134228090818,-0.000601893329037371,-0.00491567764948414
-0.0445148877228058,-0.0190564344065963,0.0205082758282266,0.0327472168373343,0.00915469750503226,-0.0407407925528663,0.000683307266061922,0.0368672604350429,0.017307925977086
0.0183178129018688,-0.0187858047704835,-0.0153407683145241,0.00406376298858311,-0.005254212903246,-0.0212896186241784,0.00601306756470719,-0.00705452272790363,-0.00831575605389256
-0.0171907151134704,0.00538483748722966,-0.00323039565615007,0.0128191930363688,-0.00151230944453113,-0.0334353640523168,0.00546607468794994,0.00584917027960757,0.00701963456905755
0.0651017439587886,0.0483448051664671,0.0349176997260334,0.0248178917641101,0.0209204260843145,0.0419894788171951,0.016268004024237,0.00312641524753126,0.0388507866224637
0.0469750087827823,0.0203433106051716,0.0231492052106804,0.0246824061438162,0.00998464977496858,0.00532337313190116,0.0116839702876975,0.0242746914383337,0.0142910627058153
-0.0128790676667389,0.0163012578714193,-0.0202176864978388,-0.011138386963993,-0.0154813094962893,0.00959250290091989,-0.00436580488965427,0.00290676771166848,5.33308950974995e-05
0.0765715212421833,0.0630292027607581,0.0494530787594813,0.061420307566236,0.00865896253155235,0.0930461037844125,0.0180154674563472,0.0242046810761651,0.0262663175775302
0.0566924538838657,-0.0161092129534739,0.00977445660357285,-0.0115019986057868,-0.00522454457330847,-0.0143866655568574,-0.00716934422407265,-0.02225509139749,-0.0157772902931012
-0.14094667503678,-0.0679548945640954,-0.0515389518633752,-0.0450399401592194,-0.0355830458886419,-0.133999358093448,-0.0168662437913383,-0.0389534294372686,-0.0426296313532596
-0.0153101982833723,-0.00466214293845964,-0.030848411706375,-0.0116385618151767,-0.00282278883115981,-0.0351744855164964,-0.0183240371470023,-0.00275475588142271,0.000880559192307366
0.00884554056390083,-0.0183416236435088,-0.042980535885775,-0.0155758847734339,0.00116646271447583,0.0155128421459331,-0.0249996354337738,-0.0118210587076828,0.00573340122675233
0.0240843114026374,0.00203929917065723,0.0242289591733689,0.0378956055265456,-0.00738567332247497,0.0720963139962567,0.00333795979056817,0.0227559999283139,0.000793739955826797
-0.00752498376294882,-0.00613916226197748,0.00394681757265706,-0.0018828440024809,-0.0145283252206348,-0.00279755756797268,-0.0267261218301369,0.0116583323652541,-0.0159197357908098
0.0261932285650098,-0.00795674298133908,0.00747674419676323,0.016690380729909,-0.0173741397182053,-0.0498534154138214,0.00522591874593485,-0.00199427722480388,-0.0291421891297672
0.0058066507726678,-0.013721470856949,-0.00949509014551217,0.0286735925020007,-0.00376263395659003,-0.0076989784203217,0.00505441521900222,0.0267365245345938,-0.00200705773593441
0.0423893645618337,0.0438550867837977,0.0442143532143597,0.038898335923705,0.0354254368948848,0.0417364592007939,0.0258651215561435,0.0246825363769346,0.0421211823533773
0.00852977370282895,-0.0152534520544376,-0.0349038199741802,0.00411468749361392,-0.00404837539186044,0.00364202141381741,-0.0200265520449594,0.000374797440375594,-0.00563761353798978
0.0560585755301765,-0.0441478431461894,-0.0183221946904918,0.0148998017292365,0.00500429843021358,-0.00378639228240069,0.00557546098523732,-0.00134432441319334,0.0179910247551912
-0.0133900672389237,-0.013232722088393,-0.0403338118666254,-0.0222769749603189,0.0087456981795077,-0.0269209985270671,0.0130833662496554,-0.0131905390768507,-0.0160286494652707
0.019571174706247,-0.0091446049963506,0.00388709677762198,-0.0134018803480741,-0.00712094256790054,0.0490038888595594,0.0021308952833103,0.00909137131035748,0.0155549018525456
0.0888424466889452,0.023474252548217,-0.0208512043649308,0.0626269673638544,0.0126329027389745,0.0617246269559602,-0.000626599693759516,0.015538082272831,0.0184171784701204
0.0294403108112769,0.00711261109520967,-0.0113574269311633,0.0122631866637065,0.0164437425478883,0.0455306775362624,0.00787555823849357,0.00819726782625358,0.0148630912035023
-0.0503166148759735,-0.000733628206467831,-0.0109918335504334,-0.0281278917875736,-0.0117912040253914,-0.0718316331531879,0.00844442243614222,-0.0115550619104857,-0.017792864824951
0.0151297272498582,-0.00559090442847919,0.0208625048082094,0.00215076713142962,-0.0238170554795957,-0.00747676929444251,-0.0110725976202267,0.0103885765111614,-0.0117150107286636
0.0114113646322373,0.0108131957059458,0.0168189816785765,0.00892829477590371,0.00661256160243129,0.014317583620075,0.00610022684334262,-0.0183863679285958,-0.000107154900573263
0.00137298823738907,0.0210368213287094,0.0179101493938258,0.0796898593603353,0.0116032789882775,0.0415826815854095,0.020453830946872,0.0228224414682526,0.027723630110936
-0.0488816191604104,-0.0233994681358308,-0.0461358675995228,-0.0295090226714793,-0.00180718789046403,-0.0297249575276883,0.00290588515128137,-0.00855409407392566,0.00777690595536288
0.0805373815649143,0.0232503980184271,0.027009010344276,0.00228234052815974,0.010272591822451,-0.00253236320987214,0.0336052473040725,0.00811450373497736,-0.0154869293016008
0.0494210466780175,-0.00496959112833355,0.0154261143964913,0.0030681695009906,0.00835717165290865,0.00739194228627673,0.017736599932436,0.0117868733394039,0.00522783581884922
0.0145998593956608,0.00978470719989451,0.013929609313789,-0.027500846054514,-0.00618795147206787,0.0492378941484701,-0.04280045965393,-0.00162058994626355,-0.0268915260429195
-0.0500206134324888,-0.0374941989669522,-0.0290710914746609,-0.0373008497070376,-0.0153037134059071,-0.03261068725664,-0.00725021351637496,-0.0196500352189865,-0.0154675109609835
-0.0247069896515507,-0.0258085941684837,0.0105826006242537,0.0133327297837066,0.00853910118292319,-0.0265443831511498,0.0195332953881934,0.012570466492793,0.0189509280940397
-0.0217433966208603,0.00186890111989638,-0.0391167305103681,-0.00532552850246178,-0.00222793917078822,-0.0529227853389849,0.00724464316748776,-0.0140896451076103,-0.028200107029455
0.101736980431343,0.0678640544554539,0.0443697020758843,0.0360395739587207,0.0108107604391563,0.0589498463160854,0.0162206111584698,0.0282244219699986,0.0247215330384408
0.0521721726650146,0.00490738737286597,0.0156461821198003,0.0112145574674475,-0.00886026817507897,0.0162537338175316,-0.0125448190622737,0.0157653204937484,0.00895371693818799
-0.022815144396647,-0.00182588100474397,-0.0286730642548848,-0.0209347119855605,-0.0110496615883455,-0.0159741492601936,-0.00301929082263674,-0.0105422918458503,-0.0146123178579292
-0.0393653309599801,-0.0450735591435422,-0.0308920891168541,0.0109238211256209,-0.0255177061619169,-0.0325705858922402,-0.0198960943762591,-0.0176520974010285,-0.0219984175152836
0.0423966505788246,0.00271198513588182,0.00143727532252291,-0.0183651486316885,0.00638789535268389,0.0148008336195743,-0.0117753343031653,-0.00206237037647016,0.0114325728705996
-0.0137756259123114,-0.0333257488383506,-0.0115553964929297,-0.00960462212532607,-0.00522209259439273,0.0039286876015838,0.00434677769199609,-7.92642205196727e-06,-0.02286130199435
-0.0387766284703662,0.0229924115693459,-0.00427653044898443,-0.0322685510105354,-0.0315171582980366,-0.0430743999375154,-0.0236384237043682,-0.0392174461372946,-0.0344936641454097
-0.0459599891492593,0.0177263629836356,0.00321611575388021,0.0155643818736963,0.00214754766920468,0.0476791800367891,0.0320949289577522,-0.0122151420143973,0.00511364625577758
-0.0427288649034478,-0.00122377586011413,0.0102499085705845,-0.0143500950583932,-0.0248907169572554,-0.0348500284007701,-0.0334256718766903,-0.03148144480731,-0.0255913856916387
0.0262110115247559,0.0428934141764111,0.0316262687876291,0.0841565660726619,0.00446279898556858,0.0247130131771137,0.0247926432094131,0.0345204310408653,0.0204364247612688
0.0660025693204533,0.00526075751054611,0.00804401219285657,0.0250929822969771,-0.00210022406650892,0.0112694359565239,0.00413343782673212,0.000749490495836233,0.0128840906338195
0.00288195646295266,0.00488864204805126,0.00241421256296092,0.0189499511913269,0.000377054805239058,-0.0240449873859196,0.00890039382022586,0.00309689421851893,-0.009365299606072
-0.0390692124247702,-0.0146993224654915,0.00966906593094459,-0.0315417009439215,-0.00568224802054981,-0.0344986345702101,-0.0295775211938743,-0.0261099919693541,-0.0101265933462276
-0.0450550089594044,0.00242265429212179,-0.0121837516260691,-0.0177437983947574,0.00376197394951386,0.000178326325920776,0.000276603925538161,0.00419150669853032,0.00423883415025768
0.0407017367505245,-0.0616600683179953,0.0140078793094905,0.0350577804312649,0.00870997834329798,0.0129732845960643,0.00828579345153243,-0.00377866270955432,0.0128357546047551
-0.0607661329801298,-0.0184986739190959,-0.0295664447837137,-0.0124162839801898,-0.0202043468225898,-0.0639075329531071,-0.00265475312496894,-0.0206327363136549,-0.0363420762202403
0.0536007772089417,-0.00113420411403974,0.00456216574768706,0.0441699493196692,-0.0204090393717107,0.0577003147927396,0.00339862108290253,0.0131978093516813,-0.0294224995985201
0.0739961647468042,-0.0142150198101819,0.0031111789449456,0.0102959393742929,0.00319359352887927,-0.00866361193504876,0.00944133095672438,0.0134062985455661,0.00333843567933518
-0.00970263932168944,-0.00910520338921776,-0.00296493604312326,0.00596789387127284,-0.0130143359099444,-0.00528176783195669,-0.00600746576174936,-0.00614743587802761,0.00297195591987892
-0.0186974479465557,-0.0303854790048916,-0.00558937859154174,0.0252402179485992,-0.00158367703554371,0.0117629686442811,0.00260946821193291,-0.00143521387223047,-0.0143035281292818
0.044665286301806,0.0393451152571338,0.0368097101440042,-0.00476994445779527,-0.019108751213653,0.0652324024279571,-0.0245970584975989,-0.00309687114103691,-0.0118215906953524
0.0344497366505154,0.0186649880985127,0.0336754918950838,0.0367272121268476,0.00251487286740433,-0.0278542273310245,0.00959278527063764,-0.0139984477242478,0.00418623667674717
0.0800839746217898,0.0498801879759335,0.0554421493045693,0.0212556313419991,0.00820673758172496,0.0783470631940133,0.00837276258651986,-0.00517831259910475,0.00801535397325373
0.0512467920653853,0.000701650554751159,0.00526999269495279,0.0184510065555501,0.0244702250691187,0.0619586930961956,0.00573760985012146,0.0117063786892946,0.0140660500020742
0.00974215724383773,0.0536423238208207,-0.000722228967158356,0.0899564323119775,0.032876100443365,0.00921932158610626,0.0625400096315556,0.0463187213693003,0.0461008453939555
-0.00555361883989001,0.0057812258370876,-0.0133740715069023,0.00422975590899039,0.0100905109379757,0.0250207411860524,0.0146128913950545,-0.00893553429110575,0.00376461768806281
0.0410936188410468,-0.0486753297934469,0.00375609241800326,0.0108346973440797,-0.0278112678606265,0.036947531571483,-0.0139297472355823,-0.0259651052687194,-0.0214803484224487
-0.0251360364511284,-0.0307854917456981,-0.00490082879641398,-0.00625129026702017,-0.0278812215715708,-0.00469498723070963,-0.0144144145959699,-0.012696435598823,-0.0285091484374832
0.0111255673060052,0.00565257549047023,0.0342893622938675,0.0150317676533399,-0.00649542574445244,0.0197615210911314,-0.0172077563722329,0.000662097021618186,-0.0113194225231071
-0.0227799995613695,-0.0034257998291448,-0.0340250809726257,0.00411736199204249,-0.00335774223790242,-0.0109885447271118,0.00372997131294595,-0.00796840355529767,-0.00504524427099004
-0.000258757331344069,-0.0159225315955098,-0.0117726509123957,0.00331902079472657,0.0105587036888457,0.0019706302466532,0.00659301228208488,0.00107995396459443,-0.0215840103557026
-0.0103940360785202,0.0099841933954985,0.00152223375599314,-0.0210366380299664,-0.00358977064519923,0.0168237294845578,0.00982280125908652,-0.00297465395402884,-0.00163563210238383
0.0105798760847793,0.00975912193301059,0.00405666712235884,0.0141264471993637,0.00455388321113533,0.0134106442916159,0.0262055878654846,0.011813255346774,0.0068869311372568
0.0013250073808764,-0.0246024971265593,0.008523223540781,-0.0193005706270506,-0.0150338234365926,0.00899055916246001,-0.0324878096729771,0.00262131910985052,-0.0152459943729572
-0.0237213529482352,0.002200369834338,-0.0033233693242652,-0.00557499755594003,0.0121475583142263,0.0303009559757657,0.00249890279202222,-0.00711960670660419,0.00460863118825507
-0.045019645066028,-0.00114263155880736,0.00947891740579433,-0.0304429356736962,-0.0149904609157297,-0.00694297484140871,-0.0156489553027507,-0.0390612724606715,-0.0247806632190984
0.101242266065031,-0.0110418236715687,0.00658912086930943,-0.0162244436403263,-0.00555583466318558,0.059533350398051,-0.0201492380250421,-0.00480346387747247,-0.0141321286049549
-0.00966639551895302,-0.0248365970094695,-0.0504235460037683,-0.0200585210174451,-0.00230927729504178,-0.0373601027581424,-0.0385644416176765,-0.0113541942041567,0.0183338860996686
0.0224732681273631,-0.0170970664796874,-0.00407657786217712,0.0317469923877602,-0.00979687342260865,0.0385513793113267,0.00688508521167438,0.00414112079825532,-0.000127283558682124
-0.0103095304820202,0.0107472934254877,0.00457878130031275,-0.0404502405910505,-0.00313151626864064,0.00171578256077875,-0.00870177297782184,-0.00908417613790632,-0.00138115681554736
-0.129609511926534,-0.061930357398386,-0.0110184502456585,-0.0768815561981557,-0.0109025263218575,-0.193677999625037,-0.00855061108315382,-0.0121264952286556,-0.0195157126581639
-0.0100315876661578,0.0180696749454748,0.00381537598939207,0.0139770717143424,-0.0248928517902255,0.00456498315132855,-0.0030513530216899,-0.00362272531818997,-0.0304237417764902
0.0210260982640363,0.0206551122754467,0.00767245936848623,0.00656913459069748,-0.0013276144344557,0.000635963975480177,0.00249077904144841,-0.013948576359915,0.00954760967884875
0.0190238511539778,-0.0107321236666948,-0.0157866990025262,0.0268924064369309,0.00367905011534161,0.0470188420936458,0.00757130080215455,0.0182821050741727,0.0141078726623348
0.0773349282548837,0.0153946526297713,0.0137167538399453,0.034709904063617,0.0068957260722552,0.074916220057005,0.0368423463104764,0.0226248292775805,0.0472597329143062
-0.0278255385015716,-0.0209008628125972,-0.0199066900427562,-0.0454396580295979,-0.00127124472732832,-0.0295086787183904,0.00740994330758533,-0.00719111184468102,-0.00166347608860383
0.0211495540891447,-0.00203852635277915,-0.00653381733207446,-0.00578334452436912,-0.00660144837976654,0.0653321852536707,-0.00923336653061877,0.0214366955581363,-0.0158012194542293
-0.00245443225612291,-0.00557062831489102,0.0117604974051389,-0.0027589994984114,0.00721105502935311,-0.0272537405463338,0.000154994611220444,-0.000305922504526027,-0.00672637187722042
-0.0519512331127189,-0.0476860727759528,-0.0221849647500842,-0.00612045192894815,-0.0198265047548407,-0.0520707145259173,-0.0228203743521206,-0.0106646753653585,0.00801501559395579
-0.0202077368485873,0.0132834221159245,-0.0211620538979315,0.0126116598201029,0.00532852840547775,0.0536831709802177,0.0227953822496275,0.0090433777973849,0.0193211946213863
-0.0557189347472837,0.00847537395205153,-0.0141399358127812,-0.0366886648932697,-0.00498459610639903,-0.0448463481026252,-0.0253077543418677,-0.0231658750226689,-0.0105014128134608
-0.0710188919144911,-0.0378764863940296,-0.066977040589836,-0.0395616873985509,-0.00782273358768495,-0.0275326140718231,-0.00767267532579373,-0.0165069224416398,-0.0142741540410925
-0.0486229293449078,-0.00855682393892288,-0.00563546640274468,-0.00679687083184119,-0.00881940762373047,-0.00620081388825451,-0.00348071613054615,-0.000613831166353496,-0.00557993923871493
0.0150975961075573,-0.0233261893051463,-0.0220790229959703,-0.0118395946859473,0.00224240930421241,0.0179553787287406,-0.00416222112156092,-0.0129310093986871,0.0056704637338112
-0.0734722161715562,-0.036903840046566,-0.0463342171652445,-0.0408167398058093,-0.0269534504364865,-0.0929819280122582,-0.0333505547076895,-0.00470154769436503,-0.0301437165202342
-0.0202487989571362,-0.00704818660183113,-0.0112600690384809,0.02045567297176,0.00162288629103065,-0.0104015750010741,0.0152579211277838,-0.00126294733329188,0.00152157350483728
0.130831454366101,0.0422842307513181,0.0324786186055535,0.017284101773936,0.0148040677131961,-0.0897138012847861,-0.000398344252178945,0.0256029178698893,0.0379692780721535
0.0457690954673198,-0.00500279228286316,-0.00776451900331039,-0.00158761531308593,0.00757567500666358,0.0421790330478621,0.00769206361732747,0.0178741672197713,0.0130038194381695
-0.0164443156177523,-0.0406579069702736,-0.0233866993336794,0.0117929915775846,-0.00644296044832196,0.0250856963704801,0.00650091760300836,-0.0127699578939151,0.00110640624884214
-0.00352982055617648,0.0168506631522944,-0.00365405607938864,0.00320687531613496,-0.0055789523858748,-0.00828352639452683,-0.0114637238143455,0.00137380470880595,-0.00227669611706392
-0.0558832971757231,-0.00619787572689473,-0.0346993951678344,-0.0372301572948702,0.00229193639908611,-0.0797553990652358,-0.0175776123789114,-0.00218666806457137,0.000656254477602717
-0.0394877330524106,-0.0033490903316356,0.0194015174533512,0.00473209306472713,-0.00330057978495998,-0.0266813505207357,-0.00236596838318334,0.00102153592099599,0.00132840853801181
0.0208997854741849,0.00912462802667661,-0.00199462700922169,0.00495334911672881,0.00352933149533843,0.00263354669501927,0.012895275255667,0.0303159839763402,0.00853509138477692
-0.0594017315648285,-0.0218690079462747,-0.0114181438936056,-0.0493260393759715,0.00591449681165553,-0.032231870406858,-0.0146616019244275,-0.0232276644628261,0.00718350997721903
-0.0351504397282926,-0.00743915307326889,0.00590553095200351,-0.00978170359181887,-0.014317512508108,-0.0279259857271015,0.00192578355127786,-0.0106728710940399,-0.0251759669263642
-0.0328988737458971,-0.00125989254668744,-0.0466263254502464,-0.0182255548230398,0.0144335683168744,-0.0571354396545844,-0.00106735430298173,-0.0064739516461925,0.000158255923806506
0.0276893032022574,0.00983681998596174,-0.000986922889943476,0.0412764373457124,0.00874344707261394,0.00282344549884161,0.00889440909999762,0.008582909247762,0.0209066247064468
0.0349774121991821,-0.00964043206195594,-0.00647260631863342,0.0141930968143059,0.0291898590626297,0.0335419843543952,0.0427085060999622,0.0232427316898874,0.0261918940146138
-0.00184316591799598,0.0017755042450168,0.0121400883478125,0.00280062419666692,-0.00718907797650791,-0.00981266746223761,-0.000758617786351722,0.00311423034170609,0.00328068505351512
-0.0496912944041827,-0.0297094439727212,-0.00322564367724978,-0.022619784409475,-0.00838565380755037,-0.0655320390323161,-0.0279468424480951,0.00698548257507789,-0.0124006404955604
-0.0118073506771212,0.028454716932715,0.00210017590101984,-0.0113724710554904,-0.0198527237949879,-0.0285897325612527,-0.00788670500213579,0.012538084376152,0.00975222368861048
-0.0314631588901232,0.0075832911684435,-0.0158505345558945,-0.00652773283992964,0.0085622632537754,-0.00180843524692068,-0.000482911252236023,0.00916609564494115,-0.010324418486964
0.105087193360424,0.043314312175356,0.0435320529550124,0.00804162927988768,0.00757150047844969,0.0801215436577703,0.0214709358796065,0.0195562891564713,0.013355642554694
0.0536851601356935,0.0390818720753831,0.0226256472910628,0.0301251468480631,0.0106899779521201,0.087216169866405,0.0229948661885632,0.0214807134946321,0.0398074243536482
-0.0163256835932996,0.0377405800462673,0.0169364698234044,0.0137668702605457,0.00786930189877935,-0.0399664762846409,-0.00470936892549846,-0.0075052559169976,-0.00930795518860636
-0.0316615056487572,-0.0324501384842273,-0.017954966605551,-0.00223678859241652,-0.0146504837659425,-0.0399726849434513,-0.00829663369402619,-0.0165264063731005,-0.013682069024089
0.0234126459124,-0.00527259305956334,-0.0210809220559293,-0.0130615452835818,-0.00662673865361265,-0.00571187044602426,0.00156418879407358,-0.0238204215341646,-0.0142651592208038
0.0172517902901039,0.0342708457768167,0.0431492601703804,0.0330972638184523,0.000873123421757518,0.00891701355288577,-0.0039618629794944,-0.000182056751154316,-0.0157980519892907
0.0496686458607915,0.0231434953635285,0.0224691925872204,0.00352952815558738,-0.00293789641597265,0.0180099418355662,0.0206450551491342,0.0140310657094303,0.0223109905733089
0.0319405376503946,0.047980114357361,0.0280570743062223,0.0502783992254383,0.0235064048905852,0.0807038999760064,0.0256434909299821,0.0200063903395511,0.0337808678731408
0.0396831587308349,0.0354916750175798,0.0439704015012263,0.0554874355340588,0.00667266796089147,0.0547697749622867,0.00623727992280338,0.0212454218924505,0.0366993119538846
0.0813346254842126,0.0280916685152293,0.0507354985430748,0.0217808138966938,0.0115137925870217,0.104025486266406,0.0103567853813178,-0.0084610598469004,0.0247162940676917
-0.0225691055930416,-0.0397096321872528,-0.0299798336244552,0.00459263102450471,-0.00749801781847217,-0.0101330750664244,-0.000378644312434705,-0.024144138205686,-0.0157903128105455
0.0240031832282635,0.00404100265254669,-0.0210967485483492,0.0225974860467923,-0.0180325516103233,0.0459342312553934,-0.012704511963512,-0.000619775803119935,0.0147155691438542
-0.0156991012371207,0.00440875892070592,-0.0251425332411327,-0.0123410395652892,-0.00112176831835891,-0.0131575352119725,-0.00049522000850269,0.00659852233856063,0.0245126628032125
-0.0113933495280779,0.0181131249072039,0.0183728931818066,0.0201072113533982,0.0209331938772143,-0.00452442267331005,0.0161628412507098,0.0162273890438391,0.0149165062898312
-0.0431676713307754,-0.0397067386479352,-0.0165320034749264,-0.0275366634014047,-0.0168446960635186,-0.041720426235381,-0.0195573513550327,-0.00383205693894079,-0.00908267249693349
-0.00014499182866546,0.0309347222728463,0.0155114391110928,-0.0264892770002834,-0.0207914770770563,-0.00410648006461521,-0.00078470848371065,-0.020668323162814,-0.0134976095489689
0.0344252844787334,0.0100811648435908,0.00152116084442547,0.0033616468477155,-0.00879170266794597,0.0161820685220164,-0.000753096484351613,0.0211754506713061,-0.000163100349002363
-0.0161758524572105,-0.00938900228371108,-0.00983343739553494,-0.00307326080579749,-0.0258728995000517,-0.0470532182245485,-0.0227082303219733,-0.0424871899220723,-0.0438259656126583
-0.0779083041720314,-0.0142082833813851,-0.0307987132216061,-0.0173595009888522,-0.0158250072714416,-0.0557227629376353,-0.0185600263168317,0.00220806602098641,-0.0163299939655001
0.036198034460935,0.0136279981613361,0.00284051394089763,0.0390823453229338,0.0362148472064741,0.021461728316409,0.0235511321967124,0.0318459531278279,0.0405735405611408
-0.0944614884715037,-0.0372094510815736,-0.0734426582438161,-0.0670683482335355,-0.0230904186610943,-0.117603489616404,-0.0183096750642524,-0.0204724546427575,-0.0137062057329677
0.103357465154982,0.0187027806423566,-0.00433454690153551,0.00493859720538146,-0.00884471851830032,0.0830597823008022,-0.013043956414787,-0.00580590977835261,0.00105208400252771
0.0996471042953283,-0.00145949762966714,0.00702063609015414,-0.000127779312155882,0.00174589597412565,-0.0208611272179961,0.0133717480878869,-0.000408800067906344,0.0224093039133488
-0.070168213396658,-0.0634657075797916,-0.0743043877435393,-0.0312982157094481,-0.0371332700887269,-0.0549044814494832,-0.00880621810127597,-0.0418052332169746,-0.0558892395915896
-0.0780338161077886,-0.00368747129365351,0.00495921755794453,-0.0118622541082505,-0.0270671617679118,-0.141305169081119,-0.0371194035309781,-0.00764454883453609,-0.0405231079770572
-0.0847582004036873,0.00840244578755202,-0.0221792656044208,-0.0545709571016247,-0.000911033681851615,-0.119133988849047,0.0128529534721941,-0.0282258298507501,-0.0182285202553726
-0.0426998225694242,0.00161445651572209,0.0020828466285061,0.0314448794500885,0.00983815063683255,-0.035343503655268,0.0122780984117044,0.0391709462590201,0.00539777310255112
-0.016733472144832,-0.0282858231243464,-0.00896239219166803,-0.01573854983739,-0.0169239324491979,-0.0453088306944314,-0.0310786597218782,-0.035270676037372,-0.0139716548580137
0.00865318558028918,0.0300742103343512,0.0215847809718502,0.0130410310527177,0.00976212627276371,0.00569289554601059,-0.000936946659040215,0.00226439700484001,0.00442388424016395
0.0802013148688974,0.0294019410715719,0.0347078571079407,0.0151194460941636,-0.00616183400790038,0.0291932509739976,0.00546061255736822,0.0128368755233288,0.00758641340195599
0.00271292390636696,0.0101595370583261,0.0110931920695372,-0.00431840548319296,0.00500074008985,-0.0253542465297681,0.0107383061960089,0.000299039782893074,-0.00352729734430145
0.00252202473492751,0.0243094915167926,-0.018805764453363,-0.00204400368897266,0.0212536018190982,0.0318755612086007,0.0104765453216346,0.0137969989081119,0.0223761428361654
0.0871933300016328,0.0451132706554073,0.0341771271525646,0.0379168493521009,0.00449689444261012,0.0400755130282554,0.0013436610092174,-0.00740605273513894,-0.000792543623572144
-0.0803236078926338,0.0143389702279608,-0.0332294828169295,-0.0464176528610357,-0.00817481617007316,-0.0738712292978158,-0.000447993023948033,-0.00235732102887946,-0.023939514690317
-0.0398071775716773,0.0165439797082552,0.00866940752507972,-0.000937814733356196,-0.00320544381389171,-0.0152471852195223,-0.000925581912300958,0.0161811102752223,-0.0036542991694539
-0.00491770550349765,0.024545185514622,0.0159830217032637,0.0134650076655356,0.0100784410806168,0.0346992680335056,0.00357932631751243,-0.033503736079462,0.00887313809164173
-0.00838261982932265,0.0203956651100946,0.00443307338250055,0.00641702526676146,0.0149566715588433,-0.0526147943439642,0.0285758390068156,0.00206772717361049,0.022022293189258
-0.0721664158778735,-0.030858051767053,-0.0403988912266209,-0.024329096699268,-0.00132269244633315,0.0760266217863321,0.00640868772465131,-0.035811156292764,-0.0140430945578023
0.0561482153660927,0.0276377591186868,0.0150987695939017,-0.0154523221911782,0.0104031273180123,0.0477965792941116,-0.0285013033230555,0.0209037997022908,-0.00269881907048027
-0.0576754403769085,-0.0103781806586404,-0.0157335845591031,5.13377065007507e-05,-0.0010977899165933,-0.00717812355622698,0.00691511732617681,0.0187917738331142,-0.00451583027737364
-0.0512867691154124,-0.0343997107542343,-0.0214654038148875,-0.049114409255844,-0.00395665938274052,-0.0802588530192729,-0.0388443835509243,-0.0227845398682359,-0.0200668788829958
-0.0135150357884131,0.00569308753998022,-0.00936240346435612,0.00397272882787507,0.00198310187312476,-0.0226177572326175,-0.0111150310883425,-0.025970143004461,-0.0130895395782816
0.0856641056913372,0.000517700368740335,0.00508920716902999,0.038239078433879,0.0118690179969114,0.0107406606726076,0.000532268131710279,0.0206414742862151,0.0320838779189558
0.0131234893178723,0.0182861164854355,-0.00062610732435763,-0.00205153762466846,-0.0195612129500783,-0.0360967918726469,-0.00441874929408347,0.00274844468844035,-0.00727852954393024
0.104167789047905,0.0304019598002734,0.0184999778301305,-0.00313548830176744,0.0251900817440783,0.0666245046740018,0.0269718380727382,0.0211832440796322,0.0308354919995771
-0.0315170168759491,-0.0158891720688671,-0.00821162777957873,-0.0102337798670455,-0.0181167733228571,-0.0559524072510242,-0.0207140241064709,-0.00674365037437537,-0.00943931811762045
-0.022513350924464,-0.00429797852318388,-0.00610906976050656,0.00881181198053935,-0.0148637179927983,0.00386136888257884,-0.0345145356159224,-0.00139172348811198,-0.0155652759148456
0.0647978638175884,0.042018124848301,0.0309751160558958,0.0505167335240081,0.0112889816385792,0.060700383105654,0.01674282240702,0.0267205996445968,0.014249213487691
0.00446588090099845,-0.00695531928887423,0.000491621150147094,0.0077150983431145,-0.0174245910471169,0.00478099967212712,-0.00289610132579611,-0.0177109818901777,-0.0150483536027705
-0.0500903420163536,-0.0438792350091538,-0.0407614090811717,-0.0437107987631474,0.0171712715364658,-0.0460562945607906,-0.00727434905064935,-0.0392974776631265,-0.00399915545107116
0.0109892349838892,-0.023548269595929,-0.0202302038386589,-0.00827995262602192,-0.0115230458742228,0.00280378048570935,-0.0081758790730552,0.00171908025729769,-0.0133591246892284
0.00549062936058102,0.0129809686293072,-0.0186330407815306,0.000647339821956554,0.00920010486650548,-0.0233792151994871,9.49855272477859e-05,0.00387998911947872,0.0115347811515024
0.0011168217775071,0.0208428465109601,0.0384581250818877,-0.0201544379835031,-0.012375228667427,0.00392792520713114,-0.0314401822303921,-0.0158479935789077,-0.0196353114989986
-0.00359595443007885,-0.00355948075916545,-0.00128737552468855,-0.000732230084733457,0.000730997559512028,0.00206042459331698,0.00245288673069614,0.00547251621141782,-0.00535652702971254
-0.0522453546271136,-0.00625147500552471,0.0133721044645427,-0.0517018906888776,-0.0345888327581967,-0.0989919311195879,-0.0536394321995472,-0.0366133462102145,-0.0440913886019846
0.0489005578306904,0.0112744625690514,-0.00289129302486347,0.0256754108756094,0.00420467716767096,0.0357224926222069,0.01378490531745,0.0315975662996586,0.0123854141849168
-0.0393462613957172,-0.0327531820678081,-0.0313233898562453,0.0253884689051447,-0.0206224402825752,-0.0832146029041885,-0.00411346693534451,0.0110798851563726,-0.012627951505312
0.0140373417453837,-0.0216006794066804,-0.00938450531228179,0.00990351820416254,-0.00313289681822143,0.0143840201092302,-0.00353520437164506,-0.0295443842170679,-0.00393462481022168
0.0217326835631076,0.0205661484585021,0.00531356175482161,0.0528078525865762,0.00794569326832462,0.0325906931187399,0.0113623819659719,0.0261598460572205,0.0249791782876991
-0.0185334650021101,-0.0421789131976778,-0.0233477541098695,-0.0129758255225654,-0.0296809821499398,0.000664157604181402,0.00148891706772602,-0.018110615690253,-0.0328304270914016
0.00330557427972959,-0.0258193445141561,-0.0387498699009732,-0.0242815402099171,-0.021493889458514,0.0130859909592796,-0.0244699715675719,-0.00404424718068994,-0.00493848732556367
0.035775819462443,0.0203297475094381,0.0211798637445968,0.0058749187368263,0.0256031502631724,0.000527487217232646,0.0323743450114863,0.0483199054449976,0.0336970328413069
-0.0189023840523464,0.00735544035034722,0.0202805076787019,0.00311296548143519,-0.0121045301647595,-0.0467128211552869,-0.00310456446478241,-0.00173477152856879,-0.0122409350416686
0.00191862203367722,-0.00224029504614121,0.0100094175240471,0.00570171130400193,0.00771956439694727,-0.000173206876877395,0.0194376983951461,0.00654548327257382,0.0414062307582688
0.0191025368354066,0.00839773869684134,0.0286084610005773,0.0173427311880141,0.00928108795417173,-0.00896517927564769,0.00208603303540678,-0.00334999049752756,0.0219716981570458
-0.081651354239566,-0.0300553132463853,-0.0375941728296626,-0.026534162639724,-0.00940092466222269,0.050501842443369,-0.00127955457048234,-0.0119311144296685,-0.0326123424307356
0.0254999559790328,0.0277824060249498,0.0101254560593386,0.0440117226533116,0.00538230664323904,0.025499307778019,0.018929172253108,0.0198134885988034,0.0203002984124204
-0.0206840480456078,-0.0172870691378475,-0.00883627368778323,-0.0185726899232883,0.00185671726099665,-0.027947409700908,-0.0189233852445254,-0.00237260924560502,-0.0209083535520774
-0.0657404723947776,-0.0206591358890906,0.0126388932635332,0.0215591924683985,-0.00556719474170871,-0.0500494899473278,-0.017692399802433,0.014298809602418,0.00484674335573805
0.0142310971545154,-0.012006165697173,-0.007562797277461,-0.0242826073874807,-0.0142806601453421,0.0047111662430414,-0.00183321393703477,-0.0235680028930901,-0.0139661984063767
0.0458990185875032,0.00923927634029445,0.00941603376821678,0.0237746838549431,-0.0060187518827386,-0.00943968413954202,-0.00935673350761625,0.0162925194946974,-0.00598858064573365
0.096832820044254,0.0489598116225281,0.0307409670774785,0.0281065816127789,0.0131279294620227,0.0803357515700082,0.0022434510171762,0.0229912234050753,0.0214283314317619
0.0302948081016178,0.0335664846298737,0.00854431385390665,0.0659218918945027,0.00630902092633178,0.0556896531615989,0.0189444674946642,0.00583951901935466,0.00818006102904191
0.0511750983738752,0.0160463348035944,0.00253257857943085,0.00690643438098249,0.000818284441153231,-0.0603744097348567,0.0125217782605941,0.0415434405489647,0.0087064024234203
-0.0491465423733387,-0.0388355733137751,-0.0143122284886861,-0.00982863120868329,0.00132768569978412,-0.0752757797487311,0.00633417579235512,-0.00554782771522075,-0.00681193862836786
-0.0141588420107171,0.0157511634887732,0.0321456069299832,0.0255889956487126,0.0198642558903147,-0.0174939818357568,0.0110063795746651,0.0101847894806354,0.00874094603259261
-0.00480743927003115,-0.0107198035727145,-0.0126217999783553,0.0508436745562484,0.00606162355282852,-0.0179823166586553,0.0112558930276484,0.0418310089578426,0.0114952055986711
0.00523022679415761,-0.00168876858876147,-0.00876253011749514,0.00620819712652779,0.00954240127743223,-0.0538749537731015,0.0154524446601156,0.0198682840632814,0.0158109283652189
-0.059403814345793,-0.0582834080255005,-0.00606430244502377,0.0294613835681908,-0.02337858742155,-0.0310624949331518,-0.0144093174640462,-0.00856886318138029,-0.0172215779012091
0.00729497974651697,-0.0145323536803108,-0.00614151091692408,0.00839557312626248,-0.00583711389201061,0.0478990600135939,0.00880283602793678,-0.00914431662522838,0.0128736977711063
-0.0501529183193882,-0.0393167296934474,-0.0512053929501642,-0.0318442772715169,0.00286510791063021,-0.0694305211678656,0.00138484654972676,-0.00528424174118666,-0.00602130807518587
-0.00829668948852619,0.0220595680076921,0.024865206365326,0.0111829873899612,-0.000325191424747288,-0.0100830433035475,0.00555818278733731,0.0264610847588377,0.0114074409400702
0.0647143918157144,0.040270571623606,0.0359513246334852,0.0503056832101224,0.0271797941510669,0.0782043812396475,-0.0212672305579796,0.0135276998032222,0.0393875960016747
0.0392365528445026,0.0303587064904082,0.00344254773868969,0.0237167981144688,-0.000408436447320931,0.0472000125983691,-0.00073259819858394,0.0151071984608315,0.0152805521533339
0.0279482328173631,0.016539520401275,0.0193614260758864,0.017713263197475,-0.0118993495668559,0.0142315164341791,-0.0418624251421732,0.000217631498548732,-0.0171642854839839
0.0612269856526853,0.0525433008854927,0.0304159703883879,0.0777843680958395,0.0174572664528276,0.0132848604029429,0.0118065553961474,0.0238446461063057,0.0316374525358101
0.0147888324547472,0.0240947495067689,0.0310584529599917,0.0398310636283351,0.0192772632947543,0.0213258301057295,0.017222451920831,0.0218990883012243,0.0266287911983102
-0.0486960403316615,-0.00750107908535424,-0.0302845026502509,-0.00636258144805511,-0.000690242269526956,-0.0655788821896704,0.0142479558944448,-0.00282563115141956,-0.0166510241240455
0.0565039925879938,-0.000464358668124742,-0.0145608931805239,0.0129660902211013,0.00540986030449711,0.0464447754792046,0.0170147733989681,0.0204932172959521,-0.00410178402330173
-0.0774823319906771,-0.00535978697258518,-0.0363279922191362,-0.0306304328646381,0.00756421938803902,-0.106579195649677,-0.00470220563725954,-0.0156835052773335,0.00702216290911077
0.00311012475956262,0.0092762244522914,-0.00467978156083996,0.0285408238504537,0.00589033405563882,0.00697617739570282,-0.012275359866563,-0.00188242380564117,0.0225140939176669
-0.00772075041181085,0.0151931073204643,0.0266610261929011,0.0222277179064353,-0.00841782392059683,-0.00585942554025339,0.0260288744562925,0.00499423117047141,0.000349826156600889
-0.0144610111478479,-0.0139986322024029,-0.018872009184736,-0.0369961298869655,-0.0126518065550833,-0.0353790380573012,-0.00777120262465117,-0.010632221801101,-0.0113984438074476
0.0421110109721951,0.0189651638735508,0.00956687230829803,0.0204473469878627,0.000763774659758483,0.00841876558931268,0.0206017807126634,0.00357162715806814,0.00981454467583584
0.0916731575072173,0.0646606526638307,0.0480000246066347,0.0453734288821273,0.0109822305561741,0.104323608272634,0.0146204126174794,0.041931540046721,0.0196773295750648
0.00429864441800329,0.00871991323120025,-0.0188312828029705,0.0179509718112168,0.0265662163555496,0.0451546941477651,0.0328537998751746,0.0181485833450651,0.0374653775584481
0.023113704140044,0.0453408747303109,0.00933280835611208,0.00179500638114182,0.00183992872608549,0.0336774033061777,-0.0157651262988034,0.0134899363911882,-5.72157867286387e-05
-0.0838930304436547,-0.0374127565313658,-0.0237726709295171,-0.00524874496272529,0.0057716460030014,-0.0234279218361617,0.00128458321070541,0.00449662014875022,0.00140240705170317
0.0204653719956777,0.0190539159779419,-0.00773676738764714,0.0493001337772637,-0.00263430292081044,0.0310055399600669,0.00975650045411418,0.00997557893547437,0.0138095915645685
0.0493105683374635,0.0490524728941297,0.0224044020589666,0.0102489049815527,0.00550172061870515,0.100103782517442,-0.0112203507928144,-0.00802387913060031,-0.000536194621233757
0.0436701170974917,0.0242130004752778,0.00177933898818149,0.0495643251238265,0.00362972726593684,-0.0180177845668333,-0.00410181793214989,0.0089352890190985,0.00639768389334546
0.00814532892593926,0.014711360179244,-0.000658841632010936,0.0158423015261135,0.0055647945740582,-0.0175397728259045,0.0116211834256268,0.0328499520828942,0.00155938935423187
-0.0727245745374228,-0.0291255581502064,-0.0269881935093151,-0.0424636265236715,-0.00774334620865386,-0.0170781153263851,-0.00395967471988495,-0.01723948673513,-0.00718470715039717
0.0265999008003566,0.00506847481340044,0.0168187408088301,-0.00594543802959295,0.00276701124291514,-0.0109254163971355,0.0015685773356896,0.00416598938629529,-0.000961077527567933
-0.0305081240442397,0.0152616859396523,0.0291646547633846,-0.0564428615798644,-0.0190063457617211,-0.0529233242803992,0.0123042636533614,-0.016681839510333,-0.0329377302631724
0.000292647853741912,-0.0085816360160343,-0.0214517806930099,-0.0266959774604823,-0.00960923108659009,0.00528222794166012,-0.0229613073477721,0.00422100273092113,-0.0143834712462288
-0.0160990764346288,-0.0316408202459894,-0.0103605027845205,-0.00896799091601722,0.00347820560750566,0.00367695895829009,-0.0141910839507139,-0.0147738659350833,-0.0246974835751125
0.0292833290410906,0.0341725203751252,0.0233115777165599,0.0352313310643121,0.0204030359330002,0.018644997601221,0.0117652704809714,0.00732836366843621,0.00909048891770519
-0.033217188081426,-0.00555510909204456,0.0046182784281909,-0.0106278404009618,0.00328564550915333,-0.0259577616264765,-0.0065230379069088,-0.00741767129370733,-0.00646400547135904
-0.031506463448113,0.011852410847228,0.000333076297407261,-0.000211350918997807,0.0191528158556031,-0.0331487050144093,-0.00464537662430544,-0.0148625539844229,0.0191255459442147
-0.0394485424939913,-0.033924010901755,-0.00987132088719522,-0.00930127989690221,-0.00507095643383099,-0.0896996837632256,-0.0209669515657129,-0.0120008371324103,-0.0213437585338306
-0.0176694082389794,-0.0138028664073245,-0.0296414239681691,-0.0185664722073429,-0.000886784820495605,0.0154441636874214,-0.000642825710543205,0.00155530497980546,-0.00535801458537313
-0.120612984510156,-0.0666006633944369,-0.0676707480901531,-0.0673482751879687,-0.0148376822297286,-0.101119419498515,-0.019482581480613,-0.035563507638783,-0.0553565294901214
0.0144719744171812,-0.0168198758776816,-0.0154742995162131,0.0104081526530533,-0.0035510478611358,0.0200058416635742,-0.000317558290481837,0.0134561117399001,0.0116929171186376
-0.124225033665851,-0.0481639531674826,-0.0450076724593989,-0.0503473975364286,-0.0221842038228473,-0.114173209595564,-0.021939734469793,-0.0385436894841211,-0.0399239350686795
-0.0238907316505169,-0.00187302163465584,-0.0114412182437945,0.00807101390919274,-0.000401078502581873,0.0287461198001684,0.00972610258277577,-0.0329259812199164,-0.0196913645841859
0.080018873775461,0.0325677778249673,0.0159696324066593,0.0343996436143635,0.0269847895085008,0.0992386386643467,0.0279775695775085,0.0534425061421637,0.0246811509677541
0.0876848496511961,-0.0307688262634836,0.0352286970176975,0.0428907356161238,-0.00484096243875679,0.0610046080680468,0.0195362799734496,0.0211196230619353,0.00768081380732288
-0.0193415367683108,-0.0183246364405121,-0.00195592681089262,-0.000363839343191988,-0.0042460627133549,0.0221120855092493,0.00507685456374122,-0.0217528318477088,0.00301986943978618
0.00293151680212414,-0.00971062318591434,-0.0062923605603332,-0.0187704405845023,-0.0194341566381082,-0.0243316106777657,-0.0194656127087265,-0.00842154678432004,-0.0136741738553628
-0.0778370164377474,0.0181649113899875,-0.035656690948214,-0.00162064355203723,0.0225541579260897,-0.0578269945915844,0.0246138903783955,0.0161627810682183,0.0194324915857262
0.00643949575928697,-0.0183352915924975,0.000528914084316799,-0.0129628250425788,-0.0165926792301113,-0.0222539584751733,-0.0208082421470571,0.0111740147775881,-0.00255726776374842
0.0297442671963979,0.0162184835113863,0.0170355045271359,0.0204089468657028,-0.00236694938871707,0.0266455235210166,0.00272522435555307,-0.0112993811971129,0.0133620669982292
0.0700989947604928,0.00622774056134357,0.0179036691722262,0.000833420953051278,-0.0117925500316022,0.0503947038779332,0.00305900952243437,-0.0174013370302343,-0.0118190712577174
-0.0177760967517454,0.011514398742192,0.000123422685958672,3.9341918407796e-06,0.00394042777097055,-0.0131648050229893,-0.0032428751939192,0.0100363716406698,0.0100109004079108
-0.0252649614848484,-0.0333012478853417,-0.0363027116798238,-0.0134249528682118,-0.00388638817393461,-0.00946826284391218,-0.0303028875441893,-0.00383949088723198,-0.0116916859055752
0.0289338553793955,0.0205124445942804,0.0185999853168259,0.0120662347861438,0.00677291979131374,0.04210263648486,-0.02525904227233,-0.00250829747245178,0.00428840904727498
0.00166650514587236,0.00731208815922765,0.000378735061399123,-0.0106302299605749,0.0159260440462436,0.0109130079900443,0.00248390847677386,-0.00982226429692756,0.0302357561382971
-0.0167018129277908,-0.0535445106053884,-0.0360492627821552,-0.0136431128556414,-0.0125510868460203,-0.0436844563813182,0.0148325324075293,-0.0245493715946215,-0.0292625557332082
0.0718681954144987,0.0213484913712567,0.0158316212848255,0.0168427363551359,0.00300707186498954,0.0819965411688081,0.000171840024661211,0.0201918341607133,0.0158892482763937
-0.0298669587288317,-0.0323513578065046,-0.0239883723783273,-0.00391980072077643,-0.018520971130619,-0.0155884878294478,-0.0203193136091359,-0.0247208372333324,-0.0376952435337417
0.0641525343229914,0.0511900201302186,0.0506002544864208,0.00407812197501052,0.0119397120252966,0.064251594096293,-0.0111268073172154,0.0116269804161506,0.015957458325112
-0.0556924352735899,0.011994381982771,0.000379810754990473,-0.019777135715854,0.0104962141568456,-0.0696587972572548,0.00234836160853577,-0.014553223990997,-0.00910719301414206
0.0608163236365986,-0.0074892176259181,-0.00447082940525373,0.00853764039155682,0.00610035120423689,0.0263926684516482,-0.008225650839119,0.0218313533467824,0.0274017522232991
0.0352368831635749,0.0111469941192792,0.0157521439658583,-0.0110803193193962,0.00370918091034579,-0.0328036317320674,-0.0117762724102878,0.00581962067441653,0.00303700701498899
0.0107994096916877,0.0130073806190698,0.037477777401585,0.0292532680887958,-0.00380703179768183,-0.00619386053457275,-0.0338391508492211,-0.00352684545996347,-0.00807720943904088
-0.0255209681041613,0.0246352250221057,-0.0150531081420542,0.0487281247117798,0.0255256752351524,-0.0272638077005842,0.0269562901033394,0.016604882831297,0.016395286658856
-0.00824519614687832,0.0460470774901194,-0.0123823753048227,-0.00348695101820227,-0.00533294564149798,-0.0205784511316494,0.00383572350641437,0.0135145717736474,-0.0139507601612029
0.0394379773773082,0.0268434535641466,0.00325512522980751,0.0679123440295177,0.0165646346185576,0.0224401576308991,0.0444540880924555,0.0332299880194707,0.0188539655804364
-0.0256604808998034,0.00370087417856927,0.000635855828942788,0.0104573278162189,-0.0148879768810174,-0.0352506506223368,-0.0170432945753251,-0.00516066939207478,-0.012945444369418
0.0507457639566802,0.0796386824951575,0.0526027962498092,0.0592544274687717,0.0276551166679261,0.0371229693725113,0.0107049867259875,0.0238374709088683,0.0396777960588003
0.0295376763870666,0.0510884251210627,0.050879743467669,0.0164316062441108,-0.0033959994856195,0.0244984884961038,0.0054130626456327,0.010910688515397,0.00158299465679798
0.0366503800776638,-0.0295411609037004,0.0159618880868024,0.0105774719801871,-0.00398247209046219,0.0163784741006461,0.0208943671281711,0.00286536064532683,-0.00241975952368231
-0.0232055674165288,0.00801104936714147,-0.0124906502222781,0.00557386908952482,-0.0106296084658835,0.0024666994274219,-0.00210318298569726,-0.0136916269658987,-0.00842769200443348
-0.0568616621072795,0.00429963160793065,0.00538858358450938,0.0133908390214411,-0.015970487585583,-0.0961246830849287,0.00265547636323848,-0.0131549682193819,-0.0136999056482199
-0.084313339248412,0.00182552427534372,-0.0462839820867497,-0.0354501413894494,-0.0126937158031427,-0.103023439477727,-0.00353590404535294,-0.000677931779561331,-0.0125457229666013
0.0168053028174302,-0.0103295614346674,0.0261780939216054,0.0579576442983518,-0.00645363274244657,0.0211391858945868,0.0039378956674059,-0.000368704152771353,0.00759869689985914
0.0354185444901638,-0.00253836647750212,0.000338066277557797,0.0195590244160432,-0.0158028475056771,0.0347183936932568,-0.00719704013457281,-0.0246042307358648,-0.0112107211980038
0.0731658404797973,0.0507544496833916,0.0404719807589376,0.0186129966157688,0.00998657447303911,0.0520464421097936,0.0111437503822722,0.0132303516670885,0.0121366971129564
0.0111600040260863,-0.00578384033963828,0.00565562240831052,-0.00502786715168197,-0.0170732522667886,-0.0313249919158644,-0.00671433408026731,0.00412685823206717,-0.0115652180206492
0.0112224297310577,-0.000302689779680482,0.000849948448692921,0.000449810973942576,-0.00587198477708316,-0.0409669247428452,0.00942232362768545,-0.0270282372446021,-0.00926978838369819
-0.0419952998603506,-0.048228604098546,-0.0343094956109173,-0.00962982769028567,0.010369331733505,-0.0555608429052528,0.0100560445660624,-0.0117312918487592,-0.00178101861210623
0.00101975044401635,0.00232165773462201,0.0167007445890087,0.012894135516859,0.00395616163902901,0.00406569385869681,-0.00623556986488634,-0.00393713641003532,0.00860270295900953
0.0284809212758903,-0.0361820980210571,-0.0226335912956002,-0.0125439531957038,-0.00301094927673353,0.0242679424220606,0.00536024638709723,-0.0293463000561367,-0.0036623711375149
0.000104715747602584,0.0105773679457334,-0.0184703241993899,-0.000867962380785222,-0.0066185290106826,0.0146200045875297,-0.00726749720726437,-0.00369345740507292,0.000537111142520664
-0.0354560857078981,-0.0453445691588521,0.00137300961475141,-0.00688956320537473,-0.0326048383205186,-0.0330967433472031,-0.0172581984221306,0.0112465945117447,-0.0244298160731827
0.0248965808951966,0.00480968497663798,0.016714509499052,-0.000355586945788195,0.00115709871561908,-0.0144817242051929,-0.00442844493857532,0.0153619192145314,0.00690350689025102
-0.00446960368562062,0.0306652092326279,0.0141253655350458,0.0356438324938263,-0.00333935828678847,0.0301325425409635,-0.0094019573675077,0.00766770760484491,0.000527736222323867
0.0166023766796365,0.0183304235985398,-0.0260630464260247,0.00739189616097521,0.00269185554234446,0.0160967569551884,-0.0051382976672158,0.0142277728145117,0.011189357798617
0.00728867211072868,0.0119941704769114,0.00707635521528373,0.0151651009836985,0.00723340734185521,-0.00741137576707628,0.00775428005111528,0.00120306166038608,0.0110797767064863
0.0442937880664963,0.0334289298019618,0.00858805920889919,0.0512921937723312,0.0143856605888527,0.0776043333006448,0.0196928972514597,0.00500918045788847,0.0184096136993805
0.0561341443522226,0.0451451770890101,0.028453681709246,0.0626721118209861,0.0155162557098859,0.0615755329643169,0.00100269263339869,-0.0168466893056315,0.0227533581955127
0.0807718857311847,0.0629636396918343,0.0479420201195411,0.057716107031309,0.00855923304778618,0.0965494194184104,0.0176862083463678,0.0182764570269974,0.0413875581983088
-0.0356274462721485,-0.0305290309306452,-0.0136552038159543,0.0363128098680277,-0.0154252474495181,0.0387014895230491,0.0243574755737921,0.00598697387752114,-0.019620469417279
-0.013113350360313,-0.0123999147443314,-0.0250153557389917,0.00406971942555081,0.00549203840519898,-0.0379552124056818,-0.0151784573946564,0.00410085386712972,-0.0153354596551953
0.113926026095806,-0.0322788811185589,0.0175346298339424,0.0032628898052744,0.00591608674111858,-0.0345032396402226,0.02386655995361,0.0157330482699842,0.0246816564597458
-0.0217629978054568,-0.0037608953164148,-0.0530882224168717,-0.0420913583568863,-0.00183289174299658,-0.0110903339323996,-0.0110287479390087,-0.0110284164275558,-0.0164256634835851
-0.016115714324653,0.0389433938287235,0.0061424925513191,0.0087281339071044,0.000769925436307978,0.0311339680532001,0.00494770074912893,-0.000570741943279979,0.00492806661285982
0.00296000631681311,0.0116541774379232,0.0204785409329817,-0.00265578220806803,-0.0048217096219825,0.013732660061615,0.000514746052368489,0.0134504111442659,0.0105858644604982
0.104347466459438,0.0446370159829995,0.0323442514351443,0.0227109236872561,0.0153832513637373,0.0984785386558294,0.0233173205150926,0.0212150078702706,0.0328323751827148
-0.0424121561412739,-0.0196367069453024,-0.0112695294110628,0.025191062402576,-0.00522749069569946,-0.0533047271557378,0.0102251195052223,0.0143849933988598,-0.00565578856234602
-0.0885835320528606,-0.0278437506109265,-0.0407188250871252,-0.0435823637249242,-0.000986097867780053,-0.0945313147777518,-0.00266185890889593,-0.0218008259766619,-0.00295328612637062
-0.00275836908406825,0.0110023686906755,0.0169431770191449,0.0436802157102489,0.00931005858241327,-0.0286256649501988,0.0138094485178256,0.0199953408055866,0.0158053355595224
0.0923592987615428,0.0217194666400341,0.0216465873647285,0.0356388047798199,0.00609288380741145,0.0716033430954305,0.00965342255648496,0.0409421773502495,0.0132367776244376
-0.0197945000266815,0.0235420863549879,-0.00166426932403989,0.00112528396930816,-0.00544538187765325,-0.0215470933792535,0.00143554658284215,-9.2267378695602e-05,-0.0154121959398145
0.0427827626795315,0.0146942570025412,0.0144254681969401,0.0309513625042503,-0.0107755620710834,0.0443937549374549,0.0124672702741372,0.00992035072801408,0.000272902943509985
-0.0722610077232886,-0.0447848321502737,-0.0552518226708086,-0.0379683552034989,0.000131592195885134,-0.0714911442859461,-0.0138968711385124,-0.052233646844231,-0.00956228187793663
0.0398888419366563,0.0481183433611698,0.0313853174853956,0.0232736999587178,0.0217459765269042,0.0378926359727665,0.0194014093613235,0.0187243563318356,0.0423140713074661
-0.00592727224970083,-0.00444859970712124,-0.00419654364986697,0.00400145562713082,-0.00830356632600496,0.047637924965513,-0.000995639211124364,-0.00876059101624992,0.00642203910125852
0.0714723442695894,0.0398877600174912,0.0312616530628827,0.0139278038144786,0.00487006602828951,0.0288940903860474,0.000941102619677612,0.0010347925245397,0.0203396120495232
-0.00192535959868468,0.024353621667748,0.0229914435656859,-0.00613587643043041,-0.0204211563645671,0.00959939044014433,-0.00204481672603166,0.00144282927892756,-0.0126954995966223
-0.0382790650740939,-0.0305576289684483,-0.0252619802752328,-0.0113797950694544,-0.0119964792806651,-0.0399918967379861,-0.0490323509759695,-0.0411983208131059,-0.0114737953116574
0.0239111336119098,0.000635238651182035,0.00680212807992371,0.0476000643661122,0.0165228658854888,-0.00117750776142385,0.010256599261411,-0.00745978612325405,0.026048390017102
-0.0304628998729483,-0.0112798049470896,-0.0135375586378905,-0.00886722270395305,0.00513371286631872,-0.0116777172266312,0.00411864791951465,0.0211211832891179,0.00291765625051032
-0.00688186452204563,-0.0193988238075069,0.00242204728778799,-0.00357117085596841,-0.0184036853859627,-0.0081665868323604,-0.0134478886997024,-0.00831418011411069,-0.017954401915609
0.0388618908030876,0.0483648852260377,0.0113057490891923,0.0285368136525347,0.0278751989755682,0.0734044742428725,0.0229234264640924,0.0369901599352888,0.0425228192035283
-0.0271688490255266,-0.0631126678997687,-0.0211294736322429,-0.0506095367270556,0.00106799703186439,-0.044214441008125,-0.00418115749253843,-0.0179553627416138,0.0054182157989474
-0.00354200318383839,-0.00893447131827057,-0.00243214519959886,-0.00144695520982983,-0.0107154568485536,-0.0201135645568351,-0.0182859172582419,-0.0435574710373183,-0.0588685956211301
-0.0303259431086017,0.0235367936421512,0.0147606664543407,0.0158994580405594,0.0260289728536006,-0.0347091801119435,-0.00703866538272835,0.00339258490870642,0.00135201501637834
0.0399470785977561,0.00212373254058882,-0.00151238004160326,0.0195805636399287,-0.0185529440758111,-0.010335594195292,-0.00714653346629324,0.0128536408499714,-0.0155203219715746
-0.00071062739078896,0.010770491317605,-0.00373010721000075,-0.0178333142737885,-0.0286239436812457,0.000710749885823913,-0.00607570787120365,0.000467051824296834,-0.0101430281531208
-0.0300786085379019,-0.0124561870612249,-0.00763789855328755,-0.0146693427806048,-0.00479450336884322,-0.0177940222660864,-0.0119847653747584,-0.0261005489370724,-0.0518357259586811
0.0123358051476568,-0.0394184389864424,-0.0372123765949055,-0.0103931859426193,-0.00218801631303229,0.0208757560255676,-0.0165550718429456,-0.0140420475934935,0.00267860381070301
-0.0394411412385766,-0.0273393556629089,-0.0126955866880928,-0.010195628790767,-0.00705363088666069,-0.0485195487632307,0.00247549150833556,-0.0193316217156018,-0.0175745486133318
-0.0249124421086737,-0.0113331220445388,-0.0200931230648348,-0.0108199247505692,0.00625852051531378,0.00762646092915386,-0.00923637679875428,-0.0210528561766693,0.000681847756670219
0.00396414879376394,0.0201275270732873,0.0129726000875404,0.0218260068125979,0.00101778256490812,-0.035901236186566,0.0192947202769441,-0.000533310295406396,0.00295912788035716
-0.0111295160144479,0.00939672573592847,0.0139392835382498,0.0288812570283994,0.000948264361534212,-0.0240597624851458,0.00255432998296058,0.0241945909385592,-0.00441976444039277
-0.0201437732946567,-0.0181008141503848,-0.034455641186278,-0.0177756055635403,0.00170314865896065,-0.0495684968412307,-0.0169594258697343,-0.0165828866552209,-0.0084617793835468
0.0200017273276723,-0.000160717284971646,-0.0032471696826022,0.0172651014511029,-0.0105969391264364,-0.00675331142154629,-0.0115375855407099,0.00785228664453885,-0.0083807515247973
0.053807888096563,0.0169592484435577,0.00900642382920463,-0.00512295129999852,-0.0144537994805014,0.00689159418664342,-0.00307433575029809,0.00525649912882501,-0.0185621709567868
-0.00225268173709666,-0.019119581772649,-0.00717834475212748,0.00456753176627958,0.0129664124981651,0.00902075508680555,0.00573454032998534,-0.000164796626979643,-0.00917981465408292
-0.108039739858904,0.0124028756166327,-0.0436628364494748,-0.0618646820295879,-0.00795275018830744,-0.0971672083204774,-0.0273618884710648,-0.00713911208138892,-0.0114171587810911
0.00418893547443051,0.0295155962489787,0.0221923700868914,-0.020492502650868,0.0123534773365811,0.0230866316017677,-0.0304335641029679,-0.012344825242048,0.0197039179684437
-0.0224302248417094,-0.0301960775287712,-0.0134449563042678,0.00833341123910487,-0.01432523768312,-0.00823071322903599,-0.0264460004984676,0.00846120486525962,-0.0169411193118186
-0.0431545208337086,-0.0268926306634768,-0.0323300140234971,0.0219281235451014,0.00933438678439661,-0.00842195753741997,0.0262620523921402,0.00100452199149713,0.0212351801311098
0.0884728597147642,0.0252878530842566,0.0401939363867272,0.0492854502482093,0.00707808365195003,0.0365810823149608,0.00449376290228927,0.00300706783410605,0.0302093291203931
-0.00902341733072609,-0.0255256083248276,-0.0155265955997608,-0.0170108184147998,0.00343337584703751,-0.0105289546105374,0.0283425072639645,-0.00207887760343144,0.00178595397453386
-0.0800161083250222,-0.0285010393629714,-0.0184044410957172,-0.0405166451271409,0.00698595252707605,-0.0656418696029559,-0.020684958446587,-0.0307963599654864,0.00116227304338632
-0.0330119462741037,-0.015596031536824,-0.0159639866853306,-0.0261420594173531,-0.00204043772929371,0.0219859501247273,-0.0151787537378829,-0.0248174349720515,-0.00703757226594532
-0.0765152394795735,-0.0170734941097419,-0.0140035174918457,-0.0462465199495668,0.00221374851714017,-0.0891149102114568,-0.0134423254730692,-0.017299182781935,-0.00745194617152835
-0.020527994047141,0.0131420040550577,-0.00443944921584688,-0.0179959369873047,0.00112717436128034,-0.00141980519109276,0.0180430669874316,-0.00628393261666633,0.014877139483829
-0.0456039236555105,-0.0215222453702891,-0.0294474399973613,-0.0247859076211535,-0.0137504521411505,-0.129507574794339,-0.0366446591235991,-0.0104394400207673,-0.0161266939419786
-0.0013934717844578,-0.0264273883342229,-0.0422108229893421,0.00709255359947362,0.00178546871463508,0.00361947265028039,-0.00243640649460956,0.0043249009542343,0.00328841433668928
-0.104117939180039,-0.0621680498591417,-0.0288442247824164,-0.0347944624584758,-0.0522512605326594,-0.0799176957687606,-0.0154013172187658,-0.0585270226861224,-0.0669320932919072
0.0693952050082308,0.02256169887467,0.0049044164383781,0.0711921424586501,0.0139852153529641,0.122176516390831,0.0125005698304406,0.0271459471242944,0.0248123585480506
-0.0112523743692749,-0.0117675344378866,-0.0131684223243829,0.019262281767673,0.0268488949430196,-0.00797843214311774,0.00330449393681601,0.0119733594335472,0.0234990787615938
-0.0971890585508256,-0.028197503074715,-0.0591460343528198,-0.0695908470368364,-0.0107032770510691,-0.076740011459597,-0.0122588566187573,-0.0360354188391119,-0.0151229498616196
-0.0461232938793137,0.0125841485157892,-0.0225897315763926,0.0265026970085806,0.00652284854280446,-0.00551823126771207,-0.0134825563598512,0.00265872235992926,0.000933430793491665
-0.0687284007811016,0.0282378771402342,-0.0108244744155842,-0.0465016637136971,0.0108336056223185,-0.0845432586338894,0.0179374687803308,-0.00915107155333369,0.0136640973706438
0.0205189110774767,0.0181994994034086,0.00861128706327183,0.0070503019843387,0.00731107732795457,-0.0116313123473182,0.0149893089540444,-0.00284598539560349,-0.00716174595225335
-0.0669830714234,0.013264503940422,-0.0415342542789888,-0.0101540376629473,-0.0041587885836932,-0.0961277963601001,-0.00434415906047359,0.014663829347524,0.00435696777729805
0.0351578640952245,0.00774192658086829,0.00213446510777093,0.0258079933690413,0.00465902237073142,0.0631708595053511,0.00509032010862074,-0.00382946066530429,0.0141696708298638
0.0505167205886846,0.0325661991970196,0.0230054536119673,0.00670086619867192,0.023317954479158,0.0729530571616195,0.0213311334140704,0.0173460021435829,0.0209723473492663
0.0168612404533254,0.00609778233511496,0.00562643505763629,0.0181236163728802,0.0125279809862039,-0.0148468893889246,-0.00771311874605295,-0.0039551682710183,0.000373292322918745
0.0416783730601172,0.0466563925336924,0.0111784116626988,-0.00210890875296498,-0.00246905082934394,0.0466845169397713,-0.0075962766270256,0.0146680293967798,0.0128009163965619
0.0479528650126025,0.0260681896235675,0.0182544463675358,-0.00454230487507929,0.00775235678476004,0.0103172804930027,0.00260982301684506,0.0179432976681154,-3.30974112670253e-05
0.0231147856492279,0.0264958463039128,-0.00438530740631433,0.00820607434329032,0.00871467707441377,0.0522241872749812,0.00414940371677057,0.0387712786030132,0.00125476733028453
-0.046801019316509,-0.0373475820759184,-0.0107689761257312,-0.0861208995437179,0.00846016212128834,-0.076761757882489,-0.00430422739488375,-0.0115835628365208,-0.00266743352588228
0.00246693289723484,0.0234086035134651,0.000602852911632837,0.00228107833226968,0.0159340203069153,0.0182316475922606,0.027316985478289,0.00952947459494392,0.0342717023416609
-0.0465892260239429,-0.00792315393639787,-0.000944180576975601,-0.00969485439883588,-0.00212362294317873,-0.00793371526535169,0.0032688319880708,-0.00896039638543538,-0.0302638690819409
-0.00243753053153604,-0.013639698477134,-0.00544745683649726,0.0258150590734793,-0.00313937066618985,-0.00845755554350132,0.00683278931574169,0.00221302886399009,0.00249818694636827
-0.0634010412889808,0.00286170284186884,-0.038035596124162,-0.0356447014088721,0.00193120072928194,-0.0215083812577403,0.011514649966544,-0.0155377534406952,-0.00693972265180069
0.0520996198144966,0.00585669140472433,-0.000463339791732655,0.0404138632989737,0.00181001212617948,0.0402784213712752,0.0131236907608745,0.00873357434096817,0.00111662915630958
0.021663409822029,-0.0112439651907841,0.0336480163705426,0.00559582822395057,0.00811377710258265,0.0113890681477496,0.00578394089555296,0.0112219269649936,0.0133662630567582
-0.0283687459304525,-0.00317090033194832,0.0105318955343031,-0.00329947134959762,0.0105284674399391,-0.0127786605730372,-0.00117060292257034,-0.0160696534334932,0.0087157863228817
-0.00948403000703105,-0.029885723123242,-0.00912669278025813,0.0241340627563659,-0.0162203979578613,-0.0107461046873269,-0.0137002258067513,0.00281246081877581,-0.0165692288401552
-0.175279415107323,-0.0636258195269504,-0.049872355268207,-0.0907174186118437,-0.0157097296375191,-0.174765592785361,-0.00619782639061626,-0.0267736277835383,-0.0304983597841978
0.0674323645676578,0.0117519020753281,0.0123874798136002,-0.00496884733807009,-0.0190365271794936,0.0164676075840233,-0.00619112590544249,-0.0101682467387535,-0.00540341369804345
-0.0524123830122825,-0.0104079003370236,-0.0253569902452455,-0.0293348589085358,0.000814565626360649,-0.100698851468547,-0.00538355259239737,0.0204315324781047,-0.00560456792030155
0.00978832324985084,-0.028679271131895,-0.0303548386298562,0.00280570682082826,-0.0014155760128813,0.0143693626576398,-0.00166847934216797,-0.0197947372727534,-0.0233385288568142
-0.0269705208889916,0.0171079034757442,-0.0112919129986349,-0.00803866632598106,0.00481390981782404,-0.0523982548332798,0.00548476686896833,0.00112997260706994,0.00837582453124521
0.157251950543456,0.00314864483405258,0.00552877638611555,0.0106811200817751,0.0192860169754152,0.0687744078867295,-0.0036709249596196,0.00867736119878854,0.0133064355038228
0.00378290718218094,-0.0155910585902589,-0.0224221715817916,-0.0111433073133347,-0.00347547179979014,-0.00337193917628851,0.00318876569824995,0.0199110212559442,-0.00389922902745382
-0.0194367478776457,-0.00172648060007227,0.000148144557985928,-0.0419670180740999,-0.0135831843570766,-0.0726939024455509,-0.0323886289075493,-0.000365301454287924,-0.00935447678717111
-0.0759222964869969,-0.0245453661192902,-0.0286447570264866,-0.0176204486379905,-0.020913885405891,-0.106000928964987,-0.0292455477065575,-0.022123554871634,-0.038429998399435
-0.0599915418932491,0.0124345773504888,-0.0250936480385145,-0.0322626913376926,-0.00156865137288503,-0.051663667458488,0.0155605163882829,0.00565238143046587,0.000726137275845261
0.143905384620231,0.0264522937204031,0.0462766389829553,0.0117002237169569,-0.00264876722869545,0.00257549812893065,-0.0232336256393296,-0.0013294785693765,-0.00195629621311706
0.0850927505132471,0.0787717387568045,0.0475783897057685,0.0701597096519397,0.00798672580971732,0.0583722667642198,0.0117140642047563,0.0265513328574716,0.0374933217844167
0.0889303438463504,0.029168716632647,0.0322034495943642,0.0517753340673842,0.0211856138740061,0.0803138300982665,0.019705958400581,0.0239456703490688,0.0113184858233015
-0.0870482106706637,-0.0141812872400255,-0.0306270606231508,-0.0452785303502159,-0.00205907206352173,-0.115352026297162,-0.0215684485859385,-0.00802524038365113,-0.00834901977351707
0.0301870305880556,-0.0166393106345644,-0.0181985298151842,0.0253074727869343,0.00333772946372188,0.0295268082145635,0.00959846913099989,3.28849901355604e-05,0.0162736712152299
0.0125654707488607,-0.00474190107751093,-0.00709121214121822,0.00682043538518877,0.00701995853983209,0.0467232292950632,-8.96757019054162e-06,0.0143042956199562,0.00827977414350158
0.00995348278874397,-0.000687466910357423,0.0102424960983751,0.0175216791225947,-0.018410461379934,-0.00703819806669041,-0.0100278840592008,-0.0178400477913014,-0.0120210462736412
0.0309623199935668,0.00706600797164487,-0.00380856070478037,-0.0149209370284641,-0.0167068325067177,0.016276318513802,-0.0029527811865806,-0.00105560727934618,-0.0272096044128822
-0.00941795581320966,-0.0470210617256626,-0.0284878222761669,0.00306583241638675,0.00736530808993955,0.0127517943245898,-0.00868521834761677,-0.0133558541571554,-0.000165959901857458
-0.00720839828553538,-0.0243739386213729,-0.028239475785841,-0.0115558580114898,0.00775082508899427,0.0375777336795777,-0.00297952093961544,0.00297315339376922,0.0134268135652084
-0.00922107051595293,0.0142574327421476,0.0218306462222042,0.0193500332978045,-0.00528879509694288,0.0400580669798478,0.00984010075826762,-0.023173728737541,0.0137741989272326
0.00792012113482744,0.0216166900817921,0.0106786890753042,-0.0131051240046751,-0.0118906238064777,0.0142538372120058,-0.0153457151956104,0.0236513490479309,-0.00476023703804388
-0.0132122507383275,0.00621139289540909,-0.0206392623365976,0.00296544152477619,0.00192010738896535,-0.0387865287795766,-0.00657301181569757,0.0179902504989855,-0.00547827071046521
0.0863081279488452,0.0407697578675963,0.0333604940004532,0.0416120255407887,-0.00286105677656121,0.0955761518779089,0.0119471306359212,0.00796510137899528,0.00616617757084055
-0.00375892291433864,-0.00574454277779522,0.010407253886514,-0.0144313941167641,2.4200839149856e-05,-0.0610572550896902,-0.0175454115952598,-0.0227495646449432,-0.0133385385840484
-0.0606360076752835,-0.0170571881555702,-0.0128840681955321,-0.0235087187909881,-0.00651617783742708,-0.0549859553605035,0.0074899533921372,-0.00877697105409077,-0.000482837302637618
0.0272433108161845,-0.00313666946828314,-0.0113796078710385,0.00693933656851791,0.0277155460264511,0.0454726838859444,0.00911328726105044,-0.00099389713768904,0.0368535400889237
0.0786507412439176,0.00819466923656116,0.0160560521172062,0.0227445699186859,0.00457048175529093,0.059802017684144,0.00721492445613056,0.0364160921565072,0.0220415604879292
-0.0133061559459541,0.00355753429934775,-0.015822535661207,0.00209425300060643,-0.00750878466483322,-0.0530657948202611,0.00468518584872874,0.0061155336540192,-0.012943813720351
-0.0263442265441107,0.0293445992097566,-0.016993946778959,-0.0116377913438144,0.00857580529221129,-0.0118437751307255,-0.000193195366944023,-0.00418596817213295,-0.0026678036687448
0.0426969334156605,0.0299165170376137,0.0212347196378869,0.0265439110604581,0.00592864830283461,0.0814540985869001,-0.00470189884058037,0.0199824799563723,-0.000387363872784689
0.108685913457801,0.0219511968980216,0.0251987073577424,0.00955430482671126,0.00389601779289803,0.180112581493714,-0.00190933629242717,0.00584893252621565,0.00983113785574634
-0.00714144585929746,-0.0128991523152881,-0.0158918292580372,-0.0107388676674841,-0.00545898608531712,-0.00798019201862582,-0.0090398523278075,-0.0168677538432379,-0.0170970446748836
0.0753968635463009,0.0488802097900329,0.0293626267364974,0.00484954559923046,0.00107988389412932,0.0891736977378465,0.0171847417748999,0.0407360626539139,0.0211237033355613
-0.059916465086442,-0.0140675228279181,-0.0175852723350294,-0.0103450999171759,-0.000983409062278609,-0.0719346590777305,-0.00390593999239454,-0.0155076525489532,-0.0137177891141865
0.0304979312049181,0.00196778328045195,0.0222093591404892,0.0396679311765061,-0.00619968744318009,0.0165053636423548,0.00308165153980755,-0.00622115968636656,0.00263634661565544
0.0318674134476,0.00290491674030905,0.00635958060523491,-0.00322048666671685,0.00508477259397019,0.0299820393907824,0.00286591906224808,0.0035450167991393,-0.0143371535944282
0.0197878358840626,0.0194698692242355,0.0161419836114937,-0.0097372626498277,-0.00392895768780407,-0.0129496129861524,0.00818212977425422,-0.0127783016004476,-0.00465931505031272
0.0232761767201036,0.00209738590372904,0.0117069697790016,-0.00768601454295101,0.0125432846936895,-0.0972210447443373,0.010274683233475,0.00409906325519631,0.0084643183347082
-0.0232943400660219,-0.00907004370016703,-0.00379980356697302,0.0237866422525937,-0.0209023348518389,-0.0323535771227409,-0.0204926808293594,0.00239141149907102,-0.0345201974084354
0.0361033050565513,0.0232725563322502,0.0227355696659048,0.0112503930397706,0.0185732959879887,0.0184615707150018,0.00518455878026184,0.0075887522257092,0.0164004783135663
0.043127121599155,0.0112877714665534,0.0215118460899684,0.0422520471242515,0.012640579401608,0.0584619481447209,0.00678968838437801,0.0149704913065906,0.0367496614802935
0.0439045928811111,0.0408244706757126,-0.00736136056412553,0.0438977129205826,0.0342407492179838,-0.0345473786442916,0.0342749614987043,0.0705366953570532,0.07877045410894
-0.098735658070085,-0.00200489620258272,-0.037407680355592,-0.0201875130131667,0.000452623224023058,-0.0709710034613152,0.00901010718926893,-0.00940530530215376,-0.0285247587971113
0.0399950814683144,-0.0145964491746802,-0.00208718796217961,0.0262442391742241,0.00926578037047341,0.0419807500162498,0.00855843089779708,-0.00874711845977904,0.0150387392186855
-0.0446548205843257,-0.00562553285487373,0.0109194953964056,-0.0133003847064394,-0.0126530919358968,-0.0619005183478551,-0.0037737505806129,0.0133321330209029,-0.00908049532624832
-0.00800239172450942,-0.0381125392975157,-0.0103246195536064,-0.0202281188126616,-0.0100560683489117,-0.0272422212735785,-0.00912161293980436,-0.00290358534289161,-0.0141364630277803
0.0553649631609102,-0.0152330221262734,-0.00524188361850131,0.00676320864027686,0.00326213478399967,0.0327958189711452,-0.0103113608497986,0.0179587218555526,0.00372415051942698
-0.0208335639033298,-0.00670945553315913,-0.0128512324611987,-0.0142238003755357,-0.0215131522302038,-0.0527011215358945,-0.00133892553727544,-0.00786595410360713,-0.0239130270747106
-0.093123332714665,-0.0455889480434133,-0.0356492096264888,-0.0545701529952801,-0.00883357170374601,-0.0584793920290424,-0.0179270698318584,-0.0251949726137363,-0.0178725349476949
0.000975338551111878,0.00841718447783794,0.00671289843223604,0.014152834347136,-0.00334127580468924,-0.0251227606410328,0.00575647004913972,0.00406586808399744,0.00182300484618075
-0.00125645779281296,0.0126619801350614,0.00231102877800886,-0.0233909492054237,0.0029392221675563,-0.00695185073922792,-0.0103786430596662,-0.00633890984207065,-0.00402091796071668
-0.0799642262376365,-0.0182420926057887,-0.0186814659611827,-0.0472798287348343,-0.0286373195606192,-0.099210995413064,-0.00358351091732661,-0.0334036924413594,-0.0233202181509612
-0.00258897260288139,-0.01660818982262,-0.0303766122133104,0.0179890270396458,0.0035181506897375,-0.0366233277404462,0.0232947784681176,-0.0057141715942665,-0.0163553527799732
0.0131509991054078,0.00517932857506811,-0.0244126916485934,-0.021582199960334,-0.00193607339878995,-0.0105521232549525,1.76510152403723e-05,0.0152083069701494,0.0157231426784704
0.0219883931873256,-0.0149229071909545,-0.0106551320236922,-0.00644614168453262,0.0150231205303683,-0.00180261774318599,0.0213844251424562,-0.0138729582068854,0.0277145331761541
0.00425005480871966,0.0260845842852748,0.0139489477036257,-0.000216787133497305,0.0158405193102886,0.000524165971924542,-0.00722316409517877,-0.00767915424566829,0.0229137124661972
0.0172764317463452,0.00748966365612067,0.0125803521610951,-0.0123146410943035,0.00998937658102868,0.0300364633975194,0.00227057775462571,0.00996959491269988,0.011666132879194
0.0486938955157212,-0.0175455336197981,0.00565778256562989,0.0319026996396967,0.0180010272793002,0.0132214072814845,0.00785606896356172,0.0212395060176629,0.0117671229535707
-0.105866523897216,-0.0732375825064192,-0.0440849703735985,-0.0693121703457757,0.0118134955691144,-0.109668257521303,-0.00769172941797237,-0.0245418783641782,-0.00743015866618672
-0.0934215942582571,-0.0206112694515631,-0.0412406393875861,-0.0440142577264428,-0.0364075337609001,-0.0706440554559376,-0.0227829142395831,-0.0231357982020743,-0.0308738854702295
-0.0614008832130801,-0.00996904155919013,-0.0189419816156472,-0.0353022894188601,-0.0256858609459483,-0.0389850435088234,-0.022429832055867,-0.0567547986803051,-0.0234670875557947
-0.00734313726244257,-0.0321430589040224,-0.0356090302378671,0.00497409819551322,-0.017448276216986,0.00446254371032151,-0.0166173492349929,-0.0130718343927562,-0.0176094472692756
0.128690895733928,-0.0168066875547607,0.0131905980388716,0.0378143715033114,0.00767277033026283,0.107601046754525,0.040957797971172,0.0270112237060935,0.017581459562124
-0.124316242015893,0.0010448880176444,-0.0389022895402516,-0.0415066346039387,-0.0157744726349256,-0.101348932832707,-0.0296026636780644,-0.0352201575547476,-0.0163191314707683
-0.0221204638744934,-0.01298952057347,-0.0347332269048979,-0.0336047832241291,-0.014675534943012,-0.0207135334991722,-0.0154814070102031,0.00246472804795229,-0.00159016786293464
0.0208500236326649,-0.0380006368573666,-0.040345014931271,0.00558025343007273,0.0101211917095138,0.0207510603138299,-0.016201592362391,-0.0210718475495952,-0.00235862974525932
-0.0410173474435735,0.00346210015996698,-0.00702159548165702,-0.001839050863372,-0.00380138080289671,-0.0219618149278891,0.00175213112030033,0.00035785527559948,0.00606345483400295
0.0398946596774062,0.0245957630121004,0.0308256873894688,0.00290101546188999,0.00334031069020076,0.0194977947719528,-0.00576399985461852,-0.0188664630352772,-0.00405711619644034
-0.00814175456366223,0.0265554520118925,0.0310363826192788,0.0223392151152493,0.0045306037729958,-0.0197612752877664,0.0152435859091754,0.00380597199969976,0.0102817736189661
0.0716109412467282,0.0407708333961413,0.0253948731800556,0.103131022894795,0.0194121272476243,0.110016195823686,0.0340985237072611,0.0682021331387992,0.034979776733915
-0.0998610896457811,-0.0705588707345789,-0.0658602730904981,-0.057303043255514,-0.0214185152838078,-0.0775045845743224,-0.0169080000747577,-0.0190379791699256,-0.0317070470567133
0.0369059998441951,0.0361231906980178,0.0186502113432464,0.0317734798469935,-0.00108251554024975,-0.00473335832421189,-0.00248744776706851,0.00864079176865598,-0.00678439906167769
-0.0704845971624306,-0.0235458250734192,-0.047768935871554,-0.0485833651677228,-0.00392700198637223,-0.0532135839364613,-0.0264843282700058,-0.00908448320068954,-0.00230560273100766
-0.0439778571006131,-0.00296776538173649,0.000625918973037478,-0.022091361107334,-0.00276985426304135,-0.0640249495899802,-0.00819813967757636,0.012933732298724,0.00700660493945838
0.0364652509904316,0.0236206601437771,-0.000728506815536512,0.0402287743529744,0.0135416044171202,0.0146262017976773,0.0359906806263956,0.0244402506794675,0.0475039734315805
-0.0372318095663823,-0.0172288514602364,-0.0329254961964844,-0.0202376111103295,-0.0114669604099082,-0.0306645954424962,-0.0162177305572841,-0.0116908525104742,-0.0031190002247772
0.00259781584732322,0.0147178424795262,-0.00372863282456937,0.0401821525374166,0.00321082411174793,0.0534953171255478,0.0151258645028601,0.0288885044021003,0.0281147865438664
-0.0861271143950929,-0.0448683104921319,-0.0674554183235765,-0.0659509659652053,0.00366384476600279,-0.103485740405035,-0.00133746719263329,-0.00998272438754832,-0.00435419435308076
0.0500166320020407,0.0587838263973001,0.0588413478729379,0.0602133841998896,0.0187231622975361,0.0633120559544564,0.00109017383574215,0.00685975472266589,0.0424127091947458
-0.0413910024818084,0.00387384366558222,-0.0279642008717622,0.0124210778610848,0.000360039953193781,-0.0322358820631913,-0.00626725436188929,-0.00521589392971391,0.00155274016120663
0.15874371979982,0.0693856784722475,0.066654204005255,0.0690185921558003,-0.00498620660730371,0.140298110636637,0.0286403568462269,0.0196004836398182,0.0243619584730797
0.0472777733186699,0.00759750539956516,0.0064370898061974,0.0274241275751815,0.0103829079768156,0.0309757201599724,-0.0174462504938829,0.0172878705624246,0.0073731001053254
-0.0521923805915631,-0.0473238412516121,-0.0524752596070155,-0.00633483660509554,0.00913120981863855,-0.00333630074685828,0.00956080327730657,-0.0190982868427637,0.00579011891603297
-0.0265986411260366,-0.0281029194322067,-0.044764000699934,0.00889477366698136,-0.00953379347698081,-0.0432002784464384,-0.0145081052675743,-0.00406348790503302,0.00291801706599757
0.013741297491534,0.0361579799400945,0.00791965409652535,-0.0243537654289955,-0.00778928556202106,0.0255883835596136,-0.00370881083265828,0.00516978151202094,-0.00295082053585282
-0.0166638734788445,-0.0265934532208038,-0.0477829005405502,-0.00513516060770005,-0.00790583174993649,-0.042095534972394,0.00594600097847686,0.0231086529850511,-0.00912362639386997
-0.0483415901140466,0.0258859939482268,0.00123038376600811,-0.000141048174359625,-0.00169823857513691,-0.0337076804017856,-0.00091223259541493,-0.00145100457945471,0.00272276914130244
-0.0145357183810328,0.00520917891689279,-0.00316600730467918,0.00777262721176813,0.0140225614232131,-0.0235677100287402,0.0143535759066577,0.00963314032481911,0.0156591066948052
0.0334941840674216,-0.0300562479453045,-0.0270160592186526,-0.00114755147639855,-0.00601524637998476,0.0414822328515649,-0.0111951390378646,0.0126240743351883,-0.00625805405239954
0.0133640750220243,0.0277608241339601,-0.00815571104481823,0.0100985696817914,0.00365747073910733,0.0139839056367327,0.0173808427332945,0.0263088785616989,0.0203903743521696
0.0324013528758514,0.011483012233212,0.0129321714106604,0.0164353366107918,0.000191040467617234,0.0139432126096152,0.00190232060700987,-0.0147574976159482,0.00533830540955257
0.0120524517283402,0.0144677051305141,0.00896672198984865,0.034318912946956,0.0233466322079388,0.0470438574946667,0.00472999676597589,0.0587291809467754,0.0351742246697874
0.0142433040839779,0.00648173288359845,0.00542681019723028,0.0865677779972829,0.021983950808001,-0.0238267229750325,0.0325464065571201,0.0382193057282037,0.0217746406467001
0.0168362172701616,0.0189555676019829,-0.00727877467903807,-0.0253878699193929,-0.0151495151562881,0.0132094246377044,-0.0442975128737073,-0.012240695197399,0.00536765938872762
-0.0159981984635858,0.00459511705644209,0.00540096421436076,0.0149097670384392,-0.0195580093828241,-0.0208751506762031,0.0135087970834266,0.0108049664342128,-0.0148747987299445
-0.017242292246624,-0.019133702360295,0.00354174156948004,-0.00497575896538494,-0.0214647348842907,-0.0427910997358569,-0.018910772775282,-0.00658761584780058,-0.025087508370622
0.0038482568824839,-0.00944945096907111,-0.00205518604934044,-0.00767810748459265,-0.00461082872876676,0.0096069335476693,-0.000743543515260544,-0.00361973618680552,-0.0153601929682632
-0.0807207685397531,-0.016973095453057,-0.0334013376701728,-0.018021654454359,-0.00691569039621843,-0.0725419317427125,-0.00202370988017885,-0.0207218002600504,-0.0218801273485608
0.0224693489566861,-0.0149506739256287,0.00518869124628449,0.0162711477307266,0.00566369467004743,0.0233236296267373,0.0175374355556271,-0.00521966322639377,0.0160032785281395
-0.00088109441044675,-0.0238505590656235,0.0105100181390451,0.00144126063416435,-0.00583588821097464,0.0122564320601201,-0.00200969557102779,-0.00145838361092187,-0.0210563538316412
-0.107915246611519,0.0231901772914139,-0.0626393952740595,-0.0566401308168381,-0.00406855616428606,-0.0517845268846631,-0.0193674014136772,-0.0277395304547681,-0.00386958706739705
0.0211240903016018,-0.0067529620007162,-0.0168989097780964,-0.025757015495391,-0.0178662758995296,-0.0262957498889307,-0.0102914092129539,0.0192058207193549,0.00825410995903249
-0.0706037856112527,-0.0450631087361182,-0.020939288103001,-0.067703481473779,-0.00781610361935387,-0.150646704909797,-0.00835105139299173,-0.0197264488617734,-0.0227940615820252
-0.0151685038255182,-0.00367970942018742,-0.0110307494312685,0.0174990122542892,0.00587556317505788,0.0319122226786967,0.0103545937486922,-0.00240736895116505,-0.000429543597125297
0.0230344229102907,0.025090725055433,0.020768035921077,-0.0133327124710452,-0.00492711496357394,-0.00299544600296142,-0.00306233830174506,-0.00441153488275931,0.00726732107080639
0.00856143712190932,-0.0093547669622101,-0.0121027223916626,-0.0126803730561245,-0.0188512914629802,-0.0201125961845756,-0.0387260532875049,0.00346149340666039,-0.0211374231044465
0.103085620092994,0.0459187243305812,0.0535687058277258,0.0250803941080765,0.00689953583271349,0.103084042836535,0.024212551574503,0.0231132312063564,0.0207205193734532
0.0317245662077371,0.0154985122130283,0.00507414330627582,0.00845550077360315,-0.0101877292667311,0.0081656044688555,0.00164406848599916,0.0266578165166016,0.00666484710468055
0.0729536707397092,0.0432195052050309,0.0543439150086085,-0.0152476460155045,0.0111355597509604,0.0517548055807581,0.0184191785022272,0.00286689292440951,0.00995960385647392
-0.0319726047369683,-0.00311583615264265,0.00117817698148471,-0.019002417071192,0.00855076409865046,0.0151805873726999,0.0190591251616469,5.47547916573336e-05,-0.00845966685624761
0.0193628333090423,0.0113730455609407,-0.0210141712259502,-0.0157381730330043,0.00127078888961626,0.005584334794496,-0.0221146423455486,0.0176001558395504,-0.000373163966214138
-0.05413625454762,0.00780914446658864,0.00208385228455641,0.0132186586725092,0.0130112935145523,-0.0322698071363634,0.00397418216249657,0.0196854262290184,-0.0150201626123837
0.0114989308610818,0.0030283797044953,-0.00465070644267872,-0.0093165197293729,0.0017969538651115,0.0157567859319033,0.000827461275203419,0.00792589434227376,-0.00753309349945329
-0.0943916472694613,-0.00287806864144568,-0.0358561252087771,-0.0358125364884076,0.0039907625374689,-0.0972258185910038,0.00154494696716515,-0.0175611579691087,-0.0224052583725
-0.00595190786256155,-0.00138199073617678,-0.00689535248705061,-0.0107966460804043,-0.0236880481407545,-0.0237501845079267,-0.00385792610634264,0.00289123940019013,-0.00434824530724038
-0.0268043159409758,-0.0381229034808853,-0.013663310559093,-0.0440985193684454,-0.00118666332716206,-0.0382433793421057,-0.00939519946693216,-0.0474850065124179,-0.0271839841233753
-0.0649925206032751,0.00320781868300099,-0.0345995814527342,-0.021598301435946,-0.00793575214457884,-0.093281158895644,-0.0117809539780321,-0.0125081460476461,-0.00539751743841992
0.0466724905675987,-0.0110068262034419,-0.0213865530892479,0.00374708969757578,-0.0202585071523458,0.0359127110664728,-0.0221724264789177,-0.0191285634686038,-0.0126483093370495
-0.00890009435827195,-0.00158234983956629,-0.0330429539729276,0.0181834483798119,-0.00995788686637134,-0.0234191971793043,0.00119814938999523,-0.00199632621634775,-0.00573305970883685
0.0313300844623535,-0.0245947817505384,-0.00138061766132678,0.0366363554167667,0.00503054276545126,0.060847887459405,0.0118033261051295,0.00401159899456513,0.00451785544069942
-0.0481471262852558,-0.00495367427293115,-0.0128826101277687,-0.0301255257870129,-0.00887376788233507,-0.0520643533416173,-0.025778253711962,-0.00596651110616836,-0.0110219323892144
-0.0349938503914951,-0.0185935939072347,-0.0341571358440574,-0.0059524333590532,-0.0131717289209406,0.0252691930675986,-0.00411387132979925,-0.0119709820994466,-0.0181439936396582
0.0684160713011946,-0.00730401584913854,0.0129010900519151,0.024930320587,0.0110852178971229,0.0857812892790196,-0.00202704805661208,-0.000440946459638335,0.0111700156889678
-0.0728021168406148,-0.0316928530740217,-0.035771707431918,-0.0400764462924494,0.00763060789437518,-0.06874586147985,0.0248718932713026,0.0097700011736963,0.0121147445166608
-0.0678548716513006,-0.000455334837714828,0.00298909802539954,-0.0363114346891075,0.0181845410769065,-0.0901277669846166,-0.0323460054563097,-0.019273189271679,-0.0077538524504466
0.00590527298898739,-0.00980229268451357,-0.0135812043566106,0.00748779298302669,0.0114071125874854,-0.0418168342563338,0.0133111774743361,0.0346516761071783,0.00822568754343538
-0.0111758552959784,-0.0180759252190069,-0.0187066072240284,-0.0265361702976146,-0.00906860027379057,0.00773286443683538,-0.00887211684930053,-0.00466887358049932,-0.014271436868618
-0.107863642357198,-0.0412989378870143,-0.0246843835489205,0.0228719151306016,-0.01997064685793,-0.0962329469183963,-0.034686897479563,0.00563058348741076,-0.0248960567353606
0.00664526649023279,0.0221629988687487,-0.0179087256004039,-0.0229971357640473,0.00995120629435583,-0.0053990787390161,-0.000573637061354152,0.00964411615688167,0.00586963115750002
-0.115592305415716,-0.0668192164379521,-0.055198073266027,-0.0675175893784374,-0.0184329911435889,-0.127612756318897,-0.0256204496741318,-0.0238799950261713,-0.0186482732616366
0.019704526171221,-0.00670282438011859,0.0101305151339547,0.0186541778173515,0.00107271566207179,0.0480785872021086,0.00547081049887497,0.00616286797168079,0.000972458876511331
0.00292579057794761,-0.00653544626137863,-0.0421895284202856,-0.0256873474428831,0.0013752853109806,-0.0504697107197447,-0.00965259394300626,0.0042455424579317,-0.00412499275225239
-0.0489349256339085,0.00925927017711667,-0.0298896657477626,-0.0460765160233122,-0.00388409959259931,-0.111762602189727,0.00679510190338249,-0.0106048160189095,-0.0134228616581364
-0.026877637433135,-0.0115115582988213,0.00779816644956372,0.0290799893458158,0.00374976607451985,0.014610530733315,-0.00601390573993966,0.0067821928146803,0.00768681054278745
-0.0256848602017653,0.00992748003142771,0.00964625247442894,0.0267550182686566,0.00446381864444131,0.0217181294209726,0.0187400719513429,0.0118773769539437,0.00523515825577463
0.0573568178667461,0.016836107068239,0.01294832030143,0.0338426334462767,0.0177379901710537,0.0495920345913841,0.0310305439415932,0.0257398186739523,0.0244170950473108
-0.0277732631579416,-0.0158993325700532,-8.29940949795055e-05,-0.0209459202655728,0.00246292869808282,-0.00741451809042251,0.00778041921667895,-0.00374120488541915,-0.0193323136131942
0.0261359156911997,0.0182931341448423,0.0219522580726159,0.0116939059853069,-2.54218325033735e-05,0.0264483088426909,0.00892514796626776,0.00170501116687717,0.0132731740778938
0.00570854008079737,0.00330104658681749,0.0122520378592333,-0.00852455685121732,0.000119875656062801,0.0309884808301861,-0.00764685759121641,-0.0075612029404573,-0.000895432202750057
0.0240387705800015,0.0137985990835111,-0.00390347525517227,-0.000309006845752127,0.00411009827648367,0.00403792434923481,-0.0163059689266337,0.00369501806017346,-0.00073959845619062
0.0416442615355685,-0.0120991033096165,0.00413984424771203,0.00285945680691752,0.00247538860969332,0.0585038354271347,0.00433334203934399,-0.0242065975658993,-0.00522999159575147
-0.0258229051958536,0.00608137897797245,-0.0111973604319535,-0.0209398197228088,0.00277294508630333,-0.0366402001599468,0.00346980008086388,0.0073690670832093,0.00420445540970937
0.0223804640706147,0.0151364603897643,-0.00331990391808837,0.00247932477652343,0.0112414084958832,0.0207201616140471,-0.00271052627665593,0.00918612163928642,0.0155563550075251
-0.0321654087875551,-0.00220517667470985,-0.0302992464372478,0.000417826979931855,-0.00502096229814547,-0.0439906793311336,-0.00229517573615707,0.0218815265776476,-0.00896748435653876
-0.0259506862944854,-0.0135453119162821,-0.00732689248022552,-0.00645006682395165,-0.00695495508893756,-0.0384717883762773,0.00383336037544408,-0.00194412755533845,-0.00716806690405872
-0.0229468838948516,0.0157359276306787,0.0025299453001631,0.0140339327676611,0.010446877957318,-0.0227469598622195,-0.002992222678333,-0.00253235567258133,0.0103214016694768
0.0335798263487837,0.0262714046803251,0.0151193984390306,0.0661165187594034,0.0211014893690439,0.077966189813014,0.0152680407066955,0.0420793857959186,0.0109771577881252
0.0561781206383071,0.0411661858757614,0.0346874691518453,0.0359853887653326,0.00165594462933862,0.0428371379484042,0.00206441150376281,-0.002988766789899,0.0322976680150574
0.0206683408050026,0.0164155044219979,0.0197164913740793,0.024435935146013,0.00757675804578228,0.0211476994062431,-0.00294073354660756,0.0294472054592505,0.0186082756599698
-0.0308966050898118,-0.00197213587408956,0.018667205882007,-0.0180803789860623,0.0053471879067179,-0.089618587505942,-0.00235214353763229,-0.0115666377435874,-0.00712086519685446
0.00958457041296133,0.00788291772397377,-0.00563096910775336,0.0271275980882449,0.00498057643746798,-0.0101737867173097,0.0159901693988085,-0.0231431617860433,0.00069300669564781
-0.119649305358323,-0.0397303715056104,-0.0308390464440505,-0.0844019166155384,0.00156352399981582,-0.137689304396848,-0.00824090180967468,-0.0236116783214592,-0.0220439529700067
0.0212037282814708,-0.0139470942396501,-0.00106073422236769,-0.00805542465326204,-0.0143563506287003,-0.0216150232848993,0.00439004322793676,0.0163844767696681,0.0100438120480049
-0.0146223146170084,-0.0194190584550722,0.00282030736372681,0.0259140416745072,-0.00996850736056463,-0.0327776555546723,-0.00719119586947639,-0.00940973087082209,-0.0106550925638543
-0.00723652277723534,-0.0311689646274495,0.00252677653252905,0.00457012650416407,0.0135005126077172,-0.00185476810640425,-0.00405414252329358,-0.000344894619826498,-0.00527566559851138
0.0208013981301276,-0.00331239006370339,0.0165490761827216,0.00966853981899472,-0.0174145888899971,0.0146300620489777,0.00446834351612785,-0.0125871775827059,0.00217848046961391
-0.0401085109901007,-0.0192502263416455,-0.00942618022716777,0.00145515068342538,0.0251273679356405,0.0501073258576043,0.00815616391379414,0.0106482312671162,-0.00535077707557209
0.0740057720755322,0.00999824602207432,0.0232420045078331,0.0161864988577765,0.00544823115959893,0.0623233926221486,-0.0111944254575308,0.0207031865847743,0.0139152630995387
-0.0526715497025743,-0.0386402130624882,-0.00455717084562022,-0.0151300193992084,-0.000115870015920993,-0.0645693490240828,-0.0228446929690141,-0.0142168116455663,-0.00232557861614247
0.0602363142788871,0.0321350375996876,0.027490165787418,0.0394457571651619,0.00806296996411957,0.053971931495017,0.0149869476791986,0.0243606983040905,-0.00316130734726313
-0.0363625729583227,-0.0124611311616832,-0.00728562672408756,-0.0299252205938461,0.00904562045172233,-0.103135257833634,0.0113307757912255,0.00724216237080626,0.00405123837163904
0.00801281093778584,0.0092615979870314,-0.00540338615925181,0.0489018477405371,0.0207484117756086,0.037786116562269,0.0183339613444645,0.0141062091447411,0.0333825421391735
-0.0728573495249204,-0.0208911578428679,-0.00162978402943535,-0.0161712105178113,-0.00676825175356712,-0.0661661320579969,-0.0189558817415563,-0.0267798054092251,-0.0251041305015287
0.052312771248697,0.0217165058147127,0.0130223706494628,0.0217853421303274,0.00396960654430163,-0.00462690987848521,0.00848503663904747,0.0249448694934266,0.0104483246267569
-0.0290248363633285,-0.0131603432855307,-0.0150430683535229,-0.0221652452334539,0.00563925453183487,-0.0442303556871831,0.0158129129245986,0.00882417530329522,0.0167719401336656
0.022184814247469,0.0367289528073674,0.0204562209542952,-0.0183086736475139,-0.00467978565507018,-0.0281210338696814,0.0222478491381917,0.0233624585472836,0.000946385711036099
-0.0179985866800727,-0.0187972499292901,-0.00876440058483351,0.0119891526182051,-0.00626929952838404,-0.00946727146970382,-0.0138428183146942,-0.012048512120186,-0.0076823380754664
0.108775629971866,0.0298643681466958,0.0337919971554962,0.0212563372977691,0.00741444267403983,0.112204846670208,-0.00304443933388861,-0.0113970414606412,0.0164501669031125
-0.0726333604916489,-0.0427344345697323,-0.026370370127116,-0.0626052032895797,-0.00484437962195899,-0.0608119241581397,-0.010107989687644,-0.0248109392283049,-0.0390203761171254
0.0282002702177533,-0.000549933122818174,-0.00243574819338722,0.0124744084240913,-0.0108366641479437,-0.00356812247835699,0.0138568654616555,0.00749059027344147,-0.00615309110976559
0.122580215293796,0.0609807611371193,0.0404995108535849,0.040819258980793,0.0342023542983663,0.079286850785529,0.0292007363424123,0.0388758373839441,0.043510469392873
0.0855370305272985,0.013450270796017,0.0249789971660086,0.0336572750357113,0.0193978271321899,0.0912634222120589,0.0232213156108213,0.00644620383679495,0.0303803614479094
0.0376928953240653,-0.00810721910747306,-0.00760564988970275,-0.00947518537723228,0.00198296527668682,0.00486978992372326,-0.00343405635184118,0.00228708400993785,0.000746118409147055
-0.173815954120988,-0.0716918188852101,-0.0485456151251608,-0.101829290336479,-0.0104457166395955,-0.190701317402849,0.00453635394076743,-0.0638022778325375,-0.0288229011335011
0.120417640676169,0.032472823772511,0.038828345664577,0.033083630279011,0.022756514048641,0.0692586381512172,0.0350271894413271,0.035224793244286,0.0398101202215505
-0.0099750545720307,-0.00225072880314301,-0.00555301622249554,0.00590423856844945,0.000426510873359417,0.00218128890970024,0.00426157452757572,-0.0148995727586512,-0.00340005390037274
0.0634936188282021,0.0494384385736422,0.0195703223688055,-0.00674705967868524,-0.00858072546366959,0.04014745724577,0.00345938649637853,-0.00324351162733767,-0.0108971542825803
-0.013092723618087,-0.0111411133375577,-0.00110979521203679,-0.0286624252166945,0.00851013847825901,-0.0512372890574112,0.00449325860830501,-2.80852462066897e-05,0.0125944546096705
-0.0323347724287579,-0.00236560130220061,-0.0304535272846309,0.00303235109296998,-0.0173888569071607,-0.020758072894667,-0.00718764383747512,0.00141293634283833,-0.0107673903949634
-0.00144879249481977,-0.00870252826547899,0.00520462448545123,0.0102792156029607,-0.00613694437250544,0.00202164411418492,0.00207096039935988,-0.000406523622502091,-0.00769552924241573
0.0136284252350334,-0.00390167633691974,0.00675461948947234,-0.0176564153088246,0.00600262314418173,0.00470534013024311,-0.00750778425119579,0.00683774263597325,0.00965443575535982
0.0904665795570553,0.0333597674159988,0.0547617207406076,0.0297437046752241,0.000182287193116727,0.0510762354920974,0.00714795669471765,0.0342356448467312,0.0125651195300957
-0.0839695533709638,-0.0334430028142857,-0.0049201380161309,-0.00392776789852439,0.00394744074979293,-0.051237072040079,-0.00387068191214697,0.0057409894716416,-0.00769070751233276
0.00703932087173953,0.00688389301120987,-0.00269390246494535,-0.0363713590267367,-0.00689229479719124,-0.00610672453016965,-0.00968922141784169,-0.00793582734513018,-0.0163339317094747
-0.0537426604284714,-0.036999516805365,-0.0425822806583756,-0.0219218172252107,0.0015576318501728,-0.0200654995563981,0.030680944463727,-0.0227136351399013,0.0192087280958097
-0.0204806802605315,-0.0173359776217359,-0.00830671752950584,-0.0115052854771438,-0.00619545489026205,-0.0678389051470187,-0.0161198937707294,-0.0160090698654647,-0.00632065383354121
-0.0216793116384656,-0.0295947565586891,-0.00184754344834628,-0.00356474832223442,-0.0250504866376443,-0.0433804237542254,-0.0382364737816893,-0.0363990026392807,-0.0307443219799532
-0.0618631138987807,-0.0366489867936463,-0.0283976587444811,0.0408095923922199,-0.0043789059118533,-0.0487076068803495,-0.0185823377544891,0.00534682069193905,-0.0191899679033646
0.0728467379728536,0.0335247409814246,0.0113341281997403,0.0135872200701917,-0.0250343614716522,0.0556823600414843,0.00531761596567063,0.016665729344359,-0.0109171487600342
0.083936240191886,0.0470724070427195,0.0251324554205837,0.0351936488543954,0.0240417439799374,0.0351257194119765,0.046290358123003,0.0278963986666339,0.054029768366827
0.00668491866735582,0.0244994859394682,0.00535875604359707,-0.0163000628547669,0.00904120215269922,-0.0307246014208857,0.00343157775422854,0.0119474022543597,0.00693544914947949
0.0169235187688391,0.00507503084123098,0.0208324118364286,0.0171939354874789,-0.00944497399308328,-0.0115621537527715,-0.00739233373481374,-0.00732862837542182,0.00971928135972274
-0.0833711960413134,-0.0278857634563627,-0.0179099848193322,-0.0528440771550681,0.00184607934317512,-0.0956355552898437,-0.00809158857373882,-0.017682910210115,-0.0108339090925924
-0.0087641649182352,-0.0229607595006193,-0.0029108838084365,-0.0182886462894119,0.0162566833896694,0.0273059628213286,-0.00119372432928866,-0.0216867383072508,-0.000259928119443664
-0.0373554453727106,0.0156166885763565,-0.0337359568351494,-0.00832890129274491,0.00281538930230981,-0.0655316226042678,0.000216360865306091,0.000891565455919069,-0.0166481008661973
-0.0484599941820163,-0.0347950279417725,0.0184861641697062,-0.0156837814617113,-0.019435996200549,-0.0229222206966938,-0.0399068378280559,-0.0379925775848159,-0.00994503109622487
-0.00996015698871931,0.00770271549391636,0.0292402404999182,0.0168265166276391,0.00386954072129098,-0.00232153301595792,-0.00111491992202282,-0.00103392353671539,0.000274524878125796
-0.0662665099417544,0.0214390393473966,-0.0351899757215616,-0.0321581614501414,0.000866848164619322,-0.0507735632388744,0.000332968211609555,-0.0103170560788923,-0.0156307004876195
0.100258701892476,0.0519072697216883,0.0290349554523764,0.026968211777129,0.021737804616296,0.0935119888494198,0.00426135074639182,0.0322181762396781,0.0354681641427316
0.0316069333439471,0.0211689397152261,0.0182970930379779,-0.0221277662503204,0.0129761004230637,-0.0411030915216966,0.00427399019026678,0.0183478788990301,0.0191401469455854
0.062771861327453,0.0427089137738267,0.0528629730656168,-0.00120485028792313,-0.0265843934763549,0.000208000463592465,-0.0154188045292699,-0.00210914586514439,0.00330032677131912
0.0219234329775021,0.0131915832950491,0.0410782810795144,0.0279993634572024,0.011888733652014,0.0176952808690726,-0.00636019582149646,0.00220087752187286,-0.00820336672829095
-0.0326422820915364,0.00909678312541775,-0.0252552423504895,0.00861512169550868,0.00692032771058201,-0.0887962549387014,-0.00351153129096206,0.000804341328729829,7.288909026919e-05
0.026306187221496,-0.00946466049696506,0.00389867561976528,0.0360548365307188,0.0192964013365302,0.039413175806072,0.0312399575429622,0.0442389229346658,0.031355451990162
-0.0349727971787291,-0.0171998289083028,-0.0191025846873856,-0.0157158500799489,0.00641669500228633,-0.0363711209121092,-0.00536156730638432,-0.0340435203028796,0.000166063523966096
-0.10774398235272,-0.0646023678287134,-0.0251084868285159,-0.0383281096329082,0.000250318105699554,-0.014264816650461,-0.0129718620487258,-0.00562474880030663,-0.027966126750839
-0.0145225631276381,0.0151039762509315,0.00836521867453284,-0.0137700599939667,0.00115712543612447,-0.0297219081137678,0.00129542594539974,0.0126525835005287,0.00603753574835578
0.0084260523346499,-0.0123869900796851,-0.00438063941908879,-0.0359368237458845,-0.0313652778142536,-0.038311277361169,-0.0186351256707377,-0.0344516488763915,-0.0583967776415465
-0.0542591705937086,-0.00104707401705969,-0.0138106966491951,-0.0318826998186321,0.00897315173019779,-0.0415473755936307,-0.0100592516261397,-0.00735882764727719,-0.00998673332257081
0.0280342550181145,0.0289327620333332,-0.000281374676339732,-0.0186400362269203,0.0178638238251093,0.00993927897311138,0.00788873399552035,0.0103459976955633,0.0127899512168043
0.00232720143428721,0.019727092465371,-0.0124832694625175,0.05559317225664,0.0223544425780798,-0.0022266635359171,0.0290845202359411,0.00636139325025258,0.0417227871574121
-0.0753276749934843,-0.0216417540472773,-0.0165219309925432,0.00203787692733143,-0.0243612591727919,-0.0363334177956033,-0.0239675119878305,-0.0123703303484062,-0.0117009133106614
0.00438549590824037,-0.00337775549871142,0.00224013176618231,0.0179735410388403,-0.0175500670121984,0.0185991668554203,0.00112284455107088,0.0226321854747118,0.00480168963492114
0.0561782699796454,-0.0101447169788158,0.00465228275094881,-0.00280449520283871,0.000955716648334791,0.0279209350970741,-0.00687514946041418,0.0180739228930147,-0.000899441496104059
-0.0728293272735353,-0.0796785369282933,-0.039121611052973,0.0151836862165003,0.00498926894594825,-0.0675964299556341,-0.000307612606769075,-0.0119825175480281,0.00543395171297434
-0.0330106386865478,-0.00290845191554203,-0.0223906396473824,-0.00438010628037997,-0.000161835657181272,-0.00378031820926666,-0.00264537516444689,-0.0105161110939611,0.00308305089948224
0.0425161972478978,0.00608994348909396,-0.00765638421580829,-0.00631694002646519,0.00553322828680073,0.0352771767283274,0.0229843017476071,0.0122211001968917,0.00236573754968811
-0.105018024356451,-0.0583936818532695,-0.0279550346926114,-0.0579367416044201,-0.0253655114537843,-0.0757345483152787,-0.0589197477319861,-0.0119380690835331,-0.0266404547468133
0.0375383132052806,0.0121067493839753,0.0189943878901576,0.0303585072711266,-0.00590968585519378,0.00219150544057973,0.00296172834059813,0.0153120621952987,-0.00509545500971357
0.0422618856599201,0.0391631369796603,0.0111956274181207,0.0217737916589644,0.00345336926987642,0.0396916754218612,-0.000464675132209598,0.0381666842359261,0.0196099659103283
0.0575563968429397,-0.0154791918802523,0.00387896398977477,0.0194807477127678,0.00292193847355364,0.04585507343383,0.00376248389689512,0.00013869404667875,0.0144724515035789
0.00659838108830339,0.0144185772299038,0.0131549126874867,0.0392910491814981,-0.00101887297667807,0.0371794767568848,-0.00753781039675194,0.00945578554052866,0.00612773514012621
-0.00559503285016251,0.0106610864618999,-0.00590136088833672,-0.0119524393613029,-0.00235204718352184,0.0104493336231145,-0.00594190094389982,-0.0199562601616848,-0.0260915946395125
0.0529887726655551,0.0361261894587933,0.0221569123875706,0.0424648633311354,0.0100718005105629,0.084996824024597,-0.00742995498479116,0.00379449735996997,0.0145085120777584
0.0462550867086336,-0.011841246638112,-0.001743862485839,0.000542714801156141,0.00154915410923164,0.0755473266797742,-0.0151810239371152,-0.0291829605450381,-0.0136681355281724
-0.0189637496016595,-0.0204134222136646,-0.0230824201014919,-0.0365375115378369,-0.00807280251189976,-0.0488737701513451,-0.00547318741738545,-0.0130601064919947,-0.0129942548799469
0.0269401215588959,0.00975153590243566,0.0524955772534648,0.0571755045311654,3.94937044853823e-05,0.0383392015789852,-0.00897226747448777,-0.0003224738415899,0.00967553306398243
-0.0355274078471086,-0.0497691023000076,-0.0229759581342655,-0.0307323252123468,-0.0123830811453334,-0.0727028366651588,-0.0270372655514462,-0.0223772922935091,-0.0112697580823016
0.0427190861104048,-0.0129118547256494,-0.00864131549057267,0.0227935890940914,0.0117322562641482,0.0456321184674861,0.0017128831056519,0.0149249669237993,0.00757369743189734
-0.0370809359816965,0.00353712330147319,-0.0133075307242667,0.00319118862561188,-0.00805344957467686,-0.0606677560769119,-0.0176043094168926,0.00537856787107018,0.00676954917064074
-0.0231897376315002,0.0153054112737944,-0.0111800551966104,0.0255535962190226,-0.0137207212415973,0.0222865823447877,0.00309920948107025,0.0237523966699496,-0.0132431381728872
-0.0716919763285778,-0.0288085441383429,-0.0246979926863365,-0.0446778978259396,-0.00801955593809439,-0.0682612591823312,-0.00233304968467497,-0.0243501759143244,-0.00658610780227394
0.0602935996788113,0.0190358667586662,0.0136042674988041,-0.0243068845236611,0.0135727556299003,0.0833997954997137,0.0158640212209687,-0.00148952459422348,-7.94412536283973e-05
-0.0629323885287788,-0.00860779472118476,-0.0145170278122686,0.00634758294669824,0.0125851409085225,-0.0488746744944933,0.00711096229321611,-0.00751704047164859,0.00829900187294274
0.016522314110893,0.0134843522044733,-0.00323933850882722,0.0277142120792193,0.00187304166918216,-0.0571901937709417,0.0210842238156437,0.0271965114052081,0.0151152218894274
0.0857152764442047,0.0549221436153756,0.0257350916954967,0.0156860831839502,0.00148348137072682,0.0836388169938907,0.00434494591360305,0.00532948487694668,0.0237166649577292
0.0231404378338472,0.00889334950270647,-0.0176218492104428,0.0381369784015595,-0.0100055653309789,0.055826039710269,0.00793008186875768,0.00498919965610391,0.0126157541391094
0.00998288508576212,0.00893260215032753,0.00402838258280579,-0.000897809755900509,-0.0084510039507247,-0.0288467747932516,-0.0194561238270239,0.0153347042529322,0.00467556450493018
-0.0668384118167941,-0.0522456202289361,-0.0425078091725073,-0.0616136726719118,0.00390228239539123,-0.088942316474821,0.0119816013537183,-0.037050799638385,-0.0216960275238427
-0.00182589147071877,-0.0211515864833627,0.00675544944638392,-0.00152014650018006,-0.0120164330627434,0.00443261565025287,0.00415914047421147,0.0120019605594236,-0.0215692558973409
0.0226991094393302,0.00340582587056006,-0.00784407013626902,0.0467028560387777,0.0153894778977799,0.0459377295082167,0.0269358447357037,0.0217040233104997,0.018210908314535
-0.0664438075905892,-0.0242547402501488,-0.0316914215587511,-0.0415536752012777,-0.0161930254261839,-0.0782426054058337,0.0193218282618543,-0.0465515024678806,-0.047015174753168
0.0372190082720331,-0.0228545490650017,-0.0181712663550496,0.0192560893255737,0.00144521284268595,0.0389253325568473,0.0169777766405155,-0.00911748338479807,-0.0049809633808183
0.0468577861257004,0.00536953786566538,0.0268208017560077,0.0523381701852619,-0.00231805996890279,0.107852010234034,0.0382713638759175,0.00950450403782263,0.0382091194644551
0.055503144361309,-0.00974795849348943,0.00248605490138038,0.0291999933581152,0.030629563533615,-0.0285726145443188,0.0202738735030203,0.0188939891095452,-0.00294705836139467
0.0665228410836981,0.0264431374559363,0.0149145832613823,0.0162265651140116,-0.00106083500891624,0.0206223348338303,0.0176042047266326,0.0171266122583338,0.00186783881685278
0.0163600169772526,-0.005877041306183,0.0151791470862431,0.0170425257205422,0.0014661713554997,0.0611984153363524,0.0115122061770559,0.000695577071666734,0.0110790700737019
-0.0118892007760374,0.0117949422919211,0.00228640457500215,0.00944112851361043,9.08864957924993e-05,-0.00500914342279494,0.0062789524015816,0.00205566241578484,0.0067156769235703
-0.0366939944019839,-0.0371749971734821,-0.05220974883435,-0.0142090979032215,-0.0104996206523586,-0.0539765452039035,-0.0231983019272219,-0.00580203943237746,-0.00907061300295373
-0.0278908287558475,0.000525745861344553,-2.05706519892704e-05,-0.0306509380520799,-0.013304634656784,-0.0161637309254774,-0.0146366589249319,-0.00742865620085734,-0.00639699800616863
-0.0486613244284948,-0.0260454950711482,-0.0211006422978934,-0.0302112033761037,0.0113467213511181,-0.00388187386481952,0.00174210038589918,0.00166848734240913,0.00464265889997444
-0.0182714457095097,0.016712073666047,0.011983895224188,-0.0139084126848515,-0.0108772930104448,-0.0117726769786814,-0.00994051257782144,0.00780919547689961,0.00431840647246251
0.0441039214631893,0.00744367713249009,-0.0108669287708767,-0.0103703369066603,0.0157031416794658,-0.0261611106001424,0.0103477646686957,0.0361169248827279,0.0265035302400824
0.111048707889283,0.0355899178083994,0.0192999168450599,-0.0285618467578858,-0.0110275210327181,0.00523160977200918,-0.0230398419208033,-0.00218072548851098,-0.0119005733456064
-0.00304338073925562,-0.00971068714563345,-0.00549648555958968,0.00535647063251283,-0.00723676219733541,-0.0204044304060684,-0.0256048021877545,-0.015575804942442,0.00819618722837235
0.0675299981707482,0.0381552418946334,0.0471227632909454,0.00684783854126038,-0.00443447182744516,0.0426892427334274,-0.0198923995051643,-0.0173731954164695,-0.0155192403217756
-0.0247762291766759,0.0205870670476632,-0.0108406750538746,-0.0130407427379558,0.0031337306942353,-0.0253227537369502,-0.00465946306196037,0.0134992238730344,0.000880115011970796
-0.0415775635351558,-0.0258241216701713,-0.0207596993908973,-0.00670960523608068,0.00819326122907289,-0.035836161541494,0.00407726674695277,-0.0122976375840775,0.00674515040010895
0.0569635570822105,-0.00942361702245108,-0.00566705188704345,0.000566331793653483,0.0120120353376925,0.0575488360545981,0.0178089638265939,0.00783823928738057,0.00727045758335026
0.139548407373688,0.0244220968603952,0.0282771778287482,0.035872834455246,0.0137407800878274,0.0865077270820959,0.0202679869883231,0.0249149226024681,0.021370767599139
0.0133820556590664,-0.0283484276580887,0.000375660899970627,0.0139100146730042,-0.0122181071901611,-0.0255795811675461,-0.00246957824394172,-0.0301576028708041,-0.0108395768991849
0.00841056739801142,-0.0436118119476403,-0.0164799050347082,0.00213981933842958,-0.00126710738343044,-0.00090441926000377,-0.005885223154268,-0.00842907188577161,-0.00969591580880973
0.0204520511300228,-0.0121027125351354,-0.024206638957776,0.0275127062559403,-0.00128756105294218,0.0311155181901931,-0.00323649693808981,0.00843980863436526,0.0184473336853082
0.0163943394720976,0.0123245821535787,0.0173136041764727,0.0261282130093901,0.00660137495621509,-0.0329694343427044,-0.00475751637018312,0.0142925178026248,0.00626139457112302
0.0186673804908304,0.0111657457982105,0.00493831414053365,0.00634890656470032,-0.00520023023798132,0.0243201305876106,-0.0209210563688589,0.0220144435738233,0.0182332059954708
-0.0327119759984714,-0.0393035614426431,-0.0179085022705625,-0.0306090550279168,-0.00375653721598438,-0.0526188134385954,-0.00351433318574772,-0.00701631310942578,-0.00865633596056635
-0.0197434357738378,-0.00403411192922005,-0.024524477876481,-0.0246582933453814,-0.0108002811825069,-0.064127063333029,-0.000875838172013576,0.00480377834780688,-0.0126547467689044
0.0136552759712474,0.0142258523938451,-0.0040414399021179,-0.00993615883895293,0.0187445355014618,0.0121722029972115,0.0163186650816694,0.0121839344893653,0.0225097707313657
0.0840038058929895,0.00467983756207437,0.0177249241418937,0.0192700435317445,0.0112105945794949,-0.0100742999717498,0.00121402286465309,0.00355596016114401,-0.0017053778871003
-0.0740369729217997,-0.0379671859694914,-0.0373468884535854,-0.0204552248010016,-0.00779723971054858,-0.0773262753879782,-0.0251807463754013,-0.0107520858218107,-0.0198400844833051
0.0837035008580369,0.0455753797464882,0.0404634162225852,0.120812988935967,0.0120903707613473,0.0442119818756912,0.00425343293150869,0.0335358013965704,0.0421637478537319
-0.0495807695111714,-0.011506322239589,-0.0181235950366374,-0.0239274270134425,0.00516402942683065,-0.0510959810025003,0.0010747551707936,0.00674315539529325,0.00755905082888464
-0.0172416170968022,0.0079440288842187,-0.0113107607418898,-0.0241552821959849,0.00341046100169082,-0.0341456990791323,-0.00884556953283927,0.000749656911592641,0.0120844342190143
0.0620555648483102,0.00827194457027917,0.00745512233995299,0.0195779632491034,-0.00920633869887123,0.0333998177063874,-0.000474873761087048,0.0215773950874846,-0.000358626876789126
-0.0383895717752268,-0.0126448586710804,-0.0152146410851119,-0.0320940831001439,0.000141233831142037,-0.0469069473434684,-0.015954510429021,0.0176869642179329,0.0179658854587802
0.0314140068717584,-0.0331123596212284,-0.0140612132386665,0.00587366704629623,-0.0032481377876628,-0.0723946817714883,0.00441558693071468,-0.0112208042893413,0.00313738541674422
-0.0604852425559332,-0.0260220669569872,-0.0176539935862765,-0.0408007174030864,-0.00947215749150216,-0.0429385462439692,0.000122985262077371,-0.031839119760131,-0.0158089696612927
0.0286780082447604,0.0148915022585317,0.0257985314801341,0.0374476008367236,0.00484157909899257,0.057543281069768,-0.0203290754431634,0.0102494399134414,0.0106638953722575
0.00641672718020655,0.00845249211491312,0.00813018962650918,0.00839365420549344,0.0106848459476952,-0.00500308476368003,-0.00328396991501488,0.00482583353034647,-0.00408304257263666
-0.0170289928382672,-0.010403282810049,-0.00903566115454577,0.0323601885925395,-0.00500488373695588,0.0380854423198479,-0.00890886446882923,0.00206212378815289,-0.00931249385630967
0.000311431481350826,-0.00496330720784499,0.00359988399313114,0.014748603535688,0.00760324049815888,0.0164073545517047,-0.00245321525397075,0.0111469495114455,0.0201039732713538
-0.0505536447526431,-0.0116885579957446,-0.0176578784101924,-0.0381325717780389,0.000913566530997926,-0.0553996277427832,0.00853611214404824,-0.0104350032664266,-0.010203885167566
0.0194978612375622,0.00280249318425137,0.00266526363065492,0.0037385737119024,-0.011630290561793,0.00634813266820848,-0.0112885573225345,0.00287934383621504,-0.0247513139593079
0.0219448446660994,0.00963067112932033,-0.0152315431518893,0.00458969056265725,0.0133982372380641,-0.0130258386686689,0.0235664024707528,0.0125978255626621,0.00745064021893302
-0.0860577880991656,-0.0146285203258771,-0.0129430254236836,-0.0431638846142009,0.0035763281160028,-0.0589222374128651,-0.00783583019211571,-0.000905274786641353,0.000479192917126835
-0.0277840852278552,0.00501472492878688,-0.00185215453106615,0.0059921419909757,0.0015980120385121,-0.0183532092134032,0.000139883230484071,-0.00225503418869861,0.00116134251835128
-0.00906292365728499,0.00750281775236852,0.0179769108724959,-0.0129196346635792,0.00647780599482756,0.0258799728076024,0.00335009622946453,-0.0286695036811571,0.00299721419540182
-0.0657473375691258,-0.0446193159731286,-0.0206686401216953,-0.018484759597946,-0.0105199378010638,-0.0272358544877195,-0.0136238124543057,-0.026316086973521,-0.0338345249757924
0.0762548678926436,0.0356906759612396,0.0298957712868299,0.0462543159606752,0.0052956916465159,0.113180714194241,-0.00202739444263892,0.0212469944497904,0.00564735039156139
-0.0290043467469419,0.00783534335726343,-0.0197173010800948,0.00532544151221765,0.0126833557142295,0.0078925641989311,-0.00625250347255167,-0.00457033117771258,0.00193230740086145
0.140034118230446,0.0515667557923376,0.0463136211322584,0.0162032640021861,0.00972678877812314,0.0579904438654105,-0.00044738058809972,0.00672388863962979,0.00581819068317907
0.01685645303598,0.0444592105134763,0.0179350358444149,0.0316662742147002,-0.0177934657719291,-0.0258023570844193,0.000234816958315641,0.00922682833823796,-0.0103094952103684
-0.00634393984592405,0.0205938411072237,-0.00141242487625248,0.023539703891896,-0.00491363059164548,-0.0290867057765835,0.0149274495147421,0.00778592547122713,-0.0159445465435194
0.0396675674428817,-0.0101315656877967,0.01558571128364,-0.00639005742001799,0.0164930245089534,0.0256492813416229,0.0218398903610855,0.0139789580490195,0.025846700199535
-0.0782128619222799,-0.0238728920491399,-0.0410979792768794,-0.037923741358686,-0.0132172725625147,-0.104472253966097,-0.0100769944804498,-0.0213292663692359,0.00163963261812082
0.0152790473036583,0.00620295520650006,0.00507950539500579,0.0356779387263536,0.0030352442932412,-0.0127707522086391,0.0123321417197565,0.0252016393894825,0.00110540475803073
0.0155550285785632,0.00634844376342966,0.0116941413877827,0.0554223805331961,-0.00132716111139907,-0.00258222550717681,0.012664315931902,0.0256397593670168,0.00781329703070908
-0.0577433397995643,-0.0181372503568508,0.00472853587710156,-0.0209477130931717,-0.036633795825196,-0.0672793872948217,-0.0108082224175826,-0.0498938130338723,-0.0306564757539612
-0.0526642787387706,-0.0175280100051084,-0.0141003394033878,-0.0224288386645268,-0.019990200261565,0.000251411478752122,-0.00891706314618425,-0.0118786996277047,-0.0258129526894983
0.115345077539422,0.0196071366201705,0.0276636163143271,0.0982694143738592,0.0147691225879127,0.13416628861883,0.0066337847697924,0.0379326278135693,0.0197706117500656
-0.0374744765202386,-0.0282538534994123,-0.0314621007519613,-0.0501510073513271,-0.0160525382364565,-0.0206200011192288,-0.0268467724192459,-0.0241726289762547,-0.0316168125125654
-0.0350456713467863,-0.00838279230638777,0.00411495807972653,-0.0138515190120223,-0.00480288472329177,-0.0331975201204183,-0.00723202159634809,-0.00146163898425972,0.00458268401314682
-0.079883409885771,-0.00979651398443978,-0.0123864234435636,0.023227131800596,-0.00219282461945853,-0.0885772461203367,0.000303979289700374,-0.00879409341342931,-0.00543721692695416
0.0638675726344097,0.032730290390642,0.0169445730130851,0.0777428274305082,0.0233662448980321,-0.0188538724098209,0.0284479010407359,0.0323348230643656,0.0379813782733416
-0.0128257541614237,-0.0202370987233178,-0.0260373024107112,-0.00159247728366034,-0.000333532138830213,-0.00227703121919611,-0.00394993096031863,0.00606395775856306,0.0125161493041389
0.068893978264141,0.0237944514331157,0.0106798212066959,0.011789467463734,0.0187700345134142,0.0450571410435472,0.034793302396219,0.0288385700127241,0.0244771632018813
0.0476921778932747,0.0297205686609927,0.0404735275065429,0.0582633892759976,0.0132950035371807,0.118964103189157,-2.44165080376663e-05,0.0018728111027662,0.0214364706343449
-0.130089531337921,-0.0939362116817586,-0.0220054838408633,-0.0579460799367736,-0.0195392453595202,-0.0933147924187303,-0.0168660257114906,-0.0495756284679918,-0.0491482169074907
0.00553478435443132,0.0283371855735823,0.0223110387316855,0.0541488845865441,0.0166739570309748,0.0245200183621086,0.0152246559690197,0.0273997502918459,0.0311354213149253
-0.0376961335971513,-0.0475461534226598,-0.00646229778004242,-0.00536107946699673,-0.0115702743325176,-0.0464737041912085,-0.00288305379146939,-0.0132028364239535,-0.0117859064520726
-0.0126307219017519,-0.000354605652385658,-0.0183384384930102,0.0282973688168327,0.0138022030888367,-0.0257931398077704,0.00971618525982179,-0.00442388717990984,-0.0100783521544494
-0.037377695346832,0.00571523351182925,-0.00661857733525162,-0.00998568639008898,0.00513434458820746,-0.0304262232757964,-0.0195307470930044,0.00360152289031699,0.00507927052535048
-0.0284110161241164,-0.00553706258327589,-0.0101551674660274,0.0121998350784318,0.00902188678517522,0.00451175728967771,-0.00392414272724918,0.00536494755761471,0.0139333492212993
0.00337382966281401,0.00207042176080207,0.0163904094551623,-0.0102085719750132,-0.0089215091320236,0.00959411025785179,-0.0082745802693455,-0.000234153618826478,-0.00602415613302493
-0.0745557054670121,-0.0145569170258033,-0.0424328302402797,-0.0417225261780447,-0.0165414000588635,-0.0199949258189715,-0.0058436643436987,-0.0349240365053983,-0.0108766669011509
-0.0389528127298396,-0.0183886261933239,-0.00959839649905021,-0.021452587913007,0.0130781332805865,-0.0415721078669916,-0.010081121702753,-0.0225472859656566,0.00106637429820397
0.0556073140991421,0.0351790982310044,0.0380621985854707,0.031195463565863,-0.00125263476503045,0.0235684398098372,-0.00459250756867605,-0.00520645668393817,-0.00364371397197761
-0.02305142637199,0.00778266690535801,-0.0197788030773786,-0.0288290861615936,-0.00298119954332786,0.0103842871651879,-0.0114938933075424,-0.0261048203025933,-0.0250573713551811
0.0296698130989799,0.0139124454668525,0.0122274385706253,-0.0129242080376275,0.0158372275542592,0.0198183583843601,0.00503827723159472,0.00539770018347652,0.022045793199853
-0.00170881059889544,0.012551657211059,0.010608611795234,-0.00713099330237669,-0.0324487259475384,0.0235999699082347,-0.0100496228188543,0.000609985159215974,-0.00659753695946697
-0.0165872225315052,-0.0111812683350439,-0.00618352485874318,-0.00261983648808089,-0.0252284254360405,-0.0623938240430858,-0.0141394819715741,0.00289798902177763,-0.0423615824138694
-0.0450480181916654,-0.024295725966524,-0.00651185299825732,-0.0205330491854104,-0.025340025243895,-0.116097455742288,-0.0102383487570535,-0.0075706156698809,-0.0305213611945186
0.0649694731434768,0.0431860058123665,0.0422512741971507,0.0254208286772632,0.0309158389373535,0.0666319964169639,0.00952169857714365,0.027021629290045,0.0355520113764579
0.0508399549010193,0.025940751358601,0.0143654342679332,-0.00716105366040885,-0.0225036112956833,-0.00874054076862843,-0.0144189902048858,-0.0298517631265178,-0.0170148978816153
-0.163285754700648,-0.0443231730943035,-0.0594611589225331,-0.0858658251149353,0.000527253771462046,-0.139236108685786,-0.000811369221771134,-0.0140420500892402,-0.00924213740338596
-0.0150024149168186,0.00718900618749021,-0.0183539433991052,-0.00485247976154148,0.00361904524267717,-0.0308571544781239,0.0120899640754524,0.0182308445839442,0.00506831358593135
-0.0695696865436461,-0.00714851533510451,-0.0234855941741057,-0.0363608873335359,-0.0122933014599931,-0.112876315254139,-0.0164953934674848,-0.00971245423578923,-0.00346804736536008
0.0134835103124354,-0.0449344815256547,-0.0350259315463659,0.0203651499794569,0.000174541829041818,-0.0160037209694103,0.023758212697666,0.00431716723741622,0.00441141765243021
-0.0228869427129192,-0.0184282346115763,-0.0323237534182949,0.00605794563778209,-0.00675935253858453,0.0042044664895784,-0.0179165906649847,-0.012517589715327,-0.0159433457967735
-0.0389777580078722,-0.0394570675218381,-0.0393112649569829,-0.00891523168133699,-0.0123603914968532,-0.000649064551982111,-0.0161263901718188,-0.00787045028856957,-0.00884025829852094
0.0112982559014582,0.0360811177536469,0.0448159841662243,0.0226893267290847,0.00278392390971229,0.0236467002292501,-0.0136070893242215,-0.00170737795447004,0.0237334832659306
-0.0783160318674867,-0.042511445333227,-0.0564822383852331,-0.0595778637204732,-0.00390043276791692,-0.0756046353201163,8.92196554213464e-05,-0.0292953038807119,-0.000321452977527825
-0.0238714448891863,-0.0185656783158936,-0.00989304746577744,-0.0224963297766436,-9.79646757396492e-05,-0.0446991637139148,0.0141257650022957,0.00561929981883125,0.00494337937698571
0.0749827470855999,-0.0240134551990356,0.0170037829667507,0.0186230629243917,0.00948060398337162,0.119914776806859,0.00607711745933938,0.0127169272332874,-4.09085259061348e-05
0.0278926831231517,-0.0159166254625441,-0.0160918287308394,-0.0316886203545027,0.0175526443113617,-0.00336840565905467,0.00450199911478854,0.0268961283669013,0.0155880160286825
0.0391925503590113,0.0238817955468779,0.0194027402002371,0.0456005539170687,0.00419453833433815,0.0122872532174598,0.00138579262903439,0.00795571165947061,0.00141803192000899
-0.094309649020599,-0.0382721966926331,-0.0410589488082133,-0.0415780518547475,-0.0149701326886094,-0.0957108893693304,-0.0155229112655316,-0.0208059857093792,-0.019812551488914
-0.00127590839978862,0.00649722909986331,-0.00771370292314577,0.023732580901151,0.0159598229119617,-0.00670067757558532,0.0052319130248744,-0.00139232178678517,0.0121085541293409
-0.11087615399112,-0.0689960911559275,-0.0111789711180966,-0.0556911607646916,-0.0235670104436425,-0.0993852713516867,-0.0273271160017528,-0.0503903901152953,-0.0830209343784792
-0.0190026438242221,-0.00975140797486522,-0.000192593993646079,0.00540904942562556,0.00528900041458039,-0.0229828905106458,-0.00297385769080319,-0.000851392912058736,0.00782567335803671
-0.0154562936973967,0.00664429464931095,-0.00975273294057465,-0.0201533093303273,-0.0194246850707282,-0.0155241018427242,-0.0166106817055627,-0.0262971304903049,-0.0307187523717212
0.0111395092170004,-0.0246797452161971,-0.0139442304374811,-0.0199501543706483,0.00629135498301972,0.0326047348786679,0.00242761368492008,0.0063623138941999,0.00942906317671818
-0.0479757938356398,-0.0129768662916444,0.000182918335887069,-0.0383541458804059,-0.00574830507376283,-0.059661975258948,-0.0186609011392052,-0.0314827527158001,-0.0197776436136606
0.0232775279877096,0.0193923463808267,0.00630424477461209,0.0312923709845143,0.00393763049444584,0.00912462305512811,-0.0149555995919617,0.0255155032490188,0.0246440578693895
-0.00361096966277356,-0.0255430962185182,-0.0289533750771046,-0.0035369037579011,-0.00680596924296983,-0.0130455633656572,0.0091143116789164,-0.0101592334548583,-0.0171729704124809
0.0250641011307102,-0.0251454372753192,-0.0141191730026867,-0.0226672951303477,0.00536213998918205,0.00870091995864275,0.0105282508933425,-0.00817444182211605,0.00693132482751646
-0.00664767345957752,0.0245898033498411,0.0146642435876006,0.0226583591253717,-0.0094909823091196,0.0297403734054423,-0.016735104801056,-0.00667341435741729,-0.0165094053593557
0.0113975055359476,-0.0166130076217114,-0.0194047477384296,0.0402440648759438,0.00772185408142461,-0.0196596355544868,0.00606141902108441,0.00434557311901959,0.00362414984125785
0.0263274956246333,0.0167861255299875,0.0187506808245649,0.0196314517785023,0.00801268690040957,0.0858908707292073,0.00202063163815424,-0.00324998141050193,0.010770658750782
0.00246324575663455,0.00706845942164632,0.0152230527428481,0.0252012148184059,-0.00869825360115322,-0.0158363586605327,-0.0159100493735183,0.00630671189532922,-0.0289368492584883
-0.0229082464489535,0.00528576956435691,-0.0170551273174561,-0.0294334710234278,0.012157546337146,-0.019714223591864,0.00882776790324747,0.0108386772136968,0.00739786405361259
-0.00100185178552981,0.0191492179767472,0.0108416303029454,0.0371127409779038,0.00852154489269282,0.0256455813697994,0.00725426271190905,0.0256279728034493,0.000338124048737993
-0.0354257035101424,-0.0560938597758881,-0.0117473800043482,-0.0357469200604573,0.000566629436244894,-0.0578080365257217,0.000396196328995585,-0.0086246272151761,-0.00650984509818536
-0.100385317535545,-0.0335916119056753,0.00362380797487878,-0.067711118968436,-0.0332551539371684,-0.120747543894884,0.00873095990954946,-0.0489402751944271,-0.0698072831079828
-0.0228381568371378,-0.0102683977598547,0.00482468624989327,-0.0149382640064004,-0.00607008277689052,-0.0301892642432519,-0.0019404210764545,-0.0248263211536928,-0.0184955681445856
-0.00652494545536521,-0.0204338776452832,-0.0208026414930058,-0.00948624001517366,0.0136451711963211,-0.00404622454626794,0.00514991041581365,0.0128415478340044,0.000918407776932469
-0.0243015301083677,0.00428590909931402,-0.0270322372282512,0.00352858073290423,0.00391957963332966,0.0338554702957985,-0.00103234859580244,-0.0103969500930167,0.00434248973816948
-0.0125597686100377,0.019525707378751,0.00326889636301287,0.0110124765161462,0.00372061235748354,-0.0116755817965552,0.0101251002413495,0.00790456627680182,0.00939080155794165
-0.0330462893095304,0.00174780392998152,0.0056765151369467,0.0186278261370473,-0.0166349282351825,-0.0421646787770701,-0.0145738519093974,0.0206168503478741,0.0121491200678818
0.101513037748827,0.0333292205482012,0.0353367954474597,0.0176809106369514,0.00344404144077677,0.0915299672689777,-0.0039609469534122,-0.00314855729730248,0.0212864088804288
0.0109269576176835,-0.0222920701483931,0.000754284363663106,-0.00427987853548672,-0.00883792483354404,0.0262489321863749,-0.0220467496410301,0.00799256081775847,-0.00402064538885514
0.0857494541875343,0.0391470138791406,0.0323696747632657,0.0174753204681632,0.0247860396701376,0.090413375714095,0.0152212966391407,0.0129807409448817,0.0375449474840351
0.0997026160938591,0.00302313165900364,0.0235673642460301,0.0137592842062895,-0.00574870372178582,0.128717627662476,-0.00071500056103417,0.00431987257438487,-0.00331822229313853
0.137933680591597,0.0308764969238803,0.0369393261117634,0.0294123785438889,0.0240033667741934,0.138165934445857,0.00868049735694253,0.0267784149207957,0.0252956757119493
0.0506284315168918,0.0302193533682344,0.0186627004740297,0.0276494377473451,0.0143067627396661,0.0088860854033531,0.00343157178042428,-0.00414756397375741,0.00536994896966605
-0.0403066165120418,-0.0132715942342086,-0.0304501424009138,0.00263320377602984,-0.0117714446672818,-0.0857672772160641,-0.000267507658847569,-0.0341861306473935,-0.00970427159054803
-0.00406836193178543,-0.00647242497975829,-0.013106892715575,0.0165438187551071,0.0120852038395127,0.0669680760410383,-0.00220355110527709,-0.00612278184025838,0.00149347404670858
0.00814725578650153,0.00510866562231776,0.013122649155903,-0.00435808753899421,0.00115841717586085,0.00625827260638648,-0.0117732562551032,-0.0102813937392876,0.00888582010427751
-0.0225415837168925,0.0126520047392947,-0.0113754558395375,-0.0274882818949535,0.00080045885157396,-0.0483051516426758,-0.00741075053985317,-0.0258353536324244,-0.00776060707972204
0.0326809113305465,-0.00455892609491074,-0.0133587887237124,0.0321753846132302,0.000121689491693926,0.0241911578048816,0.00453295736855474,0.0196505112973769,0.0112026168744741
-0.0727789098317837,-0.029268225772446,-0.0511652334380863,-0.040731484917708,-0.00825785881728452,-0.0634837299456791,-0.0168289025505917,-0.024656077021836,-0.0213793435400829
-0.0243866152968368,0.00813055140737884,-0.010427866395526,-0.0467266859342789,-0.00105740552140034,-0.0226695618702476,-0.00554187052904325,-0.00437149129257719,-0.0238380574279451
-0.0943382260844495,-0.0277772848815088,-0.00776867402111344,-0.0233109306056139,-0.000550520456611886,-0.0706137649409252,-0.0123418543830814,0.00412231503360535,-0.0169099682332009
-0.0193832360145544,-0.0192108946647664,-0.0155526190766622,-0.0210337295425073,-0.00801297073221077,-0.0497623603112998,-0.00212573424864209,0.00843666160256688,0.0108681435570201
0.0875674273359666,0.0775061746515115,0.0651984842169442,0.0428999914932675,0.0229591921943615,0.0611545029364725,0.0196495978668022,0.0271097971063687,0.0174366290898713
0.146088431053746,0.0757967146868664,0.0563796974297382,0.0556490084163567,0.0065858034322017,-0.0359967428408402,0.036027021594708,0.0345847359874026,0.0440739001862515
0.0107086814619833,0.0199600488747517,0.0180306457578323,-0.0162846236529756,0.00896954067324084,0.0103363887384791,-0.000345561644378586,-0.0127706251868932,0.00174296768143218
0.0490163311065295,0.0128900121222136,0.000205336634694449,0.0333905279108747,-0.0035184272122363,0.0214024319339094,0.000708441107583776,0.0369649862282341,-0.000575463963286909
-0.032768140787957,-0.000841724813629318,-0.0136161510472743,0.00632073199093879,0.00846679377725451,-0.00356406777712275,-0.00671330526789715,-0.0230341717429943,0.00935176997317629
-0.00967684965464824,-0.0471283943560705,-0.037609434630686,-0.0197668293913567,-0.0217952075116369,-0.000243351459733089,-0.0249380107925783,-0.00384066230442627,-0.0212060457947975
-0.013864175996103,-0.00112613049252122,-0.0275565484018481,0.00948163770894671,0.000793678690667964,-0.0200212221045917,0.00485944206328439,-0.00426548009791071,0.00332504763363586
0.0215446139836001,0.0198472536882974,0.0018149207245147,0.0397447444078129,0.0106704733446769,0.0402981217779206,0.00962821403061668,0.0169619166281314,0.020025685295315
-0.0632134372980981,-0.0122920137364788,-0.0580208130775171,-0.0173907136245287,-0.0253917422333677,-0.0693755672512632,-0.0047753496891287,-0.0102038586007578,-0.0122782683993276
0.0253054559129614,0.0191674014037152,0.00822927876155427,0.0118158991135049,0.00360526245621698,0.0321126734608177,-0.00603718687559529,0.0103851010145818,0.00517864504528386
-0.0411673784677565,-0.00477381356312904,0.0040373285986314,-0.0246731454090014,0.00329592580645201,-0.0353138368870871,0.00155955995806421,0.00282904389959366,0.000982484660741971
-0.0374916183052164,-0.0166913209716475,0.00493091145199751,0.00223759047573593,-0.0111948916526928,-0.0561803706900732,-0.0147137362107609,-0.0150033088628584,-0.015947766594001
-0.00392603828663774,-0.015427168339363,-0.0239514086525585,-0.00454313463214712,0.00107146456336939,0.000884067904227231,0.0237079594736819,0.0162912241895257,0.00965581830044575
0.0178341726216771,-0.0105620988675289,0.0243418272431243,-0.0144420710724509,-0.0179465543865326,0.0359295933492728,-0.0119917177377337,-0.0129967954760709,-0.0252643475602333
-0.0150635171555907,0.0140252892686778,-0.0188030288094264,-0.00231077282642589,-0.00127407357378995,-0.0100435019941763,-0.00211991392204104,0.00666279252602487,-0.00335800301077982
-0.00440092581180028,-0.0325012802452522,-0.0312505715161815,-0.0210255713748348,0.0105515650370534,0.011949106543871,0.00282588859748884,0.00980821709994749,0.0135058055699073
0.0731603882370034,0.0200274927017744,0.0106035420167969,0.0209744033924659,-0.000529792737409426,0.077360368804452,-0.00184946520656696,0.015117059360083,0.018779726335994
-0.0477134114929212,-0.0236305217714859,-0.0371635454786415,0.00276937458418301,-0.0141445737742876,0.0583301727228154,-0.00214400253112492,-0.00910332870387202,-0.00780306045021678
0.00925925036253531,-0.0391263622911809,0.0038924778450512,0.0112722140803632,0.00581701128160904,0.0027046919929593,0.000604637194394799,0.00581556531815832,0.00473835378986571
-0.022041604358364,-0.0239781754927989,-0.00945957556037866,0.00853132951760623,0.0125932023974759,-0.0179728713937416,0.0164366205815026,0.0184560476581233,0.0206550897493634
-0.0842087076602237,-0.0347864162269301,-0.0518955286447969,-0.0479783434011301,-0.00967764613832279,-0.0839147246411895,0.00307190708708051,-0.0320069073670591,-0.0124536201908414
0.0363913244770476,0.0301460434235815,0.0168553371837233,0.0377948629520463,0.0311256951590368,0.0550953536137655,0.0364919128960156,0.0310592019471033,0.0406868507977593
-0.0459727556469601,-0.0257394063123263,-0.0270284896854372,-0.0213639232172427,-0.00283714965016349,-0.00549641490198371,-0.00351818184892177,0.00662298905703937,0.00199291499151082
-0.000508708220874498,0.0323567904930964,0.0303791711500426,0.0206487708076767,0.0148345529844107,-0.0171074103065779,0.0338163153894796,0.0516048826065095,0.0429783039369692
0.0427609144136399,-0.0221594399069714,0.000119730434760047,0.00041470235894043,0.00499914485025663,-0.0281444000941291,-0.00525048322776422,0.0168418217285535,-0.00386556582880912
0.00248525727168229,0.00783376140220214,-0.012839256785573,0.00253928241842439,0.00412914812513089,0.00773122781682035,-0.0130623610931488,0.0157368807202807,0.0145875050465269
-0.0832414329180989,0.00935875111441218,-0.0600667112054326,-0.0436013869010025,-0.0112612912679829,-0.0767612126793318,-0.00119102261987901,-0.000325503819517787,-0.011604837096515
-0.000943046690291402,-0.0152728890838453,-0.0191684899300228,-0.0332766157333562,-0.00673835445894036,-0.00519518667671129,-0.00543551256961597,-0.00107547813037584,0.000145414376342849
-0.0689434803342622,-0.0251791911631447,-0.0360576920142202,0.0119405895474232,-0.00220132914786331,-0.0536758546181061,-0.00512198717290176,0.00342177010174127,-0.00773461457892012
0.0119063871202711,0.0118945657431647,-3.86261941441842e-05,0.0367879370560758,0.00555836924824655,0.00454717624526044,0.00495072862793087,0.0123641018199476,0.0232127367460972
0.0226442699097827,0.0156569481013016,-0.000447381899723905,0.0129271603277599,-0.00187712687185486,0.0105196734531615,0.00735751629977141,-0.0059795953543946,0.00272511890995208
-0.0438759261019279,-0.0342214161027178,-0.0121778348729031,-0.0194456956409312,-0.0315355148812904,-0.020769351887177,-0.0318311922543592,-0.0236321387252304,-0.0399097298751312
0.0702513038559213,0.046467020498935,0.0473256420457328,0.0374461552220707,0.0290680070941042,0.0419040515163891,0.0352747894042152,0.0402867597342979,0.0292713211761689
-0.0581018101153957,0.00114920393282897,-0.0347454635119887,-0.0183803701803672,0.0026776860718252,-0.0730564336523343,-0.00957143059961851,0.00719236939813025,-0.00358375774407445
0.00444947109984348,0.0191072460158304,0.00860109694734827,0.0121555481616777,0.0150626195410338,0.0429449760115039,0.0245604176422406,0.0155186164906466,0.0124571019695493
-0.120560589012735,-0.00666069039527967,-0.0352089129334181,-0.0325432610735921,-0.00951652165497633,-0.0878818939939177,-0.0175107949509689,-0.0350530762585827,-0.0210917425714126
-0.0320356413861164,0.0307840283589605,-0.0155213292002588,-0.0184988957314996,-0.00441378056788391,-0.0414393747182868,-0.0248354447046224,-0.0335637303833956,-0.0414664636136941
-0.0807837010928997,-0.0224647072702944,-0.040306400278018,-0.030801596026947,-0.0129684693558259,-0.0869398417475636,-0.0180027074379018,-0.02429585375595,-0.00873914677330986
0.0715320851965511,0.0516121746222472,0.0353954530556763,0.0111445958258747,-0.00412803388807795,0.0991992509851059,0.0122192214059415,0.010736738479637,0.0282715989775558
0.0560352937465576,0.00872019317839235,0.0121157749302451,0.0142247837317261,0.00697518633771884,0.0721701835582909,0.00305921201073075,0.0218528491262464,0.0151496034608632
-0.00102381408442722,-0.00812973493372493,-0.00114205334941705,0.0343639674127086,-0.00553078602286526,-0.0178633305027688,0.00592420578622485,0.00626591493136348,0.00107542813043036
-0.00911241078372682,-0.0304872601601262,-0.0403857642644226,0.00106782089909468,-0.0178904024390855,0.0245139976466235,-0.0160448408021341,0.0037537485832413,-0.0261236145804595
-0.0654906452294213,0.0165873193430373,-0.0568326640759772,0.0203639994290553,-0.000329785309022705,-0.0434296807792067,0.0092141044715642,0.00369871915779814,0.0197434752923815
-0.0712804139179451,-0.0191591055410575,-0.0235065012189438,-0.0203006521712001,0.00521753597620655,-0.0368997217546104,-0.0119051770089261,-0.0112479416428216,-0.0165391163460199
0.00780392028400661,-0.0028689380481037,0.00572550253117741,0.0109556871519922,-0.0117467500362382,0.000695113376118516,0.0116968468507508,-0.00987274727438992,-0.0185901968107509
0.0335613222666141,0.0371447041819787,0.038481247256955,0.0534319156078974,0.00866229719244538,0.0283587408972758,0.0294004905287426,0.018477046952572,0.0114507854370371
0.0297595821346144,-0.0133105966409754,0.0119579986580357,-0.00408135137645638,-0.011324647518303,0.0139650417036288,0.00395504646516424,-0.0275982939947915,-0.0194079099413778
0.029297802126822,0.0104903525064969,0.0198781077761513,0.0303383153153448,-0.00548205035820939,0.0109555588410909,0.00884609905699877,-0.0127002997193236,-0.00719883076095044
0.00499058157323481,0.0216137059225602,0.0243047959814585,0.0326969802217865,0.00624566010263469,-0.00234435181657451,0.0287941183618461,0.00685204033733617,0.0194716040720175
-0.0552647451864928,-0.0362655098148175,-0.0258237392313611,-0.0214367206852593,0.00566691009456591,-0.00884270286820272,-0.00617645986284289,-0.0208021767590345,-0.00377821462402248
-0.0410769876494766,0.0249350844073358,-0.0317684999626573,0.00327070423947446,-0.00587486908975619,-0.0256367369794455,0.00189255645477234,0.0178189827352633,0.00980363854944014
0.0966054878169628,-0.0113576089464075,-0.0107244905808407,0.0423783441147648,0.0061817631289538,0.0722317231767453,0.0169747247917618,0.0298859855147291,0.00114198021838496
0.0142758257968806,-0.020517399228289,-0.0159134646920347,-0.0175616975516115,-0.00575012626248046,0.00782942909959494,0.00700558185364693,-0.00255295692505774,-0.00475742065824764
-0.0219962652850353,-0.0160038386856327,0.000139035298881487,0.020223359338059,0.00543247557690757,-0.0234728290717253,0.00914532644193021,0.020525464625401,-0.00399252423253238
0.102262914717722,-0.00305916769092939,0.041460118480451,0.0228831264667639,0.000777494228488117,0.0773281668107028,0.00816914055970088,0.00171676731894615,0.0173276835075989
-0.0149143674333092,0.0249000223723111,0.00475953127728179,-0.0143713436087304,0.0053286761724632,-0.054649099482081,0.00991936199989273,0.000719188759448188,0.00341893623863985
-0.033881492438377,0.0304515771386753,-0.0170598725786183,0.0145786724036258,0.00331244948097653,-0.0289414069793856,0.0172451680299047,0.00237817594244968,0.00245362031441708
0.116478451312184,0.0277016592445171,0.0272507847046739,0.0352409099875984,0.0210444377906129,0.152745334797018,0.0223892130372516,0.0262869912845097,0.045828656055128
-0.0627422454717858,0.0143006731656736,-0.0363550521179336,-0.0357960907505231,0.00136818339689902,-0.0519763810135252,-0.0115187482697991,0.0135054282368375,0.00352814565209633
-0.0130747688054441,-0.00740841991184293,-0.0159948483626442,0.0257035733231831,0.023705604083126,0.0279829112352839,0.0114804547378336,0.0137819058125382,0.0175431344535549
-0.00188448195359811,-0.021236333349866,0.0134743637086144,0.000382618057675133,-0.0130895175612301,-0.0239514766594536,0.00682483935905534,-0.0309288562755181,-0.0186910429103282
0.0914218097120098,0.0219100404022271,0.0157283383129049,0.0319650000904241,0.015365265373217,0.0723556383611407,0.0291104659083954,0.024268538811393,0.0441898112440626
0.0348008252005787,0.0179928674196164,-0.000581147955028335,0.0241696267068907,0.00689195154560268,0.0132130581129062,0.00863524945174732,0.00306099577877779,0.0177071107807304
0.00345435761373456,0.0344098171607531,0.0292427743880334,0.00654164397189742,0.00803993999438945,0.00988837281254264,0.000436351102794305,0.00280688185877104,0.0153209879530253
0.0158376454066297,0.00846697228993066,0.00763192710591384,0.0161644100546116,0.00838089290522994,-0.000528820840629781,-0.00157500531740618,-0.0127203424202057,0.0154113958134613
0.0120614912493707,-0.0267710394492481,-0.00509687917758305,0.03117542290526,-0.0011365546103416,0.0383816469219145,0.0039709045185012,0.0013073164908553,0.0347839801764098
-0.00816295788848419,-0.0184139847698143,-0.0189119227633868,-0.0405792884271685,-0.00442609177018793,-0.0263350505012278,-0.00242017888467526,-0.0156747387168324,-0.00363504140599549
0.00856522910536358,-0.0104765034361818,-0.00682599141993984,0.0114852051492524,0.00700086978552108,0.00549554995368033,-0.00170835989750371,0.000547869832292485,0.013333021995139
0.00563091158244394,-0.00393254041533724,0.0177969682374724,-0.00821659580213468,0.00789734575885531,0.0375907581430235,-0.00814119922277926,-0.00338090554875372,8.05344268476873e-05
0.0228010268925491,0.000458403526593688,-0.0121117177813277,0.00980964165701195,0.00462380006136819,-0.0182539418663313,0.0106852016109146,0.0123158888266146,0.000725344419893652
0.0373911077582629,0.0126582197592929,0.0108059230093897,0.0304963642553602,-0.00629806577562594,0.0598956711384012,-0.00129068683208527,0.0129570634823553,-0.00920281202587481
0.0351440992521131,-0.020776794098546,-0.00335433389772545,0.0132377230922364,-0.0204831134929103,0.0611691377234079,-0.0138743925209805,0.00138641519156817,-0.0297159384668038
0.034999924817958,-0.000996830084206752,0.0139722768404109,-0.00582252200338189,0.0148139077880909,0.00206163667267583,0.0152703227654887,-0.011472113141368,0.0150379758676181
-0.0482139462629284,-0.0211882818313981,-0.0565021353359863,0.00736055969107652,0.00639401805789296,-0.014274928587227,0.0243462160304106,0.0253744734856805,0.0299828749571072
-0.0656863523144393,-0.0375243595377846,-0.0493762837720469,-0.035734121734698,-0.0121994338339813,-0.0169732654922564,-0.00907318368468136,-0.0384748392731979,-0.014556577604746
0.000834773712955251,-0.00159288684209611,0.0165038996109465,-0.00537686883503049,-0.00180719417765134,0.0103675672539139,-0.0125007716875506,0.00176320787677121,-0.00102385466396257
-0.107022236426376,0.0123614107233327,0.00304286249215658,-0.0639903478550617,-0.00718549310168284,-0.104407503015003,-0.0191015330103848,-0.0328853908030022,-0.0106101056144249
-0.0244398440561648,0.0149140095430974,-0.00451387558134614,0.0358810353934619,-0.0135762915160071,0.00249974175852186,-0.00224685377402981,-0.00533628814671992,-0.00602456286191443
-0.0505402958826878,-0.00151884935150237,-0.0381790455948994,-0.0128747087428709,0.00955827544687414,-0.0467646524353099,0.00482185143440567,-0.00797955060654918,0.00511280436737382
0.0389449336688639,0.0462331762241025,0.0393488650649533,0.0119314275793755,-0.0271277721311464,0.038936661485751,0.00409211973215682,0.000360670486969539,0.0275055625881884
-0.0537483488665057,0.00236626964908869,-0.0104562289545654,-0.0234812962392614,0.0135147746757778,-0.054494395799223,-0.0031356971655582,0.00818954805434471,0.00727966472133183
0.0571195332624932,0.0206096445653922,0.0240824788850956,0.0278022530910326,0.029314418832799,0.0711853337148497,0.029307735122956,0.0328078590767947,0.04072121057342
0.0948521924766295,0.013013842666197,0.0164642294067735,0.0233975483398502,0.0128239013976728,0.109017684667016,0.011607876569068,0.00880020423264441,0.0218145900387866
-0.027310573260536,0.00579646649470539,0.0018547930683715,-0.0232466365191302,0.00407512127312842,-0.0671535395660079,-0.0089077808002702,0.00388674617408925,-0.0127843735909341
0.00754190346488278,0.00729716238755675,0.0100804625167695,-0.00787103745052689,-0.00492206337548091,0.0058203398889574,-0.00334047159133273,-0.0152824776974116,-0.00495636602948233
0.021028998540125,-0.00215840811178977,0.00897014339869732,-0.000701704368797098,0.0178362197097606,0.0287635821501046,0.000115989575685275,0.00313173029511056,0.0260959665118943
0.0458902786511085,-0.00148237541593681,0.010721179350215,-0.0211870067276135,0.0261942752960747,0.00863710753636486,0.0227846451231901,0.00542870168918812,0.0207021624157147
-0.0619891146413044,-0.0310488683933022,0.0164767973366872,-0.0279374276474544,-0.00470629825029994,-0.0216144111527978,-0.0227188278065378,-0.0400953389106267,-0.0244806031091828
-0.0160836618863007,0.0171367410840045,0.0166989558202559,-0.0139146660179533,0.0192801989952282,-0.0355559559060641,0.0160286297885734,-0.00130400373196521,0.0100688285471694
0.0525791697089605,-0.00167483807587746,0.00088697687900228,0.0246319401068056,0.000379556173341952,0.012750451311217,0.00583176355045913,-0.0105287544419394,-0.012454290588786
0.048997229749638,-0.0360578122977091,-0.0114988015836661,0.0378411993545755,-0.0006378981176072,0.0318194621373526,-0.00838437990710094,-0.00913386948300223,-0.00198614401552774
-0.0708089288262841,-0.029574251727214,-0.0289567132864263,-0.0165222193089521,0.0106497411654201,-0.0901597540459314,0.00137865260169514,-0.0229693282605611,-0.00656092445322636
-0.0651899924954367,-0.00774649835864422,-0.0134013320723768,-0.0376290046249704,0.00613608271925653,-0.0466423655058514,-0.0119645933752598,-0.0176086305908676,-0.020098328334875
0.0105312694866808,0.0232961625923538,0.00999192252952635,0.0375951716912952,0.017169636618629,0.0343284401134901,0.0213503843648264,0.00790376388714589,0.0123881463163671
0.0228883560384456,-0.000962924654268513,0.00694021488413222,0.0137639976657916,-0.0159350877224797,0.0111091651060703,-0.00790440896165771,-0.0173621874094058,-0.0100911281985133
0.00427847914413267,0.0405573992119477,0.0233260945560407,0.0397289301917315,0.0255634586025685,0.0247576349779066,0.026994231944261,0.0415566451196929,0.0161925862512963
-0.0274662880033644,0.0139350598075759,-0.0212241232608904,-0.00260764828994241,-0.000203604745838522,0.00275384497508948,-0.014557945090958,-0.000145923292333506,-0.00945973737766579
-0.01315513353917,-0.00445255050030204,-0.00751775242846979,0.0252797642561892,-0.00672366533996486,0.00339415802966085,0.00314949838627873,-0.0124180678665403,-0.0152318480913609
0.0205864565935023,-0.00320335368215434,0.00584088733972187,0.0372839729427491,0.0177591439413426,0.0408280610318432,0.027599850343607,0.00588513354747189,0.0281306978546524
0.0496665250921621,0.0309760076683207,0.0205755114559476,-0.0149217077342933,-0.0142967722805982,0.047004390566233,-0.013498078462039,0.0274291851139103,-0.0170351358286703
-0.0404980258432749,-0.00938508577699444,-0.00252016641386641,-0.00675137002200791,-0.0102913728638063,-0.0412508341311339,0.0119280413434159,-0.0243342736723493,-0.0276372624157623
-0.067480566454615,-0.0475724946152097,-0.0457566365883912,-0.0553701697187782,-0.0207498739581964,-0.0270959093681574,-0.0367804605227452,-0.0172256136942982,-0.00708562377284267
0.0878518509879654,0.077104988897419,0.0703524094552601,0.0207725318344134,0.0236515249852182,0.082164155714419,0.00520017853558469,0.00266369505884471,0.0403987359487512
0.0236944710599902,0.0310061991515736,0.0109764745696171,0.00200767177685199,0.00462092654371333,-0.0323260767489068,-0.0189598497413153,0.0106115432119542,0.0142012981854733
0.0218384157957622,0.0238670860425624,-0.0143004363624331,0.0338747532319275,0.0088635867935934,-0.0090314450201969,0.0239413735569493,0.0134747970491906,0.0251080199947415
0.0222379046726101,0.00610120648818608,-0.0091639597645276,0.0192859395944287,-0.00272896988828014,0.0349965919321704,-0.00359344229592226,-0.00929689549535939,-0.0241191192629536
-0.0475217956515323,-0.00338779785712404,-0.032257837548634,-0.0277151021692107,-0.00017213209659529,0.0287311519898629,-0.00937891023050977,-0.0334314128542232,-0.00849623942058171
0.00798678907304229,0.0190607437706411,0.017555581424173,-0.00488512271211411,0.0261787866999446,0.00961073762198184,-0.00980041315440402,0.0345841579190715,0.0310308699913462
-0.0202991179924006,-0.046399417691493,-0.0284094047788521,0.00304430500554505,0.0061730961231948,-0.0409822636533484,-0.00525871286700339,-0.0134891731203391,-0.0127086225043915
0.0322488559300994,-0.0156483234633003,-0.016372616532235,0.015104645840082,0.00125328664484469,-0.0376513676834074,0.00737260672256391,0.0207537219563918,-0.00260794830956797
-0.0151514816766952,0.000376822265333765,-0.0390393843170649,-0.0133745369569998,-0.00995224681528545,-0.00142900318602264,-0.00119563565786506,0.0079707265325515,0.00707044521580519
-0.0193407802595253,0.0149667404664006,-0.0202834602054169,0.0475745673559631,0.00228489576214345,-0.0277949273058474,0.0155575307279364,0.00875542329077193,0.0101577923120673
0.00647342292167146,-0.00892921331137563,-0.00675350518439715,0.0379874707174927,0.0024350720499903,-0.00904359872858412,0.00234188389444871,0.0105512430272924,0.00232071664708201
-0.0677884468052874,-0.0342823074879005,-0.00996321472399287,-0.00967164592282103,0.0132164513847714,-0.034413067910055,-0.0069126866282306,-0.0110061730917379,0.0234845649657949
-0.033223136133877,0.0192105120921274,0.0113474086560604,-7.65879608804624e-05,-0.00550521118484197,0.0109201539671945,-0.0021491148060738,-0.000124782696250135,-0.0125214280125438
-0.00571480983226637,0.0208928794290985,-0.00553313447840069,0.00400905812198133,-0.00997929738812756,-0.0469183885364093,-0.00080511368369783,0.000208935415119151,0.00937446340495247
-0.0347019060139859,-0.00236267185036687,0.0365314039190482,0.0409105290383863,0.00113839483968956,0.00425298147384177,0.0320184629331328,0.0122824412365084,-0.000928186253772451
0.0423275300317065,0.0236064017213635,-0.00431224762631376,0.0138702620524578,0.0164423571947743,-0.00253109508888053,0.0314908233349618,0.0251089131566971,0.029482117556151
0.0416829606059226,0.0120125312689324,0.0250384317561922,0.0595202997768808,0.0216914295981844,0.0750719243389153,-0.00239803159756515,0.0267113969657247,0.033956969282755
0.0917731521711029,0.0293270227972259,0.0280894834148692,0.017146370647748,0.00768707551995679,0.111291526810682,0.00765094018512348,-0.00631770252645522,0.015468331998195
-0.0999912894717624,-0.0442466284087402,-0.032151278498647,-0.0598621155562368,-0.0101684278518306,-0.121629387500949,-0.0373091616845509,-0.0213111043628999,-0.0224007978199574
-0.000683657480122561,-0.00168184506866488,-0.00780776408400939,-0.0251253254549717,-0.0193863605882734,-0.0282690837092129,0.00997161736449,0.00477221852919279,-0.013018558979205
0.0121464901752761,-0.0115739392255502,0.00159609348380822,-0.0404603122944462,0.00287450461971958,-0.00581088232432952,-0.0210483240037153,-0.0265349258561376,-0.0083217332252977
-0.0069803626275808,-0.0100657000995951,-0.0427078151156568,-0.00380945068316512,-0.00640387879723555,-0.0091516616389828,-0.046899340933392,0.00186070111123298,0.00251268952067215
-0.0139094168270226,0.00790018830504576,0.0101224648274788,0.0177265504191049,0.00855721352374644,-0.0365175166366284,-0.00444401813518852,0.021729175652156,0.0165421900826867
-0.00836531367946517,0.0190524319835324,0.0224476162685321,-0.00685101456421637,0.00278280203889579,0.0125813811183632,0.0130980199883827,-0.00296447455212113,0.0151453614654742
-0.0367927856409305,0.00656679928003294,-0.015621719912723,-0.000539814080840775,-0.00277494358521309,-0.0274315616104343,-0.0299805448089692,-0.00356680314086639,0.00710941309376154
0.0768168897526881,-0.00508962272292893,0.0141196932938262,0.0142512087120006,0.0130848743695969,-0.0156836899005806,0.0173444819260442,0.00892013047751522,0.0203899499525745
0.0942362730837782,0.0566361590921236,0.0464627196354328,0.0781667711422236,0.00919253693682557,0.101330204480779,0.0134379733958777,0.0235448047252114,0.00793755286284447
0.00623380016164981,0.00200117174574347,-0.0120688466965558,0.0154096660848105,0.00647972610831617,0.023154340917991,-0.0164169584599348,0.00562538216088434,0.000948943494352773
0.0675384574111253,0.0261242726746134,0.0242743755254868,0.0413555467098305,-0.00148696005650887,0.0418094293808184,-0.000939797055214277,0.0349270291080591,0.00660449375675507
-0.0377951661473003,-0.0186258881375339,-0.00287475287648566,-0.0112328154020421,0.00636831335383997,0.104656238871554,-0.0127801680910369,-0.0171957331020838,-0.027367793073706
-0.00653943189695212,0.0212506329253351,-0.00258174689536898,0.0145863849417104,-0.00229241467677701,-0.0198823388399561,0.0176062154847466,0.00015909336013002,0.0296305213068348
0.00830234373429094,-0.00790512379137348,-0.0207311154936317,0.0297310384359488,0.0107705779794398,0.0149202092566763,0.0451964248083532,-0.00536379287120983,0.0281193865476764
-0.0359968607691273,-0.00162710749098868,-0.0291276440181538,-0.0428669306561677,-0.00193497110272905,-0.0229798722731734,0.00515417614799533,-0.0141796746577061,-0.0115169445975454
-0.0530056531125891,-0.00280569796287423,-0.0142757993243249,-0.0247093714138116,-0.0132238954018142,-0.0630054276677279,-0.0116853803259478,-0.0107976798639583,-0.0132608359007449
-0.00421543496575724,-0.0130325627074225,-0.0238515748799741,0.00465743715240309,-0.00400551812267518,-0.0801431002634943,-0.0148292472639355,-0.019851936310043,-0.017099189672135
-0.0167671411216154,0.00053677529412996,-0.0106734110677256,0.0245089874895584,-0.0031220990091874,0.0355944990019324,0.00526126638212509,0.0273524829809046,-0.00638532005125707
0.055865073410316,0.0131885418988072,0.0206635060785163,0.0190420619890492,-0.0023497742488164,0.0151001366815289,0.0142875033359336,0.0412959072235897,0.0139442440732611
0.052305150489776,0.0378451020700358,0.0274953179217947,0.0581854971485757,0.0317150869404974,0.0810693971969901,0.0136651850665968,0.0173320772691814,0.0491527664766827
0.0787633807764058,0.0464417449781843,0.0361844015632032,0.00837877834156288,0.0136335848127033,0.0558337232341216,0.0161725226643493,0.02021819086927,0.022013660103919
-0.00318146814716509,-0.00534145886466457,-0.00391003000155288,0.0120272132499668,-0.0129612866269049,-0.000711677528755537,0.00788536596274617,0.00902599798610185,-0.00724595705640365
-0.0120707909318763,-0.0222852003816236,0.00616721489600135,-0.0280378275010651,0.00506762385954375,-0.0185807077293433,-0.00702625996141488,-0.0249190749307125,-0.00354979387372256
0.0113793846139073,0.0509653574428966,0.038444798047933,0.0215084086521907,-0.0150926640764092,0.00689690619880749,0.0110919167775182,0.0363272231614104,-0.0195437820010721
-0.131955635705166,-0.0243894303499685,-0.042613796951163,-0.0741808222792193,0.000919470685319428,-0.109164863270312,-0.0143358157710589,-0.00445859281435877,-0.0116684951608661
-0.0321357411410008,-0.0117966550314066,-0.00132734607675229,-0.00100755763691429,-0.0149565580448476,-0.02079645844131,0.0121110309950692,-0.00890773297513677,-0.0046500544293347
0.0104491382549427,0.00978904056398638,-0.0136943783369263,0.0190525786871741,0.000101960638882561,0.0120551662373243,-0.00607355902929233,0.0284969203447939,-0.000455985026900977
0.0580796884838819,0.0244207274692799,0.000598752984198435,-0.0170363843401924,0.00708239387908957,0.0556910646182812,-0.00737269630994266,0.00460221891691761,0.000991452414146037
-0.0696801105164074,-0.0273298816137343,-0.0275903179055002,-0.0381028108691158,0.0109278795256982,-0.045070962673352,0.00315913937275485,-0.0205323386884417,-0.00487159050472818
-0.0539491196423767,-0.0156421031413489,-0.0324338776278375,-0.0373502561253454,-0.0025257046772637,-0.057659807575849,-0.017041314107562,0.00915490997246117,-0.00280817504598501
-0.00131009472183612,0.00403797777094696,0.0026581080705494,-0.0206949175201335,-0.00119644812973419,-0.0283895466709718,0.000197130192959602,0.0195754775505712,-0.00579936853781405
0.0260209923248889,-0.00161623770178131,-0.00423162098555776,-0.00558442755002625,0.00763495587482072,0.050156677492746,-0.00721681518770274,-0.0209871850353843,0.0191568276623032
0.0444292506198133,0.0101473953799567,0.0407861110504188,0.031455654934285,0.0147426703730239,0.080333282651312,-0.0123778603909527,0.00245332859675841,0.0294041592638875
-0.0480007038007308,-0.0209487254951786,-0.0374380793615728,-0.0128444085859843,0.00504226492379051,0.00284182194363853,0.00557989006658783,-0.0140002642871854,-0.0193423260708825
-0.0758151994471827,-0.0245609395154497,-0.0124459842059211,-0.0167492248607619,-0.0103013707509418,-0.0618638857139403,-0.00854123279009866,-0.0144260445688276,-0.0472301757134473
-0.0168825137359929,-0.00313875866340924,0.00139039613860598,0.00879763973259293,-0.00216452656345412,0.00161398165019168,0.0102355607125743,0.0142913309822399,0.0265001346500127
-0.0428536190766989,-0.00398897149712143,-0.0259834964057569,-0.0237750818729073,-0.00570386950423815,-0.0543951799356276,-0.0145193159765623,-0.00971581266849091,-0.0179314060775538
-0.032178549036296,-0.0651256679031,-0.0153048265099948,0.0354881780712121,-0.00478577022023866,-0.0145159476095497,-0.00805355110386963,0.00148439288966172,0.00966869673475955
0.0385009021829433,0.000574772991555098,0.00481411590865377,-0.0115055024551084,-0.00566346600114788,-0.00225439579008379,-0.0199996534723968,-0.00706299443084803,0.00346630861555676
0.0264875240173183,0.00817489900895353,0.001282547839205,0.0572248115319524,0.003190515180054,0.0301947951420337,0.0401481615812093,0.0113767583117304,0.0629764442043497
-0.0212039890046807,-0.0328439189504285,-0.0376602225341836,0.0101410933491335,0.00391558828396218,0.0111074171472741,0.0211915064400062,-0.00777319143601341,-0.00236869157830662
-0.120600486686485,-0.055262671429506,-0.0155668550364239,0.00155973449955673,-0.00720284740177342,-0.101399996337151,-0.00894636844556428,-0.00108528673480161,-0.0132074888380299
0.0311595902841369,0.0288421859547053,0.0303342699983008,0.0404411235419346,0.0309471276500806,0.00567935269812138,0.0205806678344008,0.0181296981632801,0.0362069169896325
0.0506964441238327,0.00718903195954535,0.00395278372468278,0.0249651540095096,-0.00978104561116046,0.0329127641166379,-0.0102064618245358,0.0147842715652509,-0.00835738554990741
-0.064511736240119,-0.0181696620742257,-0.0232114340507247,-0.0341525335998403,-0.0225426630500858,-0.0392457839563781,-0.00478460020350822,-0.00873910895287863,-0.0160616300193835
-0.0430454412205848,-0.0116071031487465,-0.00633716115182416,-0.0265092703286278,-0.0235319362546981,0.00148492868473332,-0.0120573616421758,-0.0101731174347602,-0.00914244705422261
0.00352935915507991,0.0238806153547952,0.000798900883666603,-0.00373868267254831,-0.00572139255260406,0.0163584509141536,-0.00263537042204475,0.011998750649312,0.00605814272749217
0.0803378323371385,0.0357734965244964,-0.000960451821973718,0.0277221682885716,0.00370128335818172,0.053647836810096,0.0058738216117476,0.0137964350833989,0.0274988278001938
0.0309202742935645,0.0448566899256225,0.0376111316930293,0.0449399056477412,-0.00265431106139509,0.0445870078934056,0.0114104829746887,0.0237179934692974,-0.00289611460458224
-0.00308811091243165,-0.0265148700268738,-0.0106319827004255,-0.0448716186397056,-0.0139100061712955,-0.046531263587651,-0.000228382908969644,-0.0163036727851923,-0.0121023941493801
0.0491276856896854,0.0475198210237481,0.0425811513773348,0.061445427013528,0.0185814049724146,0.0157214358214693,0.0294240432135046,0.0292804770070082,0.0340638604283166
0.0204743310842775,0.00772793618319409,-0.00599199320771928,-0.0311554024678028,-0.00807610160443227,0.00941660620925836,-0.0073288701841646,-0.00657758570355359,-0.016131375521987
0.00289876358425013,-0.0123568517520114,-0.0268460045194631,0.0171390782021858,0.0100440666130459,0.00641880226950958,0.000679626578707942,0.00396712115706597,-0.00343334772889495
0.0569848452759915,0.022154665672552,0.0287543079966793,0.0422739324526432,0.0124792867023466,0.0577187952080441,0.00292646549534908,0.00951053932892564,0.0145287550264461
-0.0209408226682023,-0.0149802642368053,-0.0126378463599654,0.0438505650723611,0.00357892565498138,0.0215471577600283,0.0146361167148641,0.0115445294780922,-0.000146475297988416
0.012848419984448,-0.0106092645553964,-0.0152317331907332,-0.0190630475191341,-0.00167555708439534,-0.0312221282841103,0.00944563166736236,0.0175165159623271,0.0088666873284836
0.0147655507096322,0.0366886658065926,0.0243673289621851,0.0685714493925351,0.029759670338589,0.0735938210109344,0.0160614895855641,0.0399581450997418,0.0295556695330198
0.0362110962017859,0.0100930951361241,-0.0181208942297215,-0.00632105853626307,0.000295105276000541,-0.0132292862840445,-0.00816740565665088,0.00387301214892326,0.00686185312134987
0.0144331010822892,0.0445227967128453,0.009012735407091,0.0361824842442002,-0.00652045358712297,0.0164191911499429,-0.00322986318550497,0.0240800557210804,-0.010018841058774
-0.0141259696463574,-0.00790863712645442,-0.0105009686594935,0.00293012464911601,0.001431732504306,-0.0261333362762907,0.0131470641706728,0.0128612586661586,-0.0152179566395612
-0.0322772687115467,-0.0169536913160275,-0.0111556525376032,-0.0186769071761714,-0.00285068295585805,-0.0838204373629763,-0.00880904353928883,-0.0234828659500932,0.000999644945043887
0.0856015210788372,0.00188568107016832,0.0108926836047242,0.0654941671394801,0.018293852627306,0.075966798982155,0.00839211032659459,0.041902697987042,0.011611337623033
0.0894725945961778,0.036078836976217,0.0456735959601286,0.0280059336702954,-0.00357718713452658,0.0510359026246797,-0.00350671850843871,-0.00309307320123088,0.00509745494306671
0.0210128671159406,0.028777248488367,-0.00158939674628638,0.0173957020034999,0.00321483059908286,-0.0428286858535764,-0.0213517668737659,-0.00833247786457868,-0.0175467725880081
-0.0194863552631652,0.016539193052745,0.00240583145165485,-0.0151267321800675,0.000607108382616749,-0.0423640520492916,-0.00457709335569719,-0.00568480386735146,-0.0017012629632872
-0.108162138057031,-0.0681809167986684,-0.0588391562017815,-0.0961535379971526,-0.015695857923596,-0.12083403929869,-0.0296561417955265,-0.0309704103981001,-0.0421996466816957
-0.101859855587893,0.0201056283837798,-0.0240274333386972,-0.0558377312729282,-0.0167290695954095,-0.0643230490616007,-0.014530979360583,-0.031298803790235,-0.0130268406785958
-0.028766894769542,-0.0279637965723706,-0.025310445178928,-0.0170540438434206,-0.00530513952573998,-0.0423223405608929,-0.00812353254233869,-0.0160760077141945,-0.0326481992011081
-0.073784999127804,-0.0314469651861592,-0.0359687616019715,-0.0430336272557045,0.0142087392648622,-0.0372384925880426,-0.00451032896651822,-0.0478342172251704,-0.00211206030525297
0.0297515293237622,0.00128392896118022,-0.00849620233821501,0.0100480457956186,0.0153723587768263,0.0146319483734589,0.0090732033167597,0.00919213366141463,0.0252391567632709
0.0181102938547357,0.0271295845930069,0.00795182113079069,0.00497623729439918,0.00209051886188898,-0.00522328134492232,-0.00163169320307248,-0.00223634173222757,0.0110969256598522
0.0159074565210972,0.019870944607725,-0.00794037811648388,-0.0283820847013852,-0.0064243841609078,-0.0137027001128502,-0.0104769886355488,0.00298633962143092,0.0135018504235083
-0.013255788175413,0.0153437284832857,-0.00186176501457803,0.0167874328060372,0.0111124179244,0.0236497809904516,0.00183676621077196,0.0262139017985309,0.00378318818077888
0.0562744251620819,0.00952588316449095,0.00479370274209585,0.0241006401181511,0.000675419112333313,0.0395216732128763,-0.00100597089306872,0.0176968664226735,0.0128470701578725
0.0747849482477442,0.0173582702716744,0.0132988713052294,0.0397510231861311,-0.00188529258982842,0.0497579942400983,0.00718168834394946,0.0104026338080052,0.0205307080701037
-0.129917479682865,0.0184254455256025,-0.0454856913289839,-0.0389741369927511,0.00827376235196537,-0.0863052302120731,-0.0129390322584131,0.00695565224056123,0.0164863196979624
0.0299325242447956,0.0434319682983501,0.0331419913737649,-0.00459374480412429,-0.0171545650319317,0.00147253258596072,-0.00833916993045987,0.0147172748516716,-0.00895620162548014
-0.019890909552389,-0.0088004297199138,-0.0415455050622559,-0.0467025607098641,0.00677714800896425,0.00202755772377449,0.00878555474644827,-0.0298686152613389,0.0145504535869097
-0.078917402445719,-0.0205938936917612,-0.00216787075017565,-0.0379542579734898,-0.00459378500356339,-0.0178042726460659,0.0103267432465046,-0.0303868274746651,-0.0482612669085379
0.0361796321288103,0.00486955973652188,-0.000726038170898431,-0.00942586181072439,0.0102890641685269,-0.025996783612549,0.00973964652811725,0.00674494691736645,0.0220907541569523
-0.073887389967834,-0.0295191409423649,-0.0262732412778489,-0.0571306382162127,-0.0155031518943263,-0.0468665314273821,-0.0132695981057224,-0.0415646227894899,-0.0227211926852945
-0.0329986727920875,-0.0695320201793404,-0.0427623828071656,0.0014314746236941,-0.0190823397638996,-0.0585524545419231,-0.0139825300247864,-0.0282769503013188,-0.0475597640202752
0.0410600773328466,0.00223307867225187,0.00383144814667771,0.025075634118206,-0.00429988507826764,0.0362241205471055,-0.000620757964116097,-0.0169051620789433,-0.0101375596222751
0.0351481924501894,-0.0216329949910687,-0.0154653146423735,0.0291674497321471,0.00943553088366265,0.0312086205095843,-0.0103901826525196,0.0153258903681955,0.0193096920679568
-0.0280028773904705,-0.00773991006863408,-0.0212756825293189,-0.022858734371772,0.0143217930005489,-0.00432853655902339,-0.0277012096920663,-0.00426463945289542,0.0214837072126735
0.0136454898657636,0.0188569468630625,0.00560376759866446,0.033632651910841,0.0194736225217709,-0.0368187002952653,0.012187459490502,0.0209525501171665,0.0170983878160316
-0.0602318454169949,0.00920537891602902,-0.0155040014848319,0.000766528576128376,-0.00641200714790663,-0.00957284657466775,-0.00839930202943584,-0.0279219871896171,-0.0208174784920255
-0.0298747864671179,0.00448414576710337,-0.0300669694394127,-0.00940359258646324,-0.0222083902767966,-0.0157264403661213,-0.0096785552494934,-0.00570393746744813,0.00194104505721688
-0.0433990253538974,-0.0172390570142813,-0.00260015177538688,-0.0190772158424384,-0.00473893907857155,-0.0344329306512647,-0.0105280355734245,-0.0268633285819773,-0.0118132066454265
0.0251049214763736,0.0312913062019533,0.0142904058264282,0.0147702231517083,-0.0100595127759352,0.0551569667940149,0.00757066868130518,-0.00487968367634062,-0.00929658352815166
0.023105708958555,0.0249643590985073,-0.0130378798785115,0.00296950650515794,0.0149249651026179,0.0163910847555354,0.01532659072901,0.00275214180201597,0.00191378817572106
0.0185020298407365,-0.0141702467548231,-0.0131785472096843,0.00555533293148552,0.00882490463887894,0.00714854053162887,0.0125611041299539,0.00461836813055809,0.0169435604818853
0.0391129636310449,0.039992557630796,0.0341421346323734,0.0187306407749671,-0.0111683592322331,-0.00736124211442531,-0.00252521431599233,-0.00021046463994911,-0.00540174832098471
-0.077362203871663,-0.0308277986896,-0.0519883290871461,-0.0504642896011215,-0.0335069098157794,-0.110670705250002,-6.3974149487064e-05,-0.0156067954243153,-0.0286444115649095
0.0480981273546114,-0.00984707941058528,0.0136153944680493,0.00472982777297766,-0.0163264681911473,0.0735537640320097,-0.0124131815024786,-0.0108268500984437,-0.0126815118758538
-0.0504535300665131,0.0108379307596551,-0.0126352925571749,0.000466594273887915,0.00107067692469617,-0.0307873268798172,-0.000629188973006411,-0.0147063674421548,0.00377025521675851
0.015906438297593,-0.00227513824446646,0.0147687384110572,0.00853525599294425,0.00542418888874189,-0.0795791545557435,0.0152149487653832,-0.00184781488436818,-0.0184041371547161
0.0594623666389979,0.00511436896011727,0.0174275619391705,0.00206179986552196,-0.0203716820678382,0.0267571951856485,-0.0217641362733363,0.0082686315259375,0.00730041142939923
-0.107511063752399,-0.020266236264136,-0.0453352744052264,-0.0617628603201487,-0.0127339691026961,-0.0750217165983732,-0.0288330733309141,-0.0203821419063841,-0.0394413448956496
-0.0073668443936296,-0.0105968806344466,0.0106127908283862,-0.0292581681328328,-0.0128320802115479,-0.0200758655007517,-0.00992890092003048,-0.0398572757544021,-0.00370289192660532
-0.0529942617268196,-0.0353170013261165,-0.020023869463865,-0.0337569203741401,-0.00946303501281787,-0.0629038573561262,-0.0135330683050658,-0.00967048669591566,-0.0163057573769343
-0.00312825659514556,0.00199104965109112,-0.00343466923225358,-0.00052540822741042,-0.00879556001008299,0.0379371037667661,-0.0012261038495917,0.00325223127676832,-0.0100153380496109
0.0144075867318465,-0.016832639523085,-0.0156174927904158,0.030676144293669,0.0175335141615916,0.0125975687440376,0.010974735695224,0.0179126107871002,0.0227111733357613
0.0285665260946626,0.015362146822775,-0.0187433366932227,-0.00789264968439259,-0.00869500451152691,0.0169600837889494,0.0119839693044208,-0.0141647197632961,0.0161906217422724
0.0203692152791473,-0.00644822684439553,-0.0234103522197842,0.0114987114280166,0.00476674418334459,0.00367367730297629,0.00308686243505805,0.0160035469690533,0.0105796724616264
0.011809876275625,-0.0184128725242063,-0.00473142083953347,-0.0231445549365235,-0.00765673140843936,0.000284922938498701,-0.0340636239437962,-0.0369500405271039,-0.0211937377821217
-0.0929538076754207,-0.0289120029570729,-0.054503712621157,-0.0318838643230459,-0.00283558918536292,-0.0708218353174151,-0.0187886425844196,-0.0200375963439017,-0.0134378507056903
0.0486078081669039,0.00220971783510653,0.00735261051856505,0.022705220835119,-0.00845763693610848,0.0665189401363902,0.00868215444317346,0.0175562115338601,-0.00907882300717672
-0.024395291103594,-0.0251513151554689,-0.018033440362541,-0.00156871128730104,-0.0044493201465999,-0.0152669484100904,0.0151529312501668,0.00565686685457603,0.00898088429637811
-0.0451607508960132,-0.0151003557866772,-0.0338522171091187,0.0600628060355881,0.00217418046596713,-0.0103773297799758,0.0119415893426128,0.0165854464060446,0.0119881050646824
-0.0505497690092262,0.006540844205529,-0.0172417446858993,0.00633520304881799,-0.0171369131164224,-0.0592600315229535,-0.0130780045459753,-0.00602028593798619,-0.0105208531657174
0.0138050008342121,0.00319509080048794,-0.00232352775421976,0.0137503845479728,0.0129776400145649,0.00823646824866914,0.0243367849512383,0.00101978892473198,0.000512726377239506
-0.0190007187587701,-0.0177702994243771,-0.0326741651147902,-0.00498568007988103,-0.00683910225375121,-0.0523189679220405,-0.0123766505297571,0.00906780699538335,-0.0246410120743963
-0.122337441383373,-0.00411374253499401,-0.0180822281066472,-0.0394493579698591,-0.00245307137797654,-0.0858909490331222,-0.00789609436570026,-0.0324819137319692,-0.00247025923435457
-0.0225671442402413,0.0355333645312362,-0.00154699220528803,0.00510462982565522,0.0192519929640473,0.00596795155808131,0.00232588797927761,0.00647083317856683,0.0381228934414563
-0.000885893794294792,0.00543795985695219,0.00900798142844109,0.00115727080660456,0.00336943090933724,-0.014260912309089,-0.00047573874446801,0.0219530230691297,-0.00663021105505345
0.0116949896587516,-0.0173908025346707,-0.0141762713644823,-0.00359012849235324,-0.0175159907146744,0.0121780877760582,-0.00134693471398699,-0.0046224515776886,-0.0286610775398485
-0.0835562615135368,0.0208320218605586,-0.0629891780284612,-0.0171393084444626,-0.00748679647952652,-0.0749718448637359,-0.0260263061165695,-0.0363078529638676,-0.0292306497906721
-0.0277721510897363,-0.0228184274666084,-0.00734923690163036,0.010633496245828,-0.00520366066912741,0.0402047643713955,0.00921227170150093,-0.00314928060928095,-0.0150117975932884
-0.0509460602140915,-0.0163405496174417,-0.0372837490415973,0.000439135713134823,0.0123297173022887,0.00276677559645919,0.00614961379660466,-0.0021704697180017,0.00443710061836388
-0.00755704729579737,0.0161636576344432,-0.00400049880890831,0.00916642519935425,0.00802717568978939,-0.0481833123987783,-0.000151523545057401,-0.00975608063593304,0.00162114011434688
-0.013274071965111,-0.0247730233800941,0.0118745912545619,-0.00887856799536416,-0.00917900779421758,-0.0113298998518202,0.00242979633352204,-0.0164548978487259,-0.0131740386573931
-0.0148355998355993,0.00654331352669243,-0.0180294747510096,-0.0176950506635193,0.00201660421961519,-0.0767324130488778,0.0108370021931821,0.0189932830619865,0.01120823972909
-0.0667101768984554,0.00620437972843148,-0.0237059310508179,-0.0283772180787041,-0.0110307570600195,-0.076331497871752,-0.00529669936590843,0.00145249071563344,-0.00471556593847356
0.0161795256357838,0.0345985879359405,-0.0200663354656619,-0.0129014140989942,0.00134793979620812,-0.0202544891741155,-0.0117654752625525,-0.0138989561710836,-0.0025572889504909
-0.0650392043510119,-0.0217126674862136,-0.0266110599365105,-0.0327198964904201,-0.00675954091099982,-0.0651424179823475,-0.00343724794997503,0.00950806786119518,-0.00721360582162754
-0.00425748782950267,0.0155653585364199,0.0163419655764917,0.0305459703103677,0.0136859638892232,0.0131478403517998,0.00668632168784343,0.0228245681831502,0.00722169949828087
0.0134811245468901,-0.0287022111624134,0.00723530119481152,0.00845895780953606,5.32970601681474e-05,0.0297625798958912,0.0243449338868206,0.00835554905717528,0.00403625410451106
-0.0631423888979518,-0.032350696081505,-0.0379773689778266,0.0166993186870749,-0.00611533725040022,-0.0900825610038061,-0.00637073333864814,-0.00889240909194726,-0.00166525810723374
-0.000193330908157816,0.00688874534027357,-0.0194019028638217,-0.0286335832164865,-0.00390988627852278,0.0166895244348749,-0.000954252999123173,-0.00351260078415371,0.00150235912538513
-0.0725226067694938,-0.0431311815251098,-0.0465919691479719,-0.0286862103863791,-0.00780795488642607,-0.0604021061042313,-0.0352209763858716,-0.0452357150859482,-0.0143136592063788
-0.00707659166187042,-0.0427801518891044,-0.00720769710121184,-0.000889588356841527,0.00520042482666178,-0.0213391762716608,0.00990073328709634,0.0122874187101266,-0.00102852471813144
-0.011469187180111,-0.0428497329351553,-0.0458819521650529,0.0236760886673505,-0.00549876533408795,0.00530115427730969,-0.00683008211130291,0.0200964159428612,-0.0260086711950316
-0.0473587529082735,-0.0545846338734275,-0.0379409424962728,-0.0424864331580017,-0.000101612907049455,0.000833411296252631,-0.00343484402233777,-0.00538521497151891,0.00229573679106382
-0.0051923952127359,0.0234666080677108,0.0328546192733199,0.0142632267188987,0.00168861067402886,-0.0072617596265436,0.0159625199886446,-0.0129761276695718,-0.00986811887218954
0.0262682717640821,0.034724462791057,0.016405140450371,0.0250874009006903,0.0095015504048645,0.0218573413666468,0.0314065853425161,0.0336706173272439,0.0330859560017424
0.00112754707097059,0.00312554155176031,0.008843879365312,0.0452775978214681,0.01393960176098,0.0191914020804266,0.0287033516809423,0.00818958902435121,0.0367386271041639
-0.0680708045960956,-0.0139431722572739,-0.00494039322982202,0.00902505199104076,-0.00823832338355757,0.0119693864724792,-0.000243142231169913,0.00926720799841813,-0.0172971908668476
-0.0264457964826237,-0.000719823396580621,-0.00646965725579414,-0.0321682253466217,-0.00696508031221099,-0.0181291631155132,-0.00052503781925689,-0.0283013152564376,-0.00108953024674694
0.0170920650230759,0.0142363430276673,-0.0091699025838477,0.0102410110895278,0.0131572264094868,0.037604298742048,0.0149790719592611,0.019403060666853,0.010389960080741
0.00259893520762942,0.00950743595327231,0.00249751997924632,0.00303496031740049,-0.00102997625887061,-0.0148693505814748,0.00812841029351801,0.0106550640012017,-0.00277458719922027
-0.0371248574105433,-0.0153912972259218,-0.0117537896402868,-0.0192220737525183,-0.00937416057335714,-0.0427381412547011,0.000841870874727397,0.00305331442223279,-0.00881598791737929
-0.0309432007326223,-0.0180192771209616,-0.0428297209947077,-0.0184391335784835,-0.0130960617453188,0.0183322701617547,-0.0027608473361353,-0.016798066950818,-0.0042742159324423
0.0476247878415393,0.0342800090729037,0.0348673484054441,0.0430085805890389,-0.000478457358942702,0.0370565504121792,0.00523098562723961,0.031426017793836,0.00174685964802475
0.0807962856386172,0.0114166420031837,-0.00378541565489368,0.00735006480848729,0.0193616646855004,0.0809045945429006,0.021452769588207,0.0371241799877796,0.0339804882020099
0.0240424500728035,0.00926506450735926,-0.000788461074472141,0.0356507863444646,0.00765190063156521,0.013577545219312,0.00601809120360584,0.000703331073672826,0.00162426385434804
-0.0343933346981654,-0.0263953574178842,0.0248712642675508,-0.0427266619983289,-0.00502794944164819,-0.0354343882444691,-0.00672266849765805,-0.0295178854842803,-0.0333167549114616
0.0123837324317149,-0.0086379283526525,-0.0126491059561036,0.0289425018510634,-0.00698993072854383,-0.027916880320806,0.00485113567303475,0.00676601749879352,-0.00109606676185138
-0.00224968980894935,-0.0405584080378593,-0.035982904176971,-0.0154437481432293,-0.0073929787573762,-0.0923428052288252,-0.00569905516209076,-0.00853084937762177,-0.00764443960336797
0.0238767719223433,0.0156922819833633,0.031252242213574,-0.00707714321101543,0.00381493723992379,0.0170478328972335,0.012221438050732,0.0201140277025383,0.00448026887847008
0.010176959490244,-0.0180228078291277,-0.012698405669867,0.00050728447743028,-0.0181641366081932,-0.0187269126704782,-0.0057272473018706,-0.00564139699187969,-0.0176861788337509
0.0257945427023581,0.0416835510360888,0.0112331652293208,0.00557454702991208,0.00543055190625473,-0.0306949651474192,0.00932321055941529,0.00749793219885734,-0.00363979848601132
-0.024258261024709,-0.0141666759096015,0.00699832959398928,0.00695150860909154,0.00892296599697557,0.00382686759639859,0.039943930574569,-0.0035184681357198,-0.00184697974110442
0.00413935220059741,-0.0267523814800837,-0.0235872236111605,0.0148832289655011,0.00527843688158797,0.0839450804531672,-0.0048614042087752,-0.0187173790487002,-0.0269703817868688
0.0368005106995455,0.0387529867577305,0.0370812105022386,0.0377369057573009,0.00680140404223075,0.0206931393083378,0.0129865115805823,0.0243496414815369,0.024421994768437
-0.0543606904871874,-0.0174164892299699,0.00418992818220053,-0.0139975575011046,-0.00599223374268812,-0.0195402932542328,-0.00710520209954482,-0.0251233368592015,-0.0297048294061028
0.0646631226177226,0.0137039177634919,0.0199731967473316,0.0187641240482449,-0.00255054046820637,0.0194104611957599,-0.00919606295286964,0.0109310123772851,0.00122922580459077
0.0577058061633117,-0.00129495109402486,0.00366491880566197,0.0481121844575814,0.00227372537432954,0.0284411932553705,-0.0175893134699464,0.0324578503470646,-0.00742321846597538
-0.0015057372458582,0.0162393639054557,0.0124173941514103,0.0296407414320503,0.0142662309507435,0.0172270583529974,0.00935040771102663,0.0355839390911202,0.00962192977494335
-0.0216185748289358,-8.86835840763996e-05,-0.00759675147515139,-0.0126271503255411,0.00188737471196014,0.00135012519187525,-0.00862132371881243,-0.0131004191526601,-0.0117767712853358
0.0276885343020208,0.0126457462566391,0.0117613380954973,0.02067926412571,-0.0101650553317938,0.0545189730249891,0.0125604751028657,0.0209741282214877,0.0119227695032193
-0.036577706124674,-0.0111889457178247,-0.0297271010142505,-0.0453094953783177,0.0292148898085325,-0.0736617629360792,0.00724782439617299,0.00285664242076318,-0.000947788110507138
-0.0322521996756841,-0.0162649388039224,-0.023381042771725,0.0233012671671564,-0.0194768054074012,-0.0412750400221003,-0.00609563239964601,-0.0170039331544014,-0.0249833392726692
-0.0183020564076001,0.0101678250611129,0.0185674757928435,-0.00199793704420142,0.00185901915841935,-0.0342059812610868,0.000154565707069767,-0.00060351573488846,-0.0049623684776151
-0.044897405020409,-0.0191656511459115,0.0206117305441955,0.0330374980320232,0.00932065523756158,-0.041404294849396,0.000697961438084964,0.0370830243152248,0.017493379116138
0.0185069475347978,-0.018893332251574,-0.0153907778593246,0.00409857773320967,-0.00534188402421078,-0.0215875776675126,0.00607944432421503,-0.00709358161147714,-0.00839796352022475
-0.0173246370798681,0.00542818208658704,-0.00322856255264293,0.0129319871849009,-0.00153411474655278,-0.033961576429489,0.00552714316240623,0.00588497526717123,0.00709761797353689
0.0657165188115504,0.0486563039849234,0.0350828389761221,0.025037551180176,0.0212934867944827,0.0428807152035451,0.0164338996773644,0.00314642351846962,0.0392612728038034
0.0474248665930712,0.0204800253324538,0.023263965340367,0.0249008588701079,0.0101652165123924,0.00552554840536684,0.0118053802467813,0.0244173965079792,0.0144450022064849
-0.0129737622632767,0.0164127422842266,-0.02028857338154,-0.0112389687201567,-0.0157490002516309,0.00987490734666082,-0.00440014975896916,0.0029255016447246,5.85454814028124e-05
0.0772906481323658,0.0634323609398368,0.0496804417383113,0.0619659629128471,0.00881619422655365,0.0948968403457196,0.0181983213449636,0.024346979963896,0.026545348544942
0.0572307210128158,-0.0162000332667681,0.00983196148539871,-0.01160581883441,-0.00531169346571508,-0.0145548983466434,-0.00723089600333588,-0.022382340027474,-0.0159374396714952
-0.142206528766443,-0.0683693333300327,-0.0517439202812044,-0.045442462870334,-0.0362045718896731,-0.136415455866273,-0.017021899002669,-0.039177557482044,-0.0430702756993735
-0.0154270113070437,-0.00468151114676704,-0.030964807094545,-0.0117435983310188,-0.00286766148351818,-0.0357333809656544,-0.0184938394944419,-0.00276886863593631,0.000894414864095802
0.00894849646004646,-0.0184463785656408,-0.0431488670371787,-0.0157159886812364,0.00119180975723319,0.0159065067179562,-0.0252342210354413,-0.0118877717934412,0.00579794885745606
0.0243259096407848,0.00206176106774061,0.024348341564197,0.038231740354793,-0.00751086288495123,0.0735533440213414,0.00337837600248546,0.0228898939447642,0.00080668872870167
-0.00757096690240454,-0.00616774995960688,0.00397937522542016,-0.00190099214670077,-0.0147792413342871,-0.0027479978352394,-0.0269774620959306,0.0117278406005269,-0.01608137313054
0.0264540137321801,-0.00799667593746794,0.00752441292411402,0.0168376532429647,-0.0176751484931224,-0.0506881699863293,0.00528465663026609,-0.00200397787991939,-0.0294419459583784
0.00588195884851346,-0.0137973869896329,-0.00952007523846593,0.0289275923494946,-0.00382404997238606,-0.0077415304197757,0.00511148874965175,0.0268935125196475,-0.0020233656173073
0.0427975021795226,0.0441385609785889,0.0444192900124537,0.0392434014747406,0.036053818039254,0.0426229406240738,0.0261241523079117,0.024827607656851,0.0425658305298637
0.00862985675197079,-0.0153389307460311,-0.0350375759432755,0.00414995579249478,-0.00411482109210657,0.00381259927424019,-0.0202128764254398,0.000378841540373615,-0.0056918455850889
0.0565910756336605,-0.0444136793496274,-0.0183849672644265,0.0150311266209468,0.00509719991289042,-0.00375541558530884,0.00563759099755161,-0.00135025421112049,0.0181836134273903
-0.013489410909734,-0.01330558747287,-0.0404908127983602,-0.022476761489699,0.00890445661472215,-0.0273247873232599,0.0132183566281226,-0.0132651975315684,-0.0161914244986394
0.0197717124252762,-0.0091919525346647,0.0039193987748193,-0.0135226216925015,-0.00724147228061267,0.0500269460951565,0.00215959755387224,0.0091459867051453,0.0157220432010492
0.0896732144627968,0.0236305104766964,-0.0209248032414754,0.0631833697110379,0.0128600846155026,0.0629867432840241,-0.000624657496296291,0.0156300998081124,0.0186142186712288
0.0297306379337702,0.00716674038104743,-0.0113903844023198,0.0123710287944311,0.0167380036763652,0.0464884631861544,0.00796000951381762,0.00824669586514427,0.0150230060161431
-0.0507519162890858,-0.000728474799488143,-0.0110232259723883,-0.0283797889504691,-0.0119939407215199,-0.0730794213678471,0.00853439424645869,-0.011620231752001,-0.0179740685505985
0.0152898566784978,-0.00561606992494903,0.0209674759241229,0.00216854396063679,-0.0242314738942022,-0.00751514534816381,-0.0111720284698318,0.0104507179531773,-0.0118327262286579
0.0115376643965836,0.01089042387733,0.0169066430920187,0.00900643500962495,0.00673377209203012,0.014688785861981,0.00616744943890343,-0.0184911712311009,-0.000103616721474879
0.00140795885005994,0.0211778649192695,0.0180024819289339,0.0803982307301171,0.0118123371979897,0.0424662730869807,0.0206603479013472,0.0229567209612391,0.0280178839161294
-0.0493038649820401,-0.0235357938996889,-0.0463177062421445,-0.0297732207450616,-0.00183418370863457,-0.0301814407421549,0.00294210830064458,-0.00860185308047514,0.00786279968738428
0.081292589853591,0.0234052586568276,0.0271402937078649,0.00230128920329461,0.0104582269799917,-0.00247781971581193,0.0339393920025678,0.00816345159813383,-0.015644045618678
0.0498931585418655,-0.00499087841465061,0.0155078131586856,0.00309411708703431,0.00850909115757934,0.00763299189714345,0.017916747554899,0.0118571273359808,0.00528710239966414
0.0147551680863922,0.00985551559149089,0.014004901767203,-0.0277471584943041,-0.00629205846749943,0.0502653490134796,-0.0432077931159961,-0.00162812256496886,-0.0271677728293903
-0.0504532218243729,-0.0377185034175647,-0.0291798784274588,-0.0376344449460648,-0.0155682780752705,-0.0331214015955019,-0.00731255009060299,-0.0197621699904853,-0.0156244244373916
-0.0249092946861181,-0.0259599575905361,0.0106435650467087,0.0134500976983727,0.00869422305174266,-0.026941094266056,0.0197308790176598,0.0126452666930671,0.0191535437525429
-0.0219187388850794,0.0018902993998798,-0.0392685213034478,-0.00537433858831992,-0.00226234114680214,-0.0538152221609971,0.00732297173594939,-0.0141695199416998,-0.0284900230293755
0.102685062677338,0.0682973915650739,0.0445753038986328,0.0363591782185667,0.0110058685606737,0.0601598165708212,0.0163860468881657,0.0283900423490348,0.0249844274504418
0.0526693142739789,0.0049477517497164,0.0157288229581722,0.0113130600821009,-0.00901141388491383,0.0166613218654793,-0.012658537065159,0.0158586564060928,0.00905190343670972
-0.0230002374224757,-0.0018275453914453,-0.0287801473141896,-0.0211225437775851,-0.0112393454891691,-0.0161722154142505,-0.00304056846420997,-0.0106015858588283,-0.0147602981332694
-0.0397009975884955,-0.0453451736253121,-0.0310086714813207,0.0110197343247338,-0.0259620598089962,-0.0330805466116418,-0.0200811527320396,-0.0177526406568847,-0.0222235517259296
0.0428048544846984,0.00273864590902234,0.00145909000973433,-0.0185300948524117,0.00650515121686501,0.0151811175126737,-0.0118815848515046,-0.00207246609034355,0.011556653074746
-0.0138784773960564,-0.0335240340075374,-0.0115892014414229,-0.00969154355102082,-0.0053091983265198,0.0041046527404938,0.00439698396373579,-6.10278637382843e-06,-0.023095449748864
-0.0391069390834414,0.0231456618677362,-0.0042791756881078,-0.0325573265604685,-0.0320671156392024,-0.0437817573986841,-0.0238597994450261,-0.0394431059383042,-0.0348493215678799
-0.046355653980106,0.017846742839553,0.00324554538420525,0.0157016257851726,0.00219016398806949,0.0486773422005317,0.0324144167920697,-0.0122841414690171,0.00517172003192284
-0.0430951329648648,-0.00122168193312028,0.0103094487893738,-0.0144792815868357,-0.025324034200566,-0.0354028263716967,-0.0337420278362441,-0.0316622223404023,-0.0258540514340937
0.0264719584812997,0.0431708856533002,0.031777317926589,0.0849047197403945,0.00454616887429269,0.0252795753059127,0.0250412661094195,0.034722579227211,0.0206545576642011
0.0666255398826458,0.0053033276081743,0.00809410930751197,0.025315091780676,-0.00213237797278304,0.0115833547759876,0.00418157374460471,0.00075570846750058,0.013023333144568
0.002930655669026,0.00492888941741287,0.00244020936869201,0.0191173483535091,0.000388506513978384,-0.0243947276978092,0.00899479059873646,0.00311673121612411,-0.00945847042506418
-0.0394021849667568,-0.0147813423046876,0.00972611965146186,-0.0318240028729572,-0.00577745351108042,-0.035044828844905,-0.0298565328266304,-0.0262596057299632,-0.0102277165095831
-0.0454424402801922,0.00244750907492616,-0.0122202464665333,-0.017903210618769,0.00383300775970337,0.000283811437949617,0.0002873112504364,0.00421769435308317,0.00428776978858662
0.0410945203298422,-0.0620352150567832,0.0140835068247539,0.0353686404405588,0.00886810802999167,0.0133192236101411,0.00837422584899085,-0.00379871590521086,0.0129744922056009
-0.0612965041123213,-0.0186044091421053,-0.0296773522680686,-0.012528247204429,-0.0205551735339571,-0.0650064046357153,-0.00267249311533412,-0.0207505724613469,-0.036717041839493
0.0541109162625071,-0.00113155108416664,0.00459735761162803,0.0445619659933789,-0.020763469126964,0.0588868027723341,0.00343962598151939,0.013276249232078,-0.0297251845024045
0.0746918610427618,-0.0142940166536133,0.00314015935688293,0.0103862604043833,0.00325462258018352,-0.00872429216030586,0.00954097725243624,0.0134859480260467,0.00337796590904553
-0.00976843477212037,-0.00915230498444198,-0.00296196654771917,0.00601966757626797,-0.0132386024462039,-0.00527889352319048,-0.00605774210702554,-0.00618123207959219,0.00300765796462513
-0.0188450781687544,-0.03056541113976,-0.00559764393224711,0.0254636387726075,-0.00160673856581386,0.0120861623560934,0.00264281478707545,-0.00144167098716254,-0.0144482828398649
0.0450941302562186,0.0396004384090303,0.0369829488005654,-0.00481380628727011,-0.0194402930068471,0.0665604399010488,-0.0248277372967774,-0.00311296875931741,-0.0119404195114725
0.0347856395309084,0.0187912268109029,0.0338353134439323,0.0370529407705514,0.00256395492630354,-0.028275554168583,0.00969390135271181,-0.0140777934548355,0.00423462289085267
0.0808350578139519,0.050201270586011,0.0556951505760197,0.021443563824864,0.00835600911233519,0.0799215626944641,0.00846203897478476,-0.00520648619943207,0.00810373849253765
0.0517355145613559,0.000715762908308221,0.00530821465751458,0.0186139599148504,0.0249057701324502,0.0632252081972425,0.00580131343392482,0.0117761656768447,0.0142176390584778
0.00985327055882637,0.0539868895165272,-0.000709658786665851,0.0907562419360257,0.0334596075991362,0.00949471288640163,0.0631549513437956,0.0465893201679065,0.0465870644507462
-0.00558166650064044,0.00582704467500144,-0.0134156619242489,0.00426604905375438,0.0102729410671926,0.0255930864052653,0.0147627250298241,-0.00898550631459921,0.00380859974223469
0.0414899677637504,-0.048969426368388,0.00378783360562568,0.0109298167707199,-0.0282959932920794,0.0377440153323415,-0.0140569052553896,-0.0261138784343702,-0.0217000709718491
-0.0253422449536167,-0.030967920742411,-0.00490614656103081,-0.00630834556187031,-0.02836717834384,-0.00468108563430113,-0.0145462760636893,-0.0127682273936561,-0.0288022926311607
0.0112492668861853,0.0056975912986078,0.0344518117277604,0.0151642678869856,-0.00660494497057835,0.0202350305058928,-0.017366725787834,0.000667807959072383,-0.0114330057762817
-0.0229647728394754,-0.00343745083841956,-0.034155075194804,0.0041526541110889,-0.00341203125939492,-0.0110929170965751,0.00377419179543548,-0.00801276453777085,-0.00509328852991631
-0.00023863234038339,-0.0160121866520203,-0.0118073858937441,0.00334720256392836,0.0107493750512477,0.00210979788130517,0.00666501710734054,0.00108808919936526,-0.0218048157399499
-0.0104661218568676,0.0100562469711091,0.00154441213723045,-0.0212253776165986,-0.00364814388244804,0.017242029383173,0.00992614952824205,-0.00299004249997372,-0.00164806013503666
0.0106986109660528,0.00982977062250214,0.00408969502419953,0.0142508842826033,0.00463885638470523,0.0137648025466761,0.026467922667995,0.0118836624048968,0.00696352834435634
0.00135954146369925,-0.0247463321441946,0.00857537208573308,-0.0194738480946914,-0.0152936374425438,0.0092616513617934,-0.0327950641613274,0.00263839694435172,-0.0154005939249269
-0.0239146906597582,0.00222383712738354,-0.00332193422677439,-0.00562602951416503,0.0123661970499818,0.0309725315498599,0.00253117638652705,-0.00715904319049658,0.00466142966327313
-0.0454067546461024,-0.00114003113267194,0.00953515712963341,-0.0307154515544924,-0.015249511644921,-0.00697131936892932,-0.015792797354236,-0.0392860261826233,-0.0250348602930953
0.102185847399563,-0.0111010135649821,0.00663298981730636,-0.0163703238759119,-0.00564881499761582,0.0607542863652501,-0.0203367530099742,-0.00482946270299882,-0.0142750929053859
-0.00973186122325497,-0.024981893268225,-0.0506237395401524,-0.0202385490980554,-0.00234511100285325,-0.0379600722134081,-0.0389306666994046,-0.0114181986634769,0.0185300562429035
0.0227002090932728,-0.0171940529310216,-0.00407836713493773,0.0320283651786444,-0.00996450546682803,0.0393780039635577,0.00695992445476614,0.00416701612691796,-0.00012395564010791
-0.0103808474284234,0.0108241102377506,0.00461404429288662,-0.0408118855800569,-0.00318182321018478,0.00185016087770083,-0.00877819619141584,-0.0091350105427396,-0.00139092664282411
-0.130766220142566,-0.0623071912696649,-0.0110499566096042,-0.0775676732301149,-0.0110896203149164,-0.197215629951718,-0.00862556734816416,-0.0121949803776778,-0.0197149129579753
-0.0101003758887328,0.018192197739481,0.00384737096089288,0.0141001783990504,-0.025326206611342,0.00475290610554061,-0.00307294181044473,-0.00364187380565438,-0.0307368854851305
0.0212398728780631,0.0207937732549707,0.00772096592247558,0.00662626318890157,-0.00134616869373197,0.00075004940931057,0.00252297379912453,-0.0140276327498162,0.00965199987948896
0.019219409323152,-0.0107893804263689,-0.0158386175082217,0.0271305423203659,0.00374862428171403,0.0480045946166731,0.00765279941525983,0.0183900427161458,0.0142598985911032
0.0780610006223137,0.015500478052739,0.0137911350917158,0.0350176657451721,0.00702192088598381,0.0764262441912849,0.0372079053929541,0.0227579622760271,0.04775805751217
-0.0280562160945815,-0.021021592392485,-0.0199762455983224,-0.0458457407898583,-0.00128880675445203,-0.0299610974347532,0.00748987602904417,-0.00723096318278914,-0.00167619497478033
0.0213644519043082,-0.00204151806234239,-0.00654612567020482,-0.00583623210502671,-0.00671283383995715,0.0666620979317685,-0.00931494858673105,0.0215629353137249,-0.0159616187925529
-0.00245428351633546,-0.00559566724875619,0.0118265042230905,-0.00278495103811593,0.0073428003336876,-0.0276637825178179,0.000164521780155504,-0.000305827764622511,-0.00679197690794629
-0.0524014062830759,-0.0479739944523234,-0.0222642732503147,-0.00617634192460051,-0.020170680605891,-0.0529471384975944,-0.0230338113437884,-0.01072467941569,0.00810339657858736
-0.0203691076797034,0.0133760693313572,-0.0212369834736602,0.0127226055938085,0.00542713705646674,0.0547941653251778,0.023024622757381,0.00909771474629149,0.0195276780207842
-0.0562033864683262,0.00853800954339729,-0.0141848047777812,-0.037016807766554,-0.00506752137239425,-0.0455870055434837,-0.025545330079355,-0.0232984077823908,-0.0106064512769433
-0.0716425426507715,-0.038103177065862,-0.0672480970981779,-0.0399154185731689,-0.00795561638239265,-0.0279478968753573,-0.00773911167499704,-0.0166008216901921,-0.0144186019149682
-0.0490428216065127,-0.00860050257386087,-0.00564392903830256,-0.00685878528803405,-0.00896983409703058,-0.00621521108641571,-0.00350647166784428,-0.000615522832432178,-0.00563356882993592
0.015257433207054,-0.0234620576657828,-0.0221578779757968,-0.0119464216819077,0.00228669539872617,0.0183949455569361,-0.0041945903149231,-0.0130041621297045,0.00573435393021483
-0.074118187252718,-0.0371244595028958,-0.0465169049119415,-0.0411816489851687,-0.027423076374388,-0.094627190827534,-0.0336661816936822,-0.00472695522870098,-0.0304539351328825
-0.0204105433713291,-0.00708244838920415,-0.011292609735428,0.0206364807015837,0.00165626740334283,-0.0104949165286987,0.0154140144449616,-0.0012684050025641,0.00154212510263448
0.132044238145332,0.0425578997321982,0.0326333165233819,0.0174366622069278,0.0150694669196648,-0.0912976466411365,-0.000394186952837868,0.0257533289638765,0.0383705561657586
0.0462079818778759,-0.00502428680931906,-0.00778209578657563,-0.00160313403109952,0.00771383843313125,0.0430738317009622,0.00777473417155631,0.0179797381124002,0.0131443126155558
-0.0165714468412974,-0.0409019591463831,-0.0234711522753845,0.0118966459605533,-0.00655155616860816,0.0256592622835964,0.00657202869668351,-0.0128421762459843,0.00112262108040329
-0.00353945569948948,0.0169655769285771,-0.00365403660118795,0.00323405827231174,-0.00567233964361395,-0.00833706372416826,-0.0115669503428666,0.00138364478917683,-0.00229582059490569
-0.0563692442661925,-0.00622682991137656,-0.034832276025681,-0.0375631229186608,0.00233709428056598,-0.0811520975297169,-0.0177401710571792,-0.00219748492130667,0.000667767100657729
-0.0398245132952023,-0.00336026252361804,0.019500234306431,0.00477286022752908,-0.00335386262021133,-0.0270806356446988,-0.00238090586588695,0.00102933222946987,0.00134694236756255
0.021112410894409,0.00919131623325425,-0.00198750376963372,0.0049960868754868,0.00359627028118157,0.00278517242788274,0.0130284403076004,0.0304937390542124,0.00862890499227856
-0.0599196893725039,-0.0219957806452876,-0.0114513612847678,-0.0497667358215775,0.00602341980917257,-0.0327354656924359,-0.0147958622182676,-0.023360555708811,0.00726320519621836
-0.0354477592750238,-0.00747585525607296,0.00594647355638829,-0.00987020217673075,-0.0145647178493934,-0.0283486611103901,0.0019524953177815,-0.0107329226938579,-0.0254342932753603
-0.0331757085445949,-0.00125802405845455,-0.0468102636677187,-0.0183892577648004,0.0146924459103657,-0.0581070443133943,-0.00106968940272465,-0.00650964220733134,0.000164566539038117
0.0279636996569596,0.00990795366326498,-0.000975485823545411,0.0416426832305869,0.00890216588334295,0.00297863997397131,0.00898874779987086,0.00863457467789163,0.0211296692376855
0.0353181158718869,-0.00969087453089424,-0.00648465262180154,0.0143181275059937,0.0297084801757644,0.0342744681318486,0.0431309932516044,0.0233794495974406,0.0264701475662006
-0.00183745587686726,0.00179631954583606,0.012207720136382,0.0028241889159371,-0.00731080702387323,-0.00989494173097254,-0.00075795675670113,0.00313416791898963,0.00331961203005329
-0.0501209066514412,-0.0298851563268047,-0.00322379023124965,-0.0228226241385668,-0.00852844524947203,-0.066661439835645,-0.0282100291807877,0.00702788015107419,-0.0125255179669785
-0.0118922947921421,0.0286420626997083,0.00212482836395653,-0.0114751376593223,-0.0201973611594284,-0.0290248816480793,-0.0079552183994686,0.0126126967038066,0.0098587512522439
-0.0317269315546004,0.00764035841849077,-0.0159027263318051,-0.00658725024422864,0.00871779282653002,-0.00174028707359398,-0.000479574632215157,0.00922114457088566,-0.0104276080979466
0.106065755844727,0.0435944108789475,0.0437340689303223,0.00811187251180941,0.00770959042394102,0.0817293907270532,0.0216873233152885,0.0196716192831298,0.0134998108162561
0.0541960669051536,0.0393355520749764,0.0227381661495796,0.0303920748261029,0.010882960033372,0.0889573452763844,0.0232260425855322,0.0216072086308411,0.0402279034093122
-0.016451735502648,0.0379858877603101,0.0170246341855786,0.0138881048060237,0.00801263381126659,-0.0406154269613697,-0.00474704790740094,-0.00754692983731802,-0.00940052699760944
-0.0319270828721084,-0.0326429581322922,-0.018016167132366,-0.00225808911041907,-0.0149035501415447,-0.0406217522986566,-0.00836912523886297,-0.0166204186623562,-0.0138203320790187
0.0236481333377008,-0.00529577167054017,-0.0211555043186835,-0.0131792554661687,-0.00673856927884199,-0.0057170789969009,0.00158739146909551,-0.0239567518025269,-0.0144095131363233
0.0174312262489676,0.0344944955629381,0.0433496374684779,0.0333906626732421,0.000893307040884023,0.00918672361963012,-0.00399228779994849,-0.000181243374361863,-0.0159584182408166
0.0501430103820842,0.023297688720283,0.0225810416871413,0.00355958478855121,-0.0029847952177023,0.0184505340607709,0.0208534278363209,0.0141143399265207,0.022548704870495
0.0322536118374759,0.048289336791909,0.0281928442709188,0.0507248202265012,0.0239249845762491,0.0823226911879857,0.025900370870305,0.020124331836222,0.0341383945492833
0.0400666752870013,0.0357229451658521,0.0441742939794448,0.0559802503209268,0.00679493645601273,0.0559011897073727,0.00630583254813951,0.0213705519279727,0.0370873241983575
0.082097087098324,0.0282767481500502,0.050968351364348,0.0219734238679669,0.0117212756371479,0.106082556862114,0.0104653156922407,-0.00850827909305886,0.0249791337542992
-0.0227519601577557,-0.0399477652740876,-0.030092510763047,0.00463215608192695,-0.00762518489381433,-0.0102213707114738,-0.000374295835292044,-0.0242823465939918,-0.0159505982199323
0.0242440433622543,0.00407595909427363,-0.0211713985618905,0.0227973696307952,-0.0183451498981593,0.0468996008351741,-0.0128197797040201,-0.000621501958435194,0.0148739429662601
-0.0158194524999907,0.0044460108808011,-0.0252345026385504,-0.0124523326323129,-0.00113669922840595,-0.0133026691231758,-0.000492002838642274,0.00663867487189628,0.0247733753924161
-0.0114745270605114,0.0182359189139504,0.0184672066521125,0.0202849155430033,0.0213064793289198,-0.00450731568048588,0.0163277163531091,0.016323405757747,0.0150769790673392
-0.0435379316532097,-0.0399448536734255,-0.0165871125147809,-0.0277832948449839,-0.0171363854531856,-0.0424023386538169,-0.0197391223836975,-0.00385241991403071,-0.0091728910414228
-0.000123831799124748,0.0311375481235377,0.0155935031353063,-0.0267265799966278,-0.0211526385860642,-0.00408151873346723,-0.000784300650883381,-0.0207863657761502,-0.0136339457717314
0.0347609648932597,0.0101538237106935,0.00154333463269288,0.00339020826179878,-0.00894164147243749,0.0165883097738602,-0.000752381873299658,0.0213001747519998,-0.000160146566501506
-0.0163005412028345,-0.00943787533908868,-0.00985987090118281,-0.00310201128390787,-0.0263235053394597,-0.0478353490739892,-0.0229205790134015,-0.0427318199262022,-0.0442791066620846
-0.0785946347832511,-0.0142872381763258,-0.0309148958581837,-0.0175154905046164,-0.0160987478716494,-0.0566678193559781,-0.0187321188180114,0.00222274626853527,-0.0164959167920417
0.0365498433553707,0.0137227962052114,0.00286833567745727,0.0394290497361596,0.036857123727148,0.0219671894931829,0.0237877068697125,0.0320325846888382,0.0410020223358381
-0.0952984199588146,-0.0374319781484736,-0.0737413930698764,-0.0676670648633094,-0.0234920466524168,-0.119711462073809,-0.0184793380350522,-0.0205893608778773,-0.0138447209158353
0.104320290571516,0.0188292552541347,-0.00433744050019582,0.00498120357764592,-0.00899559051960975,0.0847228472873264,-0.0131625182894293,-0.00583772453430304,0.00106773139318335
0.100576172847565,-0.00145887506753815,0.0070663522886416,-0.000130296139853292,0.00178144233030485,-0.0211510336808971,0.0135095370640435,-0.000409302196871557,0.0226480451748908
-0.070784124659509,-0.0638521250390287,-0.0746068115014476,-0.031578349060431,-0.0377820834817528,-0.0558341600156559,-0.00888365490117263,-0.042045906685649,-0.0564683915403164
-0.0787212886266403,-0.00370075564464187,0.00499610913980003,-0.0119692829181977,-0.0275387892780212,-0.143858563961329,-0.0374716052599342,-0.00768703089614001,-0.0409417479398257
-0.0855068513730302,0.00846462616451895,-0.0222585497074826,-0.0550583669074595,-0.000922255193843266,-0.121270723769353,0.0129857078129462,-0.0283877191525091,-0.0184142747632263
-0.0430658264036769,0.00163426656373461,0.00210742490748448,0.0317235615008647,0.0100161386637647,-0.0359055754392077,0.0124052740792158,0.0394000755252637,0.00545881481920241
-0.0168632341145537,-0.0284526493000291,-0.00898509688636697,-0.0158801025060934,-0.0172170165753915,-0.0460581795074289,-0.0313722391333881,-0.035473437704646,-0.0141129428770967
0.00875439143073192,0.0302716649075636,0.0216928440412642,0.0131558009804158,0.00993877610188977,0.00590201520370097,-0.000938016219547879,0.00227940407010794,0.00447475288012126
0.0809534656226655,0.0295951993697655,0.0348720980539593,0.0152527272274925,-0.00626548127790473,0.0298440095993867,0.00552162802465138,0.0129132213595167,0.007670317281305
0.00276008525418601,0.0102326851213285,0.0111563422556738,-0.0043582457237924,0.00509357893782642,-0.025728591569808,0.0108505389705717,0.000302644356663672,-0.00355948538893162
0.00256744928202328,0.0244709629699899,-0.0188706071153004,-0.00206358718659237,0.021632527162832,0.03257672812363,0.0105862378412955,0.0138789151304917,0.0226145377027598
0.0880090941113318,0.0454045983783038,0.0343390961250281,0.0382531733864575,0.00458086448717071,0.040930780517121,0.00136472357530273,-0.00744715110439668,-0.000796164897994122
-0.081031912937882,0.0144382061280456,-0.0333560712054027,-0.0468324460391238,-0.00831389640089339,-0.0751573473640637,-0.000444317540448091,-0.00236912796973422,-0.0241849252704696
-0.0401468641208083,0.0166569791800379,0.00872218186125226,-0.00094754606438957,-0.00325705204456962,-0.0154315896377192,-0.000926541183775996,0.0162768584917498,-0.0036878138534548
-0.00493996762450865,0.0247081281593343,0.0160671045002403,0.0135835537005588,0.0102606587535135,0.0354535004849713,0.00362208486766001,-0.0336962464206049,0.00897048287729715
-0.00843640574198663,0.0205327066318821,0.00446771262182159,0.0064727991177579,0.0152247569322263,-0.0535014431333009,0.0288611758798037,0.00208159321166294,0.0222569918028864
-0.0728005067875426,-0.0310409336802116,-0.0405561707531163,-0.0245471602554842,-0.00134116006767713,0.0775575135485495,0.00647890377470635,-0.0360170536859243,-0.0141851288237858
0.0566815310128327,0.0278200054711206,0.0151790670431921,-0.0155913256006092,0.010591060190449,0.0487969477260517,-0.0287698708138883,0.0210269477347069,-0.00272235297258516
-0.0581776923867999,-0.0104332281217051,-0.0157852756900109,5.04161674719658e-05,-0.00111229875346645,-0.00721088720140674,0.00699024801552181,0.0189026684406839,-0.00455834436815862
-0.0517308969921078,-0.0346046995462228,-0.0215416319850941,-0.0495532208379395,-0.00402149067734591,-0.0816650128251037,-0.0392133253253969,-0.0229148602205605,-0.02027183657104
-0.0136155164231269,0.00573835622253989,-0.00938682054597444,0.00400673278541883,0.00202282358042355,-0.0229406758032997,-0.0112148737329711,-0.0261189453977444,-0.013221613171838
0.0864659569177683,0.000530664513368304,0.00512665521647753,0.0385782723708653,0.0120827538039005,0.01104464229043,0.000545456546475511,0.0207631003747866,0.0324236781279216
0.0132653659931602,0.0184099902979657,-0.000613125661851892,-0.00207118822256896,-0.019900719075634,-0.0366730200991018,-0.00445360796166253,0.00276626007248866,-0.00734990231932139
0.105137986791477,0.0306014601711632,0.0185948353303282,-0.00316479300314451,0.0256382978850956,0.0679787037343409,0.0272416089401295,0.0213080133756543,0.031162251782482
-0.0317812795403988,-0.0159786188966871,-0.0082311185669541,-0.0103263048262496,-0.0184308541000545,-0.0569017793435624,-0.0209070200503711,-0.00678090565739816,-0.00953326212134021
-0.0226956982331854,-0.00431507363330995,-0.00611955981941519,0.00888891477133681,-0.0151205377648025,0.00403606891000322,-0.0348414584390603,-0.00139792828314536,-0.0157232106272614
0.0654098739687277,0.0422901328078984,0.0311233777098609,0.0509652772268037,0.0114925075162689,0.0619432509590254,0.0169133259287882,0.0268774952375801,0.0144027158385768
0.00452899065211957,-0.00698900140258521,0.000509387636856169,0.00778243335834472,-0.0177264878775736,0.00497298219529097,-0.00291618347654602,-0.0178118667785266,-0.0152008886330165
-0.0505235847989162,-0.044143394572475,-0.0409202404910128,-0.0441014836029975,0.0174783387924033,-0.0468196903600707,-0.00733691984784671,-0.0395236017862362,-0.00403627244488048
0.0111116942125587,-0.023685524171923,-0.0203011443071767,-0.00835507600897476,-0.0117210623907882,0.00295860539893492,-0.00824719875628895,0.00173092353660968,-0.0134940143228025
0.00556306227351767,0.0130717279434471,-0.018697144039915,0.000651726519009378,0.0093668618695351,-0.0237164437456701,0.000103930338830593,0.00390436943005015,0.0116599290058916
0.00114946178764341,0.0209826793192829,0.0386384203500248,-0.020335320339437,-0.0125882454955138,0.00410387601846639,-0.0317372700322472,-0.0159380698935573,-0.0198357611078712
-0.00360619125939793,-0.00357196619889569,-0.00127722464994747,-0.000740130395672532,0.00074867944752412,0.00220127972085336,0.00248471376294971,0.00550613595002927,-0.0054078228951622
-0.0526982037151034,-0.00628076375433426,0.0134450103251866,-0.0521637474279401,-0.0351928583980445,-0.100750139101856,-0.0541519523256137,-0.0368238977006609,-0.0445473022146171
0.0493679342868377,0.0113545699478036,-0.00288800827499086,0.0259027077039769,0.0042835035386078,0.0364959543935211,0.0139267037724112,0.0317827567848865,0.0125194476066654
-0.0396817545293308,-0.0329478933005249,-0.0314418185530402,0.0256132101121789,-0.0209806263682396,-0.084676309713636,-0.00414536299435908,0.0111460373913686,-0.012755203428708
0.0141875326503516,-0.0217257772108113,-0.00940901700852192,0.00999034417247309,-0.00318322806050709,0.0147564708829968,-0.00356148868934967,-0.0297139234283613,-0.00397106772798
0.0219528866904131,0.0207042541298136,0.00535197022984769,0.05327680192311,0.00809036983873016,0.0333052994100173,0.0114806710754917,0.0263134883037176,0.0252447640179621
-0.0186796033074274,-0.0424324594274188,-0.0234320403330434,-0.0130927722502643,-0.0301986187091687,0.000778772877022675,0.00151138926928705,-0.0182138191499825,-0.0331687106237246
0.00335812756083648,-0.025970775039391,-0.0389000902200397,-0.0244991802087898,-0.0218674149868642,0.0134340480486365,-0.0246994170533389,-0.00406584122838098,-0.00498541641967455
0.0361237870446863,0.0204663775764763,0.0212861934254522,0.00592586436764088,0.026058637328357,0.000639534062171114,0.0326965444351576,0.0486021145931897,0.0340536837910278
-0.0190518787833016,0.00741108536566066,0.0203829873541493,0.00313931203861264,-0.0123127820974496,-0.0474885549691279,-0.00312666964327454,-0.00174296659912095,-0.0123641442571967
0.00195855682280256,-0.00224454618696872,0.0100679282375438,0.0057511142793113,0.00786026059654306,-7.43280802837131e-05,0.019634354304873,0.00658532808704177,0.0418434106725227
0.0192988108869358,0.00845988969235614,0.0287465913671609,0.0174958137982989,0.00944927043956574,-0.00903152681472062,0.00211429994088438,-0.00336755664848902,0.0222058682636105
-0.0823717391215065,-0.0302331845011849,-0.037739445786785,-0.0267718654057415,-0.0095615871280844,0.0515530505159372,-0.00128394896488114,-0.011998466030105,-0.0329483478879471
0.0257544337519925,0.027965555256978,0.0101844635160113,0.0444023300962859,0.00548186191075904,0.0260806466337877,0.0191208931776955,0.0199303109297398,0.020517009362766
-0.0208497523561479,-0.0173852415773745,-0.00885843848850645,-0.0187394845907601,0.00189421431817513,-0.0283704877020083,-0.0190990039575557,-0.00238450488471741,-0.0211221011407717
-0.0663161000685666,-0.020778356620208,0.0127086603594586,0.0217498285895264,-0.00566037503877387,-0.0508879293217458,-0.0178560724337161,0.0143836371999469,0.00490202910978262
0.0143830508462581,-0.0120713749708791,-0.00757951052095053,-0.0245002568910688,-0.0145272168031219,0.00490183639611676,-0.00184298131134611,-0.0237028686941401,-0.014107429428298
0.0463390870386487,0.00930668017657737,0.00947200429684616,0.0239850520391149,-0.00611988058927549,-0.0095149489836702,-0.00943951277690566,0.0163889140785436,-0.00604647883528705
0.0977362842374672,0.0492751492840952,0.0308882263755721,0.0283555314317868,0.0133638249092968,0.0819476242193094,0.00227324558335099,0.0231264821269664,0.0216568256223338
0.0305929094407339,0.0337857378248539,0.00859655268325516,0.0665076401732295,0.00642488842527508,0.0568383550519622,0.0191363368517187,0.00587526801281621,0.00827016605009485
0.0516631686006174,0.0161562279978818,0.00255908209192782,0.00696656710764633,0.000837502772316708,-0.0614068839157061,0.0126513187159377,0.0417863344100953,0.00880200551676775
-0.049571198466445,-0.0390682505637617,-0.0143578350122118,-0.00991754774994567,0.00135587062547377,-0.0765882933396392,0.00640366874236046,-0.00557814514615688,-0.00687843747475946
-0.0142651799946489,0.0158592142367624,0.0322988792758935,0.0258155228280914,0.0202187256572535,-0.0177206099956865,0.0111212138637432,0.0102457486032964,0.00883690996258064
-0.00482869818881453,-0.0107769834309066,-0.0126601700366439,0.0512951301282118,0.00617313630804581,-0.0182181220281696,0.0113731487166915,0.0420755712160975,0.0116199400535958
0.00530029056446102,-0.00168957712582364,-0.00878437923330203,0.00626211106958079,0.00971518345820246,-0.0547852845663604,0.0156104257283094,0.0199854243032529,0.0159807441229388
-0.0599217911026103,-0.0586374778000165,-0.00607460086191957,0.0297223998017912,-0.0237852878236417,-0.0315441143052742,-0.0145411294667171,-0.00861670787445042,-0.0173968140612401
0.00738382863984635,-0.0146133313077311,-0.0061521398514487,0.00846896872534443,-0.00593504536613825,0.0489013543516889,0.00889628605815783,-0.00919549994952916,0.0130128317197862
-0.050586730421176,-0.0395524103002851,-0.051408933453435,-0.0321292740677986,0.0029203548848457,-0.0706331856131514,0.00140630880033874,-0.00531302991484875,-0.00607954812987673
-0.00834969360692191,0.0222069955378092,0.0249873124328187,0.011281208828726,-0.000326100810715003,-0.0101703987085151,0.00562014512361132,0.0266164747139424,0.0115312586203633
0.0653256425385537,0.0405316714332299,0.0361208886733035,0.0507523472133966,0.0276630336534813,0.0797761993376306,-0.0214655950864844,0.0136080536222284,0.0398036896020903
0.0396160061801711,0.0305579368760499,0.0034729466896199,0.0239266507448058,-0.000410811130735586,0.0481891698339305,-0.000731684662192102,0.0151967161202899,0.0154448276917448
0.0282249850137869,0.0166524920382607,0.019459971303927,0.0178696459158148,-0.0121039898649164,0.0146011012272236,-0.0422606554608746,0.000220763762624337,-0.0173389231772114
0.0618065079531295,0.052881006528622,0.0305618384254916,0.0784757683891417,0.0177693678550458,0.0136366548185745,0.0119291549807756,0.023984856164771,0.0319725894614833
0.0149458604224311,0.0242548805498329,0.0312070713664641,0.0401844364298445,0.0196214006871551,0.0218287373660038,0.0173976100007967,0.0220280107392599,0.0269116085032458
-0.0491165977570474,-0.00753816780758815,-0.0303984840302232,-0.00642062794721042,-0.000697577361853101,-0.0667091633100533,0.014394248017533,-0.00284015510581809,-0.0168203003767839
0.0570405450960134,-0.000457524492590463,-0.0146075641994643,0.0130801926954196,0.0055099005777057,0.047419739646806,0.0171879160654979,0.0206139832360214,-0.00413997305764526
-0.0781647871068536,-0.00538350984411246,-0.0364678448512251,-0.0309046186713093,0.00770218117015361,-0.108479990057287,-0.00473981510312718,-0.0157726272736337,0.00710017272419841
0.00316089984087205,0.00934385891705602,-0.00468415305613738,0.0287936412065968,0.00599883173493733,0.00720941359380474,-0.0123864629062899,-0.00189147551630693,0.0227539297976934
-0.00776851463630101,0.0152976747065212,0.0267908198896989,0.0224243081857107,-0.00856118162802071,-0.00586740707384911,0.0262894943458886,0.00502507602365654,0.000358137881759687
-0.0145700982666867,-0.0140762783639525,-0.0189371354302103,-0.0373270111679349,-0.012869691768812,-0.0359417776344018,-0.00783859513070755,-0.0106920375642924,-0.0115128525034598
0.0425166161288357,0.0190932762698586,0.00962348855358744,0.0206280805631037,0.000782033497596815,0.00867911215017454,0.0208097334436605,0.00359421843273108,0.00992172323385596
0.0925296790890058,0.065073994281082,0.0482211672834522,0.0457761642319478,0.0111803569329208,0.10638628143446,0.0147703192418513,0.0421766855602098,0.0198875330993528
0.00436023265154823,0.00878407522591598,-0.0188962347050495,0.0181094716586869,0.0270386555248093,0.0461054139932238,0.0331806521621535,0.0182557463286892,0.0378613919933647
0.0233464717930035,0.0456336231477811,0.00938842260951429,0.00180961466110709,0.00187713026772943,0.0344124319934839,-0.0159100957301651,0.0135700711166985,-5.31559521777777e-05
-0.0846338100964224,-0.0376365526218958,-0.0238587761564378,-0.00529687118329918,0.00587805450873571,-0.0237660657195108,0.00130507245708578,0.00452457799219443,0.00142171385708729
0.0206740451219343,0.0191825823609619,-0.00775422537050124,0.0497378419502766,-0.00267585780215163,0.0316903566846806,0.00985920530799523,0.010035324272959,0.0139585016999429
0.0497816750693336,0.0493683889432578,0.0225159738005712,0.0103388071043034,0.00560337783764482,0.102087153070586,-0.0113212155111054,-0.00806856196793459,-0.000537138117767586
0.0440899070021627,0.0243738696356596,0.00180261799749247,0.0500043862919076,0.00369843324051743,-0.0182542564798985,-0.00413360094356887,0.00898899886502269,0.00646917050730974
0.00824191429637706,0.0148129205209422,-0.000646000100056679,0.0159820207025066,0.00566756203482243,-0.0177672615296537,0.011741984070448,0.033042408584745,0.00158033596993204
-0.0733637435747563,-0.0292976259147979,-0.0270880638953215,-0.0428432035427439,-0.00787483160901632,-0.0172969281638419,-0.00399007830440294,-0.0173376361312049,-0.00725509987309249
0.0268643858716551,0.0051098446909334,0.0169064011911459,-0.00599976928061799,0.00282053149771471,-0.0110286024045214,0.0015918225992549,0.0041920289960385,-0.000966459278361601
-0.0307632078013813,0.0153666813904184,0.0293051661101783,-0.0569469433246656,-0.0193360849913188,-0.0538157712306637,0.0124316932411103,-0.0167767535822295,-0.0332771346660979
0.000317789529254203,-0.00862546952686074,-0.0215279505447208,-0.0269351214147905,-0.00977356020857574,0.00548362997918903,-0.02317611202181,0.00424736151378326,-0.0145290610289555
-0.0162230666719746,-0.0318285881653892,-0.0103891925762767,-0.00904924224647524,0.00354424446407258,0.00384819339521113,-0.0143207781091754,-0.0148577104404776,-0.0249508117687573
0.0295722279433881,0.0343955564184359,0.0234270329380455,0.0355437367857913,0.0207669894263721,0.0190975243426348,0.0118874694166927,0.00737275055136764,0.00919010411296117
-0.033496918904051,-0.0055800511556068,0.00465371050191261,-0.0107238750227833,0.00334829487993749,-0.0263434484432448,-0.00657831761516726,-0.00745883707082039,-0.00652686986742747
-0.0317706300974728,0.0119361257535829,0.000350164077913526,-0.000214612069252692,0.0194947626964342,-0.0336695302474606,-0.00468243459377746,-0.0149469130348155,0.0193299856309521
-0.03978496618107,-0.0341260303962938,-0.00989791656626172,-0.00938549963392801,-0.00515540183356383,-0.0912832638109228,-0.0211624020407562,-0.0120685932458364,-0.0215620542885872
-0.0178076853555873,-0.0138792906074356,-0.0297526524269151,-0.0187332114973199,-0.000897579498623348,0.0158365375945602,-0.000641040978242689,0.0015661980775483,-0.00540932598957512
-0.121687842316854,-0.0670066491092804,-0.0679447742539285,-0.0679494849605036,-0.0150940437144265,-0.102917609079118,-0.0196636269060322,-0.0357679682388556,-0.0559301168401274
0.0146261196103372,-0.0169151321175321,-0.015524880687612,0.0104994731000245,-0.00360873949130622,0.0204839425614615,-0.000312617004856709,0.0135360502235799,0.0118197168343262
-0.125332753896931,-0.0484548577521312,-0.0451846814716268,-0.0507971906112226,-0.0225698804185451,-0.116216717269363,-0.0221446253035092,-0.0387654403242439,-0.0403363161735995
-0.0240856103695278,-0.00187498027108511,-0.0114745344127116,0.00814151885251695,-0.000403323669812767,0.0293884755505184,0.00982851244092126,-0.0331151395776133,-0.0198923997140112
0.0807693646801022,0.0327807971362217,0.0160536578861104,0.0347046419907747,0.0274645964957202,0.101205750687301,0.0282571005528271,0.0537544352874338,0.0249436235555429
0.0885050856068252,-0.0309511512349934,0.0353951675995026,0.0432713590948076,-0.00492135943291083,0.0622531931795572,0.0197338925667836,0.0212440232453578,0.0077657037771806
-0.0194950269108174,-0.018429285329274,-0.00194863790169001,-0.000368458617074868,-0.00431598814990865,0.0226297687598621,0.00513414585671143,-0.021877166498401,0.00305607198097662
0.00298066690817923,-0.00976150378474542,-0.00630363525904949,-0.0189389964994057,-0.0197714262901332,-0.0246867374620054,-0.0196464934609261,-0.00846853678596505,-0.0138123544387087
-0.0785226984731376,0.0182880286456702,-0.0357936698425015,-0.00163645643291563,0.0229559759483797,-0.0588115955478086,0.0248607785739457,0.0162584229434534,0.0196401375742015
0.00652056145902483,-0.018440006990247,0.000546840216358438,-0.0130796559827408,-0.0168799325632891,-0.0225700402255283,-0.0210021524286712,0.0112407131281673,-0.00257932304508339
0.030037359714181,0.0163294512502975,0.0171240928416905,0.0205893384339128,-0.00240379825357949,0.0272484030525869,0.0027596942846421,-0.0113630676456207,0.013506302368431
0.070759234602659,0.00627634652442689,0.0179959739664993,0.000839464963976937,-0.0119953104204321,0.0514438985100841,0.00309671866520803,-0.0175004254396311,-0.0119378737562223
-0.0179153445204768,0.01159600379193,0.000139612971503274,2.59045792310448e-06,0.00401460276511188,-0.0133100755547574,-0.00326632260703109,0.0100964696816204,0.0101201300643661
-0.025472342947335,-0.0334993801206629,-0.0364424560898005,-0.0135458997058425,-0.00394998253905553,-0.00954406476372566,-0.0305889384849837,-0.00385989699215663,-0.011809157758452
0.0292195747702063,0.0206502150484456,0.0186952709337387,0.0121723227837275,0.00689695294150537,0.0429959994277929,-0.0254961452841904,-0.0025209803393697,0.00433786253650963
0.0017041461754712,0.00736746257208062,0.000396018300072578,-0.0107262858647815,0.0162111925302729,0.011220228507448,0.00251603655914705,-0.00987738089731467,0.0305562511828437
-0.0168312868619457,-0.0538690003917031,-0.0361879222162657,-0.0137660027144238,-0.0127671991689744,-0.0444032785498572,0.0149844975455648,-0.0246899310416662,-0.0295635698907976
0.0725445314447851,0.0214914803924441,0.015915055959827,0.0169913658090582,0.00306481772038074,0.0836396248100548,0.000181530669685548,0.0203108515542087,0.0160598821505268
-0.0301162091637271,-0.032543560869946,-0.024075400990074,-0.00395609082602015,-0.0188421666877451,-0.0157793063009462,-0.0205084790902976,-0.0248623914794221,-0.0380843441075993
0.0647586732661808,0.0515192786546987,0.0508325283486263,0.00411306460658223,0.0121546922043346,0.0655611993724575,-0.0112267642440994,0.011696306755568,0.0161288047097622
-0.0561766459024122,0.0120789830666778,0.000397098598543243,-0.019954657665073,0.0106857855645732,-0.0708657516638894,0.0023791742781403,-0.0146357883892112,-0.00919766769576546
0.0613921097338881,-0.00752623230944658,-0.00447430640841447,0.00861230129920747,0.00621254565220866,0.0269907961124583,-0.00829745353179036,0.0219598828042273,0.0276926437470623
0.0355799475031974,0.011226305845603,0.0158352384106447,-0.0111803839016133,0.00377928544568957,-0.0333179720500858,-0.0118825320624751,0.00585525422285545,0.0030733885723625
0.0109201418897876,0.0130983047956822,0.0376538759516324,0.0295124307616987,-0.00386922931417532,-0.00620812705930854,-0.0341595194099299,-0.00354543767742466,-0.00815692508818355
-0.0257306787149528,0.0247987296894433,-0.0151018862577671,0.0491607383405258,0.0259797985676206,-0.0276740388627222,0.0272259100856697,0.01670308966599,0.0165712065234894
-0.00829773177883513,0.0463442339939968,-0.012419720422798,-0.00351938598879204,-0.00542200263367505,-0.0208630453014938,0.00388097025965004,0.0135948494272402,-0.0140918299178524
0.0398192632734411,0.0270207418964232,0.00328472185371716,0.0685158200806261,0.0168610237162154,0.0229640062960556,0.044893515221181,0.0334246493909946,0.019055568385086
-0.0258714607980547,0.00373370755339788,0.000654239762194387,0.0105490862370977,-0.0151452236633807,-0.0358109774319191,-0.0172006679736193,-0.00518874063110314,-0.0130760127690374
0.0512299280987563,0.0801455163124739,0.0528436426862276,0.0597807926105603,0.0281467229032561,0.037922750111987,0.0108168961521994,0.023977639338704,0.0400969210394399
0.0298288893415998,0.0514170494939869,0.0511132137793454,0.0165765740068528,-0.00345096191971582,0.0250610190918922,0.00547361666543383,0.0109758591154827,0.00160418784945643
0.0370063044126662,-0.0297158228423064,0.0160458804140077,0.0106703004536205,-0.00404775774610387,0.0167884063756858,0.0211051592601216,0.00288385434535222,-0.00244037841743111
-0.0233942125111181,0.00807078666495487,-0.0125284588485718,0.00562213345032589,-0.0108118984979941,0.00261518962238889,-0.00211557027102808,-0.0137691926022373,-0.00851106873458379
-0.0573565103622115,0.00433620240016374,0.00542731321648426,0.0135087244804991,-0.0162467889627153,-0.097829007266756,0.0026892694238696,-0.0132294203012349,-0.0138383550214784
-0.0850579428708208,0.00184665179898102,-0.0464664547847789,-0.0357672534710965,-0.0129123387127995,-0.104857411045571,-0.00356219515303168,-0.000679995340728048,-0.0126721159447285
0.0169806766331236,-0.0103843054186854,0.0263058202594042,0.058472459764331,-0.00656241631883335,0.0216385855757103,0.00398413394901044,-0.000368973655664165,0.00768272909052894
0.0357632615845942,-0.00254447816702717,0.000355175419403908,0.0197318462308969,-0.0160761980447473,0.0354729855706323,-0.00725886068842881,-0.0247451084613806,-0.0113231689757051
0.0738539824853061,0.0510809893963981,0.0406608970344171,0.0187773927241134,0.0101671750894275,0.0531266776327882,0.0112599177845141,0.0133089803495364,0.0122681324786579
0.0112840169115567,-0.00581021013353635,0.00569549519254152,-0.00507402614506689,-0.0173689647537025,-0.0318115443579067,-0.00677147021967983,0.00415267081302986,-0.0116813688116036
0.0113470105656121,-0.000294846474091519,0.00086924887962003,0.000452438399122037,-0.00597053005630435,-0.041634676710715,0.00952178546702704,-0.0271831784255023,-0.00936196150877696
-0.0423548939467691,-0.0485199122314483,-0.0344407073685491,-0.0097169736069443,0.0105566697285284,-0.0565028563825571,0.0101616563417688,-0.0117974841305466,-0.00179496532740428
0.00105150729912928,0.00234588210137928,0.0167878998476013,0.0130075971334564,0.0040306135842238,0.0042442337374717,-0.00628805984337847,-0.00395810902888989,0.008697222825466
0.0287625198720814,-0.0363982123955701,-0.0227148202972782,-0.0126570534936524,-0.00305913397120554,0.024826140396989,0.0054202878522243,-0.0295146900346415,-0.00369597013991528
0.000128147616752655,0.0106531240906637,-0.0185337308930375,-0.000877071578492745,-0.00673021512794674,0.0149968901853443,-0.00733000151083931,-0.00371301626171107,0.000547379214649817
-0.0357561860218503,-0.0456178752731569,0.00139454919032256,-0.006952303217365,-0.03317394124794,-0.0336165920717444,-0.0174176573519298,0.0113137139510666,-0.0246803482578261
0.0251455691614491,0.00484943949945033,0.0168017236831137,-0.000360132720479507,0.00118228093118084,-0.0146517434191651,-0.00446339769740658,0.015452914697561,0.00698027724483482
-0.00448778897614817,0.0308663527948368,0.0142014959908252,0.0359599121200032,-0.00339332370987474,0.030800953144395,-0.00948517551114015,0.0077140632730467,0.000537906365638096
0.0167759042732629,0.0184545739741113,-0.0261589563992325,0.00745635260675006,0.00274405288974652,0.0165013949584166,-0.0051801391823515,0.0143121882750708,0.0113108974196681
0.00737746361718563,0.012078770240608,0.00712230993880172,0.0152987887379531,0.00736554609657785,-0.00744852288917529,0.00783755438389311,0.0012119111339929,0.011200171662168
0.0447192521298443,0.0336473243857872,0.00864048530540438,0.0517476440379783,0.0146436948998343,0.0791648747797205,0.019892029735072,0.00504011204295154,0.018606574880186
0.0566673319808739,0.0454367039704547,0.0285911494894178,0.0632289162429778,0.0157941910082557,0.062834847389373,0.0010204462764444,-0.01694255979317,0.0229956933893138
0.0815292275388417,0.0633663886291352,0.048162914488044,0.0582287712686219,0.00871470928217939,0.0984659933116193,0.0178658669443581,0.0183843619004697,0.0418245430621911
-0.0359291056245694,-0.0307098591102881,-0.0136979977176062,0.0366348476774786,-0.0156919513882133,0.039530935175973,0.0246018753953029,0.00602357836572314,-0.0198207639883013
-0.0132101764608725,-0.0124675817821831,-0.0251067807090246,0.00410458722061596,0.00559352519565785,-0.0385663656752184,-0.0153177335054898,0.00412651557752966,-0.0154909937462206
0.114985004283185,-0.0324706317857182,0.017625354827398,0.00329057164916422,0.00602503772492851,-0.0350495204573688,0.0241061956910551,0.0158261969472789,0.0249441343278176
-0.0219385184012597,-0.00377463797690735,-0.0532998230243704,-0.0424676198049838,-0.0018603400061101,-0.011196619212486,-0.0111277532499694,-0.0110905308089369,-0.01659258565757
-0.0162398559335276,0.039196209453223,0.0061844495519741,0.00880449142710982,0.000788292541486459,0.0318211983094155,0.00500373867063384,-0.000572183616892032,0.00498420185575642
0.00300941562048202,0.0117366549801007,0.0205818683584236,-0.00268081445280591,-0.00490176772376323,0.01409286991503,0.000527764424349263,0.0135303165545723,0.0107011000932298
0.105319298908158,0.044925370945285,0.0324983741477205,0.0229118175928006,0.0156588454899527,0.100431366223209,0.0235516261657576,0.0213399614515456,0.0331799940662374
-0.0427755427862706,-0.0197495457201517,-0.0113021106064142,0.0254140454273949,-0.00531469144640925,-0.0542043417581111,0.0103323720664129,0.014470321012363,-0.00571021046264486
-0.0893669858907804,-0.0280078173895234,-0.0408774742014178,-0.0439719046703377,-0.000998640676308086,-0.0962056950067524,-0.00267966785724613,-0.0219254390768091,-0.00297947814787254
-0.00276098556163939,0.0110807776714675,0.0170313700937956,0.0440678706182055,0.00947875101526463,-0.0290614893094999,0.0139514851519464,0.0201132181957349,0.0159750928957492
0.0932220628566842,0.0218647712724494,0.0217549150178328,0.0359548396271409,0.00620494681259943,0.0730511087857517,0.00975512709228806,0.0411815828386638,0.0133797042432431
-0.0199521112290587,0.0236987676990904,-0.00165573187385975,0.00113392743039281,-0.00553641799752694,-0.02184989111047,0.00145750085124693,-9.09330673144748e-05,-0.0155685316049607
0.043194479433422,0.0147957105869665,0.0145028833461963,0.031225649093348,-0.0109604212110933,0.0453301745563339,0.0125962817574558,0.00997977564580145,0.000280411141925082
-0.0728959592295977,-0.0450546444109155,-0.0554726853192211,-0.0383078955166611,0.000138723217048365,-0.0727325337398589,-0.0140237101126757,-0.0525348232567914,-0.00965751034009163
0.0402742297986955,0.0484284286150488,0.0315353351487788,0.0234796061775287,0.0221335687600205,0.0387068809514682,0.0195977131046073,0.0188348598005953,0.0427607343690171
-0.00595871940929413,-0.00446663498801885,-0.00419884647776874,0.00403571543717638,-0.00844491284577493,0.0486353118283395,-0.000997278352718188,-0.00880954806435784,0.00649378012556423
0.0721450788460319,0.0401464703339929,0.0314111413378362,0.0140504716993284,0.00496060472230038,0.0295392269273943,0.000958258563259489,0.00104266574437987,0.0205567336634064
-0.00192039735568935,0.0245153685793968,0.023105528341962,-0.00619190380293629,-0.0207757994058303,0.00988192432246857,-0.00205663759677673,0.00145306982190398,-0.0128234571158414
-0.0386048488552294,-0.030738635655779,-0.0253544610070871,-0.0114825269039191,-0.0122028292776034,-0.0406413251378204,-0.0495001617439629,-0.0414354731338447,-0.0115889911166108
0.0241511562784613,0.000648936464572926,0.00684690887912607,0.0480226310328192,0.0168185197605948,-0.00109750265409284,0.0103641573174742,-0.0075011962396559,0.0263251445504446
-0.0307175721805649,-0.0113404803091043,-0.0135798489185752,-0.00894757655192687,0.00522889233075302,-0.0117950411206868,0.00416664030893059,0.0212455925245727,0.00295279109018593
-0.00692199656244035,-0.0195101777263263,0.00244807763277466,-0.00360435592252265,-0.0187228164532624,-0.00821792653279249,-0.0135703705297975,-0.00836054720225656,-0.0181372930301113
0.0392379354633827,0.0486765093833382,0.0113698091993358,0.0287895952922319,0.028370679148745,0.074886088344682,0.0231539095752114,0.0372066368464102,0.0429716628099426
-0.0273935520574718,-0.0634968817009302,-0.0212042637368502,-0.0510616645195864,0.00109161085972335,-0.0449432231053211,-0.00421371045365932,-0.0180576654641099,0.00547947105651317
-0.00355174916470178,-0.00898050721145559,-0.00242689490829347,-0.00146122115202941,-0.010899258003036,-0.0203894221768163,-0.0184553496717312,-0.043808310534145,-0.0594788694139993
-0.0305793693835321,0.0236934419493741,0.0148395165359365,0.0160396862760052,0.0264919553429597,-0.0352593311402283,-0.00709894899092476,0.00341413742679971,0.00137079543516958
0.0403329962969568,0.00214672146703472,-0.00150319237669619,0.0197535772918287,-0.0188747024278469,-0.0104276957546513,-0.0072078638788629,0.0129300839542245,-0.015677787102778
-0.000694613513774733,0.0108474529300851,-0.0037304132950283,-0.0179935237624518,-0.0291229740136804,0.000826240761046195,-0.00612664647111767,0.000471631160238992,-0.0102443229916616
-0.0303297845628284,-0.012524205348391,-0.00765493329382263,-0.0148013726584819,-0.00487408258009052,-0.0180262890448159,-0.012093048344129,-0.0262501079116639,-0.0523725355964315
0.0124705154721102,-0.0396547544581907,-0.0373560151408928,-0.0104871306368546,-0.00222171555800313,0.0213702051051662,-0.0167077072902678,-0.0141216462791842,0.00271124154942802
-0.0397774975890311,-0.0275002740305383,-0.0127342726159711,-0.0102878139610435,-0.0071729757641524,-0.0493292361620774,0.00250753790835119,-0.0194419091347595,-0.0177534718451261
-0.0251166163497622,-0.0113941302095187,-0.0201634767115803,-0.0109176701533575,0.0063734990947632,0.00787191781682385,-0.00931798806797338,-0.0211731297505515,0.000693627722746451
0.00402269378601175,0.0202628948893027,0.0130437957312077,0.0220190192902726,0.00104051250652433,-0.0364737893617395,0.0194899886574365,-0.000534534800331839,0.00299469592559385
-0.0112082931894894,0.00946511236437848,0.0140146174055353,0.029137106420221,0.000969770628235449,-0.0244097804634559,0.00258714146989803,0.0243368312859357,-0.0044612750438549
-0.0203045621853385,-0.0182040659503064,-0.0345874785707075,-0.0179353010750717,0.00173794256736774,-0.0503978969779446,-0.0171159853652976,-0.0166772266283854,-0.00854551218463642
0.02020618221459,-0.000151987793346966,-0.00324540838613012,0.0174174926595289,-0.0107786541055504,-0.00677809163033926,-0.011641528859366,0.00789971319232792,-0.00846363792271584
0.0543199114450506,0.0170748400044281,0.00906064088049599,-0.00516995715129517,-0.0147034037754603,0.0071232408240577,-0.00309614757463509,0.00528886559249996,-0.0187514107228724
-0.00225069747102209,-0.0192291926750314,-0.00719341221330922,0.00460683327954875,0.013199464887831,0.00929241475401821,0.00579821412567162,-0.00016388311143534,-0.00927104792895171
-0.109000206281713,0.0124900264997435,-0.0438340884249656,-0.0624170527018826,-0.00808792156420669,-0.0988911245365715,-0.0276193985257163,-0.00717866173039331,-0.011531762970521
0.00424952557597147,0.0297095639777652,0.0223030341521372,-0.0206763959475665,0.0125757407048779,0.0236226293639033,-0.030720883192678,-0.0124145770850297,0.019914399230547
-0.0226118158693032,-0.0303748274279987,-0.0134868501685622,0.00840625319925878,-0.0145725790046583,-0.00828325804807647,-0.0266946223305473,0.00851216419821202,-0.0171134258493336
-0.0435246615129163,-0.0270507605934084,-0.0324527519239931,0.0221220455157291,0.00950350744768329,-0.00847809638461001,0.0265249351538938,0.00101221958957665,0.0214616566961897
0.0893002649862056,0.0254554314271071,0.0403816623968856,0.0497230276437691,0.00720748836445332,0.0373706794450251,0.00454539559003502,0.00302638368238882,0.0305295481128249
-0.00908303321926435,-0.025675205361754,-0.0155774006426741,-0.0171637024224247,0.0034986256001658,-0.0106246899657534,0.028625579772177,-0.00208906908794284,0.00180926724555528
-0.0807216157391051,-0.0286692089089015,-0.0184675657539007,-0.0408788815418241,0.00711373552697854,-0.066773334437188,-0.0208776723231799,-0.0309731628144874,0.00117907144993995
-0.0332898098066995,-0.015683648594402,-0.0160166641324103,-0.0263762699533621,-0.00207153926313071,0.0225012629302981,-0.0153180327245752,-0.0249595496531004,-0.00710642804277166
-0.0771888959877723,-0.017170333423385,-0.0140478024709326,-0.0466597889486766,0.00225753011808992,-0.0906875006897182,-0.0135647533149059,-0.017397678518949,-0.00752513042738786
-0.0206922785783527,0.0132337685452061,-0.00444279188522871,-0.0181575948596787,0.00115182984168536,-0.00134435354624205,0.018226188715328,-0.00631852073681159,0.0150372010424063
-0.0459963490023803,-0.0216468535926322,-0.0295578380404744,-0.0250080397203414,-0.0139876759594298,-0.131839259097528,-0.0369922537018077,-0.0104981373142034,-0.0162904931312027
-0.00138367042595723,-0.0265826142421026,-0.0423758591178663,0.00715434397923206,0.00182171163901553,0.00378962675487181,-0.00245202754302277,0.00435186252756867,0.00332742205199914
-0.105042725059008,-0.0625463673962528,-0.0289520405536932,-0.0351057347981671,-0.0531661841640574,-0.0813174442530095,-0.0155427560697795,-0.0588647116286826,-0.0676265970040154
0.0700490417710041,0.0227122606834609,0.00494107342504411,0.0718248297221191,0.0142362009376237,0.124574696814915,0.0126299044688576,0.0273053104727404,0.0250762017078099
-0.0113322693096682,-0.0118312541858215,-0.0132091323891141,0.019432460672389,0.0273263098837995,-0.00802623587819053,0.00334458537980348,0.0120446953739453,0.023749203625042
-0.0980508054715972,-0.0283637779605523,-0.0593835675242923,-0.0702120300619741,-0.0108868638140407,-0.0780800421569268,-0.0123697995029368,-0.0362426173452451,-0.0152762641116428
-0.0465204444566471,0.012672430896323,-0.0226707728213382,0.0267373619821056,0.00664247988312609,-0.00551980078397589,-0.0136053746217902,0.00267601719836045,0.000947838752994391
-0.0693312126283123,0.0284238694028288,-0.0108551503987461,-0.0469172051264438,0.0110291158698433,-0.0860299346888741,0.0181195657318397,-0.00920229406797067,0.0138114876985222
0.0207280713023168,0.018322832555942,0.00866381259465975,0.00711171605411074,0.00744458324708916,-0.0117477641608192,0.0151427955279772,-0.00286062744003352,-0.00723189882619515
-0.0675700042635519,0.0133570330694395,-0.0416963941206113,-0.0102458524058048,-0.00422717780155876,-0.0978321790492823,-0.0043782938681289,0.0147507746946881,0.00440713741931512
0.0355002095193377,0.00779998402614703,0.0021592643575437,0.0260364710307601,0.00474584622722946,0.0644601546840551,0.00514774207779102,-0.00384980857748974,0.0143223422917336
0.050998800894125,0.0327792086545482,0.0231195983631032,0.0067591680518971,0.0237332170186647,0.0744261878439174,0.0215461641385967,0.0174485087597926,0.0211960784080049
0.0170371231896482,0.0061455771046953,0.00566618289529473,0.0182836538626971,0.0127533160066473,-0.0150237711022866,-0.00777994757788687,-0.00397624550604099,0.000381849171642342
0.0420800420768943,0.0469573523551356,0.0112419266608458,-0.00212907032135596,-0.00250769690652794,0.047663986535875,-0.00766197156607923,0.0147549991115375,0.0129392900834361
0.0484116193591854,0.0262406387925996,0.0183482527851927,-0.00458413925428971,0.00789363020327722,0.0106133055849742,0.00264317303518712,0.0180492696376277,-2.87856402860629e-05
0.0233475631417583,0.026670964887038,-0.00438841830291183,0.00827778218950847,0.00887288946922015,0.0533077631385722,0.00419769457540935,0.0389980891014529,0.00127253191635896
-0.0472043358400884,-0.0375709713503787,-0.0107994145292246,-0.0868893059072842,0.00861389448714532,-0.0781021972573721,-0.00433797468622478,-0.011648898032997,-0.00269063957994967
0.00251185621877353,0.0235644516635717,0.000621095564456204,0.00230001576577706,0.0162193091908632,0.0186764063034498,0.0275901058240579,0.00958663175105719,0.0346343561908157
-0.0469906156520783,-0.0079628772311931,-0.000932560537289961,-0.00978257946968146,-0.0021561887216968,-0.0079806786422522,0.00330857735015397,-0.00901051265233458,-0.0305753427877239
-0.00243722801985286,-0.0137151041902381,-0.00545511463193201,0.0260435996652219,-0.0031898158625908,-0.00851436337915437,0.0069071210540113,0.00222773790466344,0.00252894008134778
-0.0639553848178154,0.00288929814631148,-0.038182758746719,-0.0359635463208035,0.00197000886107537,-0.0218104514773482,0.0116344167588374,-0.015626029822743,-0.00700755630827264
0.0525961013376035,0.00590298129537521,-0.000449661346379037,0.0407724267502473,0.00184668706916193,0.0411375020888991,0.0132590724680211,0.00878611389078711,0.00113295077461583
0.0218829826968158,-0.0113044168426243,0.0338077203008837,0.00564428816169114,0.00826141232211334,0.0117052351986326,0.00584809409836662,0.0112889032896242,0.0135105422582707
-0.0286043656248254,-0.00318096026983006,0.0105926428960434,-0.00333023655037341,0.0107186065771467,-0.0129166743449328,-0.00117393999716018,-0.016161015760975,0.00881148743883994
-0.00954783654984677,-0.0300625358039902,-0.00915010082058245,0.0243476317144982,-0.0165010983130844,-0.0108459209142575,-0.0138251564389244,0.0028306476077645,-0.0167376506733306
-0.176851628117212,-0.0640132363978836,-0.0500701892415735,-0.0915267634347451,-0.0159814410951132,-0.177947804835115,-0.00624995008806749,-0.0269270917865583,-0.0308122829398002
0.0680683434074702,0.0118349896103721,0.0124561706470989,-0.00501448067710577,-0.019366797669136,0.016879214932434,-0.00624318457812504,-0.010225370639293,-0.00545519933362119
-0.0528667517245744,-0.010463133309007,-0.0254498777002123,-0.0295975058091498,0.000833718498117033,-0.102489137371643,-0.00542777418067202,0.0205519405389024,-0.00565845477852325
0.00989985658317707,-0.0288485531926474,-0.0304691211073716,0.0028293168080065,-0.00143567859147219,0.014741537975922,-0.00167664805180823,-0.0199077115679374,-0.0235776616416122
-0.0271934195314867,0.0172244229347539,-0.0113245900146923,-0.00811164071548126,0.00490346003769818,-0.0532808342251872,0.00554601674144514,0.00113839803699673,0.00846797446440128
0.158705108005422,0.00317803121772542,0.0055681061619765,0.0107748716871544,0.0196303084520547,0.0701690097843121,-0.00369852637595373,0.00872957461457516,0.0134500897569371
0.00383980323818816,-0.0156786446069242,-0.0225024955280945,-0.0112439328921212,-0.00353183312327896,-0.00333317371861797,0.00322773405809515,0.0200284094459934,-0.00393530220691175
-0.0195911042508557,-0.00172752453384189,0.000164440674073748,-0.0423421720973102,-0.0138174638905281,-0.0739578951691728,-0.0326949208974889,-0.00036555121560903,-0.00944753455284584
-0.0765905583996582,-0.0246888445277038,-0.0287517189068873,-0.0177787622591406,-0.0212772015735941,-0.107890856085824,-0.0295213377070491,-0.0222500403609019,-0.0388267740971067
-0.0605148657954825,0.0125219261144209,-0.025185408165876,-0.0325514146990075,-0.00159144841809107,-0.0525324418502591,0.0157195462371162,0.00568704470030307,0.000738379882673132
0.145237115021126,0.0266271404502274,0.0464904041101872,0.0118030518718096,-0.00269057671400887,0.00272603296302527,-0.0234510730225832,-0.00133532223557858,-0.00197207384829384
0.0858894035500838,0.0792731611496316,0.0477977274282303,0.0707832016509384,0.00813212464406471,0.0595713826453768,0.0118357662098555,0.026707246408575,0.0378896281199443
0.0897619113085684,0.0293605191542031,0.0323569695558509,0.0522350873760577,0.0215633424787725,0.0819252907803454,0.0199052176359402,0.0240864665239185,0.0114413742936405
-0.0878176961541535,-0.0142600735262452,-0.0307425084412762,-0.0456831780421447,-0.00209050160306437,-0.117417687312122,-0.0217697362807641,-0.00806993111862161,-0.00843157470698225
0.0304841513673186,-0.0167334397941497,-0.0182607729987509,0.0255314926097552,0.00340129562788655,0.0301838353355865,0.00969964037202087,3.49454030139281e-05,0.0164483207057139
0.0127022705710279,-0.00476176713259638,-0.00710590660105385,0.0068798021699866,0.0071483401211528,0.047703426407169,-1.03157005051837e-06,0.0143891550459322,0.00837092075071488
0.0100665187436083,-0.000682025366608091,0.0103020045855076,0.0176763555156169,-0.0187297117197902,-0.00706833211126931,-0.0101171765000354,-0.0179416814864442,-0.0121419585686605
0.0312664943560911,0.00711984636284554,-0.00380920263718876,-0.0150552077065495,-0.016996095191321,0.01668433099286,-0.00297341338628089,-0.00105986201554559,-0.0274891737916706
-0.0094811612129887,-0.0473048324324558,-0.0285941123429664,0.00309175918740902,0.00749976859103743,0.0130935709022665,-0.00876148090702351,-0.0134314717269777,-0.000163035989757249
-0.00725150113021557,-0.0245163469869229,-0.0283447027193976,-0.0116601579337806,0.0078920715462611,0.0383860607425221,-0.00300041263489117,0.00299227247928884,0.0135717252669887
-0.00928248465323408,0.0143561596888505,0.0219397618030532,0.0195209937531666,-0.00537707494139126,0.0409130066075101,0.00994361691018142,-0.0233063070624742,0.0139227393571632
0.00801465756470913,0.0217613531874743,0.0107400648376837,-0.0132232223169912,-0.0120951105117587,0.0146238414763773,-0.0154866144575345,0.0237904376471317,-0.00480530416010056
-0.013309976634558,0.00625989681708434,-0.0207119539218188,0.00299047417388296,0.00195872025330925,-0.0394133048641096,-0.00662877649508503,0.0180964948766122,-0.00553083828960741
0.0871158384899827,0.0410339735756874,0.0335189670916176,0.0419812603099632,-0.00290660302982643,0.0974744352872483,0.0120710944310822,0.00801318244853543,0.00623524590930651
-0.00377064243098003,-0.00577066727804951,0.0104674676764729,-0.0145613047275275,2.94415337087731e-05,-0.0621025618899666,-0.0177076577814536,-0.0228796820801178,-0.0134732131786843
-0.0611651949274095,-0.0171539256881682,-0.0129235609838413,-0.0237194757294921,-0.00662606234652023,-0.0559171650547508,0.00757066257039072,-0.00882602313491851,-0.000483223437736044
0.0275136496320144,-0.00314651573862714,-0.0114126602953973,0.00699976233538163,0.0282082159528227,0.0464293796690922,0.00920975006110815,-0.000997793847694692,0.0372431633741495
0.0793887848783459,0.0082555526814821,0.0161404475461862,0.0229457634911865,0.00465574710013572,0.0610280026789311,0.00729296461975559,0.0366292384756664,0.0222764603644682
-0.0134047361917938,0.00358947295298697,-0.0158746075781429,0.00211152649208949,-0.00763614126060552,-0.0539609191999093,0.00473867619789621,0.0061528840126116,-0.0130743650864888
-0.0265614271604542,0.0295374995825837,-0.0170510333272622,-0.0117428209975267,0.00873157323494568,-0.0119642197282772,-0.000187047202991892,-0.00420838444816084,-0.0026910135892613
0.0431078692948806,0.0301129872962392,0.0213412841484097,0.0267789431030112,0.00603782039805448,0.0830869881788422,-0.00473950532914374,0.020100282731218,-0.000386752708743918
0.10969721709871,0.022097947980463,0.0253222410918434,0.00963802055933255,0.00396941107270406,0.183599546470993,-0.00191984239511759,0.00588473613439596,0.00993848974328931
-0.00718393957078216,-0.0129699355719876,-0.0159441978102355,-0.0108358911430813,-0.00555026166948719,-0.0080280288267985,-0.00911955642792859,-0.0169637465417457,-0.0172709799821055
0.0761053034003877,0.0491950505804806,0.0295039855709504,0.00489135884184549,0.00110370695718806,0.0909516607015731,0.017359533897259,0.0409742723184616,0.0213490154330777
-0.0604391059398629,-0.0141455990017067,-0.0176448902573623,-0.0104386163378051,-0.000995904541852733,-0.0731843834445088,-0.00393582210896879,-0.015595754293455,-0.0138564252950756
0.0307978805580935,0.00198979877851021,0.0223200959332684,0.0400198510543691,-0.00630400101779171,0.0169176805352095,0.00311958041173576,-0.00625538361429475,0.00266854294293948
0.0321798223506607,0.00293278178399537,0.00640246692655976,-0.0032505483979366,0.00517909060081931,0.0306476216090823,0.00290175436123518,0.00356745368741993,-0.0144822595508763
0.0199903447865574,0.0196011319690306,0.0162267469000237,-0.00982536542572203,-0.00399330137099905,-0.0130908394433832,0.00826955616894391,-0.0128505683605323,-0.00470332795852535
0.0235104225486489,0.00212021037563238,0.0117727474533938,-0.00775584807293012,0.012768889093404,-0.0989459727009871,0.010382416785203,0.00412471457693148,0.00855739265901847
-0.0234837928142049,-0.00911692583016652,-0.00380040801141731,0.0239971169430954,-0.0212654477041145,-0.0328594596259964,-0.0206835287503893,0.0024071554694035,-0.0348761319928386
0.0364542521028354,0.023427555281866,0.0228485590852524,0.0113492148205361,0.0189050419909053,0.0189106503400124,0.00524289528735977,0.00763464981533412,0.0165764524093379
0.0435419713306072,0.0113679619188555,0.0216195969363371,0.0426269821847073,0.0128678964044633,0.0596627493958047,0.00686360185023606,0.0150592158266918,0.0371381996673184
0.044326516046537,0.0410890278987332,-0.00737721148793421,0.04428730494673,0.0348482772257363,-0.0350944889597086,0.034615605429638,0.0709478005426889,0.0795979343176503
-0.0996114759537812,-0.00200767799423514,-0.0375521549670303,-0.0203686899487024,0.000465405104917908,-0.0722026179797998,0.009105568679701,-0.0094580028148862,-0.0288180660539388
0.0403814358976469,-0.0146778268833428,-0.00208046096183767,0.0264766022176614,0.00943369340836631,0.0428718223634367,0.0086495091017038,-0.00879599734361795,0.0152004888204882
-0.045038610991148,-0.00565091450045028,0.0109819020137197,-0.0134202220896004,-0.0128709997751852,-0.0629616724792911,-0.00380234986680974,0.0134113522122967,-0.00917069112838456
-0.00805271832175328,-0.0383407034011364,-0.0103531557347536,-0.0204096573998835,-0.0102282628000118,-0.027652046764944,-0.00920211048469028,-0.00291856156723654,-0.0142794726048518
0.0558911527788351,-0.0153183732951585,-0.00524866138651307,0.00682206574052108,0.00332437031375793,0.0335142801645317,-0.0104034042873535,0.0180647833121894,0.003767709860468
-0.0210006285091916,-0.00674160297617597,-0.0128905846847644,-0.0143518620724129,-0.021887016826156,-0.0535893926603505,-0.00134389609642686,-0.00790972070100427,-0.0241581609697552
-0.0939480896604689,-0.0458637795599121,-0.0357861564943852,-0.0550575556394183,-0.00898424749634045,-0.0594762534011438,-0.0180930198153012,-0.025339277670001,-0.0180545708938352
0.00100669134680885,0.00847945685305807,0.00675729725299941,0.0142775064449944,-0.00339527498035311,-0.0254927553984036,0.00582035666149203,0.00409132681598194,0.00184670514427825
-0.00124540988097225,0.0127507483371219,0.00233658386977909,-0.0236006572403295,0.00299577371744609,-0.00698036207028315,-0.0104713394365263,-0.00637381692578051,-0.00405826228198423
-0.0806692616284717,-0.0183462262595833,-0.0187457765203355,-0.0477023008002339,-0.0291365853382648,-0.100973320240659,-0.00361026402525725,-0.033595622355331,-0.0235591596652537
-0.00259004791121211,-0.0167021247274729,-0.0304909879001978,0.0181478658223838,0.00358489266854767,-0.0372094510835015,0.0235288653597895,-0.00574545410913,-0.0165215405003589
0.0132931260647515,0.00522139039688082,-0.0245015367060697,-0.021775798542343,-0.00196533788841325,-0.0106482940153364,2.58453350864472e-05,0.015298411234885,0.0158920414419022
0.0222109227608747,-0.0150063226361227,-0.0106850830780419,-0.00650493240497634,0.0152923755533631,-0.0017343602423067,0.0215999730358473,-0.0139515758799279,0.0280086919563207
0.00431120097398368,0.0262571357890606,0.0140243229417212,-0.000220096700878917,0.0161241623688477,0.000636150401153859,-0.00728523816866083,-0.00772183707886823,0.0231577226933177
0.0174560918931857,0.00754614648737506,0.0126498686515378,-0.0124256990458594,0.0101700265207466,0.0307030683987396,0.00230063557186102,0.0100293055324405,0.0117926528112927
0.0491593917580603,-0.0176453193831953,0.00569766459716312,0.0321854592223916,0.0183227000808183,0.0135720092312769,0.00794033110547805,0.0213646017308182,0.011894697810735
-0.106807218400506,-0.0736849955769577,-0.0442580294396872,-0.069930871363504,0.0120262540579506,-0.111627104246475,-0.00775835067735821,-0.0246823943374485,-0.00750311533348724
-0.0942490647876808,-0.0207301914024936,-0.0414015223088823,-0.0444076452946498,-0.0370435725812796,-0.0718695256852421,-0.0229959877000901,-0.0232681564639048,-0.0311917313029998
-0.0619370293030956,-0.0100215351940832,-0.0190074074023684,-0.0356180846710117,-0.0261331744910264,-0.0396155502535315,-0.0226394790350478,-0.0570822056400624,-0.0237075632428015
-0.00738746596237809,-0.0323339617749229,-0.0357458051039621,0.00501702075396538,-0.0177505899590835,0.0046485415341194,-0.0167705890524327,-0.0131458041537667,-0.0177887350464684
0.129884204710033,-0.0169018614736825,0.01326272689834,0.0381497828284671,0.00781264285026404,0.109725312369804,0.0413632953992098,0.0271698054243028,0.0177697699862794
-0.125424792060572,0.00106114284427115,-0.0390531623444213,-0.0418776882656163,-0.0160473237131946,-0.103151435626031,-0.0298819193057217,-0.0354226261269231,-0.0164849408295454
-0.0222992366967076,-0.0130608679048421,-0.0348662525912229,-0.0339054597990177,-0.0149290422750182,-0.0210006662534874,-0.0156236230915259,0.00248089738183492,-0.00160212098390852
0.0210621963196388,-0.0382281024709028,-0.0405020638216076,0.00562857465239488,0.0103041618885117,0.0212431660039604,-0.0163507974728252,-0.0211922313064843,-0.00237861008778508
-0.041368044118589,0.00349344311792709,-0.00703599192324831,-0.00185680896816899,-0.0038634788493201,-0.022272406464488,0.00177715767911172,0.000361801081563394,0.00613145014830731
0.0402801004692526,0.0247590213593161,0.0309733093622268,0.00292547430640321,0.0034039222896894,0.0199663480140421,-0.00581191348825749,-0.0189740517247394,-0.00409483863829477
-0.0081933490840616,0.0267309426512119,0.031184906546007,0.0225367984337966,0.00461516717670538,-0.0200305123836624,0.0153995401104161,0.00382992288219089,0.0103938327707128
0.0722849367785134,0.0410350558176339,0.0255192466699613,0.104048170755199,0.0197586385453916,0.112185849005338,0.0344374554000091,0.0685996938015633,0.035349827007216
-0.100747146706316,-0.0709895634046569,-0.066126548888424,-0.0578147861264907,-0.02179071405913,-0.0788589837897009,-0.017064060509382,-0.019146562951397,-0.032033595953093
0.0372642498079158,0.0363584027392497,0.0187457119700765,0.0320550885459108,-0.00109675551414505,-0.0047201778305193,-0.00250356414482716,0.0086927930181191,-0.00685061023446003
-0.0711033868848846,-0.0236830643908118,-0.0479577654290285,-0.0490174470562209,-0.00399131124487459,-0.0541114856967715,-0.0267333220534314,-0.00913531938702124,-0.00232502916240077
-0.0443554884934424,-0.0029765573602391,0.000644260368132694,-0.0222894944846092,-0.00281379514932986,-0.0651260278673974,-0.00826967538854875,0.0130106400727344,0.00708445223865269
0.0368194910209387,0.0237778319419956,-0.000715963509550248,0.0405856893271772,0.0137847814631834,0.0150032038588153,0.0363479747306408,0.0245839162807753,0.0480048493241658
-0.0375480654165712,-0.0173266605075934,-0.0330507832648499,-0.0204192342397966,-0.0116639896976264,-0.0311387371438728,-0.0163670922806146,-0.0117568101737373,-0.00314692326744331
0.00264392994198399,0.0148194432834562,-0.00372893259797897,0.0405386522788592,0.00327215645961343,0.0546027811586916,0.0152806762782888,0.0290579776147084,0.0284131263023397
-0.0868882197443708,-0.0451386438208932,-0.0677285226936406,-0.0665397307362192,0.0037331512844261,-0.105328399931023,-0.00134242359929865,-0.0100387719356525,-0.00439502002261171
0.0504941625013586,0.0591604851247957,0.0591089005922157,0.0607482901984786,0.0190575462806462,0.0646040046187307,0.00110877643894516,0.00690142285835887,0.0428604026108177
-0.0417450986704822,0.00390775670830221,-0.0280682493956232,0.0125303262347224,0.00037119216271392,-0.0327395527392785,-0.00632005182215851,-0.00524428556714815,0.00157361732057229
0.160210449378961,0.0698285134917131,0.0669552023635872,0.0696319209004929,-0.00506916022169491,0.143036847704654,0.0289263198317241,0.019716070171376,0.0246210968305945
0.0477303856808038,0.00765466137421471,0.00648030793252607,0.0276669991822963,0.0105704849439006,0.0316599764851586,-0.0176075343724956,0.017390039914318,0.00745477575041659
-0.0526447477217604,-0.0476095018948211,-0.0526842362147189,-0.00639263599744928,0.00929675411567536,-0.00329686554105425,0.0096616089905545,-0.0192072205136696,0.00585525901003025
-0.0268181564063285,-0.0282686039311288,-0.044939966590725,0.00897261534813834,-0.0096967947293432,-0.0439100015252212,-0.0146408759551624,-0.00408519358240301,0.00295315567469013
0.013888794985785,0.0363934091342375,0.00796921885323982,-0.0245720486949037,-0.00792157959712374,0.0261713964043715,-0.00373677991194025,0.00520164486263469,-0.00297698680221737
-0.0167930022398806,-0.0267497156983642,-0.0479717898786312,-0.005182275200033,-0.008040177257023,-0.0427844967580574,0.00601172689119624,0.0232445930028268,-0.00921427273577081
-0.0487589227512385,0.0260573058599078,0.00125131278219149,-0.000143683179914605,-0.00172331664316865,-0.0342390103828951,-0.000913062318622915,-0.00145755330796361,0.00275586822352644
-0.0146454851863032,0.00525142706321956,-0.00316389856451291,0.0078404746023883,0.0142742043817276,-0.0239084809324873,0.0145008930177408,0.00969089892253815,0.0158273365492904
0.0338213933301057,-0.0302341250344535,-0.0271160488934876,-0.00115915080775975,-0.00611631338188061,0.0423639366338096,-0.0112957590890171,0.012699185554223,-0.00631876711512674
0.0135081405461262,0.0279438386527789,-0.00817496246122655,0.0101871328575119,0.00372666506048812,0.0143488371139024,0.0175575379147798,0.0264633854560301,0.0206080262203949
0.0327186195600024,0.0115644213697484,0.0130031939853615,0.0165803375976895,0.000199217910513572,0.014307379348288,0.00192880467768489,-0.0148412471566115,0.00539872593684124
0.0121845841032933,0.0145677445881695,0.00902076908365373,0.0346231923033662,0.0237623995392212,0.0480300801287064,0.00478392198209004,0.0590717820044265,0.0355463061130104
0.0143953688343687,0.0065319242555289,0.00546570347147243,0.0873374068943926,0.0223757319174699,-0.0241723614736792,0.0328702757497581,0.0384429138235681,0.0220067523241737
0.0170118723455559,0.0190836200987879,-0.00729427206533668,-0.0256153633384628,-0.015411365593683,0.0135598013993099,-0.0447193744687082,-0.0123098429049414,0.00542838654266842
-0.0161212709131185,0.0046335322557821,0.00543974684591355,0.0150411806852268,-0.0198974591184747,-0.0211653206800375,0.0136479160497261,0.0108695236622773,-0.0150255208356361
-0.0173766834617958,-0.0192434014027613,0.00357256515398918,-0.00502145386217108,-0.0218377472273253,-0.0434931331750552,-0.0190862690907734,-0.00662396585907802,-0.0253449106966555
0.00390574749008554,-0.00949870134247044,-0.0020483220537169,-0.0077478705911095,-0.00468717485804891,0.00988960918658231,-0.000742736197547902,-0.00363886733210699,-0.0155159854192518
-0.0814326869526967,-0.0170693080827235,-0.03352866174292,-0.0181835413769041,-0.00703260721444334,-0.0738030685016862,-0.00203532591982084,-0.0208401531335977,-0.022104025920332
0.0226962542659798,-0.0150342626895273,0.00522656516981155,0.0164146863850003,0.00576820299235118,0.023864081260365,0.0177156503900609,-0.0052480767323071,0.0161751035428034
-0.000866631442432306,-0.0239897005191238,0.010570671847011,0.00145271831132281,-0.00593379811039141,0.0125888993624633,-0.00202117560899418,-0.00146497515065238,-0.021271647405974
-0.108874580394723,0.0233446620346986,-0.0628918829879528,-0.0571459695213117,-0.00413535709098777,-0.0526555725711121,-0.0195473290756784,-0.0278985983738971,-0.00390535061200376
0.021338756447218,-0.00678538100918022,-0.0169555894875722,-0.0259877966743783,-0.0181759473652328,-0.0266877884729214,-0.0103832590301161,0.0193191175192829,0.00834498848255886
-0.0712236597102525,-0.0453346579869069,-0.0210132640525213,-0.0683078548572708,-0.00794886971188085,-0.153375653996102,-0.0084240710336598,-0.0198390269653557,-0.0230275069546782
-0.0152840277129664,-0.00369294532190474,-0.0110623084461418,0.0176534867670075,0.00598380085402321,0.0326140785677228,0.0104631027909456,-0.00241946625704961,-0.000429373035279725
0.0232664692625964,0.0252570729338421,0.0208726026301709,-0.0134528377783629,-0.00500902843367764,-0.00294960516054091,-0.00308403369700316,-0.0044352598381821,0.00734789176617248
0.00866180824484815,-0.00940342632222435,-0.0121388703583996,-0.0127946883645682,-0.019178301392242,-0.0203884356060693,-0.0390938467275199,0.00348344571393868,-0.0213535635145545
0.104045972263065,0.046215079659711,0.0538136871749316,0.0253023914762699,0.00702579770669507,0.105123421014535,0.0244555449830024,0.0232491977857816,0.0209416198801745
0.0320356754865635,0.0156049859229233,0.00511152686763685,0.00852943011256899,-0.0103622412426606,0.00842119340738084,0.00166804635242227,0.0268143478582035,0.00673912445991283
0.0736398824248542,0.0434990121277049,0.0545922149074446,-0.0153848264960691,0.0113363850623786,0.0528295604183212,0.018605950199285,0.00288539551431965,0.0100682976779156
-0.0322410123399243,-0.00312555238235141,0.0011988825084291,-0.019173039062582,0.00870609126071282,0.0155680079261799,0.0192521072124961,5.69420874367413e-05,-0.00854337759023794
0.0195614755379726,0.0114537682903702,-0.021088467738637,-0.0158797223457354,0.00129797230496811,0.00579141428482046,-0.0223212305704041,0.0177041369894098,-0.000372404472375
-0.0546063070436959,0.00786762148293851,0.00210843486859413,0.0133350106236868,0.0132451359098749,-0.032774115361714,0.00402077258590706,0.0198015055753889,-0.0151724031643597
0.0116260273030062,0.00305701539854608,-0.00465495347185376,-0.00940087519851525,0.00183339895367127,0.0161550349061557,0.00084351438787882,0.0079737479427829,-0.00760712540643848
-0.0952279433414935,-0.00288630073686067,-0.0359939578505523,-0.0361328762074912,0.00406582353539234,-0.0989508362619016,0.00156796291013538,-0.0176611736180303,-0.0226346423732428
-0.0059835791569686,-0.00138088437944501,-0.00690920850174049,-0.0108941841539336,-0.0241001957394204,-0.0240943846296218,-0.00388734227280231,0.00290988324202129,-0.00438900883405471
-0.0270257024508003,-0.0383511322772803,-0.0137061391644692,-0.0444926574049423,-0.0012027365336225,-0.038859948093494,-0.00947835202860892,-0.0477586325486891,-0.027463285876996
-0.065561343411424,0.00323757442722304,-0.0347320350233721,-0.0217920434242141,-0.00807062431712265,-0.0949320451160145,-0.0118872590624309,-0.0125788454354692,-0.00544924148267685
0.0471195960670683,-0.0110657976442064,-0.0214624437115893,0.00377908402169405,-0.0206102872059125,0.0366897475870124,-0.0223795754691221,-0.0192376727966191,-0.0127757739148783
-0.00895858825436708,-0.0015824941155005,-0.0331687438600226,0.0183440187577005,-0.010128353105126,-0.0237571771013695,0.00121779984051934,-0.00200603875917934,-0.00578828877033225
0.0316376047461333,-0.0247385686091377,-0.00137086594187461,0.0369612748538348,0.00512390620676817,0.0620935273419366,0.0119258943511462,0.00403674287140578,0.00456970568776508
-0.0485626896904706,-0.00497486220694044,-0.0129220966743135,-0.0303952146868816,-0.00902515121702683,-0.0529406577684272,-0.0260203954042891,-0.00599925762925732,-0.0111324081112685
-0.0352897452883897,-0.0186999216166139,-0.0342876953728906,-0.00600682691331388,-0.0133987659240706,0.0258462074090648,-0.0041457713132544,-0.0120385650017354,-0.0183288651969233
0.0690609999051857,-0.00733987451136368,0.0129719795720855,0.02515098133967,0.0112851570800061,0.0874954991742294,-0.00203869649154258,-0.000441635093608491,0.0112913532656456
-0.0734419913578478,-0.0318809457800339,-0.0359091786941353,-0.0404347621181333,0.00776973826177972,-0.0699356592091933,0.025121285252474,0.00982855380246893,0.0122459505692914
-0.0684497361302069,-0.000448444335830051,0.00301755582764057,-0.0366362177975035,0.0185094441292047,-0.0917193919417861,-0.0326518838075372,-0.0193831376809928,-0.00783019036772319
0.0059814783297889,-0.00985374548030242,-0.0136236814779244,0.0075531035247145,0.0116127178324753,-0.0425005584575311,0.0134483786437842,0.0348545857432676,0.00831626917126362
-0.0112550540658182,-0.0181790216633191,-0.0187710254090721,-0.0267738909446458,-0.0092234130916749,0.00798032095108276,-0.00895019316271541,-0.00469409154812374,-0.0144158563593742
-0.10882250664488,-0.0415469913497677,-0.02477439167776,0.0230742428911045,-0.0203173599304156,-0.0979393056876493,-0.0350154929860997,0.00566512029125107,-0.0251514591903165
0.00672820429214711,0.0223110720097281,-0.0179697281765666,-0.023203336337042,0.0101311843521776,-0.00539840903809305,-0.0005711808887336,0.009701938433524,0.00593560182278915
-0.116621485082395,-0.0672265663512315,-0.0554187058214797,-0.0681203071316853,-0.018752638057368,-0.129908831557447,-0.0258610599592858,-0.0240166709244418,-0.0188384124376904
0.0199062771219215,-0.0067349304317713,0.01018954424775,0.0188189407021462,0.00109641254831169,0.0490842553701209,0.00553192493194499,0.00620049295167465,0.000987274516702391
0.0029748885868133,-0.00656650754621354,-0.0423544733900251,-0.0259175081299955,0.00140430809563893,-0.051316047245706,-0.00973824438593112,0.00427204361390823,-0.00416342422101396
-0.0493576564378513,0.00932679881404516,-0.0300019568915009,-0.0464882708986431,-0.00394765367360132,-0.113760807648013,0.00686906790466327,-0.0106644727808797,-0.0135584170771999
-0.0270996910219188,-0.0115736802550122,0.00784721113629084,0.0293376087280964,0.00382058499897195,0.0149872382902822,-0.00606424458189799,0.00682341095635365,0.00777176315351945
-0.0258960619029137,0.00999917960472689,0.00970320853403715,0.0269919305174549,0.00454720648142823,0.0222284091086615,0.0189299577545828,0.011948156028956,0.00529450132551483
0.0579011293794265,0.0169509299860885,0.0130194120070561,0.0341426708646721,0.0180550329347479,0.0506261447693359,0.0313397024657671,0.0258910240308026,0.0246768093520614
-0.0280034651498583,-0.0159888428192724,-6.76874480214987e-05,-0.0211338518830758,0.00251109642413261,-0.0074517242657747,0.00786394721663915,-0.00376104076052122,-0.0195295981579106
0.0263961794258257,0.0184170517612924,0.0220618942551482,0.0117966778718843,-2.10546072743435e-05,0.0270474821457654,0.00901978497105732,0.0017167728209853,0.0134164808878347
0.00578295554553677,0.00333138425549379,0.0123201488864945,-0.00860185877840722,0.00012680044007986,0.0316729769649035,-0.00771304339256006,-0.00760320145085844,-0.000900128233694402
0.0242799544877299,0.0138944620108007,-0.00390452350221639,-0.000313137759218479,0.00418725984869132,0.00421594235941372,-0.0164561869580385,0.00371832521676178,-0.000742666674438377
0.0420456202056843,-0.0121648926957909,0.00417322821807172,0.00288354551322803,0.00252377565788524,0.059705423860192,0.00438341792497235,-0.0243451683271701,-0.00527996569367313
-0.0260353628304027,0.00612907135852266,-0.011229632682972,-0.0211276970064087,0.00282656978993719,-0.0372266405840758,0.0035114957351138,0.00741369011676804,0.00425303193358722
0.0226065607051863,0.015240674188184,-0.00331845398572511,0.00250002787310675,0.0114440969805087,0.0212116866291356,-0.00272880751682519,0.00924128675084222,0.0157235115354374
-0.0324355705218255,-0.00220920860821538,-0.0304132909331114,0.000420169542714625,-0.0051045276899557,-0.0447152563057161,-0.0023094262125651,0.0220103471271301,-0.00905649966539027
-0.0261643064815111,-0.0136201284726459,-0.00734259585145247,-0.00650889250327579,-0.00707256305303783,-0.0390926495874275,0.00387858419570687,-0.00195353725511348,-0.00723828580558332
-0.0231331754866773,0.0158438832771151,0.00255643753999533,0.0141575458799254,0.0106355809382619,-0.0230723065202613,-0.00301323763746212,-0.0025451781189199,0.0104338747690697
0.0339078147849713,0.0264451223087578,0.0151997841972438,0.0667040004637672,0.0214777371955183,0.0795335316120707,0.0154242322291913,0.042325389071996,0.0110964808041154
0.0567117083632234,0.0414328760699543,0.0348516228201502,0.0363045104299139,0.0016899076418921,0.0437443042769552,0.00209246858337595,-0.00300423721484746,0.0326397014388468
0.0208788605415519,0.0165277019567233,0.0198165565822147,0.0246521927018351,0.00771494053614598,0.0216472590806275,-0.00296124883014697,0.0296199201100982,0.0188073120296796
-0.0311552232476313,-0.00197471317721978,0.0187627792598515,-0.0182427889330565,0.00544612500640788,-0.0912006435227597,-0.00236694685730728,-0.0116318747450759,-0.00719059103740874
0.00969425000291187,0.00794185522973491,-0.00563941249108101,0.0273678286837241,0.00507306036033966,-0.01026284745085,0.016153368809532,-0.023275562769473,0.0007049032260944
-0.120715395611787,-0.0399686340463535,-0.0309554017409686,-0.0851550130213607,0.00159586020384312,-0.140174746826237,-0.00831285250518568,-0.0237467975159865,-0.0222695628362342
0.0214191189734535,-0.0140244187035146,-0.00104961313096527,-0.00812854829920821,-0.0146042396072434,-0.0219190976135485,0.00444066936949093,0.0164814048657096,0.0101533854938306
-0.0147328692748616,-0.0195305386776672,0.00284804259902811,0.0261434638453593,-0.010139160543626,-0.0332915077059391,-0.00725295970773998,-0.00946245405955304,-0.0107617363397574
-0.00727988149855008,-0.031353787244938,0.00255325520735295,0.0046094511272191,0.0137429663465898,-0.00178749066017338,-0.0040854628693454,-0.000345025986000994,-0.0053261167992637
0.0210131284222637,-0.00332333317423582,0.0166355821721242,0.00975327297469571,-0.0177163096602543,0.0150071366552908,0.0045197295217808,-0.0126583354909428,0.00220589400535042
-0.0404509390707697,-0.0193606527216522,-0.00945087032732796,0.00146673207098478,0.0255744801742196,0.0511511198338959,0.00824333832313853,0.0107118791585012,-0.00540201287798303
0.0747015557789696,0.0100703873135587,0.0233571618970808,0.0163292835949247,0.00554894684515386,0.0635967614715423,-0.0112950385837525,0.0208251707120533,0.0140652770617162
-0.053128276313498,-0.0388716708824226,-0.0045610174632473,-0.015266152249517,-0.000113094879782035,-0.0656806581256605,-0.0230583659603741,-0.0142974242668386,-0.00234521371221936
0.0608068234508532,0.0323453557655862,0.027623508903677,0.0397956982713514,0.0082097108650715,0.0550883524768661,0.0151404113381713,0.0245039023632044,-0.00318967232290371
-0.0366709204935713,-0.0125291803097058,-0.00730115344294031,-0.0301931254945878,0.0092096581856404,-0.104971330788559,0.0114487581790454,0.00728604913622606,0.00409821441651018
0.00810819065952471,0.00932914115404647,-0.00541085529487522,0.0493360086168943,0.0211184446515642,0.0385983597362475,0.0185199060527554,0.0141899193245016,0.0337359079727421
-0.073497726549133,-0.0210118268447637,-0.00162109895299709,-0.0163166166376609,-0.00688257332393242,-0.0673074492848942,-0.0191318158164072,-0.0269333052532228,-0.0253617064595022
0.0528111920236209,0.0218617919657872,0.0130937793532737,0.021977992431882,0.00404429514971659,-0.00461172891370069,0.00857540258935245,0.0250914627618634,0.0105621235418802
-0.0292664251686712,-0.0132327568847199,-0.0150918034904406,-0.0223640366526621,0.00574333265337684,-0.0449594368667676,0.0159743921522405,0.00887724049633618,0.0169517944561558
0.0224091308598865,0.0369679459889066,0.020559452831331,-0.0184731168791689,-0.00475734557954317,-0.0285473747660557,0.0224717761181934,0.0234998710789276,0.000960928995394498
-0.0181398586622437,-0.0189048488505559,-0.00878625770782425,0.0120945540908009,-0.00637483843043954,-0.00954305475875729,-0.0139691327339522,-0.0121165448314929,-0.00775792896579823
0.109787749853649,0.0300605128942495,0.0339523174454993,0.0214442760681619,0.00754976805304168,0.114415630868089,-0.0030659610288527,-0.0114612945086008,0.0166266600374025
-0.0732716996635646,-0.0429914483393194,-0.0264675957059622,-0.0631641693439537,-0.00492483676613363,-0.0618526204877495,-0.0101980595124777,-0.0249530162227379,-0.039423318799586
0.028479315450527,-0.000543633099247054,-0.00243051332594575,0.0125841317813093,-0.0110225988203333,-0.00353304386666929,0.0139993622528731,0.00753591835294701,-0.00621270774752411
0.123717929297287,0.0613711330341398,0.0406885449811782,0.0411814330500993,0.0348092064701835,0.0808790115857438,0.0294921375232301,0.0391032545052395,0.0439696298244519
0.0863377256238462,0.0135439594735348,0.0251015903544699,0.0339556615770754,0.0197440867161371,0.0930806570822209,0.0234546895831778,0.0064854726577948,0.0307023670148183
0.0380583044631154,-0.00814809132892907,-0.00762254657865413,-0.00956095398685692,0.00202268457958465,0.00506344106995014,-0.00345935907994137,0.00230222269930945,0.000758569735480161
-0.175374852562351,-0.0721295833675595,-0.0487377695274215,-0.102737601986668,-0.0106247697667808,-0.194183007347359,0.00458839995267605,-0.0641705724335916,-0.029119322734245
0.121535679575092,0.0326852503847677,0.0390102257902578,0.0333769077079801,0.0231618939885158,0.0706623401219792,0.0353751333582621,0.0354310279569618,0.0402306274377901
-0.010043328456497,-0.00225504507102047,-0.00556112590147494,0.00595544533355213,0.0004388331188361,0.00232441542381555,0.00431095394634666,-0.0149841465823449,-0.00343091278172372
0.0640937629580076,0.0497567638034793,0.0196697618498432,-0.00680853049658624,-0.00872695060037377,0.0410040767724825,0.00350098109213719,-0.00326046001558484,-0.0110063265938475
-0.0131893620565391,-0.0112009229926769,-0.00109888414320798,-0.0289190831506707,0.0086647505390937,-0.0520980505781652,0.00454488640213653,-2.63785667838583e-05,0.0127306716319872
-0.0326064750334905,-0.00237063459913895,-0.0305682322331442,0.00305797966577379,-0.0176901247373189,-0.0210460426717543,-0.0072493732050917,0.00142300345477342,-0.0108752072148272
-0.0014394944441599,-0.00874711638038212,0.00524256661673191,0.0103693876843744,-0.00624015352959839,0.00216177044547721,0.00209908103264269,-0.000407012544123073,-0.00777125792542417
0.0137748958174584,-0.00391629774631869,0.0067991969116841,-0.0178150492637032,0.00611309736105179,0.00489590079397693,-0.00757262041717257,0.00687928306326363,0.00975994184294692
0.0913121236922644,0.0335777302912684,0.0550118092017148,0.0300072353748778,0.000190310558923752,0.0521382380547265,0.00722534697059834,0.0344361407776391,0.0127010301231823
-0.0847110292293488,-0.0336420198776068,-0.0049255384405564,-0.00396412896267797,0.00402173918795105,-0.052097829482456,-0.00390022186715335,0.00577616682229059,-0.00776638582837241
0.0071258437805438,0.00693659464887836,-0.00268977271635422,-0.036696675845539,-0.00700879980086599,-0.00611935351988382,-0.00977522731160586,-0.00797999932890362,-0.0164998956690171
-0.0542091320051244,-0.0372207334717936,-0.0427489069402205,-0.0221184405760462,0.00158986433926842,-0.0203404538973953,0.030986710304447,-0.0228435441214314,0.0194140366890932
-0.0206445343308974,-0.0174344553458572,-0.00832661538151929,-0.0116091349799736,-0.00629969396253356,-0.0690116585699553,-0.0162683060382742,-0.0161000807028399,-0.00638202080288874
-0.0218540708574943,-0.0297697530390042,-0.00183979056658846,-0.0035978761871036,-0.02548661618249,-0.0440935322791564,-0.0385995161039425,-0.0366083105640701,-0.0310608144146364
-0.0624034653637236,-0.0368680154672378,-0.0285035628350274,0.0411716803669756,-0.00445116968400461,-0.0495208284296887,-0.018754646776717,0.00537971117783446,-0.019385765529112
0.0735319767836514,0.0337437336143966,0.0113983097965044,0.0137068545783582,-0.0254702071777311,0.0568309248732381,0.00537724372444353,0.0167642891946972,-0.0110265299301973
0.0847223712974463,0.047375963608337,0.0252557055403011,0.0355057189628606,0.0244697468236067,0.0358879661059135,0.0467476053096633,0.0280601159397686,0.0545988115985508
0.00676821722479039,0.0246621433294528,0.00539735798844315,-0.0164466165856844,0.00920516211473283,-0.0311998708064129,0.0034729024804212,0.0120185875979545,0.00701255316744672
0.0170999681132966,0.00511644164119983,0.0209372541289445,0.0173456928630273,-0.00960641182508767,-0.0116773058782572,-0.00745604951279947,-0.0073692775486792,0.0098254648134159
-0.0841072280445204,-0.0280500924772836,-0.017970992786018,-0.0533161066691167,0.00188338914935236,-0.0973306873598684,-0.00816209026095008,-0.0177836322338765,-0.0109424207554086
-0.00882142212824107,-0.0230943468645708,-0.00290768292370425,-0.0184529111493092,0.0165476518611382,0.0279212538984056,-0.00119728578526054,-0.0218106895004093,-0.000257985783292437
-0.0376728260615053,0.0157238999378871,-0.0338647133612304,-0.00840446063233634,0.00286976111849681,-0.0666610155817213,0.0002264835622326,0.000898607709554264,-0.0168173465830836
-0.0488784040594567,-0.0350024842861697,0.0185809625357419,-0.0158248463410926,-0.0197732982329622,-0.0232508610076445,-0.040286090175841,-0.0382111310170193,-0.0100442576913318
-0.0100282953349679,0.00776052818532378,0.0293810754176595,0.0169750016221031,0.00394246794577948,-0.00226302741887823,-0.00111771662167911,-0.00103805246947905,0.000282050018992826
-0.0668469235053153,0.0215825935650483,-0.0353249566795315,-0.0324459538259676,0.000886921325270602,-0.0516256100236994,0.000344222522967596,-0.0103750433325245,-0.0157893186139464
0.101193334759848,0.0522410052864105,0.0291749115763082,0.0272070228136072,0.0221252530056199,0.0953714807250798,0.00431072799348126,0.0324069673423842,0.0358433160274774
0.0319169723989408,0.0213108079829141,0.0183910820194915,-0.0223262238665346,0.0132093233417435,-0.0417734024532311,0.00432349009667014,0.0184561981436301,0.0193447391518889
0.0633654389072841,0.0429852336073591,0.0531049332790873,-0.00121695994569237,-0.0270475231913624,0.000314043237634923,-0.0155604130856543,-0.00211951295823879,0.00333945892188621
0.0221453715430412,0.0132836572566218,0.0412697928336944,0.0282473583479184,0.0121028164983599,0.0181299597137397,-0.00641389523091652,0.00221551606361929,-0.00828440019492657
-0.0329167824192801,0.00916329752535268,-0.0253476942383212,0.00869047268301412,0.00704695556783341,-0.0903628569719735,-0.00353758587357202,0.000810877530662296,7.83079781402789e-05
0.0265680000865594,-0.00951400580756513,0.00393102718421028,0.0363745767252087,0.0196408756010092,0.0402559960820446,0.0315511483186278,0.04449745528362,0.0316876431863074
-0.0352685005334871,-0.0172974567981736,-0.0191686979912295,-0.0158572005754245,0.00653445780432067,-0.0369525045667093,-0.0054055755387451,-0.0342391623317122,0.000172455696055256
-0.108701757973643,-0.0649958802709753,-0.025200310478462,-0.0386708540646351,0.000259538966797453,-0.0144307595504025,-0.0130897242845576,-0.00565551250737458,-0.0282535986327383
-0.0146322102464089,0.0152079872847926,0.00841669082488148,-0.0138940804953469,0.00118230812202652,-0.0301783340210153,0.00131602041495384,0.0127278601223266,0.00610526031631904
0.00852519172675061,-0.0124545764423515,-0.00438373033274877,-0.0362582704175904,-0.0319125617212819,-0.0389291221107497,-0.0188079469725923,-0.0346496587610711,-0.0590021229043983
-0.0547303413800115,-0.00104387712497304,-0.0138541561918224,-0.0321680388216707,0.00913591385352258,-0.0422260358950075,-0.0101488484731079,-0.00739965202885635,-0.0100863955320104
0.0283117898445485,0.0291230917367113,-0.000266917266230223,-0.0188074307078318,0.0181830815408371,0.0102282003341821,0.00797331313480213,0.0104078921063641,0.0129282103632838
0.00237085347893097,0.019859960786266,-0.0125210464929105,0.0560869287775579,0.0227527451662873,-0.00216637506966508,0.029374793599109,0.00640017002228488,0.0421632737657364
-0.075990527039606,-0.021767108237499,-0.0165769969136451,0.00205464831068679,-0.024785256782137,-0.036914092900688,-0.0241920813613308,-0.0124402301653823,-0.0118184815514355
0.00444787431667147,-0.00338910661739953,0.00226538335871648,0.0181322418969869,-0.0178541724985676,0.0190508323058922,0.00114176420679353,0.0227653611519011,0.00485650476549427
0.0567118590632692,-0.010198307171912,0.00468786039196191,-0.00283085194570198,0.00097735409184979,0.0285477832640792,-0.00693384623053099,0.018180652716112,-0.000904179407441901
-0.0734694493512957,-0.0801661541515944,-0.0392734227389072,0.015317539498361,0.00508190587629221,-0.0687646265754388,-0.000302574803389468,-0.0120501673759897,0.00549537134520998
-0.0332884903227116,-0.00291687366201076,-0.0224708286103093,-0.00442049605325353,-0.000159869618507883,-0.00374922736294857,-0.0026630241465197,-0.0105752532130251,0.00311991342340781
0.0429254887894053,0.00613768932894397,-0.00767349809062997,-0.00637458002464573,0.0056354401107389,0.0360422697389105,0.0232153756221002,0.0122938734647721,0.00239510714089528
-0.105950999210646,-0.0587484399521435,-0.0280590439774651,-0.0584541284493917,-0.025807186135679,-0.0770556834811568,-0.0594835106094655,-0.0120054610330628,-0.0269140788854137
0.0379023159561643,0.0121920518602329,0.0190913618840079,0.0306275136515506,-0.00600889475719739,0.00233482395256353,0.00299849341944467,0.0154027684208683,-0.0051440237614394
0.0426688634745183,0.0394173242311937,0.0112592161142769,0.0219663390873459,0.00351897095169109,0.04053972950305,-0.000461161540006008,0.0383899870350768,0.0198194657652818
0.0581025241252099,-0.0155660796298592,0.00391123117175443,0.0196528723636183,0.00297818579200817,0.0468189554114888,0.00380701989732044,0.000141368336186822,0.0146282857606445
0.00668089232681585,0.0145183100333754,0.0132268887834379,0.0396396123957646,-0.00103199269998018,0.0379803194319119,-0.00760293795105639,0.00951251517191155,0.00619640191552779
-0.00562345729559174,0.0107373651741072,-0.00591096177741432,-0.0120602713976177,-0.00238863373644595,0.0107478403715121,-0.00599154101627869,-0.0200701715706653,-0.0263594854791899
0.0534933437015874,0.0363614202181574,0.0222674246638428,0.0428416938188704,0.010253901294665,0.0866962915714956,-0.00749403585769377,0.00381838166958544,0.0146647230174219
0.0466983946676598,-0.011905426494342,-0.00173566576177945,0.000546169665425071,0.00158123737124109,0.0770692111145607,-0.0153203249549255,-0.0293504028701771,-0.013806253036184
-0.0191138026364022,-0.0205311092108824,-0.0231655704704631,-0.036864308178156,-0.00821008707556472,-0.0496901143843261,-0.00551827886561952,-0.0131340082107749,-0.0131253331458213
0.0272077019587653,0.00982213724025973,0.0527359647018011,0.0576833539437945,4.5003587469502e-05,0.0391618388040912,-0.00905131569830436,-0.000322475128239742,0.0097812595304515
-0.0358281570499063,-0.0500700261545817,-0.0230586527558802,-0.0310074185135093,-0.012596236194487,-0.0739669972883487,-0.0272916253073191,-0.0225052499013126,-0.0113828225492113
0.0431302235348488,-0.0129827172702329,-0.00866264570514914,0.0229952192512093,0.0119435847606259,0.0465918104829344,0.00173752878263042,0.0150134273232704,0.00765746848239529
-0.0373958191839633,0.00356893455056599,-0.0133488362907264,0.00321823186977342,-0.00819039348362606,-0.0617057430754751,-0.0177671271762081,0.00541164254584283,0.00684492022576853
-0.0233782387067003,0.0154106796561633,-0.01121225336657,0.0257798081167521,-0.0139574217299541,0.0228075448905819,0.00313730874380446,0.0238920715211752,-0.0133768162311248
-0.0723217507870745,-0.0289786331154868,-0.0247880590738064,-0.0450771960414917,-0.00815590324369582,-0.0694419498469292,-0.00234766770830949,-0.0244895796798342,-0.00665024765843324
0.0608646300333643,0.0191644204792574,0.0136781672137971,-0.0245247502492506,0.0138164810065561,0.0850692503078145,0.0160259964283887,-0.00149629680584068,-7.56135825081525e-05
-0.06348246825465,-0.00865179151349234,-0.014563511050294,0.00640273831628431,0.0128114820706624,-0.0496910357226716,0.00718799355742256,-0.00755878276289044,0.00839034932973325
0.0166951132952432,0.013578253616636,-0.00323754368830106,0.0279596672963434,0.00191082607223307,-0.0581628274163769,0.0212968584092766,0.0273561681144624,0.0152777704161437
0.0865175932221619,0.055274697889662,0.0258609216086969,0.0158244110165561,0.00151440864655127,0.0853127637002638,0.00439513440887385,0.00536227478495179,0.0239690626894136
0.0233734487099616,0.00895859407896175,-0.0176816237127706,0.0384752629943313,-0.0101768708166976,0.0569773046944011,0.00801506226792189,0.00502001531775116,0.0127521936526722
0.0100961885427342,0.00899809173987399,0.0040612894028699,-0.00090718478641201,-0.00859494570043642,-0.0292867544396136,-0.0196369124944979,0.015425541841832,0.00472906215394049
-0.0674240285437985,-0.0525620023989418,-0.0426741166533409,-0.0621638077532669,0.00397578594612705,-0.0905116634225787,0.0121058996694989,-0.037263889119859,-0.0219180030202933
-0.00182002426666315,-0.0212738810693195,0.00680003042151396,-0.00153506431363684,-0.0122231342906025,0.00461805104010825,0.00420752582308252,0.0120734624361161,-0.0217899071590365
0.022928105109569,0.00343681756689345,-0.00786198746573584,0.0471174318049621,0.0156651816248358,0.0469031648301847,0.0272052663062374,0.0218318140321871,0.0184057938528339
-0.0670258342082163,-0.024396404584735,-0.0318114257428293,-0.0419251478255555,-0.0164732439640016,-0.0796108741458315,0.0195173597114235,-0.0468197125564494,-0.0475016297364861
0.0375801059865311,-0.0229874734681093,-0.0182333928279241,0.0194262130778938,0.0014754665073478,0.0397589848613121,0.0171505602724981,-0.00916851102961604,-0.00502833617254649
0.0473065774442173,0.00541278696546132,0.0269512794274906,0.0528029363402181,-0.00235404827129768,0.109980992171684,0.0386507908402331,0.00956151632125725,0.0386129029002737
0.0560305911518396,-0.00979907213765989,0.00251235925314571,0.0294586815447029,0.0311735266458321,-0.0290074419345927,0.0204786440628902,0.019005476743567,-0.0029731853287275
0.0671505450785603,0.0266179270327626,0.0149940922372269,0.0163697066974553,-0.0010746933572653,0.0211120214036084,0.0177830675215928,0.0172278460314832,0.00189200744294926
0.0165313395822286,-0.00590399285639405,0.0152597886192529,0.0171929345794208,0.00149679393657683,0.0624506426413679,0.0116319492536269,0.0007014822516646,0.0111994576480182
-0.0119748895632846,0.0118782984820944,0.00231185425433526,0.00952383625217732,9.73010061473046e-05,-0.0050011457207677,0.00634790943693028,0.00206945845724991,0.00679048523840781
-0.0370053572096338,-0.037397309180611,-0.0524175888311499,-0.0143370286539292,-0.0106796226099945,-0.0548887851910367,-0.0234154065119841,-0.00583383173358706,-0.00916070557602896
-0.0281221003596118,0.000538760225581686,-4.99677984403066e-06,-0.0309253064862503,-0.0135340110963078,-0.0163653598618594,-0.0147706771597672,-0.00746988570954499,-0.00645916245370209
-0.0490815660085825,-0.0261983372181623,-0.0211753089799794,-0.0304816553552602,0.0115512635761012,-0.00385269154005633,0.00176702960158282,0.00168003709478597,0.00469581282265641
-0.0184152001632185,0.0168261223728832,0.0120508583739464,-0.0140336654112972,-0.0110639428411304,-0.0118917854383789,-0.0100289571232844,0.00785637202094018,0.00436817330967643
0.0445276581201193,0.00749987291789694,-0.0108977864946236,-0.0104640780981329,0.0159843665863387,-0.0265506189263805,0.0104562074382337,0.0363283355111651,0.0267850390904458
0.112081508234692,0.035821801183829,0.0193981987615154,-0.0288176088993971,-0.0112168152105453,0.00543206054919396,-0.0232554087325541,-0.00219150786796538,-0.012020227200999
-0.00304859025295751,-0.00976156814369827,-0.00550435323946977,0.00540279875466025,-0.007359330592987,-0.0206857542282008,-0.0258452606220865,-0.0156643020894074,0.00828646070094877
0.0681668652811129,0.0384031379096026,0.0473401505465925,0.00690744938965806,-0.00450771368323122,0.0435936296874166,-0.0200774220041177,-0.0174721205555416,-0.01567669415425
-0.0249791641524652,0.0207253032918835,-0.0108714203894848,-0.0131582676446512,0.00319370602657764,-0.0256965069372389,-0.00469665773307808,0.0135794124820991,0.000893966043927312
-0.041933357056353,-0.0259755820142029,-0.0208329065486797,-0.00677074246955556,0.00834229554591916,-0.0364074917777566,0.00412485755333343,-0.0123671156565391,0.00682026658984764
0.0575042907081465,-0.00947270614149767,-0.00567564973521619,0.000569997000416949,0.0122282885677999,0.0587324773149698,0.0179898137034992,0.00788558433605651,0.00735106104219059
0.14084049799419,0.0245842711911693,0.0284138900228732,0.0361909536655835,0.0139874630684529,0.0882355888236546,0.0204727004225898,0.0250613421268315,0.0215986604877485
0.0135262847710098,-0.0285156446085034,0.000392930978630409,0.0140325241205596,-0.0124283583309746,-0.0259581608906367,-0.00248552120715235,-0.0303306998172549,-0.0109481477669407
0.00850956590815361,-0.0438743022680336,-0.0165347910491291,0.002157498662161,-0.00128459658410444,-0.000819282037789339,-0.00593431319779597,-0.00847610554609829,-0.00979254018817889
0.0206606030630394,-0.012168524449936,-0.0242946019352796,0.0277563667806396,-0.00130541028366709,0.0318024017206546,-0.00325988245350337,0.00849064383195024,0.0186446888826433
0.0165659743431427,0.0124112443323543,0.0174033829929814,0.02635954267684,0.00672238853597315,-0.0334868905665238,-0.00479566259831814,0.0143773088967676,0.00633145753010869
0.0188596954897965,0.0112451745716853,0.00497511623806461,0.00640407372296407,-0.0052869511440366,0.0248793093276014,-0.0211160614545786,0.0221440352731516,0.0184283244515358
-0.0329871104014028,-0.0395391598538414,-0.0179695038906844,-0.0308830504349211,-0.003817845915593,-0.0535055377582282,-0.00354041495930813,-0.00705515031072955,-0.0087421010664248
-0.0199005823936261,-0.00404955999573149,-0.0246138014736572,-0.0248792888601754,-0.0109855754338273,-0.0652300606200632,-0.000876314706026765,0.00483351824324346,-0.0127822785910466
0.013801990841679,0.01432438221741,-0.00404307875465966,-0.010026033064814,0.0190792957004726,0.0125030873942872,0.0164850523743507,0.0122564921314758,0.0227495614521267
0.0847905517113202,0.00471878158306525,0.0178164637561013,0.019440291565873,0.0114127406706942,-0.010161491064478,0.00123382735909958,0.0035784605399651,-0.0017185344723061
-0.0746880821600572,-0.0381944427840642,-0.0374911028242132,-0.0206387860860804,-0.00792967375634703,-0.0786773236631878,-0.0254170895657779,-0.0108125970048788,-0.0200426731157918
0.0844875145010628,0.0458695919339025,0.040652295834598,0.121887619542992,0.0123080028690469,0.0451449854582638,0.00430273334026957,0.0337322370177794,0.0426088406621639
-0.0500093762029176,-0.0115684115125296,-0.0181855174359078,-0.0241419131368545,0.0052597425301222,-0.0519540869402913,0.00109320814376898,0.00678414705201126,0.0076426688834695
-0.0173760021694607,0.00800334784314051,-0.011343518442246,-0.0243717976898806,0.00347530740260242,-0.03468526068538,-0.00892338821817685,0.00075587584875793,0.0122153236554534
0.0626426255625432,0.00833331036441702,0.00750269850745034,0.0197509537408701,-0.00936357601922281,0.0341296297654552,-0.0004714591413409,0.0217044511451526,-0.000357715530997122
-0.0387163609463648,-0.0127140546380945,-0.0152641106985841,-0.0323813047682483,0.000148534566518677,-0.0476863293442322,-0.0161013177361396,0.0177914490074286,0.0181582115301834
0.031722290681646,-0.0333093128243553,-0.0141057452043983,0.0059246015290483,-0.00330049752718571,-0.0736530512818778,0.00446646096079059,-0.0112840348550646,0.00317481550975553
-0.0610130581469549,-0.0261747628667484,-0.0177139056937481,-0.0411654838804419,-0.00963407381350632,-0.0436433506252427,0.000132201796712085,-0.0320219724302838,-0.0159694499569554
0.0289613999382578,0.0149941870391252,0.0259246329693242,0.0377797455538663,0.00493161635972274,0.058726817936069,-0.0205183356579128,0.0103107741211008,0.0107799461025639
0.00649758573140461,0.00851498487884301,0.00818065565354332,0.00846703271389031,0.0108777376942611,-0.0049949732021001,-0.00330781613129763,0.00485570138421654,-0.00412103583698802
-0.017161443455353,-0.0104584869596332,-0.0090586795024395,0.0326470227570244,-0.00508816611034732,0.038903310681879,-0.00898729739902599,0.00207595731682012,-0.00940511307546027
0.000336744050313156,-0.00498455527020816,0.00363095647644018,0.0148785817950867,0.00774188913855362,0.0168178295731139,-0.0024689994227642,0.0112134908363891,0.0203186334428128
-0.0509911026636498,-0.011751784776219,-0.0177178071479995,-0.0384735746704833,0.000934462038750131,-0.056338611525573,0.00862697375590791,-0.0104936748189678,-0.010305815708084
0.0196977319506297,0.00282971890462867,0.00269233514750984,0.00377049218920529,-0.0118301948232593,0.00656956610758323,-0.0113900839501803,0.00289791866307753,-0.0250052044559504
0.0221669780351883,0.00970051803457375,-0.0152810851205175,0.00462918943113608,0.0136388907030776,-0.0131684976247332,0.0238031253339228,0.0126727844931447,0.00753312583480533
-0.0868182627177807,-0.0147100982212476,-0.0129827705988459,-0.0435496984152682,0.00364409414684084,-0.0599274211177398,-0.00790384987553558,-0.000908657332813066,0.000488855985367284
-0.0280143856789674,0.00505575930191623,-0.00184442138864637,0.00604413165953971,0.0016309553086857,-0.018595984716008,0.000149263751227024,-0.00226624768790702,0.00117813120479935
-0.009122898974395,0.00755938269091018,0.0180695292032567,-0.0130360809327438,0.0065966444861774,0.0264684654492455,0.00339063021929066,-0.0288339670630998,0.00303318008377945
-0.0663230277022732,-0.0448880950891098,-0.0207414574687096,-0.0186507711223492,-0.010700297385681,-0.0276455603289486,-0.0137480015341228,-0.0264668964437479,-0.0341832971430928
0.0769711138705499,0.0359231882646049,0.0300394124313488,0.0466648968473703,0.00539372229755264,0.115409837737127,-0.00203904623906799,0.0213721336088814,0.00571099914994017
-0.0292457491377481,0.0078939839059307,-0.0197860458905534,0.00537149327646019,0.0129114256752766,0.00814302192898094,-0.00630515778301275,-0.00459497742794265,0.00195714945477377
0.141330627848479,0.0518983658841661,0.0465275445744006,0.0163461980564964,0.00990281658879,0.059182384201015,-0.000443699161224285,0.00676476851564189,0.00588362401006065
0.0170322922163782,0.0447464556218812,0.0180274749146018,0.0319469280968631,-0.0181018556175331,-0.0261851234048682,0.000245118762149745,0.00928222961947503,-0.0104125289353529
-0.00637917784744207,0.0207321196348243,-0.00140280931860999,0.0237479792494051,-0.00499530670682814,-0.0295311944131232,0.0150803357745741,0.00783296700874631,-0.0161064430521341
0.0400509421495052,-0.0101850737911157,0.0156680932556351,-0.00644834863130094,0.0167881531094965,0.0262334386300751,0.0220598583105949,0.0140619299510152,0.0261213479154965
-0.0789019634000096,-0.024012172904136,-0.0412582514921176,-0.0382628843228881,-0.0134451112349777,-0.106333452906609,-0.0101667635127101,-0.021451143603173,0.00166141744124819
0.0154405352461956,0.00625140646049415,0.00511691191064643,0.0359943221164425,0.00309348604599556,-0.0129086173597234,0.0124598418498276,0.0253497223700815,0.00112160912818994
0.0157190273988285,0.00639780315056441,0.0117598641457993,0.0559146159138944,-0.00134570739118183,-0.00252861906845503,0.0127952396421691,0.0257903842057894,0.00789957089768712
-0.0582462095584249,-0.0182407295899624,0.00476443994605483,-0.0211356606783231,-0.0372738173608768,-0.0684416257752329,-0.010905087641572,-0.0501814143391546,-0.0309720505619739
-0.0531209391984632,-0.0176276863868774,-0.0141450388622311,-0.0226299777535258,-0.0203372575174208,0.00035827007006937,-0.00899557564033567,-0.0119457471310911,-0.0260779328829643
0.116416966257292,0.0197392561819827,0.0277977019456944,0.0991432627809626,0.0150339066824952,0.13678979119372,0.00670618527110932,0.0381545726782254,0.019981789684019
-0.0377929401544519,-0.0284204801221095,-0.0315811232488304,-0.0505990512956406,-0.0163302838874388,-0.0209053761323111,-0.0270992835370669,-0.0243110026606021,-0.031942418834311
-0.0353420377107487,-0.00842538464356899,0.00414823551621719,-0.0139762650203892,-0.00488261146500872,-0.0337192627290851,-0.0072941816273317,-0.00146824941081975,0.00463521144840607
-0.0805877100094109,-0.00984793070983823,-0.0124237858910001,0.0234326232645414,-0.00222660850131109,-0.0901397323508178,0.000314952278453734,-0.00884324483373315,-0.00548935566528673
0.0644711189960646,0.0329443240981471,0.0170327720637717,0.0784338577458307,0.0237823574562582,-0.019106056807449,0.0287319963414445,0.0325242909216138,0.0383827827635812
-0.0129199637116731,-0.0203536851171036,-0.0261331021777372,-0.00160803930435183,-0.00033458833990679,-0.00221768930593206,-0.00398023998665232,0.00610100888722268,0.0126515483626103
0.069543254865835,0.0239527080288794,0.0107412018155563,0.0118930904595184,0.0191052435517184,0.0460060275868512,0.0351389765594552,0.0290077535189908,0.0247375049683136
0.0481485605083619,0.0299158158185137,0.0406624504034118,0.0587809278305029,0.0135338398595752,0.121301913170992,-1.66304319082122e-05,0.00188554628846486,0.0216650498456366
-0.131250606770713,-0.094512824680574,-0.0220840240108435,-0.058463549952713,-0.0198783648066492,-0.0949663107093034,-0.0170216788064683,-0.0498613837491689,-0.0496569532847804
0.00560761898951625,0.0285237977150277,0.0224222107992026,0.0546297776968737,0.0169722704461096,0.0250829535657263,0.0153804264649095,0.0275605861402669,0.0314653141082235
-0.0380166138675218,-0.0478332017286126,-0.00647429995393758,-0.00541020618413483,-0.0117691221749355,-0.0472449443126244,-0.00290300932259706,-0.0132775662246811,-0.011904362516683
-0.0127231570484398,-0.000347086403379046,-0.0184012806041726,0.0285480178639041,0.0140499672508203,-0.026175732909199,0.00981849887543941,-0.00444768380014841,-0.0101789713985562
-0.0376952784658984,0.00576064042856618,-0.00663124851795822,-0.0100760017283675,0.00522953517235129,-0.0308958852816231,-0.0197122599409644,0.00362428761224385,0.00513698521848786
-0.0286470203927249,-0.00556189200132818,-0.0101829782487719,0.0123071129742954,0.00918550675380327,0.00469867997754629,-0.0039542014920202,0.00539794321087075,0.0140835521080152
0.0034270039314182,0.00209307792371728,0.0164762362166347,-0.0103008724225276,-0.00907373281883636,0.00987654491043186,-0.00834685779701762,-0.000233642494512116,-0.00608242593804146
-0.0752115341341331,-0.0146380479765402,-0.042598816747802,-0.0420955026574668,-0.0168277507646363,-0.0202685538773667,-0.00589235108030572,-0.0351247870602538,-0.0109856252047313
-0.0392847262673643,-0.018493674503294,-0.00962382383066215,-0.0216450321176599,0.0133131522043729,-0.0422512329586014,-0.0101709307875869,-0.0226762298325379,0.00108217096284713
0.0561357086259812,0.0354084172887933,0.0382407989529893,0.0314719242178192,-0.00126986921544867,0.024113492127777,-0.00462905247110532,-0.00523479356892663,-0.00367711808481386
-0.0232386690913065,0.00784097864994119,-0.0198478111684567,-0.0290872284454037,-0.00302886057635971,0.0106815715043918,-0.0115974126155065,-0.0262544040585368,-0.0253144588750993
0.0299622282333606,0.0140090190182341,0.0122954442921041,-0.0130406950391126,0.0161208126705949,0.0202929359346051,0.00509519415136144,0.00543088585895027,0.0222807372905777
-0.00170187819303025,0.012639736782305,0.0106696875675234,-0.00719588358853355,-0.0330150809501651,0.0241456147670044,-0.010139126223191,0.000615393757196554,-0.00666179620264994
-0.0167156539221978,-0.0112413286358823,-0.00619433364851018,-0.00264454858568697,-0.0256676870992873,-0.0634642488010308,-0.0142686753593197,0.00291667202315795,-0.0427994267665514
-0.045435385910446,-0.02443764613214,-0.0065240673104427,-0.0207173036059573,-0.025781251311841,-0.11817712551093,-0.0103296836497316,-0.00761266879049031,-0.0308355246189241
0.0655830445963182,0.0434653036333124,0.0424478073549968,0.025645858093526,0.0314648411330528,0.0679863362686046,0.00962212479935222,0.0271802713787465,0.0359280391150842
0.0513249759923375,0.0261124050636169,0.0144425924211451,-0.00722621167628174,-0.0228949101729303,-0.00880266670694092,-0.0145508960765408,-0.030023085670308,-0.0171879750974673
-0.164748849384291,-0.0445901036995268,-0.0597000410939663,-0.0866319596823935,0.000541349315891908,-0.141750619996771,-0.000811220117719546,-0.0141216487894106,-0.00933402169104781
-0.0151164277273219,0.00724361232811674,-0.018416851884393,-0.00489707668383896,0.00368756318990278,-0.0313349149151394,0.0122153139958157,0.0183384848258837,0.00512591382475125
-0.0701801524089956,-0.00718340336999534,-0.0235704704694577,-0.0366861108871999,-0.0125048761871088,-0.11489545056983,-0.016647449766811,-0.00976693374675847,-0.00349961649483148
0.0136286624588479,-0.045205227891082,-0.0351602102563768,0.0205451514748705,0.000182428859223557,-0.0162023428605569,0.023996796980616,0.00434408394173681,0.00446215606854163
-0.0230726889598524,-0.0185335301555421,-0.0324464645181001,0.00611052138025964,-0.00687351746298362,0.00438561430343901,-0.0180824389534928,-0.0125883438928541,-0.0161052297625928
-0.0393098984975444,-0.0396936241111966,-0.0394638885221981,-0.00899601311669579,-0.0125731471577555,-0.000559128483639871,-0.016274865483601,-0.0079142429716626,-0.00892794462570352
0.0114235266025354,0.03631606717742,0.0450234964541673,0.0228900282833781,0.00283774186504353,0.0241932232845559,-0.0137311161146464,-0.00171541409462916,0.0239860566787894
-0.0790060719854111,-0.0427670672138577,-0.0567083682546432,-0.0601098670632807,-0.00396427434911238,-0.0769233290488318,9.81085121781844e-05,-0.0294633979926689,-0.00032015331953429
-0.0240661481372364,-0.0186718317773857,-0.00991973615299522,-0.0226980699688052,-9.48743658107968e-05,-0.0454370551386724,0.0142708713255065,0.00565377115776085,0.0049996745744006
0.0756874193079937,-0.0241536134429995,0.0170922354861696,0.0187875486873553,0.009652298394394,0.12227045266806,0.00614411579019243,0.0127925771606898,-3.66783484943753e-05
0.0281689299284396,-0.0160062436532338,-0.0161450534501122,-0.0319722308072769,0.0178664245759105,-0.00332957379647769,0.00455371173074825,0.027054042331884,0.0157555032822133
0.0395716033600527,0.0240405973407385,0.0195014622877088,0.0460053121343828,0.0042731862392702,0.0126202997376004,0.00140726406086035,0.00800373825229994,0.00143750194009835
-0.0951451990725366,-0.038501357370656,-0.0412190539400002,-0.041949741587368,-0.0152288255958146,-0.0974074371824148,-0.0156655301243447,-0.0209248270050105,-0.0200148525164445
-0.00126503744957645,0.00654751719849064,-0.00773106217056413,0.0239425740993746,0.0162455659791165,-0.00672446864370476,0.00529070908060539,-0.00139853005299186,0.012239695518243
-0.111862426110619,-0.0694170290249622,-0.0112111646472823,-0.05618854755777,-0.0239770275097782,-0.101150871323177,-0.0275842886074413,-0.0506808724316657,-0.0838834993762353
-0.0191530507186141,-0.00980254315054593,-0.000177756527047869,0.00545584583578656,0.00538691328506078,-0.0233126709811182,-0.00299469442715662,-0.000854462849606466,0.00791207650601586
-0.015574435897192,0.00669550072459653,-0.00977882096282631,-0.0203341816340191,-0.0197617880021125,-0.0157137103171739,-0.0167638568180524,-0.0264478299799459,-0.0310349777106448
0.0112633356406912,-0.024824062412993,-0.0139882616177795,-0.0201292172940391,0.00640691152209019,0.0333196050548205,0.00245919545523917,0.00640109600756896,0.00953221506084759
-0.0483897984581728,-0.0130481346355488,0.000199363313185763,-0.0386971222014916,-0.00584467331527161,-0.0606810607560621,-0.0188339725787485,-0.0316635378370374,-0.0199795799994893
0.023511786110088,0.0195231252314603,0.00634689421173142,0.0315696947331659,0.00401175625030213,0.00939823469887353,-0.0150927129822316,0.0256654071861084,0.0249061429890091
-0.00362134310068453,-0.025692802414104,-0.0290616581040556,-0.0035697836278098,-0.00692095472499276,-0.0131885930052561,0.00921078442042358,-0.0102163050626686,-0.0173476988269879
0.0253146134961194,-0.0252926613013611,-0.0141639530852805,-0.0228705580091503,0.00546134027876115,0.0089665690080046,0.010638445189032,-0.00821999818503166,0.007008385763521
-0.00668567482961044,0.0247530244971085,0.0147426808976896,0.0228587848696518,-0.00965322998976048,0.0304014140279088,-0.0168894873758106,-0.00671026214933504,-0.0166772022866699
0.0115236792102313,-0.0167069725990532,-0.0194721545559604,0.0406011160337333,0.00786259058455706,-0.0199269625487667,0.00612826500665352,0.0043726546268781,0.00366666459229713
0.0265895023535553,0.0169006364652848,0.0188466115458382,0.0198049186607621,0.0081585427076634,0.0876071399736337,0.00204826385664753,-0.00326696733474851,0.0108878247131028
0.00250813553256687,0.00712231311468953,0.0153038822292412,0.0254242882647496,-0.00884654749433646,-0.0160318353346825,-0.0160564252089189,0.00634517142036052,-0.0292344611418809
-0.023094186517284,0.00532849578611926,-0.017112475770263,-0.0296969962034519,0.0123763608843077,-0.0199825764516696,0.00892145988451877,0.0109034300229372,0.00747979837867735
-0.000988487468152784,0.0192784792306306,0.0109037035917345,0.0374419032976041,0.00867635773177745,0.0262296691251868,0.00733268463311077,0.0257785292596453,0.000346313535677044
-0.0357255274068496,-0.0564342624870247,-0.0117820068048144,-0.0360666753730743,0.000581418079905125,-0.0587922812056052,0.000408064236772554,-0.0086727954366685,-0.00657318832716516
-0.10127614402159,-0.0337915565803752,0.0036549828730851,-0.0683155603745466,-0.0338357038650629,-0.122914602134638,0.0088237124189416,-0.0492223443211389,-0.0705318205617614
-0.0230234592301574,-0.0103227599629185,0.00486100192384845,-0.0150726890055646,-0.00617211502127056,-0.0306544731103659,-0.00195122884101548,-0.0249684873900566,-0.0186841121890722
-0.00656183024597626,-0.0205516923244009,-0.0208760324793426,-0.00957210708187835,0.0138901712479222,-0.00402013084139894,0.00520791067832253,0.0129179207777237,0.000932658808570494
-0.0245001462718805,0.00432239423625497,-0.0271322961586646,0.00355862892773816,0.00399338765390411,0.0345938453717037,-0.00103434398312856,-0.0104554008709418,0.004392508145063
-0.0126515582236548,0.0196573186628381,0.00329855193903207,0.0111091793160519,0.0037909181117085,-0.0117928655597652,0.0102313821669325,0.00795229613742161,0.00949355376773727
-0.0333244652950736,0.0017684463266589,0.00571647735974523,0.0187923543231109,-0.0169229252447671,-0.0428549399728047,-0.0147072606343911,0.020738333574759,0.0122806852016483
0.102459082564225,0.0335469927512725,0.0355037287820664,0.017837005210292,0.00350947893206397,0.0933522112839649,-0.00399136288430344,-0.0031649547852203,0.021513420572273
0.0110488502468553,-0.022421483582969,0.000773175271311636,-0.00431937563949548,-0.00898867725089973,0.0268443586311966,-0.0222526790020433,0.00804080119982132,-0.00405798686288358
0.0865520819146113,0.0394011004909932,0.032523906309211,0.0176295839722446,0.0252271437724877,0.092214635776599,0.0153770345344587,0.0130579214508322,0.037941793092802
0.100632189692456,0.00305173459498646,0.0236839144504252,0.0138804511872978,-0.00584507898038598,0.131238734296696,-0.000713916248604257,0.00434680497436701,-0.00334822637549906
0.139211080427316,0.0310789593345175,0.0371131196344068,0.0296729583189074,0.024430694093731,0.140864601818131,0.00877276015316828,0.0269356459429762,0.0255645675202411
0.051111528168393,0.030417713917848,0.0187582545649135,0.0278943160580512,0.0145634082731159,0.00915521424161032,0.00347289644864423,-0.0041697574386136,0.00543070004017823
-0.0406508469568132,-0.0133447022569013,-0.0305648328592589,0.00265527738126774,-0.0119738335547834,-0.0872769560849735,-0.000262080657537622,-0.0343826000643582,-0.00980098325298587
-0.00408289672470727,-0.00650309288853935,-0.0131473393814859,0.0166897859278919,0.0123027449979022,0.0683287317911213,-0.00221691241168105,-0.00615643500550727,0.0015137321223662
0.00824385868751735,0.00515028636910324,0.0131944871366229,-0.00439828120404455,0.00118362259925374,0.00647801731790083,-0.0118794866370529,-0.0103391740892996,0.00898329736407055
-0.0227241878875686,0.0127407106753758,-0.0114084904896861,-0.027734482433253,0.000819363412735422,-0.0491108099057381,-0.00747464504347691,-0.0259833740128242,-0.0078370155547022
0.0330007214376085,-0.00457765002824367,-0.0134003137178077,0.032460572838673,0.000128646203250162,0.0247479127769936,0.00458497041847378,0.0197663880763938,0.0113242949975667
-0.0734185732116428,-0.0294411840620285,-0.0513686020246441,-0.0410956347825258,-0.00839840078329544,-0.0645746371562909,-0.0169841953843513,-0.02479725554602,-0.021598011009736
-0.0245860055654218,0.00819103463164451,-0.0104568445605712,-0.0471442314860034,-0.00107120350314555,-0.0229934539984045,-0.00558762851161515,-0.00439498392550335,-0.0240824082028662
-0.0951740361305232,-0.027940936783961,-0.00778626859137276,-0.023519925962481,-0.000555396134435918,-0.0718386659247208,-0.012453602717954,0.00414810125611206,-0.0170819493718699
-0.0195371055368168,-0.0193210755381848,-0.0156035355220896,-0.0212224432249729,-0.00814920212355007,-0.0505954036977108,-0.00213834038240234,0.00848747854189178,0.0109863278289743
0.088386594983334,0.0779996974491408,0.0654932508620873,0.0432806974085395,0.0233681397201447,0.0624059050017587,0.0198483101521157,0.0272689507218118,0.0176234266396539
0.147440022811797,0.0762795671109675,0.0566367122009459,0.0561432622367137,0.00670654291852238,-0.0365710908595143,0.0363846683693938,0.0347872572543252,0.0445389461196511
0.0108285882146201,0.0200943712992556,0.0181234941193974,-0.0164310398761128,0.00913223923393599,0.0106327729290963,-0.000340892116926551,-0.0128428474104227,0.0017658319249789
0.0494847608679777,0.0129802036898572,0.000221877581292645,0.0336865386943749,-0.00357554464647197,0.0219067787618713,0.000723339190635476,0.0371813170880538,-0.000576817660659722
-0.0330437861781613,-0.000837246140892845,-0.013658777770012,0.00637564821504452,0.00862064287499835,-0.00352891296598893,-0.0067704314232138,-0.0231659403945379,0.00945411446570495
-0.00974241047068011,-0.0474128350283977,-0.0377547729212384,-0.0199442595482781,-0.0221740369075374,-0.000145790880698158,-0.0251719983587401,-0.00386107520560884,-0.0214229030258066
-0.0139678331085389,-0.00112342706745951,-0.0276588518279962,0.00956470623880401,0.000812463905925512,-0.0202953443454886,0.00491462347955377,-0.00428835768145435,0.00336443801410783
0.0217631060538107,0.0199808720502339,0.0018383520537827,0.0400973484154053,0.0108631121014801,0.0411575727225941,0.00972967393061789,0.0170621948800646,0.0202395276839496
-0.0637660740057632,-0.0123590072610095,-0.058253529349255,-0.01754698113266,-0.0258338786352929,-0.070577198955105,-0.00481366898046874,-0.0102611891120596,-0.0124018675927323
0.0255581641242573,0.0192967761577459,0.0082801689739809,0.0119197575202607,0.00367353779576242,0.0328182963939961,-0.006087751649023,0.0104472222926704,0.00523739778768102
-0.0415194401250784,-0.00479387881453895,0.00407027371521745,-0.0248942732022856,0.00335875613332124,-0.035875351147507,0.00158271771260904,0.00284732689930471,0.000997405028562471
-0.0378102378953949,-0.0167857747774576,0.004967681859754,0.00225614058879062,-0.0113871319254884,-0.057134026868365,-0.014848502441085,-0.0150884845364514,-0.016109696738713
-0.00393927821899016,-0.0155137313603274,-0.0240382790282634,-0.00458497640150984,0.001095139427491,0.00100281592128151,0.0239460560748923,0.0163876112583482,0.00976133882986264
0.0180189070951811,-0.0106182943399229,0.0244616928048514,-0.0145720767765034,-0.0182576389320622,0.0367069471362457,-0.0121000681762177,-0.0130703298808012,-0.0255235971182333
-0.0151780858742821,0.0141225671860817,-0.0188678597604916,-0.00233273227796282,-0.00129168539489978,-0.0101301143047211,-0.00213246357251969,0.00670331793827429,-0.00338842263572137
-0.00441848627100967,-0.0326944191179286,-0.0313686884888288,-0.021214212397357,0.0107421107433151,0.0122757983197903,0.00286133542136645,0.00986699144758593,0.013651542408675
0.0738484806380054,0.0201622361076651,0.0106645960861422,0.0211598311453808,-0.000534303561298781,0.078916325492094,-0.00185939029110597,0.0152066342299145,0.0189805536501779
-0.0481250289608156,-0.0237682897619235,-0.037306974986108,0.00279266098175563,-0.0143887350094234,0.0595284975364054,-0.00215678594918802,-0.00915427422691227,-0.00787991238585312
0.00936597019056224,-0.0393608546331093,0.00392480287777304,0.0113712302081486,0.00592421831709166,0.00285765474968332,0.000618527913760267,0.00585117533847485,0.0047925073250206
-0.022219659716675,-0.0241181135223961,-0.00948440862083938,0.00860593421805905,0.0128196854597417,-0.0182084992596834,0.0166041525717533,0.0185649944697336,0.0208755067894083
-0.0849523593444095,-0.0349938188173839,-0.0521020235131488,-0.0484070367208827,-0.00984317951730228,-0.0853895887427528,0.00310974139409765,-0.032190733497273,-0.0125790510791062
0.0367448919241121,0.0303439463757614,0.0169431542295082,0.038130100526148,0.0316783912907379,0.0562328869139509,0.0368540712021128,0.0312412689823629,0.0411165161918323
-0.046368536627407,-0.0258903378668392,-0.0271285325731945,-0.0215555777382267,-0.00288227508485973,-0.00549757442626811,-0.00354430097178244,0.00666328353991289,0.00201839014196189
-0.000490857283187317,0.0325684928307525,0.0305248816552498,0.0208312983449864,0.0151004887994201,-0.0173267736805936,0.0341525083953848,0.0519061503379122,0.0434319054591018
0.0431724323920003,-0.0222880254694437,0.000135904914343448,0.00041701709258391,0.00509195561847007,-0.0285711801087659,-0.00529341344617078,0.0169414032211108,-0.00390128736824446
0.00253034730838561,0.00789239207637585,-0.0128785577431078,0.00256051952203529,0.00420664501702163,0.00797865357429147,-0.013181101575746,0.0158300516324554,0.0147445411332483
-0.083976284336369,0.00942690070695345,-0.0603081856533316,-0.043991097274522,-0.0114547003216107,-0.0781016418082865,-0.00119455785714809,-0.000325522685311601,-0.0117214017415681
-0.000929147364138949,-0.0153584891005171,-0.0192348853641044,-0.033574369515741,-0.00685214977046,-0.00519068526012785,-0.00548023840279409,-0.00107984815208537,0.000151590850963284
-0.0695482489753169,-0.0253266258794621,-0.0361963875325806,0.0120455584976539,-0.00223526272832095,-0.0545824437681567,-0.00516367040306369,0.00344349194473474,-0.00781075154067701
0.012037190599373,0.0119785437785165,-2.31296150062154e-05,0.0371142065405787,0.0056610236089933,0.00473476455672048,0.00500679593344508,0.0124377047460564,0.0234598705297653
0.022872766649964,0.0157644107610072,-0.000433635141081631,0.0130409160766905,-0.00190535377156883,0.0108195020883717,0.0074369402440346,-0.00601241778888912,0.002758242537458
-0.0442526301264984,-0.0344252919873735,-0.0122143043846543,-0.0196202656506874,-0.0320857953391273,-0.0210575336288291,-0.0321320746077587,-0.0237673766256996,-0.040321962595026
0.0709129294062868,0.0467667982685089,0.047543897794219,0.0377782870639842,0.0295844833417218,0.0427936824791508,0.0356251361516762,0.0405223626601502,0.0295817418978486
-0.0586079412373052,0.00116610989478675,-0.0348785415813522,-0.0185454519703641,0.00272963400504807,-0.0743272393753771,-0.00965629339396375,0.00723596727767158,-0.00361653556439592
0.00451243155458841,0.0192362452825893,0.00865357885641251,0.0122624316203349,0.0153325698344207,0.0438541689260361,0.0248067869123385,0.015610521090522,0.0125918842296502
-0.121634970125181,-0.00669253344846166,-0.035343974958688,-0.03283448330254,-0.00967921888487702,-0.0894313125669227,-0.0176727052004015,-0.0352545754685285,-0.0213074058104758
-0.0323046224965266,0.0309859135849033,-0.0155721116985233,-0.01866503315803,-0.00448665821150602,-0.042116005373974,-0.0250684369195563,-0.0337565887958879,-0.0418949577082962
-0.0814961920662322,-0.0225951982981534,-0.0404632838649453,-0.0310773062820228,-0.0131919285387737,-0.0884715564614558,-0.0181693914454802,-0.0244349423584238,-0.00882577690677225
0.0721764917346015,0.0519324049074993,0.0355607713263753,0.0112367506859397,-0.00419230026993652,0.101005341217206,0.0123391781641959,0.0107969883588207,0.0285547170109729
0.0565447564066396,0.008782102096817,0.0121825488701539,0.0143427675034138,0.00709604455180234,0.0735097241918634,0.00309494304334843,0.0219736593055893,0.0153033551726028
-0.00101121410130503,-0.00816930643924769,-0.00113140062426522,0.0346508282825958,-0.0056184405675161,-0.0180778612389521,0.00598628026122063,0.00630180787270711,0.00109042622875589
-0.00917024516177211,-0.0306614821593065,-0.0405412326174492,0.0010754769762993,-0.018184129541834,0.0250309433288665,-0.0161847703656296,0.00377595530348398,-0.0263767647301793
-0.0660394133348556,0.0166966088373981,-0.0570577531826401,0.0205334635858772,-0.000330723285320918,-0.0440855131063377,0.00930642936357251,0.0037206260790708,0.0199425167849585
-0.0718795985139084,-0.0192651025646987,-0.0235905185977737,-0.020472181396748,0.0053090887900219,-0.0374428402498796,-0.0120070426172626,-0.0113074637656849,-0.0166977754345183
0.00789339093504709,-0.00287682586366044,0.00576522604909412,0.0110462579186214,-0.0119380436876495,0.000800920534109118,0.0118120004069486,-0.00992477737181583,-0.0187690769650811
0.0338750847474272,0.0373778026394891,0.0386596278871455,0.0538786707322306,0.00881128469775605,0.0289420508159058,0.0296784280047879,0.0185794658438632,0.0115680714693235
0.0300402395976504,-0.0133813704186365,0.0120241047211347,-0.00411687367657822,-0.0115089034314284,0.0142999015194831,0.00399901464074975,-0.0277468924391869,-0.0195948517155859
0.0295744384745697,0.010562922391418,0.0199777401555775,0.0305914190848781,-0.00556889233046736,0.0112384718768688,0.0089350401617485,-0.0127677342536272,-0.00726540641686255
0.00505555406690541,0.0217532673467252,0.0244231668084036,0.0329698625727824,0.006354354886042,-0.00229100896462143,0.0290664802829373,0.00689112647562116,0.0196679652573423
-0.0557244675941796,-0.0364745319164511,-0.0259175656233562,-0.0216177764118338,0.00576595534754724,-0.0089015282618777,-0.00622565026771856,-0.0209137501221943,-0.00381106732011933
-0.0414131650621947,0.0250946491748077,-0.0318874908979428,0.00329683259202491,-0.00596826055013357,-0.0259854447337855,0.00191756016097265,0.0179178165087205,0.00990468579138099
0.0974682300146482,-0.0114166206549434,-0.0107544009106943,0.0427324095299185,0.00628939255463659,0.0735723260476428,0.017138408112529,0.0300505600255339,0.00115763443633861
0.0144216528898704,-0.0206315767152715,-0.0159653402732341,-0.0177102592768087,-0.00584143787890029,0.00805838190978272,0.00707759951538359,-0.00256510898287515,-0.00479992709051984
-0.0221662904540065,-0.0160908327903281,0.00015511095225635,0.0203916441575833,0.00552761209039947,-0.0237841855423656,0.00923701892416646,0.020639043246301,-0.00402748975100582
0.103174920992282,-0.00306820118406249,0.0416511088584932,0.0230737147600385,0.000795017984264745,0.0787567395583925,0.00825185707250962,0.00172787661485525,0.0175029083408319
-0.0150227244329324,0.0250593759750733,0.00479516577857787,-0.0144931526251466,0.00542208203282781,-0.0554985905547723,0.0100181716917,0.000724863271653159,0.00345703837044832
-0.0341550124919365,0.0306443655506254,-0.0171166009759686,0.014699623708305,0.0033722386838311,-0.0293471567484349,0.0174113380596909,0.00239288857643635,0.0024822056490117
0.117514244477835,0.0278778859933038,0.0273816260857942,0.0355351244582909,0.0213998734009344,0.155475685696742,0.022602682245975,0.0264319585623729,0.0462848645221397
-0.0632670808991105,0.0143961910984021,-0.036493458214818,-0.0360975569558442,0.00139555574537269,-0.0527797382071302,-0.0116170606895355,0.0135807618704092,0.00356732445094782
-0.0131671068392348,-0.00744364722350723,-0.0160470684460018,0.025917812469853,0.0241054094640742,0.0285597339460813,0.0115936185818001,0.0138587456892109,0.0177204833613118
-0.00187937654509697,-0.0213548406914901,0.013546888639635,0.000384528367356598,-0.0133031992487654,-0.0242710950814356,0.00689519510461882,-0.0310955995421299,-0.0188709172799773
0.0922394131706292,0.0220513865312541,0.0158104044591347,0.0322317444229937,0.0156260118323125,0.0736983801360048,0.0293857366258112,0.0244025096093258,0.0446298627687298
0.0351253810984164,0.0181106219717354,-0.0005681208823263,0.0243710029462325,0.007011421981461,0.0135349379159169,0.00872225180728444,0.00307942839860818,0.0178860762882081
0.00350595288546913,0.0346264444800774,0.0293820479858378,0.00659520078526074,0.00817855090421891,0.0101528651161024,0.000447965089928333,0.00282393007215214,0.0154764292996466
0.0159970726048739,0.00852735615952766,0.00767972063806816,0.0162986585602721,0.00852518854152354,-0.000444140050354019,-0.00158188562942581,-0.0127878861466557,0.0155677284675321
0.0121880362289034,-0.0269228801272314,-0.00510296747705057,0.0314355462393846,-0.00115094389516904,0.0391379625424443,0.00401501850791636,0.00131619510862185,0.0351313020727216
-0.00821252456440251,-0.0185154942270247,-0.0189764910047875,-0.0409208641302996,-0.00449532768735885,-0.0266958118676325,-0.00243483051590657,-0.0157583779223759,-0.00366648259478346
0.00866132912642668,-0.0105302085962194,-0.0068393991594729,0.0115802161883494,0.00712215622112952,0.00568421760118218,-0.00171646639672371,0.000552611003153407,0.0134688645053437
0.00570145997967503,-0.00394683388547126,0.0178877910233117,-0.00828679418893493,0.00803357918722444,0.0383334222070107,-0.00820845528579324,-0.00339756825051499,8.57241283688637e-05
0.0230210902363152,0.000470554967665903,-0.0121475003305216,0.00989060226065431,0.00470545348391727,-0.0184752149577714,0.0107910531510625,0.0123847418784411,0.000736891134483092
0.0377382194718961,0.0127438458475647,0.0108671522643472,0.0307507933440716,-0.00639851321741074,0.0610233410199721,-0.00129495285303763,0.0130294096380955,-0.0092891444089268
0.0354716443320579,-0.0208925338177961,-0.0033530458942411,0.0133474298682333,-0.0208200690083601,0.0623187889524885,-0.0139943649454,0.00139572473713039,-0.0300045043981293
0.0353262144472302,-0.000993442937129379,0.0140469094688016,-0.00587264488749975,0.0150654614321211,0.00219103143305463,0.0154183342139635,-0.0115328565450975,0.0151906270721126
-0.048612271306355,-0.0213064997778134,-0.0567258252938588,0.00742098352112312,0.00650518642157369,-0.0144275198030187,0.0245776797618534,0.0255144693887927,0.0302828640128143
-0.0662368246096139,-0.0377409631912636,-0.0495698095554023,-0.0360350682989186,-0.0123982751070233,-0.0171724327877867,-0.00914900928776883,-0.0386826928714592,-0.0146956913623368
0.000863558016924295,-0.00159308950810784,0.016589248756567,-0.00542325469509282,-0.00183276507253389,0.0106403309480736,-0.0126081137524963,0.00177457017970867,-0.00102955284562938
-0.107932655780225,0.0124452492486783,0.00307123022731839,-0.0645282369661534,-0.00730073666763912,-0.106115875484713,-0.0192695686716123,-0.0330627932220841,-0.0107103121368819
-0.0246311475650143,0.0150132213571997,-0.0045174959901955,0.0361806176349011,-0.0137980892122193,0.00263669866481885,-0.00225991169147925,-0.00536360372526729,-0.0060795617177454
-0.0509588784510487,-0.00151860611911718,-0.0383251727700386,-0.0129839677295931,0.00972220164645105,-0.0474780498150077,0.00487378982861978,-0.00802126661462228,0.00516760590202407
0.039305575879745,0.0465210109386303,0.0395309183754881,0.0120301804160719,-0.0275755144022005,0.0397025572304429,0.00413734828804105,0.000364391800354877,0.0277811284692033
-0.0541948667085496,0.00238991140998051,-0.0104850037162081,-0.0236794967514477,0.0137446678026246,-0.0553412165266897,-0.00315692794358003,0.00823592090210772,0.00735582876545894
0.0576384373276169,0.0207431589268328,0.0241999086298931,0.0280340907141282,0.0298077402877448,0.0725078748237323,0.0295848197187233,0.0329883518836269,0.0411270660713045
0.0956996672253587,0.0131016105299777,0.0165494106259433,0.0235924503170633,0.0130422755567016,0.110993251197359,0.0117222120489722,0.00884990392039917,0.0220340501099384
-0.027526874675093,0.00584076696866709,0.00187813163149457,-0.0234428692925429,0.0041476265443386,-0.0682188701794736,-0.00898208553396105,0.00390967746196878,-0.0129060156526812
0.0076290925103548,0.00735050095677971,0.0101386208521732,-0.00793833815822542,-0.00499956865425697,0.00601461374593428,-0.0033635852576638,-0.0153639798744716,-0.0050008338121344
0.0212336313105032,-0.0021620166877744,0.0090236016839601,-0.000708886643392929,0.0181381645251745,0.0293538800465657,0.000124657858189246,0.00315054827486376,0.0263576355538797
0.046311399948177,-0.00148191251552576,0.0107820498799729,-0.0213659684781254,0.0266355744277871,0.00888000170991765,0.0230017503057364,0.00546003351317198,0.0209106553538914
-0.0625073919113996,-0.0312264727357907,0.0165620317566889,-0.0281729950436878,-0.00478020606538482,-0.021893689412219,-0.0229201242719744,-0.0403120209514585,-0.0247175552385449
-0.0162022009373816,0.0172493395272717,0.0167851306509873,-0.0140326455650343,0.0196062193559645,-0.0360758796159841,0.0161836138237038,-0.00130935152319487,0.0101724902279361
0.053058536927552,-0.00167553430161786,0.000906218615777696,0.0248371930745527,0.000390445086237796,0.0130643460434076,0.00589298802475612,-0.0105843584504423,-0.0125726784485497
0.0494454059394077,-0.036265583519698,-0.0115319896203327,0.0381572185483258,-0.000643973275554864,0.0324625076761458,-0.00845387200162036,-0.00918187419221009,-0.00200132915622019
-0.0714040077964552,-0.0297429750392649,-0.0290638017531794,-0.0166620644907163,0.0108318654324064,-0.0916221956643665,0.00139893099342628,-0.0230927082123377,-0.0066212111576981
-0.0657361425591958,-0.00778376178250321,-0.0134425736393718,-0.0379458407271686,0.00624295051297888,-0.0473536520869433,-0.0120670053134474,-0.0177028055922565,-0.0202920767634424
0.0106444895105622,0.0234458567847412,0.0100497060696367,0.0379091278203995,0.0174604674578362,0.0350147932014856,0.0215543016075013,0.00794857978972398,0.0125146735443916
0.0231091798321181,-0.000959333308254423,0.00698508035527008,0.013878117516531,-0.0161962137563951,0.0113947295445076,-0.00796948775271637,-0.0174550197943422,-0.0101862182583679
0.00433725075011604,0.0408110509760444,0.0234403224787544,0.0400607789499275,0.0259942400931711,0.0252787860919279,0.027250044019927,0.0417848010998804,0.0163566204575696
-0.0276839453599769,0.0140283757962764,-0.0212984791913414,-0.00263081285477565,-0.000202438906730016,0.00289518796514593,-0.0146842027394132,-0.000144961889523791,-0.00954860272056102
-0.0132481713777465,-0.00446997578462114,-0.00753408843553666,0.0254904495524867,-0.00683120882648075,0.00354655348385988,0.00318605959659247,-0.0124839648085815,-0.0153776191640589
0.02078723577092,-0.00321325555023951,0.0058810992887363,0.0375953195151578,0.0180598036682691,0.041626604284677,0.0278612310433805,0.00591895200110695,0.0284124267807522
0.0501205294115364,0.0311719545170383,0.0206780959886874,-0.0150481318283587,-0.014530582591864,0.0479095436409723,-0.0136145907017236,0.0275803750359471,-0.0171986850435118
-0.0408291617381036,-0.00943221776199997,-0.00251534732734814,-0.0068092817599611,-0.0104584009323046,-0.0418690573164895,0.0120453207188207,-0.024465089813497,-0.0279053352235884
-0.0680466625138935,-0.0478496141949735,-0.0459348401792537,-0.0558357743374754,-0.0210912771854221,-0.0274698039438326,-0.0371110528401902,-0.0173177020289598,-0.00715108335066886
0.0886383677486729,0.0775787522768804,0.0706657027046636,0.0209454217391817,0.0240504287024196,0.0836762026214603,0.00525559562433393,0.00267996319402598,0.0408014122536559
0.0239223143897677,0.0312023278316022,0.011038425779976,0.00202320897235267,0.00470253205594596,-0.0327902494112502,-0.0191265826335572,0.0106711110303676,0.0143457008035367
0.022050096857635,0.02402021868011,-0.0143454838940164,0.0341575117969468,0.00901593041139415,-0.00909352829820239,0.0241691147866321,0.0135499638047977,0.0253599491304165
0.0224530644273737,0.00614734229008072,-0.00918726427001613,0.0194463636819289,-0.00276990959982212,0.0356944780101074,-0.00361888201239581,-0.00934578836631339,-0.0243525076176235
-0.047914093544891,-0.00339881055921075,-0.0323788998804689,-0.0279488052554396,-0.000170441512290716,0.0293208901082894,-0.00945754697047034,-0.0336117899881461,-0.0085756058891256
0.00807785211974941,0.019184929717844,0.0176453824045625,-0.00492738503571119,0.0266198275894496,0.00987043765562539,-0.00988292558794647,0.034774327958749,0.0313411909559876
-0.020454364641709,-0.0466694722949109,-0.0285141764545256,0.00306853488761793,0.00628058104341822,-0.0415958510350854,-0.00529946464443444,-0.0135609054177247,-0.0128295177559894
0.0325511896388519,-0.0157331764410282,-0.0164264357318375,0.015230007694319,0.00127874331350957,-0.038207460363127,0.00744799915550193,0.0208685441176737,-0.00262926365615943
-0.0152619034337637,0.000388482374874846,-0.0391891533597236,-0.0134879872525525,-0.0101136206166947,-0.00135986047204129,-0.00119902768908925,0.00801590724599142,0.00714454661954968
-0.0194876818387916,0.0150662698579084,-0.0203538342504311,0.0479722056942538,0.00232755250584299,-0.0281808876525329,0.0157081830360438,0.00880487901304565,0.0102623310633233
0.00655130778901731,-0.00897359975760086,-0.00676660608517004,0.0383047164695639,0.00248023269112161,-0.00910589179213934,0.00237101913895016,0.0106104823317679,0.00234799171918197
-0.0683572238433094,-0.0344793855496799,-0.00998990252562007,-0.00975404563048954,0.0134413705511288,-0.0349132641936721,-0.0069686465931441,-0.0110643780654213,0.023720488882962
-0.0334909233134348,0.0193356000344402,0.0114109300535636,-7.8528322662044e-05,-0.00559243931882464,0.0112024558783101,-0.00216127401969622,-0.000123706119987667,-0.0126404777626082
-0.00574305837961512,0.0210280996016176,-0.00554106947379077,0.00404137794003987,-0.010141122205212,-0.047634439559872,-0.000804914889276306,0.000211830079527336,0.00947127952139665
-0.034982570113446,-0.002367510625712,0.0367015307406661,0.0412522860921526,0.00116193591102557,0.00442020110701678,0.0323204725051709,0.0123511120666783,-0.000932941265605729
0.0427176274154391,0.0237579643607927,-0.0043150145314424,0.0139852729830714,0.0167210620645113,-0.00248097561853165,0.0317879812931954,0.0252474622936026,0.0297771697756176
0.042067445169852,0.0120942686319049,0.0251599081091705,0.0600181090386342,0.0220576525381741,0.0764615520130376,-0.00241247958584728,0.0268586763954061,0.0342961378949749
0.0925938150703863,0.0295130384650691,0.0282238750599874,0.0172888533826673,0.00781980310117319,0.113306342203093,0.00772889187721088,-0.00635036482664893,0.0156252259712192
-0.100840484329502,-0.0445037176174318,-0.0322718897593711,-0.0603653873808306,-0.0103334060514438,-0.123635027470344,-0.037644615376813,-0.0214254503512548,-0.0226172456929562
-0.000668095461184797,-0.00168258349473955,-0.00782532772851877,-0.0253373119719784,-0.0197050298827719,-0.0286632284847629,0.0100709075411758,0.00479997384890436,-0.0131425098134428
0.0122737753134876,-0.0116342538054273,0.00161833695543994,-0.0408008903233732,0.00292699194403474,-0.00581737536649509,-0.0212342602889489,-0.0266777310968035,-0.00839937928290523
-0.00701963143047887,-0.0101169311543143,-0.0428731128548958,-0.00384269296038192,-0.00650609046529638,-0.0092158199798954,-0.047322975736761,0.00187259455493812,0.00254185720312139
-0.0140090228582652,0.00795715865983783,0.0101808009612858,0.0178738982507318,0.00870444896332191,-0.0370540378771151,-0.00447727884443405,0.0218493120614231,0.0167096709416931
-0.00841664244111927,0.0191765678721432,0.0225581255378138,-0.00690976187134684,0.00283376040108315,0.0128923575245401,0.0132260572458049,-0.00297886854795158,0.0152990713564907
-0.0370916568257822,0.00661573916237167,-0.0156723605200587,-0.000545638824640432,-0.00281664981870956,-0.0278112498902135,-0.0302486123176994,-0.00358447860818345,0.00718389867162256
0.0775073156247025,-0.00511088484018923,0.014194949945267,0.0143694140703255,0.0133075997452094,-0.0158605977905211,0.0175115651410256,0.00897048352053221,0.0205953648697379
0.0950783844931571,0.0569866468402275,0.0466748863364625,0.0788209403650222,0.00935036515829197,0.103173077169417,0.0135691365040707,0.0236748326374634,0.00802020285408492
0.00630959842774074,0.00202261466698641,-0.0121044477697716,0.0155375856859074,0.00659232348699262,0.0236478175218946,-0.0165603096225137,0.00565778549528943,0.000962694613733885
0.0681480880007306,0.0262909994506538,0.0243926175807427,0.0417010354586939,-0.00150719167043709,0.0426249120641547,-0.000940836666148876,0.0351190671016263,0.00667400146693665
-0.0381027659204643,-0.0187286738045565,-0.0028714347765995,-0.0113283062943199,0.00647905314158914,0.106556522346336,-0.0128900791888088,-0.0172876586480066,-0.0276332092537698
-0.00657486113713177,0.0213880077050563,-0.00257718848287321,0.0147074009198675,-0.00232607567948565,-0.0201317197437114,0.0177757053237776,0.000161716486236127,0.0299270366000636
0.00839615458655751,-0.00794334255320514,-0.0208033844914268,0.0299790498860107,0.0109547169652118,0.0152715562502554,0.0456196049331129,-0.00539125829482656,0.0284010039585592
-0.0362888011522631,-0.00162751625437568,-0.0292354560453649,-0.0432276893801933,-0.00196267242924718,-0.0232827198007257,0.00520917024760683,-0.0142551687906557,-0.0116260914083489
-0.0534457036645809,-0.00281320490851765,-0.0143207425657879,-0.0249178699487547,-0.0134398175784091,-0.0639991575888638,-0.0117852249172397,-0.0108547489716129,-0.0133871752797834
-0.0042306271678833,-0.0131016619971415,-0.0239370529771531,0.00469519395196622,-0.00406774179250016,-0.0814326441001825,-0.0149579995192628,-0.0199583327863722,-0.0172633703770657
-0.0168916318136423,0.000549398737227476,-0.0107031051748114,0.0247132094382957,-0.00316959338398751,0.0363027055729501,0.00531724516988363,0.0275032550315882,-0.00644387551785998
0.0563730538156773,0.0132773619066725,0.0207664630979867,0.0192004410412112,-0.00238439161079571,0.015454589408151,0.0144264778199193,0.0415226427100675,0.0140861124620658
0.0527821315875892,0.0380824187458163,0.0276271944272886,0.0586721134246497,0.0322484348656375,0.0825625474421997,0.0137984373721926,0.0174282583935141,0.0496417464789032
0.0794707564181851,0.0467308358194709,0.0363530595021864,0.00844774044276041,0.013865458867438,0.0568912797028227,0.0163288297856638,0.0203300954702278,0.0222350827547752
-0.00318765671181937,-0.00536423769097304,-0.00391109429436659,0.0121267692972776,-0.0131728303130837,-0.000630153033629954,0.00796547318550786,0.00907692779272806,-0.00731299731813652
-0.0121543864677061,-0.0224100246327526,0.00620880820993323,-0.0282742368001386,0.00515667718046788,-0.0188076211368103,-0.00708326422617434,-0.0250530770548777,-0.00358039462938676
0.0114999899049002,0.0512816922052041,0.0386230243863463,0.0216874692510441,-0.0153397443349621,0.00710976270133841,0.0112015080387249,0.0365268893780898,-0.0197320633023788
-0.133083171589264,-0.0245269275423616,-0.0427786967056424,-0.0748041636001567,0.000939361622298417,-0.110955352687756,-0.0144600309540158,-0.00448112673010465,-0.0117791360690346
-0.0323940594380679,-0.011858310940116,-0.00131747770728258,-0.00101730464368659,-0.0152013690001186,-0.0210616179927813,0.0122299929491187,-0.00895450569815552,-0.0046915023660382
0.0105616430916223,0.00985738672565049,-0.0137368603870532,0.0192110459270943,0.00010822118630361,0.0123570596315862,-0.00612180326730284,0.0286539272623725,-0.000456084730345047
0.0586069534454818,0.024577194469225,0.000616774651234134,-0.017180541052148,0.00720503957035308,0.0567461586520453,-0.00743288603571889,0.00462904808288049,0.00100562261784898
-0.0702653598956759,-0.0274850879760929,-0.0276916223353055,-0.0384236200729495,0.0111146412087237,-0.045755125219824,0.00319578923134905,-0.0206424419803627,-0.00491522250765516
-0.054397385768068,-0.0157269186565485,-0.0325556851483174,-0.0376647547823677,-0.00256325533686459,-0.0585612665773723,-0.0171904061820994,0.00920654208845045,-0.00283146437560054
-0.00129998763019563,0.00407168756582645,0.00268484711622541,-0.020869752857245,-0.00121183602247462,-0.0287857707615628,0.00020654455847219,0.0196838806650169,-0.00585214726170438
0.0262690946742625,-0.00161658100074558,-0.00423404659308278,-0.00563255389341947,0.00776681446235328,0.0511162422930837,-0.00727557159610262,-0.0210997663191293,0.0193500855493358
0.0448376494905008,0.0102178997703329,0.0409742483129332,0.0317181281537195,0.0149930362717502,0.0818137267997728,-0.0124840722940505,0.00246845066057601,0.0296984429129409
-0.0483971719588215,-0.0210655006889366,-0.0375810699803899,-0.0129534134907808,0.00513089543379679,0.0029846835069668,0.00563879857961967,-0.0140747809968045,-0.0195286212708652
-0.0764538723170281,-0.0246994696394203,-0.0124831817257577,-0.0168909735972813,-0.0104685655147572,-0.0628379114428512,-0.00861216713727512,-0.0145028809190547,-0.047691409928854
-0.017008009076501,-0.00314827150135473,0.00141176888053435,0.0088701141954326,-0.00219605528067952,0.0017356494228901,0.0103372778321878,0.0143709461948342,0.0267657882799596
-0.0432052671457322,-0.00400360482924567,-0.0260779990598444,-0.0239757459241372,-0.00579440987920684,-0.0552402880948951,-0.0146452184326754,-0.00976698779000476,-0.0181037913863553
-0.0324372400984879,-0.0655085032731642,-0.0153541256877741,0.0357844660080936,-0.00486100307580948,-0.0146726990624049,-0.00812000124779583,0.00149423621533769,0.00976841362064415
0.0388576778301654,0.000587625279690887,0.00484998147010202,-0.0116032799643101,-0.00575333272630758,-0.00219950020427639,-0.0201759472962918,-0.00709971706319127,0.00350487777923879
0.026739688858981,0.00823352383719557,0.00130346405254935,0.057703371980055,0.00324827136566396,0.0308097972517866,0.0405249232346371,0.0114404950033767,0.0636017082296375
-0.0213671151433565,-0.0330323341693986,-0.0378041534989181,0.010224833340503,0.00398543365294956,0.0113929514141386,0.0213939628098885,-0.00781378320434965,-0.00238764815536334
-0.121629143531756,-0.0555861058895561,-0.0156172633973132,0.00157151551760934,-0.00731838031692091,-0.103056456137772,-0.00902102799029138,-0.00108944296115581,-0.0133333022823303
0.0314524388210151,0.0290252816428312,0.0304781639651624,0.0407789443965295,0.0314676713481184,0.00587119297068176,0.0207775075806986,0.0182302247068242,0.0365682672478099
0.0511594168331203,0.0072417193021516,0.00398500321322572,0.0251732011419984,-0.00993956496556298,0.0335746811759112,-0.0102927078507428,0.0148665723061398,-0.00843538309445823
-0.0650519801439066,-0.0182697000728895,-0.0232942023918113,-0.0344402177588417,-0.0229139575475463,-0.0398293979064506,-0.00482099254402239,-0.0087849630163296,-0.0162155816950764
-0.0433987596498381,-0.0116676174617599,-0.00634849964231598,-0.0267328619135475,-0.0239197249582137,0.00160436887006173,-0.0121606265788988,-0.0102267839415067,-0.00922818431480784
0.00358160752967614,0.0240338294740164,0.000817769789255425,-0.00377133152470541,-0.00581222509031314,0.0167346234430456,-0.0026520007262887,0.0120658759400699,0.006122264105777
0.0810589180814228,0.0359983367429523,-0.000949030366219343,0.0279533343606618,0.00376755560946209,0.0546676626232236,0.00593543280734346,0.0138733541151855,0.0277743272846954
0.031211038900493,0.0451362346099378,0.0377858290697188,0.0453154510337518,-0.00269400598224756,0.0454504344484065,0.0115230034325766,0.0238489649096106,-0.00292027090730496
-0.00309348653543075,-0.0266651678981809,-0.0106615014386463,-0.0452491876721736,-0.0141373679101425,-0.0472406324349745,-0.000222881110380473,-0.0163907384082276,-0.012217312754188
0.0495769978714126,0.0478154046888274,0.0427768871576124,0.0619593794271857,0.0188957743023248,0.0160866128124446,0.0297021972550444,0.0294417527222053,0.0344040828523828
0.0206741338885484,0.00778386913187766,-0.00600187058075584,-0.0314179541876488,-0.00820619433449241,0.00967295533436935,-0.00738865693139723,-0.00661166384096876,-0.0162860148003478
0.00294552082140465,-0.0124218815030496,-0.0269441582242399,0.0172814997863124,0.0102160924352117,0.00662340620480441,0.000693477468950295,0.00399049032589587,-0.00346280047247435
0.0575025764970931,0.0222974850824129,0.0288915138857554,0.042627122323942,0.0126919150817789,0.0588088899644612,0.00296097593188423,0.00956410890499044,0.0146763859558566
-0.0211016571914744,-0.0150610937591763,-0.0126758560442774,0.0442169757944134,0.00364315782960789,0.0220128927239683,0.0147782966775279,0.0116091801829682,-0.000143523625968906
0.0129818174286046,-0.0106637692829201,-0.015280722959929,-0.0192241988125041,-0.00169893318684792,-0.0316672456566461,0.00954008543776253,0.0176137019041695,0.00895849741340117
0.0149156422582081,0.0369190177261141,0.0244859644951414,0.0691451570574549,0.0302604154961567,0.0749579350961725,0.0162167757645163,0.0401775924907393,0.0298514468821884
0.0365479325409332,0.0101632724977007,-0.0181821139979575,-0.00637536189781999,0.000304586134482499,-0.0133638286345516,-0.00823490268622002,0.00389586861416807,0.0069338980701934
0.0145802977063197,0.044800330490968,0.00906637398698421,0.0364845942845798,-0.00662460891300883,0.0167964121179903,-0.00325195981431561,0.0242129996677262,-0.010113218458625
-0.0142274613890597,-0.00794687704770772,-0.0105299328071001,0.00295339707196063,0.00146016441051085,-0.0264906158469983,0.0132755523863487,0.0129330828795928,-0.0153635907600693
-0.0325368194107707,-0.0170464060058185,-0.011187388002936,-0.0188348204902047,-0.00289365199600902,-0.0851734558331145,-0.0088824403899094,-0.0236090436426993,0.00101389591676615
0.0863684422835467,0.00190642843694709,0.0109542801226979,0.066042070258125,0.0186034275812948,0.0773718731161548,0.00847687703276028,0.0421327392548255,0.011730206497328
0.0902732245640217,0.0363055161389273,0.0458824222513779,0.0282394792566199,-0.00363226921844243,0.052010643758179,-0.00353136080499536,-0.00310816779937069,0.00515210515175743
0.0212173594161483,0.0289599530839275,-0.00158063765365989,0.0175402755061741,0.00327299219699946,-0.0434741443880478,-0.0215404932976136,-0.00837611661176082,-0.0177153658958389
-0.019634524489066,0.016648192701576,0.00243150259465415,-0.0152548755063526,0.00062179128589926,-0.0430014905247862,-0.00461157768344878,-0.00571401815105952,-0.00171363953619763
-0.109082483513779,-0.0685821527192349,-0.0590727389148726,-0.0969611314967675,-0.0159529952660367,-0.122825950737293,-0.0299212264384073,-0.03113738005056,-0.0426112862271375
-0.102725321656274,0.0202361072559622,-0.0241136558557103,-0.0563072566284212,-0.0170034337323637,-0.0653395224878164,-0.0146569890607981,-0.0314675625218998,-0.0131508731599418
-0.0289958776267465,-0.0281228207527235,-0.0254020987651556,-0.0171983486391171,-0.00538903185404668,-0.0429590590530503,-0.00819062616130753,-0.0161618330234659,-0.0329656735240662
-0.0744059932991242,-0.0316269671075004,-0.0361055325069868,-0.0433957838138457,0.0144502029011233,-0.0377874586175177,-0.00454419939979845,-0.0480930604866417,-0.00212848682171181
0.0300321166640552,0.00130105221403251,-0.00851668018483173,0.0101310055368509,0.0156332235046268,0.0149783196867005,0.00916423263127519,0.00924396857115505,0.0254923787420473
0.0182895109556728,0.0273023659634051,0.0080009687943224,0.00501666739213263,0.00212993474893718,-0.00521963178776295,-0.00163909475673052,-0.00224676887818306,0.0112107230811491
0.0160674916246967,0.0200000100727444,-0.00795850312447146,-0.028621380768758,-0.00652693771601466,-0.0138454140746186,-0.0105657221392222,0.00300436551633374,0.0136393573690304
-0.0133497025003896,0.0154455283238733,-0.00185415887383442,0.0169269056681582,0.0113022564262043,0.0241518094013137,0.00186125692909402,0.026358470886654,0.00382488137721305
0.05678597014486,0.00959264443366841,0.00482948189333571,0.024301437870544,0.000691240964135273,0.0402976668637266,-0.0010076189683914,0.0177950349094328,0.0129781217960166
0.0754576802592349,0.0174722028972439,0.0133706533659509,0.0400830572051024,-0.00191216562379352,0.0507106773560432,0.00725532529408366,0.0104610634930722,0.0207375106847318
-0.131027267591297,0.0185458053238267,-0.0456627479916489,-0.0393022527006456,0.00841627179470585,-0.0877011387711613,-0.0130504041024787,0.00699530285397236,0.0166532497454589
0.0302146876633764,0.0437029324502275,0.0332977706004871,-0.00463356377865815,-0.0174360234774881,0.0015917588018312,-0.00840824632201172,0.0147992105960961,-0.00904010274109679
-0.0200426015800784,-0.00884404055372264,-0.0417058826704791,-0.047095483104647,0.00689470431919949,0.00215636424632483,0.00887393914996885,-0.0300295823607191,0.0146982984367525
-0.0795830888624794,-0.0207085318745123,-0.00216156037412014,-0.0382738214872132,-0.00466581687915354,-0.0180177839826932,0.0104292987839356,-0.0305506177815666,-0.04873266638235
0.0365161944832404,0.00490827781926183,-0.000713624427525266,-0.00950620049604502,0.0104651748482874,-0.0263517061433543,0.00983680374716323,0.00678344961330685,0.022312936857913
-0.0745092757441724,-0.0296875323440496,-0.026368970440068,-0.0576110052411737,-0.0157570762386386,-0.0475816873436251,-0.0133840094825176,-0.0417893094531211,-0.0229407992474698
-0.0332645053764699,-0.0699413932588879,-0.0429279115348493,0.0014421801187268,-0.0193959401026244,-0.0594693215513169,-0.0141034967669336,-0.028429246048749,-0.0480242475605934
0.0414391379169373,0.00225591827679588,0.00386315401414431,0.0252846076815006,-0.00436701674438601,0.0369431950357796,-0.000618864030138803,-0.0169955046010065,-0.0102331074373923
0.0354757731731267,-0.0217538912681972,-0.0155152931764359,0.0294107352098765,0.00959741055644765,0.0318411222914768,-0.0104781179804931,0.0154111418351361,0.0195044570051824
-0.0282252072919132,-0.00777713381383932,-0.0213502567133717,-0.0230517143922395,0.0145651415879064,-0.00430944278345819,-0.0279483188539317,-0.00428611671545022,0.0216999051965866
0.0137858280822177,0.0189799054224426,0.00564297580501226,0.0339133803355517,0.0198028678435067,-0.0373604202765299,0.0123071241998883,0.0210684554894274,0.0172713520830148
-0.0607348206341117,0.00927020991542761,-0.0155541437827136,0.000771658166956071,-0.00651435434040118,-0.0096442750022447,-0.00846893133195663,-0.028072349106657,-0.021018316833895
-0.0301134166892316,0.00452054265459836,-0.0301787576897715,-0.0094837445332332,-0.0225741114260904,-0.0159040861732167,-0.00975994720706003,-0.00573325599054368,0.0019645770464173
-0.0437554227439982,-0.0173334903483209,-0.00259567127189719,-0.0192384859442648,-0.0048133911159651,-0.034933469786294,-0.0106172384505666,-0.0270079229526979,-0.0119252742262713
0.0253450468097829,0.0314891519684971,0.0143663851146767,0.0148927807049329,-0.0102226750285523,0.0562028417481285,0.00764788228182898,-0.00490451168485029,-0.00938384037991821
0.0233284254308521,0.0251241001758158,-0.0130775829296806,0.00299310916450446,0.0151783704113057,0.0167678205782087,0.0154751195579647,0.00276889179290062,0.00193705144645598
0.0186846581234826,-0.0142461978636525,-0.0132188457144476,0.00560061903492011,0.00897660330700598,0.00736574050243784,0.0126842044789264,0.0046452852770437,0.017114998346677
0.0394750690231777,0.0402428075784139,0.0343021475279454,0.0188864084049491,-0.0113500093422473,-0.00739449596658187,-0.00254083174158461,-0.000209854856829819,-0.00545060701115681
-0.0780143478382155,-0.0310040716170757,-0.052192911821383,-0.0508887559685615,-0.0340610117971077,-0.112487187054085,-5.69606224191341e-05,-0.0156900644764554,-0.0289224135927723
0.0485384742873206,-0.00989699379973437,0.0136885163910787,0.00476819160399416,-0.0165941197329466,0.0749171866924516,-0.0125197181810346,-0.0108840781248255,-0.0128021398508559
-0.0508713570903635,0.0109125939703311,-0.0126732914310803,0.000469208766019693,0.00109308893154492,-0.031224939131388,-0.00062737256163974,-0.0147847309845708,0.00381182091048307
0.0160664645346456,-0.00227944983967305,0.0148467425109974,0.00860553023728109,0.00551918723783038,-0.0808589641075084,0.0153624510533169,-0.00185612534551598,-0.0185811829955622
0.0600016717672887,0.00515456143156864,0.0175168210050881,0.0020777909520388,-0.0207067796810649,0.0273128607724566,-0.0219566544085689,0.00831543521852831,0.00737678000989477
-0.108425739745775,-0.0203789010963516,-0.0455116943436631,-0.0622820708374538,-0.0129417227114052,-0.0762228600675926,-0.0290905899096489,-0.0204914269298933,-0.03982579106523
-0.00740947862532904,-0.0106513107785335,0.0106732025427647,-0.0295048105966648,-0.0130414696321218,-0.0203285868743972,-0.0100125947907122,-0.0400726608329549,-0.00373500203592935
-0.0534342130842281,-0.0355203109378859,-0.0200931446450646,-0.0340412871189591,-0.00961625215918287,-0.0638958340688606,-0.013649902274215,-0.00972141488263448,-0.0164621158403926
-0.00313398180109714,0.00201243161097864,-0.0034337212932554,-0.000531112170945133,-0.00893764830935049,0.0386857461136573,-0.00122977603397364,0.00327170574293576,-0.0101096809142108
0.0145545611805058,-0.016924625166011,-0.0156681155040789,0.0309320809276546,0.0178304119509036,0.0129088245653397,0.0110832494835525,0.0180119546439043,0.0229394725871323
0.0288367945936873,0.0154640575897053,-0.0188071912992641,-0.0079601316214497,-0.00883541624348679,0.0173466411221621,0.0121017629340032,-0.0142401324223451,0.016354636580965
0.0205681027497877,-0.00647767129461926,-0.0234939625938983,0.0115938357239963,0.00485078092102974,0.00383089754830433,0.00312284771163473,0.0160924902926565,0.0106883704189321
0.0119342302273941,-0.0185143752828031,-0.00473596213104148,-0.0233399317049598,-0.00777983195636634,0.000383649786208174,-0.0343692351152156,-0.0371495870589208,-0.0213982855659198
-0.0937417211325684,-0.0290767378078376,-0.0547189431309217,-0.0321525245588184,-0.00287830656625583,-0.0719504845013322,-0.0189538012373347,-0.0201450042915751,-0.0135659352273917
0.0490525933283625,0.00223241674660773,0.00739922168616817,0.0228943173009541,-0.00859409102554704,0.0677609344762621,0.00876958808723533,0.0176536137362097,-0.00916393301492329
-0.0245862066516056,-0.0252934008774123,-0.0180942899330978,-0.00158316384726867,-0.00451894335175667,-0.0154366629118164,0.0152998632908446,0.00568944171682579,0.00907382021933338
-0.0455324891440805,-0.0151819085727507,-0.0339800285491657,0.0605651644828585,0.00221499124749962,-0.0104626444179252,0.0120589932910407,0.016677559903613,0.0121106883906392
-0.0509684340682391,0.00658962777076378,-0.0172992429592335,0.00638702875209306,-0.0174180772506295,-0.0601891120412788,-0.0131906542317176,-0.0060513279198471,-0.0106201797716271
0.01394672804972,0.00322372422195309,-0.0023178762839796,0.0138643902459307,0.0131985774659318,0.00847244697464554,0.0245681619644855,0.00102710109931871,0.000522176946157698
-0.0191446591303692,-0.0178679322204344,-0.0327969897872028,-0.00502878562715291,-0.00694857042622188,-0.0531282385192456,-0.0124828513082553,0.00911896457647421,-0.0248795456337906
-0.123381223385577,-0.00412912731351823,-0.0181432841987705,-0.0397814586426304,-0.00248941101861995,-0.0872797066715121,-0.00796109670455809,-0.0326571180177915,-0.00249021714036676
-0.0227421405427735,0.0357567585300811,-0.0015380536115923,0.0051461365587902,0.0195775430440885,0.00616477334480657,0.0023548761423183,0.00650784250953209,0.0385031328103393
-0.000872092820705577,0.00548010118783951,0.00906159988444589,0.00116567696589064,0.00343017016665232,-0.0144132615894548,-0.000472511367643758,0.0220743789936744,-0.00669118083801036
0.0118183431940372,-0.0174861497717038,-0.014220793297878,-0.00362153164362821,-0.0178034752303367,0.0124821029229371,-0.00135171793077008,-0.00464587819198764,-0.0289392438731991
-0.0842623424618994,0.020966875512116,-0.0632403280430189,-0.0172843282263588,-0.00760706369312241,-0.0761721274953465,-0.0262580146425915,-0.0365039008734753,-0.0295144313878692
-0.0279924718590389,-0.0229464631326635,-0.00736485957195216,0.0107213652810385,-0.00528586103492728,0.0409925488806107,0.00930457974130071,-0.00316468142401133,-0.0151553992456812
-0.0513681761211178,-0.0164295715983323,-0.0374260863705355,0.000441519951541616,0.0125398519029625,0.00290834178238524,0.00621376088445698,-0.00218053799482747,0.00448524056648623
-0.00760133778758795,0.0162703955826187,-0.00400194606183127,0.00924199211223913,0.00816557377967262,-0.0489211973135417,-0.000145315029322191,-0.00980747513635312,0.00164151824438823
-0.0133681455027538,-0.0249128308009382,0.0119403442489151,-0.0089543173491178,-0.00932748933928759,-0.0114316568322881,0.00245973992751901,-0.0165427873422254,-0.0132995223251117
-0.0149432709380722,0.00659211196366772,-0.0180903075348853,-0.0178447306210605,0.00205478772380446,-0.0779630849043187,0.010944249530391,0.019098514395033,0.0113231345666808
-0.0672695645139512,0.00625113690176999,-0.023790792628576,-0.0286164733370188,-0.0112101129215172,-0.0775552495174803,-0.00533780042687148,0.00146216023904203,-0.00475765973601081
0.0163419298789261,0.0348163521466608,-0.0201357904080982,-0.013010897023445,0.00137497462202421,-0.0205102937767077,-0.0118660563218833,-0.0139729209565528,-0.00257810485971142
-0.0655840413728407,-0.0218340435991331,-0.0267082191062007,-0.0329955672728296,-0.00686768255286676,-0.0661730345617465,-0.00346125146899941,0.00956162397276396,-0.00728032714099837
-0.0042730462220451,0.0156684931667824,0.0164266292452353,0.0308008153705879,0.0139187112631554,0.0134685944289473,0.00675540377189982,0.0229506722642566,0.007297292078435
0.0136200314932905,-0.0288656825205316,0.0072814157847239,0.00852859225555655,5.87462370891618e-05,0.0303701215244377,0.0245763858290316,0.0084028262743601,0.00408044221169668
-0.0636707087178906,-0.0325361408150519,-0.0381226424432556,0.0168380526683675,-0.00621273804952536,-0.0915436701906688,-0.00642171007624092,-0.00893909833082348,-0.00167727971768558
-0.00017349919447031,0.00693962417585079,-0.0194685452215757,-0.0288749882243261,-0.00397051547339835,0.0170714116344116,-0.000955425531577058,-0.00352998095835106,0.00152156622472405
-0.0731326082059053,-0.0433815528402954,-0.0467737087537066,-0.0289280566992824,-0.00793357679164309,-0.0613509000084818,-0.0355372293421457,-0.0454804017710307,-0.0144503780950165
-0.00711669841364985,-0.0430284090922272,-0.00722272062472254,-0.000898346132371343,0.00529169234534823,-0.0216137036929836,0.00999937168902982,0.0123561166574516,-0.00103426894064082
-0.0115475440351773,-0.0430984091972796,-0.0460606862245745,0.0238733263441125,-0.0055858859960497,0.0054864664548157,-0.00688528253274009,0.0202076571169848,-0.0262606881479785
-0.0477496310483806,-0.0549039847826052,-0.0380860617661314,-0.0428440012207582,-9.87465524543396e-05,0.000941605619072003,-0.00345882543739469,-0.00541279710221656,0.0023227655932969
-0.00521609464713476,0.0236173287854924,0.033009182036001,0.0143815328542047,0.00172132552395717,-0.00729329630829065,0.0161168961482118,-0.0130450649078328,-0.00996101034142513
0.0265185273879947,0.0349429850960301,0.0164900715422996,0.0252964731343239,0.00966453082472452,0.022328430419755,0.031702968737566,0.033855810420019,0.0334165375218426
0.00115888080411818,0.0031537561057265,0.00889680316703915,0.0456559749247562,0.0141765780529711,0.0196164742701321,0.0289748790079591,0.00823596209531782,0.0371052193532891
-0.0686420403660034,-0.0140177557866024,-0.00494581911450368,0.00909943341907376,-0.00837112084618203,0.0122697992194728,-0.000237776143644847,0.0093194519113187,-0.0174633236137688
-0.0266545675427609,-0.000714767948255343,-0.00648155661056543,-0.0324392700913824,-0.00707664892371608,-0.0183482823969391,-0.000522263744407358,-0.0284537437435501,-0.00109587590680665
0.0172624155307155,0.0143314735255276,-0.00919323224566141,0.0103255889409777,0.0133811581146035,0.0383471965307486,0.0151244053744022,0.019510524458314,0.0104967877133037
0.00264308158149674,0.00957408612222413,0.00252357924550677,0.00305911183960326,-0.00104258855703553,-0.015032202134347,0.0082107522940226,0.0107148689198153,-0.00279754539503961
-0.0374266202296084,-0.0154746022367171,-0.0117880570573153,-0.0193845585601587,-0.00952589591134942,-0.0433820368959514,0.000857213591339469,0.00307170519421974,-0.00889850670272134
-0.0311911345557252,-0.0181184094107874,-0.0429955347691429,-0.0185950530423269,-0.0133098525443921,0.0187425128478962,-0.00277863139292294,-0.0168878260212306,-0.00431195857570731
0.0480610130004158,0.0344958546096768,0.0350304311761906,0.0433679308513166,-0.000481874152431749,0.0377899934994149,0.00528668598531069,0.0315989823630023,0.00176847721406608
0.0815213635296997,0.0114947905618057,-0.00378595244739865,0.00741040063370978,0.0196890433281304,0.0823949001242197,0.0216576282567431,0.0373281880058455,0.0343198886811034
0.0242733235548285,0.00933025496936632,-0.000776311571146691,0.0359484378328071,0.00778404173995046,0.01390571644594,0.00608102894926701,0.00070891919359178,0.00164467278052503
-0.0346713118020548,-0.0265449355122198,0.024992032990114,-0.0430862444997092,-0.00510722016457617,-0.0359522135710889,-0.00677688125749335,-0.0296769418163743,-0.0336408203503041
0.0125130834420913,-0.00868056050527458,-0.012687163302989,0.0291839010286326,-0.00710191367239476,-0.0283049457023885,0.00490334333403035,0.00680463498674854,-0.00110247686370384
-0.00224776457903064,-0.0407932845602796,-0.0361197349483892,-0.0155745498064554,-0.00751168174297767,-0.0938429285636459,-0.00574385585996851,-0.00857556884797722,-0.00771540840030632
0.0241062027023619,0.0157961810232306,0.0314000220141293,-0.00713778671961544,0.0038831044485685,0.0174359048706147,0.0123414151908995,0.0202253648250998,0.00452883441117795
0.0102870942325639,-0.0181219613830062,-0.0127366717055185,0.000510240177210205,-0.0184624276956616,-0.0189563497261168,-0.00577230722474778,-0.00567037479598701,-0.017856146511296
0.0260406731603032,0.0419439851652961,0.0112962030272667,0.00561999425314368,0.00552565634628099,-0.0311309831401689,0.00941653867522219,0.0075405371402784,-0.00367128657360693
-0.0244479833340878,-0.0142426055126486,0.00704344106832191,0.00700850234182956,0.00907629964747043,0.00398673206428768,0.0403188143363933,-0.00353588027510563,-0.00186079289761441
0.00419691230874582,-0.02690410978853,-0.0236715826929159,0.0150067341288283,0.00537100509951781,0.0854878679591625,-0.00489850275741606,-0.0188175944846927,-0.0272318799930006
0.0371424795771486,0.038995771262358,0.037253664689446,0.0380520503972288,0.00691936477463057,0.0211441330324311,0.0131135235250209,0.0244840541248421,0.0246671605608391
-0.0548125405138453,-0.0175119911677655,0.0042231515180364,-0.0141162321346082,-0.00608758203032012,-0.019783770098178,-0.00716293223243175,-0.0252584517973799,-0.0299932858161045
0.0652477151967996,0.0137958416754743,0.020073231644309,0.0189201724521707,-0.00258850521630318,0.019839314571871,-0.00927301842330575,0.0109923206559332,0.00124574015395933
0.0582298154103074,-0.001293359411371,0.00369591974403208,0.0485143309833687,0.00231619587354428,0.0290259263867943,-0.0177434443650738,0.0326364363148589,-0.00749200630158164
-0.00149733378177005,0.0163465578024297,0.0124854448643115,0.0298879956967051,0.0145086531490166,0.0176182239427107,0.00944398590297767,0.0357795559142813,0.00972118559760324
-0.0217853111225947,-7.98270313596455e-05,-0.00761342189011456,-0.0127343334114812,0.00192340356552537,0.00146723852979601,-0.00869299449717545,-0.0131700335278948,-0.0118884796594953
0.0279511573721381,0.0127312972219591,0.0118266116821582,0.0208513719342299,-0.0103299773011967,0.0555538355482222,0.0126835696679726,0.0210901511507356,0.0120447087029645
-0.0368747044273817,-0.0112469416347306,-0.0298374505803485,-0.0456907362256,0.0297065518106324,-0.0748394322015778,0.00732206946325871,0.0028739617284745,-0.000952736371919003
-0.0325115320772736,-0.016353505410917,-0.0234645290771158,0.0234953617787228,-0.0197969826932983,-0.0418936810261152,-0.00614407960094564,-0.0170948137788789,-0.025225247746374
-0.0184399129258183,0.0102384524913437,0.0186615601852654,-0.00201598887618752,0.00189457523829504,-0.0347026030154236,0.000163588694740288,-0.000605047284564799,-0.00500689543683335
-0.045266850089671,-0.0192716875911306,0.0207144683945969,0.0333132357946678,0.0094806195824385,-0.0420251669251246,0.000711980916236876,0.0372868081181887,0.017670237499037
0.0186896186401313,-0.0189977286282621,-0.0154404408745313,0.00413164821785012,-0.00542638899554303,-0.0218663927532849,0.00614294620806432,-0.00713047088203575,-0.00847636111237156
-0.0174539823682029,0.00547026452984734,-0.00322674215120329,0.01303913021285,-0.001555132573198,-0.0344539795041999,0.00558556667088315,0.00591879285849907,0.0071719872663927
0.0663102842163631,0.048958732235448,0.0352468339319067,0.025246205399044,0.0216530748124187,0.0437146893857781,0.0165926101443127,0.00316532154654595,0.0396527351570711
0.0478593508658653,0.0206127590487413,0.0233779302662322,0.02510836685579,0.0103392622734325,0.00571473385710402,0.0119215317609115,0.0245521782790188,0.0145918074387494
-0.0130652207463202,0.0165209803703072,-0.0203589690709479,-0.0113345112110755,-0.0160070236390031,0.0101391672223828,-0.00443300710118086,0.00294319609581154,6.35183996621628e-05
0.0779851994256444,0.063823779512105,0.0499062292578758,0.0624842802796022,0.00896774766550128,0.0966286665299777,0.0183732555611321,0.0244813781073178,0.0268114479268532
0.0577505932852138,-0.016288208973494,0.00988906790042339,-0.011704437546478,-0.00539569506822017,-0.014712322129419,-0.00728978188397351,-0.0225025220816482,-0.0160901669870309
-0.143423327983973,-0.0687717040085254,-0.051947468417708,-0.0458248187163452,-0.0368036521377801,-0.138676318635283,-0.0171708125565054,-0.0393892394719981,-0.0434904985485833
-0.0155398323373381,-0.00470031537011282,-0.0310803959477475,-0.011843372392874,-0.00291091360758614,-0.0362563672152105,-0.0186562874509917,-0.00278219697549779,0.000907628399973438
0.00904793391926935,-0.018548083117816,-0.0433160317767352,-0.015849073217135,0.00121624141840047,0.0162748782236031,-0.0254586463876318,-0.0119507796953871,0.00585950505243117
0.0245592514488161,0.00208356889440285,0.0244668967223122,0.0385510344295856,-0.00763153135903636,0.0749167594319658,0.00341704172846893,0.0230163539190295,0.00081903739555565
-0.00761537860416955,-0.00619550520896361,0.00401170727744574,-0.00191823104737672,-0.0150210958783793,-0.00270162233014227,-0.0272179164429555,0.0117934899799348,-0.016235519448402
0.0267058867709981,-0.00803544608150949,0.00757175134202498,0.0169775472284933,-0.0179652866550987,-0.0514692913281358,0.00534085048992439,-0.00201313911326485,-0.0297278106692274
0.00595469332998954,-0.0138710925122027,-0.00954488720298693,0.0291688665034581,-0.0038832480138514,-0.00778134844055059,0.00516609034124869,0.0270417841104328,-0.00203891771603621
0.0431916920145454,0.044413780657509,0.0446228067483236,0.0395711788325205,0.0366595058644613,0.0434524653510346,0.0263719640545855,0.0249646242482423,0.0429898716534296
0.00872651954148084,-0.0154219203743188,-0.0351704050812662,0.00418345710778362,-0.00417886717629782,0.00397221745616353,-0.0203911308213351,0.000382661849215489,-0.00574356426831146
0.0571053779641601,-0.0446717746397806,-0.0184473048703038,0.0151558719798687,0.00518674635696388,-0.00372642915026073,0.00569703006711136,-0.00135585397383452,0.0183672766498298
-0.0135853595885865,-0.0133763310823013,-0.0406467258283888,-0.0226665384770676,0.00905748165727795,-0.0277026325686484,0.0133475003735804,-0.0133357096153995,-0.0163466557841549
0.0199653969251946,-0.00923792135486741,0.00395147694278534,-0.0136373137524084,-0.00735764919047007,0.0509842715976854,0.0021870566866312,0.00919757020739149,0.0158814384464629
0.0904755914001916,0.0237822183135826,-0.0209978921315984,0.0637118956408938,0.0130790620592942,0.0641677682608999,-0.000622799418278675,0.0157170086006751,0.0188021271181405
0.0300110433547806,0.00721929347033098,-0.0114231135022896,0.0124734679065366,0.0170216378760023,0.0473847108218622,0.00804080307946193,0.00829338005278914,0.0151755096367873
-0.051172341618149,-0.000723471455126095,-0.0110544008678035,-0.0286190657668257,-0.0121893557966986,-0.0742470388168856,0.00862046924455727,-0.011681782102315,-0.0181468744575631
0.0154445138096273,-0.0056405026245935,0.0210717196669258,0.00218543014962245,-0.0246309260269056,-0.00755105572896706,-0.0112671528222329,0.0105094095994966,-0.0119449862479683
0.011659647965638,0.0109654032332026,0.0169936970759368,0.00908066032498483,0.00685060519323836,0.0150361382489323,0.00623176052439484,-0.0185901542924105,-0.00010024251795939
0.00144173436949732,0.0213148014461949,0.0180941746670588,0.0810711118543474,0.0120138454919877,0.0432930935705661,0.0208579203009827,0.0230835450074631,0.0282985006391164
-0.04971168088421,-0.0236681499788207,-0.0464982848758773,-0.0300241821818942,-0.00186020460143812,-0.0306085947736984,0.00297676257181681,-0.00864695937727502,0.00794471270661992
0.082021989491897,0.0235556098914764,0.0272706673736981,0.00231928852733753,0.010637158120527,-0.00242678065754224,0.034259064399805,0.00820968227303877,-0.0157938804389856
0.0503491363534094,-0.00501154583416503,0.0155889458081709,0.00311876466825084,0.00865552425032107,0.00785855399848833,0.018089092717305,0.0119234810663757,0.00534362229302625
0.0149051692245468,0.00992426210584068,0.0140796724989455,-0.0279811303888048,-0.00639240574910844,0.0512267895964172,-0.0435974843631712,-0.00163523614770941,-0.0274312170621817
-0.0508710461640942,-0.0379362763225144,-0.0292879115661853,-0.0379513266680684,-0.015823288271947,-0.0335993023854947,-0.00737218677557439,-0.0198680774220911,-0.015774065817605
-0.0251046861049537,-0.0261069134446597,0.0107041070302745,0.0135615853413492,0.00884374285864532,-0.0273123165732954,0.0199199050078095,0.0127159141874907,0.0193467692643681
-0.0220880889650756,0.00191107458102394,-0.0394192602972742,-0.00542070323100179,-0.00229550073190652,-0.0546503196505421,0.00739790777822403,-0.0142449587520039,-0.0287665029810476
0.103600744956892,0.0687181102843269,0.0447794810510224,0.0366627699260353,0.0111939305591298,0.061292045875161,0.0165443173516467,0.0285464669978946,0.0252351381195487
0.05314946645875,0.00498694075189265,0.0158108911559357,0.0114066275989643,-0.00915710112760027,0.0170427222595625,-0.0127673297730939,0.0159468103694366,0.00914553951879412
-0.0231790050394584,-0.00182916131268948,-0.0288864883661596,-0.0213009649741145,-0.011422179156914,-0.0163575557587288,-0.00306092453964645,-0.0106575866511172,-0.0149014203182668
-0.0400251930735046,-0.0456088789354827,-0.0311244460152107,0.0111108421588456,-0.0263903660949726,-0.0335577422024497,-0.0202581959366379,-0.017847600221607,-0.0224382521760469
0.0431991083425594,0.0027645303442137,0.00148075353710756,-0.0186867770718977,0.00661817250976195,0.0155369680520158,-0.0119832335313979,-0.00208200044579193,0.0116749828283824
-0.0139778140110905,-0.0337165452893435,-0.0116227721463308,-0.00977411011022436,-0.0053931583274331,0.00426931206665188,0.00444501572756639,-4.37964485184981e-06,-0.0233187460135403
-0.0394259615906332,0.0232944496540405,-0.00428180259765742,-0.0328316341129448,-0.032597211853757,-0.0444436669316201,-0.0240715870748313,-0.0396562346297827,-0.0351884961805377
-0.0467377972759849,0.0179636173413694,0.00327477108870203,0.0158319936139519,0.00223124126373709,0.049611372147011,0.0327200671356014,-0.0123493087833053,0.0052271024007002
-0.0434488841028306,-0.00121964897941402,0.0103685764379644,-0.014601995717025,-0.0257417026508012,-0.0359201069078197,-0.0340446819511418,-0.0318329609674803,-0.0261045440312591
0.0267239877804664,0.0434402774081128,0.0319273204054165,0.0856153900222777,0.00462652794782883,0.0258097356486522,0.0252791207837896,0.0349135033828051,0.0208625812795839
0.0672272209149537,0.0053446581025054,0.0081438592857784,0.0255260733158835,-0.00216337067480411,0.0118771042175044,0.00422762482465725,0.000761581938185877,0.0131561225133955
0.00297769061796429,0.0049679648192541,0.00246602603556024,0.0192763587193809,0.000399544656391446,-0.0247219970901604,0.00908509891310996,0.00313546748126018,-0.00954732327740509
-0.0397237784335293,-0.0148609737992765,0.00978277803139608,-0.0320921611406189,-0.00586922075620547,-0.0355559299742522,-0.0301234600527748,-0.0264009110332849,-0.0103241531578712
-0.0458166314397545,0.00247164010861016,-0.0122564884244268,-0.0180546361013405,0.0039014762591092,0.000382519100012514,0.000297554825251835,0.00424242863858428,0.0043344375231164
0.0414738808387011,-0.0623994378569333,0.0141586102966122,0.0356639259947961,0.00902052703061329,0.0136429359391998,0.00845882810847981,-0.00381765482762169,0.0131068000643857
-0.061808750227451,-0.0187070654496702,-0.0297874912446184,-0.0126346009383774,-0.0208933305103984,-0.0660346734843819,-0.00268946476047031,-0.0208618646855494,-0.0370746298177974
0.0546036217144139,-0.0011289753081586,0.00463230562167335,0.0449343421669162,-0.0211050990271795,0.0599970585447268,0.00347885489731051,0.0133503343040116,-0.0300138415879767
0.0753637824639784,-0.0143707131793797,0.0031689389557471,0.0104720562437714,0.00331344763196965,-0.00878107366295944,0.00963630771965435,0.0135611755319043,0.00341566412509053
-0.00983198171468715,-0.00919803502319837,-0.00295901762874784,0.00606884735725406,-0.0134547698341514,-0.00527620388962133,-0.00610584090940407,-0.00621315089211402,0.00304170541150192
-0.0189876632440102,-0.0307401038112478,-0.00560585200018246,0.0256758659484199,-0.00162896725335557,0.0123885907753541,0.0026747170727124,-0.00144776878624673,-0.0145863289476938
0.0455083188051636,0.0398483267783317,0.0371549870398555,-0.0048554705870807,-0.0197598615194997,0.0678031505696876,-0.0250484250558747,-0.00312817174797328,-0.0120537412506905
0.0351100631940728,0.018913789564514,0.0339940275462597,0.0373623500229848,0.00261126443865565,-0.0286698106309394,0.00979063794767034,-0.0141527325414724,0.00428076666401852
0.0815604733276781,0.0505130035566874,0.0559463987335757,0.0216220806675034,0.0084998898597937,0.0813949001315633,0.00854744867058971,-0.00523309462013089,0.00818802686443458
0.0522075353497103,0.000729464322709073,0.00534617176981196,0.0187687491176336,0.025325585947347,0.0644103493246228,0.00586225792126435,0.0118420783300919,0.014362202776934
0.00996058666350751,0.0543214217663113,-0.00069717570833671,0.0915159801495641,0.0340220420122929,0.00975241021336835,0.0637432590206738,0.0468448940392264,0.0470507498677648
-0.00560875565460422,0.0058715293091969,-0.0134569641504014,0.00430052386893241,0.0104487829256059,0.0261286582731317,0.0149060691481933,-0.00903270274487781,0.00385054346460673
0.041872771773184,-0.0492549591132167,0.00381935485001727,0.0110201706013011,-0.0287632133782169,0.038489324773582,-0.0141785558732291,-0.0262543898189335,-0.0219096105621309
-0.0255414064424214,-0.031145037569352,-0.00491142747742556,-0.00636254231879722,-0.028835585302225,-0.00466807721961557,-0.0146724264161531,-0.0128360319962756,-0.0290818511671611
0.011368739130326,0.00574129628653828,0.0346131355058094,0.0152901297018183,-0.00671050902590528,0.020678116799275,-0.0175188100028506,0.000673202549927873,-0.011541325056201
-0.0231432316358629,-0.00344876258068963,-0.0342841686520343,0.00418617805312475,-0.00346435969040383,-0.0111905835101147,0.0038164970234043,-0.00805466149453259,-0.00513910619568742
-0.000219195105189176,-0.0160992310332013,-0.0118418801870593,0.00337397239307764,0.0109331605194424,0.0022400239538486,0.00673390329708341,0.00109577347218529,-0.0220153879815039
-0.0105357441603327,0.0101262024108244,0.00156643683849579,-0.0214046611261495,-0.00370440903208908,0.0176334533883177,0.0100250216309569,-0.00300457578936157,-0.00165991219517882
0.0108132881759745,0.00989836208513004,0.00412249406682031,0.0143690869204259,0.00472076084215387,0.0140962060280291,0.026718895362085,0.0119501606977011,0.00703657568262984
0.00139289537135346,-0.0248859788143271,0.00862715927938361,-0.0196384441557461,-0.0155440685409832,0.00951532580631948,-0.0330890110032049,0.00265452725602115,-0.0155480286186618
-0.0241014212067744,0.0022466210737737,-0.00332050907346028,-0.00567450471077368,0.0125769398794769,0.0316009581926573,0.00256205216390517,-0.0071962890941439,0.00471178121277489
-0.0457806350601876,-0.00113750642862763,0.00959100715329147,-0.030974314066535,-0.0154992070315317,-0.00699784275208762,-0.0159304093936575,-0.0394982991074173,-0.0252772766990649
0.103097182582768,-0.0111584799014596,0.00667655478555714,-0.0165088953387226,-0.00573843744579516,0.0618967768317509,-0.0205161464434809,-0.00485401710886845,-0.0144114315789493
-0.00979508968850786,-0.0251229586294387,-0.0508225458816493,-0.0204095575583653,-0.00237965061427848,-0.0385214934519071,-0.0392810300310139,-0.0114786483424435,0.0187171349544474
0.0229193945298382,-0.0172882152233442,-0.00408014400934587,0.0322956408590778,-0.0101260836574025,0.0401515177348941,0.00703152229951512,0.00419147431867678,-0.000120781952671481
-0.0104497271741724,0.0108986902129129,0.00464906293869542,-0.0411554117263068,-0.00323031336984304,0.00197590534760952,-0.00885130940256111,-0.00918302146841313,-0.00140024369112105
-0.131883398763417,-0.0626730520745117,-0.0110812446574754,-0.0782194149852348,-0.011269957606671,-0.200525966472894,-0.00869727714643928,-0.0122596619445111,-0.019904881394626
-0.0101668133278051,0.0183111527789393,0.00387914423062607,0.0142171172928852,-0.0257439112823004,0.0049287549537947,-0.00309359555681802,-0.00365995825612546,-0.0310355166660761
0.0214463419124846,0.0209283965503696,0.00776913636149885,0.00668052957659749,-0.00136405288559559,0.000856804819929562,0.00255377415421362,-0.0141022985621534,0.00975155215544458
0.0194082844454225,-0.0108449699202384,-0.0158901762566195,0.0273567473136799,0.0038156858507925,0.0489270122455611,0.00773076820285451,0.0184919876104753,0.0144048789352384
0.0787622600366077,0.0156032219337199,0.0138650009357761,0.0353100082015641,0.00714355830773754,0.0778392488237545,0.0375576315707259,0.0228837034897732,0.0482332874435023
-0.0282790104619494,-0.0211388064346215,-0.0200453191847262,-0.0462314783223318,-0.00130573454757586,-0.0303844481134107,0.00756634674607636,-0.00726860090480343,-0.00168832440894872
0.0215720057553492,-0.00204442265598988,-0.00655834872054802,-0.00588646995518383,-0.00682019673228309,0.0679065633229314,-0.00939299720329264,0.0216821660496756,-0.016114584483719
-0.00245413985961348,-0.00561997707118624,0.0118920536620375,-0.00280960237491017,0.00746978779596059,-0.0280474791701169,0.000173636313308562,-0.000305737517484639,-0.00685454149813623
-0.0528361951387554,-0.0482535321061237,-0.0223430322006045,-0.00622943176520117,-0.0205024269107881,-0.0537672519672229,-0.0232380040635675,-0.0107813508186798,0.00818768157964408
-0.0205249637893542,0.0134660187424596,-0.0213113938421947,0.0128279928527016,0.00552218456051638,0.0558337779515182,0.0232439345195829,0.00914903526408113,0.0197245920245034
-0.0566712824321327,0.00859882124215474,-0.0142293628336482,-0.0373285102928032,-0.0051474518802802,-0.0462800755224647,-0.0257726160601589,-0.0234235805513903,-0.0107066217722429
-0.0722448806127518,-0.0383232667073966,-0.0675172753830302,-0.0402514273965146,-0.00808370025577936,-0.0283364976346813,-0.00780267056762394,-0.0166895061732271,-0.0145563554063217
-0.0494483643797239,-0.00864290932588343,-0.0056523330339813,-0.00691759775655885,-0.00911482807764757,-0.00622868326029329,-0.00353111169471677,-0.000617119796483599,-0.00568471297787199
0.0154118079991593,-0.023593969660867,-0.0222361865482477,-0.0120478965187043,0.00232938214786454,0.0188062700850811,-0.00422555755063063,-0.0130732520990217,0.00579528315943583
-0.0747420827793166,-0.0373386547173116,-0.046698326766079,-0.0415282757819646,-0.0278757422691835,-0.0961667450153371,-0.0339681384079421,-0.00475095117634638,-0.0307497767803123
-0.0205667602971483,-0.00711571250386891,-0.011324924949129,0.0208082297497571,0.0016884429921563,-0.0105822608352838,0.0155633471296327,-0.0012735588527827,0.00156172424434212
0.133215575991032,0.0428235997162963,0.0327869424977072,0.0175815791813338,0.0153252815150235,-0.0927797294601014,-0.000390209712281968,0.0258953888624099,0.0387532371766631
0.0466318696899099,-0.0050451554343242,-0.00779955077557959,-0.00161787524293988,0.00784701223385757,0.043911139273242,0.00785382414177061,0.0180794476772381,0.013278294689345
-0.0166942334550854,-0.0411389047406658,-0.0235550200199295,0.0119951071360309,-0.00665623006953019,0.0261959764154181,0.0066400598636829,-0.0129103837201509,0.00113808444167906
-0.00354876156934407,0.0170771445181254,-0.00365401725795696,0.00325987933015287,-0.0057623543194981,-0.00838716126438371,-0.0116657059777141,0.00139293924165427,-0.00231405875599682
-0.0568385844963498,-0.00625494097581526,-0.0349642361163042,-0.0378794065698976,0.00238062133300796,-0.082459057700533,-0.0178956890785861,-0.0022077003763023,0.000678746175516448
-0.0401497843375943,-0.00337110939132855,0.0195982671238704,0.00481158490713648,-0.00340522120232899,-0.0274542665801442,-0.0023951963841147,0.00103669639574847,0.00136461725373611
0.0213177700078237,0.00925606253870042,-0.00198042988888978,0.00503668342185628,0.00366079164370598,0.00292705616210519,0.0131558377841172,0.0306616245915034,0.0087183708433366
-0.0604199463787374,-0.0221188618363069,-0.0114843485036876,-0.050185352852719,0.00612840916805505,-0.0332067048304453,-0.0149243075001437,-0.0234860670582005,0.00733920697019244
-0.0357349181596634,-0.00751148870402911,0.00598713245844932,-0.00995426687760458,-0.0148029956317306,-0.0287441794740104,0.00197805015815787,-0.0107896390060264,-0.0256806475866284
-0.033443082731383,-0.00125620997893347,-0.046992927327783,-0.018544758995074,0.0149419744138889,-0.0590162230825682,-0.00107192336584293,-0.00654335019023331,0.000170584691174373
0.0282287188282439,0.00997701599129179,-0.000964128007658221,0.0419905797623665,0.00905515273240962,0.00312386315770308,0.00907900055107871,0.00868337201986468,0.0213423768538036
0.0356471762640548,-0.00973984816010012,-0.00649661545289325,0.0144368940117774,0.0302083718369575,0.0349598896077404,0.0435351818596402,0.0235085766589824,0.0267355055613316
-0.00183194097191131,0.00181652872364966,0.0122748832860882,0.00284657301483084,-0.00742813995568371,-0.00997192985335836,-0.000757324357222698,0.00315299917885837,0.00335673495046804
-0.0505358372374272,-0.0300557520937625,-0.00322194962827563,-0.0230153013567214,-0.00866607992977831,-0.0677182762999042,-0.0284618169067032,0.00706792426038327,-0.012644608038834
-0.0119743360087196,0.0288239531249617,0.00214931000334336,-0.011572660544569,-0.0205295523106488,-0.0294320722760584,-0.00802076438019751,0.0126831667577216,0.00996034183590669
-0.0319816899953504,0.00769576392108487,-0.0159545564568553,-0.00664378575600168,0.00886770561357226,-0.00167651744076564,-0.000476382526143916,0.00927313753135454,-0.0105260154251218
0.107010876724375,0.043866353357963,0.0439346850825751,0.00817859647452351,0.00784269339737859,0.0832339331417231,0.0218943386909864,0.0197805461753937,0.0136372976538237
0.0546895138368673,0.0395818451391051,0.022849905334646,0.0306456293959428,0.011068972771254,0.0905866496460236,0.0234472063907235,0.0217266805667456,0.0406288955208927
-0.0165734796869546,0.0382240523323807,0.0171121876331616,0.0140032653570239,0.00815078944361668,-0.0412226823632176,-0.00478309495685126,-0.00758628893797335,-0.00948880860085445
-0.0321835842023495,-0.0328301630440798,-0.0180769435842611,-0.00227832244721338,-0.0151474772931551,-0.041229116882354,-0.00843847706764179,-0.0167092099092185,-0.0139521873845399
0.023875573165117,-0.00531827534102614,-0.0212295697808684,-0.0132910682290375,-0.00684636125954303,-0.00572195289682744,0.00160958920193394,-0.0240855112137194,-0.0145471770237853
0.0176045301248077,0.034711632866643,0.0435486262983538,0.03366936189752,0.000912761749993441,0.00943910473399897,-0.00402139487641527,-0.000180474394499102,-0.0161113523785802
0.0506011638682731,0.0234473921039327,0.0226921157545494,0.003588135548565,-0.00303000031890402,0.018862818103861,0.0210527755941386,0.0141929908961526,0.0227754023877613
0.0325559869600002,0.0485895549447955,0.0283276734489931,0.0511488750060835,0.0243284477001152,0.0838374745809137,0.0261461249603593,0.0202357250954529,0.0344793517857533
0.0404370854659497,0.0359474809335548,0.0443767736318126,0.0564483745026356,0.00691278935399506,0.0569599107170293,0.00637141605784888,0.0214887345639219,0.0374573541609309
0.0828334921853623,0.02845643843088,0.0511995906857601,0.0221563838512989,0.0119212656567792,0.108007460057412,0.0105691453948272,-0.00855287560105353,0.0252297922342405
-0.0229285658112751,-0.0401789641376992,-0.0302044071314232,0.00466970088710695,-0.00774775946498371,-0.0103039933349468,-0.000370135697127993,-0.024412879837681,-0.0161034552621553
0.0244766722902591,0.0041098976355767,-0.0212455313053991,0.0229872388102349,-0.0186464590300764,0.0478029451310095,-0.0129300550281484,-0.000623131496619505,0.0150249770132837
-0.0159356908529368,0.0044821780970237,-0.0253258347552637,-0.0125580497847169,-0.00115109092445826,-0.0134384781372194,-0.000488925009168307,0.00667659860032036,0.0250220053544847
-0.0115529304145044,0.0183551372686757,0.0185608665990021,0.020453716542003,0.0216662839720905,-0.0044913078170621,0.0164854504708911,0.0164140916642434,0.0152300147941783
-0.0438955386198066,-0.0401760350016228,-0.0166418396892679,-0.0280175697608055,-0.0174175407896348,-0.0430404379956184,-0.019913020640181,-0.00387165141457406,-0.00925892844131506
-0.000103394896981391,0.0313344678662505,0.015674998515812,-0.026951993831482,-0.0215007571298808,-0.00405816117530374,-0.000783910481899249,-0.0208978530014603,-0.0137639635433993
0.0350851736931537,0.0102243668163523,0.00156535477281425,0.00341733871517084,-0.00908616539588817,0.0169684499038915,-0.00075169821310963,0.0214179739748077,-0.00015732967594248
-0.0164209688084668,-0.0094853252546578,-0.00988612124195658,-0.0031293213289751,-0.0267578380264641,-0.048567227782659,-0.0231237305688345,-0.0429628654514166,-0.0447112470595803
-0.0792575105846531,-0.014363893878016,-0.0310302734340069,-0.0176636647606819,-0.0163626026201512,-0.0575521556170672,-0.0188967577383546,0.00223661212544269,-0.0166541499874364
0.0368896294570352,0.0138148338145494,0.00289596462971723,0.0397583838471908,0.0374762051118692,0.0224401746383215,0.0240140351436132,0.0322088538196804,0.0414106462834406
-0.0961067499696002,-0.0376480254255401,-0.0740380578819351,-0.0682357850800253,-0.0238791702744197,-0.121683996670981,-0.0186416526515707,-0.020699774825298,-0.0139768166645196
0.105250212185329,0.0189520470379539,-0.00434031404833232,0.00502167532014098,-0.00914101393846411,0.0862790598515561,-0.0132759450738689,-0.0058677719260815,0.00108265361138948
0.101473491211417,-0.00145827063386343,0.00711175170728715,-0.000132686871498826,0.00181570496749751,-0.021422313566935,0.0136413581957843,-0.000409775675921289,0.0228757220622352
-0.0713789876384883,-0.064227290366295,-0.0749071396837528,-0.0318444473983717,-0.0384074656666077,-0.0567041064561717,-0.00895773779869821,-0.0422732153722288,-0.0570207029092601
-0.0793852673118774,-0.00371365316717076,0.00503274508995704,-0.0120709494578611,-0.0279933844603652,-0.146247902457553,-0.0378085526109276,-0.00772715326395277,-0.041340986190581
-0.0862299177832425,0.00852499590433451,-0.0223372844296583,-0.0555213569040936,-0.000933071452820266,-0.123270172832591,0.0131127123667906,-0.0285406183659437,-0.0185914205481032
-0.0434193223442343,0.00165349976080716,0.00213183287695362,0.03198828125046,0.01018769884171,-0.0364315339430868,0.0125269415804113,0.0396164825668068,0.00551702758039653
-0.0169885615708329,-0.0286146176461803,-0.00900764425412633,-0.0160145632182539,-0.0174995162789357,-0.0467593824352921,-0.0316531031862354,-0.0356649397402369,-0.0142476829559424
0.00885213865068991,0.0304633697796099,0.0218001583125896,0.013264820798652,0.0101090464096248,0.00609769886090149,-0.000939039455807544,0.00229357859733888,0.00452326403204414
0.0816799122149179,0.0297828301585809,0.0350352009302644,0.0153793308180084,-0.00636538543658319,0.0304529567886533,0.00558000082177427,0.0129853286644392,0.0077503326668438
0.00280563489996851,0.0103037031779385,0.0112190548571765,-0.00439608992109869,0.0051830650091853,-0.0260788848291741,0.0109579107776201,0.000306049545103864,-0.0035901816907094
0.0026113214808837,0.0246277325184015,-0.0189350004649837,-0.00208218952776092,0.021997768019307,0.0332328448548656,0.01069117941564,0.0139562835115667,0.0228418842487005
0.0887969801230174,0.0456874428975913,0.0344999427708942,0.0385726471879089,0.00466180204255124,0.04173109681428,0.00138487389048889,-0.00748596661294436,-0.000799618345811607
-0.081716012214281,0.0145345523671761,-0.0334817824288664,-0.047226457587164,-0.00844795389655456,-0.0763608319602736,-0.000440801247576401,-0.0023802785318787,-0.0244189623893557
-0.040474942148802,0.016766688207927,0.00877459050984749,-0.000956789844199601,-0.0033067964986835,-0.0156041460169483,-0.000927458907784211,0.0163672908098744,-0.00371977531199938
-0.00496146895501152,0.0248663260594753,0.0161506046648894,0.0136961604386657,0.0104362958282414,0.0361592732760719,0.00366299148173952,-0.0338780663613496,0.00906331625538224
-0.00848835356331127,0.0206657576267101,0.00450211183653168,0.00652577863268762,0.0154831606864276,-0.0543311244729992,0.0291341543906674,0.00209469007015317,0.0224808133973181
-0.0734129281381823,-0.031218490235075,-0.0407123604474475,-0.024754298568973,-0.00135896075044557,0.0789900450576265,0.00654607866374903,-0.0362115173281458,-0.0143205805649993
0.0571966210160379,0.0279969449722211,0.0152588080898478,-0.0157233647744096,0.0107722060663415,0.0497330421873377,-0.0290268062493482,0.0211432584233768,-0.00274479620482622
-0.0586627803285584,-0.0104866726517133,-0.0158366086391623,4.95407986412041e-05,-0.00112628361907028,-0.00724154577259419,0.0070621246835556,0.0190074061074798,-0.0045988881593562
-0.0521598471472906,-0.0348037192473101,-0.0216173319497958,-0.0499700474394673,-0.00408398065844541,-0.0829808264432609,-0.0395662876857685,-0.0230379434317813,-0.0204672955719258
-0.0137125632110341,0.00578230672141471,-0.00941106843506341,0.0040390331043707,0.00206111078035453,-0.0232428467593301,-0.0113103920449438,-0.0262594843870008,-0.0133475658642512
0.087240405508049,0.000543251153660596,0.00516384377632675,0.0389004722894217,0.0122887707687063,0.01132909299848,0.000558073751485032,0.0208779736294636,0.0327477304236858
0.0134023941444539,0.0185302570154929,-0.00060023395277912,-0.00208985430221466,-0.0202279642972244,-0.0372122254898346,-0.00448695684877543,0.00278308697936711,-0.00741796735021398
0.106075028788841,0.0307951512690819,0.0186890355373802,-0.0031926295042356,0.0260703271751344,0.0692458951004296,0.0274996956321286,0.021425855303093,0.0314738680058387
-0.0320365112357567,-0.0160654611126114,-0.00825047429741863,-0.0104141941752896,-0.0187335921828006,-0.0577901539954904,-0.021091657054404,-0.00681609147697165,-0.00962285232545258
-0.0228718139657875,-0.00433167094906726,-0.00612997718988267,0.0089621546208935,-0.0153680827628811,0.00419954440846664,-0.0351542217510466,-0.00140378777304307,-0.0158738259146826
0.0660009691534253,0.0425542201381729,0.0312706120189274,0.051391348358245,0.0116886832725531,0.0631062641814589,0.0170764446907691,0.0270256795666026,0.0145491041806003
0.00458994367704199,-0.00702170272316826,0.00052703101479774,0.00784639480947187,-0.0180174820239048,0.00515262978397872,-0.00293539583963546,-0.0179071490057176,-0.0153463544845123
-0.0509420218495126,-0.044399862044777,-0.0410779713152724,-0.0444725946691307,0.0177743166397779,-0.0475340377511505,-0.00739678061124411,-0.0397371690171344,-0.0040716692655369
0.0112299684932281,-0.023818782017009,-0.0203715932100976,-0.00842643562136686,-0.0119119277506869,0.00310348276522534,-0.00831542947852453,0.00174210995524795,-0.0136226525469152
0.00563301984851994,0.0131598444272596,-0.0187608031095712,0.000655893437338491,0.00952759662010514,-0.0240320052569997,0.000112487737389922,0.00392739672899909,0.0117792769299208
0.00118098635105815,0.0211184403208705,0.0388174663037302,-0.0205071402748639,-0.0127935694465785,0.00426852193760068,-0.0320214905218633,-0.0160231437209403,-0.0200269209548232
-0.0036160782531117,-0.00358408807375016,-0.00126714411334915,-0.000747634891666055,0.00076572277288735,0.00233308486435916,0.00251516231934835,0.0055378896339809,-0.00545674147297229
-0.0531355770410314,-0.00630919964088567,0.0135174110015027,-0.0526024645967458,-0.0357750702919679,-0.102395381695925,-0.0546422744467479,-0.0370227570094305,-0.0449820866819173
0.0498193385195215,0.0114323446710921,-0.00288474628603407,0.0261186166917343,0.00435948317868699,0.0372197210149243,0.0140623607264976,0.0319576648593905,0.0126472692997684
-0.0400057824484902,-0.0331369347157054,-0.031559426625525,0.025826691518262,-0.0213258769429738,-0.0860441014238304,-0.00417587758786759,0.0112085171210582,-0.0128765579094553
0.0143325908990533,-0.0218472322783947,-0.00943335885662252,0.0100728200568206,-0.00323174164331134,0.0151049915832637,-0.0035866345943669,-0.0298740477704017,-0.00400582171238711
0.0221655645487188,0.0208383382870802,0.00539011256221428,0.0537222563418439,0.00822982156810271,0.0339739920335616,0.0115938369086697,0.0264585999366963,0.025498041277196
-0.0188207474508899,-0.042678622616954,-0.0235157425142949,-0.0132038598082402,-0.0306975613725771,0.000886024084337786,0.00153288816655089,-0.0183112912039069,-0.0334913165326559
0.00340888487481979,-0.0261177960427121,-0.0390492696220899,-0.0247059161856604,-0.0222274510365661,0.0137597423660056,-0.0249189249156532,-0.00408623544304876,-0.00503017060252526
0.0364598631079868,0.0205990290977507,0.0213917863193348,0.00597425756194473,0.0264976749608415,0.000744381863843603,0.0330047889250964,0.0488686541195331,0.0343938058862887
-0.0191962646491909,0.00746511004772864,0.0204847569203475,0.00316433860203602,-0.0125135132322658,-0.0482144476536468,-0.00314781741378163,-0.00175070584936346,-0.0124816433878555
0.00199712687186133,-0.00224867353836468,0.0101260335145611,0.0057980421069799,0.00799587570197984,1.81977240846475e-05,0.0198224927561976,0.0066229611834808,0.0422603296476675
0.0194883774268438,0.00852023090628127,0.0288837645912626,0.0176412267882963,0.00961137919271511,-0.009093611504584,0.00214134256486492,-0.00338414662576665,0.0224291858444401
-0.0830675054156624,-0.0304058763035945,-0.0378837121084935,-0.0269976589813341,-0.00971644743923826,0.0525367181557505,-0.00128815303155703,-0.0120620769915573,-0.0332687812983034
0.0260002149468452,0.0281433713466239,0.0102430620941373,0.0447733676432187,0.00557782184528676,0.026624634294374,0.0193043103853885,0.0200406471677961,0.0207236769254215
-0.0210097938519655,-0.0174805553229707,-0.00888044970336074,-0.018897922647621,0.00193035720886753,-0.0287663828151256,-0.0192670163642973,-0.00239573921992034,-0.0213259426776596
-0.0668720561185144,-0.0208941057499054,0.0127779440204014,0.0219309136149459,-0.00575019022814945,-0.0516724987158387,-0.018012656161185,0.0144637552945679,0.00495475266629757
0.0145298116398803,-0.0121346854086606,-0.00759610795387826,-0.0247070018964572,-0.0147648693284708,0.00508025593488635,-0.00185232564622521,-0.0238302449563393,-0.0142421151514941
0.0467641164959628,0.0093721212732297,0.00952758699062058,0.0241848805278234,-0.0062173571397373,-0.00958537803907462,-0.00951870675357041,0.0164799568727768,-0.00610169375496727
0.0986088732511641,0.049581304594041,0.0310344652743606,0.0285920085696792,0.0135912012424604,0.0834559335692787,0.00230174970278377,0.023254231027888,0.0218747303353678
0.0308808234006176,0.0339986065622327,0.00864842953569725,0.0670640417686624,0.00653657149227358,0.0579132525026469,0.0193198960630489,0.00590903271925866,0.00835609518775181
0.0521345594105321,0.0162629212003075,0.00258540195445441,0.00702368711340413,0.000856027053815012,-0.0623730213219411,0.0127752485825056,0.0420157417319448,0.00889317792062145
-0.049981342270956,-0.0392941524596309,-0.0144031255158628,-0.0100020094670613,0.00138303768243843,-0.0778164775401632,0.00647015184988641,-0.00560677835574869,-0.00694185445706342
-0.014367883961463,0.0159641186432836,0.0324510895564723,0.0260307007271871,0.0205603941241748,-0.0179326772286261,0.0112310745098643,0.0103033235815879,0.00892842648023618
-0.00484923060073833,-0.0108324982625967,-0.012698274218473,0.0517239672407228,0.00628062189827344,-0.018438776832236,0.0114853258883626,0.0423065542930241,0.0117388937370037
0.00536795996041959,-0.00169036211900727,-0.00880607695070573,0.00631332386016035,0.00988172579360362,-0.0556371263341531,0.0157615644027071,0.0200960607976262,0.0161426898330768
-0.0604220664104136,-0.0589812373783069,-0.00608482791831332,0.0299703388125978,-0.0241773006716738,-0.0319947894888338,-0.0146672324965368,-0.0086618950998062,-0.0175639289671778
0.00746964119199919,-0.0146919509388221,-0.00616269513522566,0.00853868711788624,-0.00602944014885131,0.049839250979084,0.0089856886293109,-0.00924384042001815,0.0131455175578135
-0.0510057173349599,-0.0397812280979311,-0.0516110635697843,-0.0323999921866622,0.00297360667313011,-0.0717585785084813,0.00142684148912336,-0.00534021878311515,-0.00613508907108287
-0.00840088635118363,0.0223501301096623,0.02510857239451,0.0113745092569463,-0.000326977355172129,-0.0102521415026125,0.00567942377942819,0.0267632370095072,0.011649338016716
0.0659160042478173,0.0407851682491349,0.0362892777582588,0.0511766328204912,0.028128821473333,0.0812470276531719,-0.0216553681537798,0.0136839463564011,0.0402004995007006
0.0399824919959923,0.0307513658504503,0.00350313499803853,0.0241259895095379,-0.000413100054975066,0.049114773421555,-0.00073081069241297,0.0152812638490729,0.0156014899419593
0.028492279421169,0.0167621740418772,0.0195578336855633,0.0180181936745407,-0.0123012397954606,0.0149469400868861,-0.0426416378352923,0.000223722867581747,-0.0175054673520652
0.0623662255339242,0.0532088784844451,0.030706695703712,0.0791325287079469,0.0180701980458427,0.0139658463378885,0.0120464445960076,0.0241172814665519,0.0322921945920695
0.015097522082598,0.0244103487196594,0.0313546599560037,0.0405201048349995,0.0199531099222962,0.0222993326845408,0.017565181725173,0.0221497751948058,0.0271813187462888
-0.0495227829625897,-0.0075741765392905,-0.0305116756025404,-0.00647576624793153,-0.000704647555092552,-0.0677668235307328,0.0145342040123314,-0.00285387181233188,-0.0169817315850966
0.057558761343305,-0.000450889322155941,-0.0146539118223549,0.0131885785004817,0.00560632800245551,0.0483320620753276,0.0173535596669762,0.0207280441041569,-0.00417639223551953
-0.0788239198552129,-0.0054065419267668,-0.0366067284067909,-0.0311650674439605,0.00783516060869899,-0.110258657856265,-0.00477579564738497,-0.0158567997736513,0.00717456720367278
0.00320993972363994,0.00940952392649423,-0.00468849426016748,0.0290337921134282,0.00610341113551805,0.00742766429648954,-0.0124927539089896,-0.00190002383951453,0.0229826505738394
-0.00781464655591769,0.0153991971835046,0.0269197142110431,0.0226110490588946,-0.00869936212375064,-0.00587487579152649,0.0265388264024797,0.00505420890484164,0.000366064403134313
-0.0146754574188807,-0.0141516635384895,-0.0190018103984037,-0.0376413149043974,-0.01307970828893,-0.0364683610255316,-0.00790306876761958,-0.0107485311352705,-0.0116219589713781
0.0429083600476784,0.0192176581473819,0.00967971248967739,0.0207997591719269,0.000799632936854679,0.0089227313667116,0.0210086794342126,0.00361555603659785,0.0100239346418148
0.0933569297181699,0.0654752997588805,0.0484407776031509,0.0461587220632135,0.0113713281855168,0.108316427229329,0.0149137331885352,0.0424082195056212,0.0200879948201698
0.00441971615556312,0.00884636888053785,-0.01896073653792,0.0182600304758634,0.0274940330540935,0.0469950498045444,0.0334933479930062,0.0183569595795695,0.0382390532878679
0.0235712847941631,0.0459178469922827,0.00944365149678846,0.00182349104892487,0.00191298831511769,0.0351002348680101,-0.0160487863209726,0.0136457569231058,-4.92842691360473e-05
-0.0853492741861239,-0.0378538319697554,-0.0239442847370696,-0.00534258622315841,0.0059806201840417,-0.0240824837573201,0.00132467428389162,0.00455098417228973,0.00144012589581922
0.0208755870079251,0.0193075020935981,-0.00777156238229408,0.0501536204248252,-0.00271591197298701,0.0323311737301203,0.00995746186270311,0.0100917528646219,0.0141005106509599
0.0502366820984958,0.0496751057986344,0.0226267724315535,0.0104242050241063,0.00570136381384403,0.103943091473076,-0.0114177116292181,-0.00811076290773736,-0.000538037888308526
0.0444953509164079,0.0245300544294856,0.00182573570028337,0.0504223998736814,0.00376465797163066,-0.0184755350018935,-0.00416400738574041,0.00903972710133808,0.00653734410096948
0.00833519893760685,0.0149115235160183,-0.000633247550533087,0.0161147397824955,0.00576661815763918,-0.0179801340162153,0.0118575526606178,0.033224179211586,0.00160031182258612
-0.0739810695120342,-0.0294646832194611,-0.0271872422525474,-0.0432037633030912,-0.00800156855347382,-0.0175016822111125,-0.00401916506469344,-0.0174303347613753,-0.00732223027146375
0.0271198323732825,0.00515000991450859,0.0169934541510825,-0.00605137847154538,0.00287211892522519,-0.0111251586801017,0.00161406107606388,0.0042166234572993,-0.000971591613933809
-0.0310095742713824,0.0154686194672484,0.0294447038160374,-0.0574257699763557,-0.0196539160380494,-0.0546508781977178,0.0125536036648821,-0.0168663965379289,-0.0336008094993042
0.000342072007743949,-0.00866802664492393,-0.0216035925950313,-0.0271622839734317,-0.00993195475845301,0.00567209187562942,-0.0233816131876122,0.00427225742525356,-0.0146679035078226
-0.0163428196403007,-0.0320108884503474,-0.0104176835687452,-0.00912642278893651,0.00360789839731296,0.00400842596839654,-0.0144448550217519,-0.0149368984958636,-0.0251923995623087
0.0298512539525067,0.0346120978509738,0.0235416881392316,0.0358404906102007,0.0211177991249959,0.0195209761057016,0.0120043757357149,0.00741467350622097,0.00928510267936567
-0.0337670901454223,-0.00560426692851078,0.00468889705726046,-0.0108150981961819,0.00340868173508248,-0.0267043547667956,-0.00663120307747486,-0.00749771624422864,-0.00658682083664496
-0.0320257690589812,0.012017402956486,0.00036713345259021,-0.000217709832013018,0.0198243604894543,-0.03415689230367,-0.00471788752776448,-0.0150265870637637,0.0195249506371073
-0.0401098928527603,-0.0343221672632264,-0.00992432795671086,-0.00946549986226834,-0.00523679757716828,-0.0927650983673947,-0.0213493872665568,-0.0121325862586525,-0.0217702332084876
-0.0179412369602929,-0.0139534894029619,-0.0298631101537381,-0.0188915969511639,-0.00090798433838914,0.0162037013609272,-0.000639333545338615,0.00157648707589618,-0.00545825938599988
-0.122725967701852,-0.0674008128819924,-0.0682169016166727,-0.0685205734105721,-0.0153411469757593,-0.104600264441883,-0.0198368309862202,-0.035961074869626,-0.0564771214995902
0.0147749970125325,-0.017007614580587,-0.0155751113684624,0.0105862182843226,-0.00366434764938624,0.020931325333807,-0.000307889733622625,0.0136115506849898,0.0119406400647627
-0.126402618658758,-0.0487372914545793,-0.0453604639407745,-0.0512244485196438,-0.0229416287126732,-0.118128928964537,-0.0223406420120816,-0.0389748771099561,-0.0407295856309251
-0.0242738292613109,-0.00187688187376744,-0.0115076197249286,0.00820849141458196,-0.00040548775520822,0.0299895597519778,0.00992648677659533,-0.0332937936624255,-0.0200841179461671
0.0814942081472685,0.032987613515012,0.0161371011304024,0.034994359586887,0.0279270757620259,0.103046475175024,0.0285245246280392,0.0540490445314761,0.0251939319497225
0.089297290642617,-0.0311281670658523,0.0355604846618478,0.0436329128858989,-0.00499885297481405,0.063421556324586,0.019922946266333,0.0213615165561246,0.00784665955323344
-0.019643271648205,-0.0185308869356763,-0.00194139949930077,-0.00037284645985908,-0.00438338830341809,0.0231141907069436,0.00518895577902078,-0.0219945963794881,0.00309059672897769
0.00302813734794638,-0.00981090278589214,-0.00631483183234427,-0.0190991075631134,-0.0200965158060646,-0.0250190472442488,-0.0198195400001352,-0.00851291677883828,-0.0139441310947607
-0.0791849478632799,0.0184075608366108,-0.0359296995731685,-0.00165147706971247,0.0233432827385831,-0.0597329355984047,0.0250969736764761,0.0163487548251597,0.0198381602872435
0.00659885680211677,-0.0185416731689545,0.000564642133407102,-0.0131906335542726,-0.0171568120467286,-0.0228658136289803,-0.0211876641690988,0.0113037086489659,-0.00260035618267938
0.0303204360252682,0.0164371877075653,0.0172120673039738,0.0207606921706628,-0.00243931636073448,0.0278125473941184,0.0027926712701041,-0.0114232169721443,0.0136438532045136
0.0713969112665565,0.00632353712519127,0.018087639156013,0.000845206162788756,-0.0121907483326755,0.0524256820736285,0.00313279456921757,-0.0175940109419905,-0.0120511703975051
-0.0180498336060317,0.0116752325753601,0.000155691070202406,1.31404666798825e-06,0.00408609900793968,-0.0134460124114538,-0.00328875447799072,0.010153231391981,0.0102242975133727
-0.025672637311151,-0.0336917429219013,-0.0365812321731542,-0.0136607869634995,-0.00401128026106818,-0.00961499638754213,-0.0308626001363206,-0.00387916922763958,-0.0119211854223791
0.0294955299251471,0.0207839737497904,0.0187898962909699,0.0122730956468423,0.00701650676591015,0.0438319635347128,-0.0257229790138138,-0.00253295818952681,0.00438502412233919
0.00174050085243451,0.00742122453139056,0.000413181778534213,-0.0108175292542926,0.0164860431789605,0.0115077100148135,0.00254677312673923,-0.00992943623860546,0.0308618930047909
-0.0169563361260475,-0.0541840413246819,-0.0363256208418428,-0.0138827356455691,-0.0129755068243896,-0.0450759161792893,0.0151298808486399,-0.0248226847955028,-0.0298506336601851
0.0731977542222107,0.0216303057007912,0.0159979124935126,0.017132548751107,0.00312047814539514,0.0851771398364115,0.000190801598536595,0.020423260968322,0.0162226080617799
-0.0303569416606901,-0.0327301671515047,-0.0241618265571499,-0.00399056275396149,-0.019151762607682,-0.0159578646286358,-0.0206894515346002,-0.0249960847935247,-0.0384554119613404
0.0653440978868509,0.0518389494644381,0.0510631927227338,0.00414625657088024,0.0123619086020115,0.0667866621183291,-0.011322391888594,0.0117617843393563,0.0162922101104998
-0.0566443090131359,0.0121611206424324,0.000414266649975744,-0.0201232855541461,0.010868510801791,-0.0719951588892696,0.00240865240543698,-0.014713767418665,-0.00928394936221243
0.0619482187933377,-0.0075621691583846,-0.00447775931848462,0.00868322160685839,0.0063206883165793,0.0275504938923457,-0.00836614634361021,0.0220812761004418,0.0279700540122906
0.0359112878883444,0.0113033080851526,0.0159177570716617,-0.0112754351296134,0.00384685823002602,-0.0337992658489908,-0.0119841894519153,0.00588890989465747,0.00310808404010881
0.0110367481598012,0.013186581341319,0.037828754267437,0.0297586090773965,-0.00392918063326855,-0.00622147695556734,-0.0344660123342899,-0.00356299674621707,-0.00823294634547363
-0.0259332226302591,0.0249574732466117,-0.0151503263767897,0.0495716775135158,0.0264175217171507,-0.0280579125501191,0.0274838524276631,0.0167958440811743,0.0167389734479962
-0.0083484720468142,0.0466327375653587,-0.012456806766401,-0.00355019592889668,-0.0055078434269493,-0.0211293542108913,0.0039242573090606,0.01367067022528,-0.0142263618495551
0.0401875190234115,0.0271928677504941,0.00331411339465507,0.0690890612660243,0.0171467090356815,0.0234541975279541,0.04531391011083,0.0336085024564417,0.0192478279833894
-0.0260752306239182,0.00376558484961827,0.000672496308225228,0.0106362474522912,-0.0153931802507916,-0.0363353030765647,-0.0173512252971998,-0.00521525237437776,-0.0132005300251619
0.051697546311382,0.0806375915808081,0.0530828202328744,0.0602807862346271,0.02862057530033,0.0386711446999833,0.0109239586155924,0.0241100253233921,0.0404966218300949
0.0301101503220357,0.0517361046180985,0.0513450663124036,0.0167142787127913,-0.00350393944374596,0.0255874069288217,0.00553154800104785,0.0110374117180686,0.00162439885155217
0.037350065312947,-0.0298853987809492,0.0161292907357747,0.0107584781104669,-0.00411068567947231,0.0171720003795698,0.0213068216729708,0.00290132190296616,-0.00246004173628472
-0.0235764108077003,0.00812878446590416,-0.0125660054887194,0.00566797970942312,-0.0109876053187595,0.0027541392779616,-0.00212742104470426,-0.0138424504389428,-0.00859058140145575
-0.057834447566524,0.00437170828352522,0.00546577448041674,0.0136207037382798,-0.0165131120083966,-0.0994238281106628,0.00272159885704803,-0.0132997374715863,-0.0139703880104754
-0.0857771002490031,0.00186716410796251,-0.0466476630803786,-0.036068477861449,-0.0131230662877388,-0.106573549392206,-0.00358734755393923,-0.000681943549434955,-0.0127926512877032
0.0171500571863472,-0.0104374553066862,0.0264326615470362,0.0589614823650411,-0.00666727129163196,0.0221058986781049,0.00402836958222925,-0.000369227425803277,0.00776286684084852
0.036096198242951,-0.00255041188960105,0.000372166007401965,0.0198960094679092,-0.0163396768187562,0.0361790946944205,-0.00731800370263394,-0.0248781628204564,-0.0114304054033358
0.0745186077780193,0.0513980205640305,0.0408485042581851,0.0189335523925033,0.0103412535059293,0.0541375077006648,0.0113710538046955,0.0133832437398009,0.0123934765216466
0.0114037917540256,-0.00583581206254142,0.0057350916875205,-0.00511787251815188,-0.0176539978975046,-0.0322668356601699,-0.00682613170836161,0.00417705085186789,-0.0117921366377276
0.0114673339479508,-0.000287231558569994,0.000888415572667352,0.000454934187184634,-0.00606551647719045,-0.0422595254151304,0.00961693946695319,-0.0273295153303831,-0.00944986290495457
-0.0427021991875924,-0.0488027377311846,-0.0345710099246022,-0.00979975340984825,0.0107372422103751,-0.0573843452124786,0.0102626939152169,-0.0118600001475034,-0.00180826568741423
0.00108217888865022,0.00236940107616953,0.016874451183953,0.0131153741885294,0.00410237677631122,0.00441130237568905,-0.0063382764032433,-0.00397791632115779,0.00878736220417257
0.0290344950573236,-0.0366080337121358,-0.0227954864413442,-0.0127644873325693,-0.00310557852649582,0.0253484739852431,0.00547772883266551,-0.0296737289580037,-0.00372801200915476
0.000150778720170284,0.0107266742841806,-0.0185966982246417,-0.000885724394594223,-0.0068378678194346,0.0153495607708891,-0.00738979866055145,-0.00373148829455065,0.000557171416828419
-0.0360460306431742,-0.0458832229570308,0.00141593951237811,-0.00701189988036288,-0.0337224916261902,-0.0341030403604073,-0.0175702098795603,0.011377107178571,-0.0249192696223643
0.0253860484491767,0.00488803640599449,0.0168883335366241,-0.000364450746468798,0.00120655371771204,-0.0148108388478393,-0.00449683660054034,0.0155388581899553,0.00705348970613738
-0.00450535279864874,0.0310616392358081,0.0142770989181892,0.0362601557821289,-0.00344534022889095,0.0314264181668405,-0.00956478935385083,0.00775784569129781,0.000547605177475961
0.0169435016976092,0.0185751092014106,-0.0262542017864259,0.00751757970816472,0.00279436518525831,0.0168800348490348,-0.00522016847956225,0.0143919171176886,0.0114268043325797
0.00746322074361735,0.0121609065345957,0.00716794622967368,0.0154257785772042,0.00749291280019513,-0.0074832832975802,0.00791722198211415,0.0012202699856981,0.0113149869587973
0.0451301762928484,0.0338593595140026,0.00869254812737861,0.0521802757052829,0.0148924105751021,0.0806251510024885,0.0200825374962031,0.00506932684000368,0.0187944079689611
0.0571822983409081,0.0457197418489708,0.0287276647183471,0.0637578241032172,0.0160620889678404,0.0640132504863464,0.00103743098294334,-0.0170331060570697,0.0232267976494751
0.0822606877847918,0.0637574098763814,0.0483822782200231,0.0587157504197725,0.00886457065711861,0.100259426759533,0.0180377442626651,0.0184862758458536,0.0422412760265006
-0.0362204560054464,-0.0308854217345252,-0.0137404950887974,0.0369407510108314,-0.0159490235967767,0.0403070886978649,0.0248356898989551,0.00605815106335732,-0.0200117759825741
-0.013303693605461,-0.0125332784162092,-0.0251975721708369,0.00413770809780514,0.00569134689822026,-0.0391382521645797,-0.0154509773619042,0.00415075312328148,-0.0156393196681491
0.116007792722387,-0.0326567988443712,0.0177154511629591,0.00331686659985242,0.00613005405940856,-0.0355607025687891,0.024335452450171,0.0159141740722814,0.0251944477575675
-0.0221080407184978,-0.00378798046337619,-0.0535099573943164,-0.0428250301083934,-0.00188679700428696,-0.0112960756315697,-0.0112224704944342,-0.0111491953614097,-0.0167517718860258
-0.0163597551003793,0.0394416633120901,0.00622611582128062,0.00887702334482482,0.000805996338124209,0.0324642738163302,0.0050573495068504,-0.000573544469952368,0.00503773553188124
0.00305713639998803,0.0118167308497682,0.0206844798003284,-0.00270459255240136,-0.00497893461203211,0.0144299361777353,0.0005402189513789,0.0136057857790931,0.0108109951737955
0.106257919745904,0.0452053292681004,0.0326514289025455,0.0231026464754748,0.0159244868263345,0.102258724035895,0.0237757836920378,0.0214579774313239,0.0335115026830193
-0.0431265109779601,-0.0198590987304589,-0.0113344660378952,0.0256258567382764,-0.00539874303440984,-0.0550461558534844,0.0104349793604984,0.0145509113582835,-0.00576211020039182
-0.0901236658088589,-0.0281671066897723,-0.0410350239933037,-0.0443419291525021,-0.00101073051459718,-0.0977724958057486,-0.00269670547369498,-0.0220431319457281,-0.00300445630996443
-0.00276351262314367,0.0111569034526305,0.0171189520548986,0.0444361035556259,0.0096413512996593,-0.0294693118234952,0.0140873699693005,0.020224550908123,0.0161369828919166
0.0940553426662083,0.0220058447634894,0.0218624920394769,0.0362550407538843,0.00631296278110313,0.0744058550978892,0.00985242665417391,0.041407695488676,0.0135160069815218
-0.0201043361923312,0.0238508866221141,-0.0016472535819694,0.00114213784382846,-0.00562416644439825,-0.0221332339969824,0.00147850424780582,-8.96720790977012e-05,-0.0157176219523581
0.0435921260904765,0.0148942099334464,0.0145797620650503,0.0314861935991067,-0.0111386043591486,0.0462064289349053,0.0127197055625596,0.0100359016098961,0.000287571375701483
-0.073509211766663,-0.0453165999790308,-0.0556920175509069,-0.0386304244575364,0.000145596708938707,-0.0738941635504407,-0.0141450555032101,-0.0528192753054775,-0.00974832547489494
0.0406464473331077,0.0487294844627364,0.0316843132994016,0.0236751962506314,0.0225071635103518,0.0394688104469986,0.0197855146423386,0.0189392280475708,0.0431866969985551
-0.00598909188689669,-0.00448414509761288,-0.00420113334875628,0.00406825879011635,-0.00858115478576192,0.0495686162872183,-0.000998846500664478,-0.00885578587837317,0.00656219633901358
0.0727948232464712,0.0403976472366854,0.0315595937683041,0.0141669937776982,0.00504787370731679,0.0301429132531982,0.000974671457542658,0.00105010255132307,0.0207637928575517
-0.00191560469345267,0.0246724055651551,0.0232188225941222,-0.00624512413764721,-0.0211176348894573,0.0101463053184346,-0.00206794648812088,0.00146274250026944,-0.0129454844918381
-0.0389194992314092,-0.030914371589719,-0.0254463009150631,-0.0115801117516667,-0.0124017271630619,-0.0412490275689214,-0.0499477109354695,-0.0416594561932964,-0.0116988482152016
0.0243829763588191,0.000662235409847736,0.00689137938011991,0.0484240266084813,0.0171034964092924,-0.00102263789881271,0.0104670568749974,-0.00754030618478465,0.0265890729987694
-0.0309635412620055,-0.0113993888586614,-0.0136218461585244,-0.00902390457684057,0.00532063448968664,-0.0119048269194939,0.0042125540769563,0.0213630943847345,0.00298629761889832
-0.00696075712186123,-0.0196182891182877,0.00247392760649595,-0.00363587837789454,-0.0190304224402352,-0.00826596764213194,-0.0136875474906195,-0.00840433887050697,-0.0183117081245273
0.0396011290926351,0.0489790593229515,0.0114334254197372,0.0290297122720537,0.0288482655805054,0.0762725082977559,0.0233744101217887,0.0374110940874345,0.0433997049278103
-0.0276105760397089,-0.0638699075386797,-0.0212785356006961,-0.0514911401736174,0.00111437189921169,-0.0456251807350181,-0.00424485349787204,-0.0181542867965555,0.00553788746214819
-0.00356116208432049,-0.00902520258046621,-0.00242168099766943,-0.00147477235360947,-0.01107642137359,-0.0206475558622898,-0.0186174437167175,-0.0440452207539822,-0.0600608602968945
-0.0308241350144753,0.0238455287975228,0.0149178202440978,0.0161728889105846,0.0269382177103172,-0.0357741348005651,-0.00715662162686073,0.0034344939537306,0.00138870548249778
0.0407057255617613,0.00216904097643423,-0.00149406837559173,0.0199179227546238,-0.0191848408179517,-0.0105138797613027,-0.00726653798052597,0.0130022831261524,-0.0158279545715521
-0.000679146898435381,0.0109221734890112,-0.00373071725911032,-0.0181457065657706,-0.0296039823944591,0.000934311313027715,-0.00617537884490588,0.000475956984670747,-0.010340923358913
-0.0305723768442949,-0.0125902430036645,-0.00767184999605636,-0.0149267876829278,-0.00495078787245012,-0.0182436326136127,-0.0121966414178917,-0.0263913614711027,-0.0528844669929154
0.0126006221769831,-0.0398841886340469,-0.0374986583767407,-0.0105763685905173,-0.0022541977904514,0.0218328856836633,-0.0168537318705427,-0.0141968242749404,0.00274236670439653
-0.0401023592252736,-0.0276565065987407,-0.0127726904786445,-0.010375380544984,-0.00728801062785785,-0.0500869009036202,0.00253819633136957,-0.0195460717930207,-0.0179241029468696
-0.0253138130964535,-0.0114533618711154,-0.0202333428589748,-0.011010518395568,0.0064843253446534,0.00810160402612053,-0.00939606463237893,-0.0212867240565775,0.000704861750714373
0.00407923804911168,0.0203943209151789,0.0131144980411007,0.0222023616139582,0.00106242158038496,-0.0370095558243339,0.0196767996754706,-0.000535690543556189,0.00302861558311811
-0.0112843782164198,0.00953150763516603,0.0140894292641814,0.0293801374541483,0.000990500218903987,-0.0247373096820771,0.00261853184279171,0.0244711741396071,-0.00450086185397312
-0.0204598562419125,-0.0183043111498501,-0.0347184024184218,-0.0180869956521222,0.00177147993064224,-0.0511740079080565,-0.0172657640374787,-0.0167663273636635,-0.0086253644204736
0.0204036500162596,-0.000143512496737162,-0.00324365929415527,0.0175622488877204,-0.0109538066407488,-0.00680127970331315,-0.0117409702391072,0.00794450702681926,-0.00854268298161935
0.0548144367975802,0.0171870656420812,0.00911448224724873,-0.00521460795370639,-0.014943993875801,0.007340004095804,-0.00311701469658951,0.00531943559283364,-0.0189318802429958
-0.00224878101568283,-0.0193356118056408,-0.00720837526799766,0.0046441657404028,0.0134241008373991,0.00954662020644275,0.0058591301150615,-0.000163019553282825,-0.00935805303192471
-0.10992784951856,0.0125746396268221,-0.044004153749433,-0.0629417489485419,-0.00821821136910032,-0.10050427862069,-0.0278657554389154,-0.00721601451536833,-0.0116410558717878
0.00430804505836001,0.0298978835391871,0.0224129313962944,-0.0208510759720557,0.0127899772671512,0.02412418910967,-0.0309957580675248,-0.0124804550093782,0.0201151258175245
-0.0227872011660914,-0.0305483722894935,-0.013528453738997,0.00847544569083929,-0.0148109878564657,-0.00833242684679364,-0.0269324759832442,0.0085602946508721,-0.0172777469050117
-0.0438821529250001,-0.0272042859207332,-0.0325746393405468,0.0223062517656924,0.00966652049742489,-0.00853062829409427,0.0267764320743015,0.00101949052660975,0.0216776372898282
0.0900993943320702,0.0256181300379886,0.040568087603001,0.0501386818929699,0.00733221976288886,0.0381095447235575,0.00459479198968406,0.00304462773636079,0.0308349266761892
-0.00914061178161472,-0.0258204462663119,-0.015627853643773,-0.0173089267599909,0.00356151892760208,-0.0107142742957918,0.0288963919912537,-0.00209869389611791,0.00183150007177765
-0.0814030129911876,-0.0288324815075558,-0.0185302530043404,-0.041222969482623,0.0072369037792454,-0.0678321023177482,-0.0210620394766579,-0.0311401474620448,0.00119509134064411
-0.0335581775712124,-0.0157687143213628,-0.0160689765632833,-0.0265987462638104,-0.00210151759803008,0.0229834667341398,-0.0154512793322908,-0.0250937722825677,-0.00717209272445362
-0.077839530813674,-0.0172643528625348,-0.014091780587482,-0.0470523526809125,0.00229973059291475,-0.0921590517598742,-0.0136818786257809,-0.0174907042585861,-0.00759492298636612
-0.0208509488146859,0.0133228609351978,-0.00444611139235485,-0.0183111534809669,0.00117559491554184,-0.00127374969211733,0.018401379170261,-0.0063511874945954,0.0151898446081017
-0.046375363521104,-0.0217678333346131,-0.0296674711058379,-0.0252190427379751,-0.0142163326908873,-0.134021131987549,-0.0373247934445688,-0.0105535745213399,-0.0164467011084548
-0.00137420402118862,-0.0267333201099089,-0.0425397516666436,0.00721303858769892,0.00185664568858697,0.00394884840740258,-0.00246697202071789,0.00437732775801779,0.00336462196937751
-0.10593590710659,-0.0629136686639054,-0.0290591092404769,-0.0354014120245601,-0.0540480662980106,-0.082627258478912,-0.0156780689948973,-0.0591836487551052,-0.0682889142021429
0.0706805341757201,0.0228584382665865,0.00497747640558484,0.0724258186035025,0.0144781224438514,0.126818793430196,0.0127536374327346,0.0274558255287481,0.0253278171553162
-0.011409433903197,-0.0118931184714946,-0.0132495603628513,0.0195941134121953,0.0277864834898882,-0.00807096820900152,0.00338294040307996,0.0121120709704444,0.0239877365455331
-0.0988831028678869,-0.0285252110699271,-0.0596194547644977,-0.0708020910810074,-0.0110638205356061,-0.0793339754815629,-0.0124759372866628,-0.0364383098527908,-0.0154224730702676
-0.0469040227247928,0.0127581425726281,-0.0227512525096888,0.0269602699622116,0.00675779086435992,-0.00552126945835081,-0.0137228734430953,0.00269235246425779,0.000961578981019401
-0.0699134238538967,0.0286044457365252,-0.0108856138197656,-0.0473119274216989,0.0112175654719521,-0.0874210913631193,0.0182937757949668,-0.00925067155265151,0.0139520472769515
0.0209300836406793,0.0184425743570094,0.00871597416250566,0.00717005320616771,0.00757326774142439,-0.0118567339105078,0.0152896343713099,-0.00287445567932567,-0.0072988004915134
-0.0681368791346775,0.0134468678326979,-0.0418574104516381,-0.0103330671211792,-0.00429309721529005,-0.0994270546414288,-0.00441095024676229,0.0148328929454418,0.00445498196809507
0.0358308555573484,0.0078563508903701,0.00218389176664114,0.0262535016907179,0.00482953453215337,0.0656666122622965,0.00520267701652087,-0.0038690258515352,0.0144679382519809
0.0514644064835958,0.0329860154665444,0.0232329521745413,0.00681454891314641,0.024133482791592,0.0758046694397182,0.0217518815643063,0.0175453242000513,0.0214094407347635
0.0172069952715382,0.00619198013318842,0.00570565530948959,0.0184356732845156,0.0129705132916047,-0.0151892881127142,-0.00784388195414097,-0.00399615160539485,0.000390009456422118
0.0424679843703632,0.0472495484948457,0.0113050015464784,-0.00214822177126472,-0.00254494732158595,0.0485805249177715,-0.00772482116012695,0.0148371403768113,0.0130712508937057
0.0488546961361301,0.026408066395546,0.0184414091929377,-0.0046238776814981,0.0080298016819857,0.0108903109763367,0.00267507861489352,0.0181493580085222,-2.46736967135652e-05
0.0235723856462292,0.0268409841731185,-0.00439150764326963,0.00834589738760613,0.00902538819103861,0.0543217189291639,0.00424389388551427,0.0392123061307461,0.00128947320935651
-0.047593869338108,-0.0377878557282898,-0.0108296420168289,-0.0876192142009262,0.00876207497151261,-0.0793565130019065,-0.0043702603324488,-0.011710604556512,-0.00271277015814753
0.00255524432106678,0.0237157616544661,0.000639211809028919,0.00231800441141136,0.0164942951690751,0.0190925891345548,0.0278513969235707,0.00964061587678515,0.0349802029833885
-0.0473782881047928,-0.00800144381905217,-0.000921021015986346,-0.00986590941046088,-0.00218757842163218,-0.00802462460815457,0.00334660128180214,-0.00905784531653233,-0.030872381361468
-0.00243693584626895,-0.0137883141561912,-0.00546271936444143,0.0262606901023345,-0.00323843928417823,-0.008567521294393,0.00697823337472282,0.00224163095588295,0.00255826797382431
-0.064490784091753,0.00291608990008645,-0.0383289016398616,-0.0362664167245883,0.0020074154783123,-0.0220931135950901,0.0117489962741619,-0.0157094036634174,-0.00707224623938455
0.0530756159944332,0.0059479232656719,-0.000436077682654248,0.0411130257474586,0.00188203753544134,0.0419413866137294,0.0133885905931343,0.00883573681470249,0.00114851597364506
0.0220950518409879,-0.0113631081962479,0.0339663175997139,0.00569032019909131,0.00840371585213303,0.0120010884220282,0.0059094687310519,0.0113521613492491,0.0136481348943182
-0.0288319332011221,-0.00319072727128784,0.0106529693229665,-0.00335946037811163,0.0109018790408958,-0.0130458206907467,-0.00117713253811234,-0.0162473041920155,0.00890275332248331
-0.00960946255415465,-0.030234199857081,-0.00917334666029609,0.0245505006145965,-0.016771661472424,-0.0109393239187834,-0.0139446761405836,0.00284782529636749,-0.0168982670598343
-0.178370111981792,-0.0643893720348682,-0.0502666523700999,-0.0922955591223682,-0.0162433399813367,-0.180925558809854,-0.00629981623106522,-0.027072033537665,-0.0311116574445309
0.0686825881697228,0.0119156577104576,0.0125243855033271,-0.0050578277317477,-0.0196851407900176,0.0172643763857243,-0.00629298851267301,-0.0102793218202256,-0.0055045849833465
-0.053305592742837,-0.0105167579460794,-0.025542121513007,-0.029846993788619,0.000852179684205365,-0.104164396870543,-0.00547008046653275,0.0206656633999346,-0.0057098442705174
0.0100075783523988,-0.0290129059106843,-0.0305826116908461,0.00285174390683242,-0.00145505518673905,0.0150898009188016,-0.00168446296254838,-0.0200144119065137,-0.0238057119072142
-0.0274087007878666,0.0173375494509795,-0.0113570406029119,-0.00818095900154079,0.00498977624627388,-0.0541067076274571,0.00560461379132593,0.00114635639113931,0.00855585374347713
0.160108604951963,0.00320656189609994,0.00560716341123656,0.0108639262259417,0.0199621662068454,0.0714740080932793,-0.00372493233411019,0.0087788895138903,0.0135870864075857
0.00389475491614898,-0.0157636801968561,-0.0225822628881577,-0.0113395170100974,-0.00358615901729353,-0.00329689895318555,0.00326501464062187,0.0201392801223778,-0.00396970358840129
-0.0197401856161925,-0.00172853806919067,0.000180623869987785,-0.0426985304591325,-0.0140432826668843,-0.0751406759826312,-0.032987946928186,-0.000365786340378048,-0.00953627959128288
-0.0772359829860897,-0.0248281449727572,-0.0288579396196345,-0.0179291441801566,-0.0216273969628904,-0.109659354824453,-0.0297851828345887,-0.0223695016497137,-0.0392051613739282
-0.0610203055142053,0.0126067313602077,-0.0252765324626217,-0.0328256726775774,-0.0016134221721665,-0.0533453972277762,0.0158716882679123,0.00571978397072162,0.000750055110480627
0.146523334581078,0.0267968957991328,0.0467026880013268,0.0119007282141795,-0.00273087629406382,0.00286689588905073,-0.0236591024379552,-0.00134084064925342,-0.00198712027488765
0.0866588315948185,0.079759982569334,0.0480155453005876,0.0713754559615045,0.00827227255358222,0.0606934549728835,0.0119521971210559,0.0268545032261222,0.0382675677870341
0.0905650606056075,0.0295467365572991,0.0325094257362111,0.052671806498831,0.0219274298152396,0.0834332146321094,0.0200958466590124,0.0242194453964621,0.0115585675439257
-0.0885608850753484,-0.0143365656260382,-0.0308571562904018,-0.0460675524049117,-0.00212079609809089,-0.119350628989668,-0.0219623059077222,-0.00811213951752399,-0.00851030366302814
0.0307711182772123,-0.016824827996512,-0.0183225848825485,0.0257442887738295,0.0034625661673906,0.0307986482677693,0.00979642973691061,3.68921740722925e-05,0.0166148761310846
0.0128343953666705,-0.00478105470586581,-0.00712049923902289,0.00693619460847407,0.00727208533770426,0.048620645561947,6.56071018214721e-06,0.0144693032016438,0.00845784320261237
0.0101756917834567,-0.000676742275762295,0.0103611007223185,0.0178232824379468,-0.0190374326719176,-0.00709653003448022,-0.0102026015531495,-0.0180376709410033,-0.0122572672287298
0.0315602737985756,0.00717211702808454,-0.00380984012147475,-0.0151827512644562,-0.0172749114605885,0.0170661285482278,-0.00299315197488687,-0.0010638797286483,-0.0277557866324851
-0.00954220661785123,-0.0475803399892127,-0.0286996658972896,0.00311638699646134,0.00762937319361987,0.0134133882327075,-0.00883444042215206,-0.0135028896685772,-0.000160247585266358
-0.00729313096901776,-0.024654608547807,-0.0284492005072143,-0.0117592323062948,0.0080282170373962,0.0391424525501508,-0.0030203994799353,0.00301033069625682,0.0137099210903165
-0.00934180001058831,0.014452011794868,0.0220481212926787,0.019683388887005,-0.00546216665280353,0.0417130161086461,0.0100426496244039,-0.0234315228665592,0.0140643957365966
0.00810596328631775,0.0219018038324679,0.0108010153108889,-0.0133354037638296,-0.0122922123963637,0.0149700728562088,-0.0156214111639646,0.023921803761562,-0.00484828266329336
-0.013404362825007,0.0063069883477955,-0.0207841418074841,0.00301425265758792,0.00199593865497367,-0.0399998103979357,-0.0066821259237045,0.0181968405294589,-0.00558096964401605
0.0878959461574897,0.0412904955578736,0.0336763420800869,0.0423319959793954,-0.00295050442841828,0.0992507534203461,0.0121896891708707,0.00805859446077196,0.00630111330153865
-0.00378196144234089,-0.00579603105614307,0.0105272642288773,-0.0146847066626549,3.44929661370217e-05,-0.063080707415996,-0.0178628768452806,-0.023002573641686,-0.0136016463297578
-0.0616762976206456,-0.0172478463100462,-0.0129627801159926,-0.0239196734954797,-0.00673197849300712,-0.0567885442479049,0.00764787611472504,-0.00887235070471713,-0.000483591677548199
0.0277747498310494,-0.00315607529435542,-0.0114454836906131,0.00705716069967782,0.0286830936268634,0.0473246074623197,0.00930203491457889,-0.00100147341493012,0.0376147297143966
0.0801016064509868,0.0083146632547568,0.0162242581765273,0.0231368770271468,0.00473793317740327,0.0621752177714888,0.00736762474843377,0.0368305500644247,0.0225004738943565
-0.0134999475351249,0.00362048158150146,-0.0159263186747535,0.00212793456116784,-0.00775889850787552,-0.0547985315707093,0.00478984980090239,0.00618816116426183,-0.013198866098542
-0.0267712051162529,0.0297247828685002,-0.0171077243075097,-0.0118425885410529,0.00888171578348845,-0.0120769257244483,-0.000181165325116723,-0.00422955523481948,-0.00271314785471914
0.0435047617630436,0.0303037365160617,0.0214471102447617,0.0270021997615517,0.0061430498587402,0.0846149641266079,-0.00477548302504873,0.0202115449715104,-0.000386169868871326
0.11067396023164,0.0222404258021937,0.0254449188274571,0.00971754203448664,0.00404015383198143,0.186862472906605,-0.00192989346295674,0.00591855242293426,0.0100408664478793
-0.0072249810930376,-0.0130386576833464,-0.0159962034866428,-0.010928053627509,-0.00563824093265556,-0.00807279210575284,-0.0091958084255514,-0.0170544082305358,-0.0174368543227696
0.076789532878639,0.049500723487751,0.0296443648919987,0.00493107719142697,0.00112666967556866,0.0926153890136394,0.0175267555141943,0.0411992555458071,0.0215638855259651
-0.0609438859524301,-0.0142214016669096,-0.0177040950710678,-0.0105274474748771,-0.00100794876042293,-0.0743538126473142,-0.00396440998686369,-0.015678963193783,-0.0139886364341735
0.0310875793776068,0.00201117320488904,0.0224300654010102,0.0403541393290751,-0.00640454741819261,0.0173035059445013,0.00315586652810509,-0.00628770640257228,0.00269924714351465
0.0324815549247236,0.00295983542244769,0.00644505607702312,-0.00327910400077764,0.00527000241279559,0.0312704399709859,0.0029360375804049,0.0035886454776059,-0.0146206406262122
0.020185933106294,0.0197285724597013,0.0163109228409171,-0.00990905414807941,-0.00405532135025754,-0.0132229920585395,0.00835319599713246,-0.0129188215547346,-0.00474530110501919
0.023736663209904,0.00214237021925902,0.0118380693365788,-0.00782218286025471,0.0129863460292856,-0.100560073521028,0.0104854842374141,0.00414894231087589,0.00864615348868729
-0.0236667711634533,-0.0091624427943299,-0.00380100826750337,0.0241970466020403,-0.0216154471205043,-0.0333328390272642,-0.0208661107656004,0.00242202598314745,-0.0352155709224637
0.0367932058093322,0.0235780408002309,0.0229607655705071,0.011443085512911,0.0192248073384627,0.0193308764649348,0.00529870515402657,0.00767799959100109,0.0167442710516612
0.0439426438981749,0.0114458172966661,0.0217266011480948,0.0429831325540687,0.0130870040946381,0.0607863988077167,0.006934314014533,0.015143014457223,0.0375087311978336
0.0447340203190257,0.0413458814512387,-0.00739295257642622,0.0446573779504228,0.0354338650032588,-0.035606447273888,0.0349414955679411,0.0713360788220356,0.0803870652665339
-0.100457363448884,-0.00201037878259426,-0.0376956284750067,-0.0205407897049439,0.000477725381728622,-0.0733551008974753,0.00919689559174742,-0.00950777339459451,-0.0290977800959888
0.0407545869676739,-0.014756834945667,-0.00207378057469138,0.0266973235971065,0.00959554244482556,0.0437056430460717,0.00873664257384932,-0.0088421613336366,0.015354742197679
-0.0454092856621212,-0.00567555705513215,0.0110438761987884,-0.0135340554777722,-0.0130810381037647,-0.063954647140718,-0.00382971047560881,0.0134861733219771,-0.00925670683990957
-0.00810132504704645,-0.0385622235694389,-0.0103814941810222,-0.0205821006886328,-0.010394238630977,-0.0280355408460368,-0.00927912156181127,-0.00293270543024318,-0.0144158544567267
0.0563993602796654,-0.0154012391140853,-0.00525539218954633,0.0068779740302554,0.00338435827330714,0.0341865800115728,-0.0104914611874499,0.0181649562012051,0.00380925046019065
-0.0211619838133063,-0.00677281431430753,-0.0129296642261831,-0.014473507726432,-0.0222473796983926,-0.0544205920996521,-0.0013486513733075,-0.00795105627745211,-0.024391934226401
-0.0947446611851456,-0.0461306082276279,-0.0359221544205806,-0.0555205388331653,-0.00912948179234966,-0.0604090661322336,-0.0182517822594385,-0.0254755690484592,-0.018228170452346
0.00103697268532716,0.00853991591221971,0.00680138842238565,0.0143959323229246,-0.00344732403300835,-0.0258389778820618,0.00588147625014327,0.00411537265421758,0.00186930706095207
-0.00123473952284526,0.012836931688264,0.00236196188344138,-0.0237998586540329,0.00305028296803672,-0.00700704153979914,-0.0105600209961605,-0.00640678493585552,-0.0040938758946931
-0.0813502029883304,-0.0184473276342013,-0.0188096414543174,-0.0481036065142263,-0.0296178206614001,-0.102622415171513,-0.00363585841650226,-0.033776894098618,-0.0237870275247101
-0.00259108647172482,-0.0167933243316275,-0.0306045710471714,0.0182987465937694,0.00364922433151657,-0.0377579158266366,0.0237528136018521,-0.00577499881387863,-0.0166800263131919
0.01343039594684,0.00526222741593512,-0.0245897661322338,-0.0219596976058408,-0.00199354552200405,-0.0107382857756306,3.3684746816512e-05,0.0153835129961763,0.0160531126555086
0.02242584756095,-0.0150873090978819,-0.010714826593476,-0.00656077764061688,0.0155519067165197,-0.00167048830625369,0.0218061852310731,-0.0140258273362897,0.0282892180581801
0.00437025751705409,0.0264246627468638,0.0140991758845079,-0.000223240455010512,0.0163975619589107,0.000740939797345159,-0.00734462372218193,-0.00776214906991707,0.0233904243580077
0.0176296122955545,0.0076009845889306,0.0127189034435108,-0.0125311928623594,0.0103441524793182,0.0313268438294553,0.00232939154056141,0.0100857013341517,0.0119133092246048
0.0496089800317667,-0.0177421994741087,0.0057372702753673,0.0324540522147217,0.0186327560099717,0.0139000849010381,0.00802094372936234,0.0214827519502381,0.0120163602590062
-0.10771576540766,-0.0741193803776941,-0.0444298893329353,-0.070518574726642,0.012231328999413,-0.113460094484267,-0.00782208647143405,-0.0248151070315041,-0.00757269085141288
-0.0950482571613873,-0.0208456504522167,-0.041561290429122,-0.0447813236792447,-0.0376566415336427,-0.0730162590861532,-0.0231998326337809,-0.0233931644244577,-0.0314948466898966
-0.0624548530213993,-0.0100725002611195,-0.0190723798362068,-0.0359180582065877,-0.026564333781422,-0.0402055467515019,-0.0228400458933881,-0.0573914317172576,-0.0239368941743132
-0.00743027976379464,-0.0325193057243885,-0.0358816322202028,0.00505779284134524,-0.0180419859607332,0.00482258894216366,-0.0169171918266612,-0.0132156657853825,-0.0179597137988907
0.131036733288716,-0.0169942640129207,0.0133343559575307,0.0384683896485308,0.00794746402242198,0.111713093284589,0.0417512301337068,0.0273195822521058,0.0179493532344758
-0.126495458277769,0.00107692434483565,-0.0392029897103299,-0.0422301516988804,-0.0163103210638999,-0.104838127076312,-0.0301490799589872,-0.0356138513422757,-0.0166430658157968
-0.0224719000980726,-0.0131301376655219,-0.0349983565067691,-0.0341910721209881,-0.0151733944583593,-0.0212693506425449,-0.0157596795839582,0.0024961696397224,-0.00161352014197531
0.0212671181716067,-0.0384489444885295,-0.04065802447792,0.00567447492418357,0.0104805242933803,0.0217036537564628,-0.0164935402891778,-0.021305929677322,-0.00239766444883251
-0.0417067560100589,0.00352387339688967,-0.00705028860802161,-0.00187367737085963,-0.0039233342905994,-0.0225630424020583,0.00180110030063424,0.000365528554400553,0.00619629424528005
0.0406523691246374,0.024917525768985,0.0311199084226093,0.00294870773380514,0.00346523662366884,0.0204047965703273,-0.00585775191153545,-0.0190756655072217,-0.00413081284773378
-0.00824318040223187,0.0269013231595419,0.0313324013104779,0.0227244825938075,0.004696676662698,-0.0202824509157012,0.0155487397044671,0.00385254459815963,0.010500698583113
0.0729358990421365,0.0412915843177335,0.0256427583424856,0.104919368420323,0.0200926359548224,0.114216101321793,0.0347617074596956,0.0689751796525536,0.0357027274394328
-0.101602923462427,-0.07140771468809,-0.0663909795896892,-0.0583008900728511,-0.0221494712700836,-0.0801263624508079,-0.0172133617356916,-0.019249116570842,-0.0323450110633813
0.0376102568603792,0.0365867656155025,0.0188405508473633,0.0323225883151051,-0.00111048122647259,-0.00470784418748468,-0.00251898249842094,0.00874190753219227,-0.00691375287528024
-0.0717010299543698,-0.0238163074216133,-0.0481452865356837,-0.0494297809274086,-0.00405329804265174,-0.0549516970006961,-0.0269715315477112,-0.00918333199527089,-0.00234355528311919
-0.0447202146298906,-0.00298509332416465,0.000662474670765486,-0.0224777011447536,-0.00285614915707223,-0.0661563615364974,-0.008338112782042,0.0130832781124347,0.00715869173397183
0.037161625176508,0.0239304270375487,-0.000703507119506664,0.0409247224379736,0.0140191764279117,0.01535598342488,0.0366897938986153,0.0247196052474828,0.048482512311423
-0.0378535134713642,-0.0174216214426756,-0.0331752021854029,-0.0205917578351243,-0.0118539034814016,-0.0315824150992662,-0.0165099849267273,-0.0118191045999677,-0.00317355222717296
0.00268846812366273,0.01491808556254,-0.00372923029417795,0.040877290960549,0.00333127385472687,0.0556390902968047,0.0154287829266799,0.0292180411586334,0.0286976396166348
-0.0876233149158614,-0.0454011052840888,-0.0679997346500301,-0.067098997694099,0.00379995487137752,-0.107052668031895,-0.00134716533665834,-0.0100917065313908,-0.00443395364180481
0.0509553737707593,0.0595261758858902,0.0593745993667011,0.0612563967722931,0.0193798543405379,0.0658129451953017,0.00112657333588094,0.00694077803141609,0.0432873478434829
-0.0420870938999,0.00394068223344737,-0.0281715769392621,0.0126341011353034,0.00038194162200473,-0.0332108624239343,-0.00637056254630976,-0.00527109991788199,0.00159352693581964
0.161627054626227,0.070258453550143,0.0672541150232935,0.0702145211478444,-0.00514911805420457,0.145599620097738,0.0291998973372378,0.0198252392309968,0.0248682255181513
0.0481675303707962,0.00771015301782977,0.00652322658882707,0.0278977026339186,0.0107512877675861,0.0323002691370013,-0.0177618328077065,0.0174865368177301,0.0075326661683783
-0.053081655560425,-0.04788684435473,-0.0528917647672703,-0.00644753957171259,0.00945631995584447,-0.00325996405900605,0.00975804865921985,-0.019310104594037,0.00591738021080984
-0.0270301699242523,-0.028429463845129,-0.0451147131665049,0.00904655706877142,-0.00985390936420156,-0.0445741246841327,-0.0147678961478371,-0.00410569322822433,0.00298666579774578
0.0140312518689664,0.0366219828401022,0.00801844016241675,-0.0247793957103684,-0.00804909597333469,0.0267169504996543,-0.00376353760901832,0.00523173968655563,-0.00300194040278406
-0.016917718126884,-0.0269014279518661,-0.0481593703516571,-0.00522702929542567,-0.00816967101848093,-0.0434291925431358,0.00607460611739442,0.0233729853689246,-0.00930071810696406
-0.0491619933731915,0.0262236293214236,0.00127209677558958,-0.000146186168566919,-0.00174748904334751,-0.0347362022539613,-0.000913856105291189,-0.00146373763354484,0.00278743334120256
-0.0147515007971786,0.00529244498118416,-0.00316180443637472,0.00790492275829085,0.01451675952145,-0.024227357203849,0.0146418296067876,0.00974545109327775,0.0159877698542844
0.0341374204731212,-0.0304068225013213,-0.0272153457129578,-0.00117016899886627,-0.00621373045609912,0.0431889906845992,-0.0113920211368871,0.0127701267972893,-0.00637666645373958
0.0136472827440439,0.0281215239519438,-0.00819408047938987,0.0102712589131183,0.00379336050227433,0.0146903216346255,0.0177265801665349,0.026609313725045,0.0208155910944437
0.0330250439043005,0.0116434599447949,0.0130737244255297,0.0167180738632139,0.000207100033724975,0.014648148265191,0.00195414168407586,-0.0149203455204279,0.00545634629746069
0.0123122009580662,0.0146648709859905,0.00907444167060135,0.0349122269032322,0.0241631518739042,0.0489529376638338,0.00483551161731205,0.0593953600239217,0.0359011435813411
0.014542236891297,0.00658065409944798,0.00550432724375087,0.0880684764711978,0.0227533642673231,-0.0244957925955139,0.0331801176884993,0.0386541062714642,0.0222281068730361
0.017181524546651,0.0192079438210284,-0.00730966206607515,-0.0258314590674954,-0.0156637595800024,0.0138876663492926,-0.0451229646138864,-0.0123751502400267,0.00548629931944286
-0.0162401374583095,0.0046708288387596,0.0054782607421756,0.0151660103524915,-0.0202246499866218,-0.0214368471744252,0.0137810095677691,0.010930496951903,-0.0151692577818858
-0.0175064819626962,-0.0193499061068938,0.00360317515358638,-0.00506485939044718,-0.0221972886248555,-0.0441500607560233,-0.0192541644011945,-0.00665829667445127,-0.0255903838084586
0.0039612734013068,-0.00954651758889683,-0.00204150562056619,-0.00781413848327081,-0.00476076382777257,0.010154122831234,-0.000741963845959819,-0.00365693540338338,-0.015664557727548
-0.082120276112787,-0.0171627190863754,-0.0336551035529033,-0.0183373175726783,-0.00714530170566951,-0.0749831768470785,-0.00204643885160003,-0.0209519333911215,-0.0223175479967944
0.022915405264466,-0.0151154174231299,0.00526417665473033,0.0165510335824992,0.00586893710733767,0.0243698087150496,0.017886146476347,-0.00527491173721643,0.0163389653916263
-0.000852662734995248,-0.0241247902975252,0.010630905269112,0.0014636019452701,-0.00602817209754143,0.0129000055412923,-0.00203215842953157,-0.00147119991025188,-0.0214769632803761
-0.109801129699035,0.0234946483199623,-0.0631426211465301,-0.0576264651069113,-0.00419974557300756,-0.0534706533119454,-0.0197194638044357,-0.0280488328692384,-0.00393945670855308
0.0215460865458366,-0.0068168560050152,-0.017011876448088,-0.026207015442658,-0.0184744353740969,-0.0270546384607528,-0.0104711306958054,0.0194261239905197,0.00843165527500731
-0.0718223500985663,-0.0455982999655644,-0.0210867274027799,-0.0688819484176361,-0.00807684109766243,-0.155929267288224,-0.00849392808565814,-0.0199453531118894,-0.0232501333891173
-0.0153956036622559,-0.00370579580596218,-0.0110936487801082,0.0178002219234761,0.00608812964390728,0.0332708400061702,0.0105669121460402,-0.00243089106095781,-0.000429210378058897
0.0234905856129857,0.02541857691031,0.0209764447683978,-0.0135669446653498,-0.00508798368560855,-0.00290670960594279,-0.00310478943259434,-0.00445766663644186,0.00742472844288956
0.00875874926345935,-0.00945066876504863,-0.0121747678461473,-0.0129032763405136,-0.019493501704426,-0.0206465522623135,-0.0394457104894982,0.00350417983073046,-0.0215596869784455
0.104973505151673,0.0465028053858197,0.0540569709804563,0.0255132665130914,0.0071474997668918,0.107031768535249,0.0246880139874714,0.0233776152386247,0.0211524735668621
0.03233615285003,0.015708359213294,0.005148651388241,0.00859965550399363,-0.0105304509035018,0.00866036068023805,0.0016909857019754,0.0269621881618406,0.00680995945898353
0.0743026433643867,0.0437703800579356,0.0548387942694623,-0.0155151340719006,0.0115299577804805,0.053835261936443,0.018784632537815,0.00290287146818461,0.0101719541249812
-0.0325002473237693,-0.00313498568411184,0.00121944456120528,-0.0193351126898946,0.00885580894691046,0.0159305365933406,0.0194367309252065,5.90086958962887e-05,-0.00862320878166726
0.0197533293246781,0.0115321404458727,-0.0211622494307936,-0.0160141798700617,0.00132417402007956,0.00598518885601791,-0.0225188711535943,0.0178023450860397,-0.000371680176992898
-0.0550602958647446,0.00792439570069711,0.0021328471132917,0.0134455332041503,0.0134705333348826,-0.0332460216329027,0.00406534510914922,0.0199111400850106,-0.0153175881850706
0.0117487803238081,0.00308481724671118,-0.00465917107222074,-0.00948100435863216,0.00186852786647691,0.0165276962648188,0.000858872216493708,0.0080189451167922,-0.00767772633246902
-0.0960356596518187,-0.00289429312099505,-0.0361308354128607,-0.0364371665268176,0.00413817378491452,-0.100565021032023,0.00158998199856354,-0.0177556348725519,-0.0228533956585292
-0.00601416810975361,-0.0013798102388351,-0.00692296850437582,-0.010986835454327,-0.0244974590642946,-0.0244164697906538,-0.00391548438157147,0.00292749260443056,-0.00442788319051208
-0.0272395232504564,-0.0385727152545613,-0.0137486709989132,-0.0448670486584759,-0.00121822927326367,-0.0394369021183799,-0.00955790312981544,-0.0480170640266832,-0.0277296434956309
-0.0661107271466726,0.00326646371069681,-0.0348635707875748,-0.0219760787091474,-0.00820062572407296,-0.0964768614034549,-0.0119889599163463,-0.0126456182897914,-0.005498568395508
0.0475514220871047,-0.0111230518891815,-0.0215378084673857,0.00380947539223791,-0.02094936309561,0.0374168592789352,-0.0225777525300843,-0.0193407227802826,-0.0128973311946685
-0.00901508316748522,-0.0015826341902481,-0.0332936621151389,0.0184965443692665,-0.0102926631363034,-0.0240734417124565,0.00123659920095847,-0.00201521122014484,-0.00584095826169294
0.0319346157656412,-0.0248781685225823,-0.00136118179471078,0.0372699154418445,0.00521389792633492,0.0632591344898285,0.0120431539850884,0.00406049133764033,0.00461915295458316
-0.0489640515425604,-0.00499543316719772,-0.0129613096079511,-0.0306513918530931,-0.00917106750300026,-0.053760659373982,-0.0262520495816736,-0.00603018504940425,-0.0112377638774312
-0.0355755282094824,-0.0188031531578736,-0.0344173502196139,-0.00605849528601093,-0.0136176037264133,0.0263861484066846,-0.00417628966123015,-0.0121023944214088,-0.0185051689512253
0.0696838885804524,-0.00737468900130826,0.0130423778796937,0.0253605867269908,0.0114778756711661,0.08909957057148,-0.00204984041552242,-0.000442284721492438,0.0114070674978545
-0.0740599986658034,-0.0320635613941077,-0.0360456973809821,-0.0407751258960906,0.00790384408339559,-0.0710490120789245,0.0253598756979659,0.00988385591364292,0.0123710759266374
-0.0690242715825594,-0.000441754479218151,0.00304581643811166,-0.0369447288870692,0.0188226136520543,-0.0932087545198929,-0.0329445141148268,-0.0194869801538048,-0.00790299043286331
0.0060550794128954,-0.00990370001654153,-0.0136658642638337,0.00761514193082416,0.011810897861913,-0.0431403531745102,0.0135796374275947,0.0350462290671472,0.00840265282753368
-0.0113315462798756,-0.0182791160310702,-0.0188349972231763,-0.0269997015053922,-0.00937263500868946,0.00821187831035176,-0.00902488787548257,-0.00471790845523749,-0.0145535827830131
-0.10974860249831,-0.0417878217167939,-0.0248637761160528,0.0232664337909034,-0.0206515518276844,-0.0995360303961317,-0.0353298565350921,0.00569774011802289,-0.0253950251143168
0.00680830775979336,0.0224548333928307,-0.0180303080494628,-0.0233992060168348,0.0103046626931558,-0.00539778236565441,-0.000568831096583146,0.00975655074725067,0.00599851510234568
-0.117615493341948,-0.067622054598137,-0.0556378095545819,-0.068692828010845,-0.0190607412615714,-0.132057383275872,-0.0260912490570076,-0.0241457567735516,-0.0190197396849646
0.0201011333922713,-0.00676610158381835,0.0102481643329306,0.018975448771051,0.00111925364661555,0.050025309057853,0.0055903924085001,0.00623602947566577,0.00100140353160718
0.0030223087097716,-0.00659666435412125,-0.0425182754116814,-0.026136137493779,0.00143228275318346,-0.0521080063969959,-0.00982018518145327,0.00429707399285908,-0.00420007459777412
-0.0497659407484445,0.00939236107725949,-0.0301134699396859,-0.0468793963664966,-0.00400891256631333,-0.115630627808556,0.00693983032899605,-0.0107208161795889,-0.0136876902312233
-0.0273141561036345,-0.0116339932752127,0.00789591597918533,0.0295823210738619,0.00388884637301107,0.0153397422741572,-0.00611240317413491,0.00686234112246809,0.00785277866737876
-0.0261000459517344,0.0100687913503627,0.00975976992978103,0.0272169731816783,0.00462758285504468,0.0227059031739491,0.0191116193227489,0.012015005681454,0.00535109416295168
0.0584268394734862,0.0170624093629203,0.0130900110991226,0.0344276760526476,0.0183606260349872,0.0515938130593706,0.0316354708768598,0.0260338340887082,0.0249244872947954
-0.028225800169427,-0.0160757466098214,-5.24868649394001e-05,-0.0213123679037089,0.00255752462379726,-0.00748653993324361,0.00794385749534159,-0.00377977442966106,-0.0197177396244174
0.0266475488516471,0.0185373610072082,0.0221707707390677,0.0118943007650862,-1.68450997567091e-05,0.0276081583850892,0.00911032310715421,0.00172788214686939,0.0135531461974334
0.00585482792019038,0.00336083851830041,0.0123877879541186,-0.00867528778738696,0.000133475142860023,0.0323134940184435,-0.00777636258892578,-0.00764286711789429,-0.000904606628846442
0.024512896124759,0.0139875334950973,-0.00390556448567465,-0.000317061709022088,0.00426163481248333,0.00438252265924831,-0.016599898824256,0.00374033895136634,-0.000745592697262545
0.0424332627583453,-0.0122287663536827,0.0042063808619169,0.00290642734679008,0.00257041525910526,0.0608298098774006,0.00443132494990699,-0.0244760438221321,-0.0053276237607754
-0.0262405598920862,0.00617537497946295,-0.0112616813108785,-0.0213061614153316,0.00287825789422297,-0.0377754020357308,0.00355138548888954,0.00745583610937692,0.00429935719669041
0.022824930664774,0.015341853373687,-0.00331701410033337,0.0025196937200033,0.0116394655852918,0.0216716310151409,-0.00274629696943567,0.00929338944541711,0.0158829212567758
-0.0326964996909243,-0.00221312313541119,-0.0305265451839729,0.00042239474032437,-0.00518507520619117,-0.045393278993184,-0.00232305947975636,0.0221320153517472,-0.00914138959314895
-0.0263706263663528,-0.0136927664375779,-0.0073581904097943,-0.0065647709463154,-0.00718592373013845,-0.039673620280253,0.00392184930540555,-0.00196242368916308,-0.00730525043846081
-0.0233131007096052,0.0159486953513561,0.00258274620796849,0.0142749658286954,0.0108174691110091,-0.023376749558313,-0.00303334240761977,-0.00255728779799086,0.0105411353450585
0.0342245944738474,0.0266137814346979,0.0152796129409058,0.0672620486381575,0.0218403972304323,0.0810001712322291,0.0155736588657629,0.0425577331505191,0.0112102738396959
0.0572270611465467,0.0416918004834128,0.0350146390235124,0.0366076437207129,0.00172264411623627,0.0445931848978428,0.00211931046936066,-0.00301884783669634,0.0329658834519315
0.0210821859313782,0.0166366323992475,0.0199159284115946,0.0248576154976911,0.00784813271229593,0.0221147218966684,-0.00298087556640398,0.0297830451030565,0.0189971241335077
-0.0314050033329417,-0.00197721543158019,0.0188576903840414,-0.0183970619491346,0.00554148909758172,-0.0926810519677915,-0.00238110902330567,-0.0116934885261327,-0.00725708546004159
0.0098001813789825,0.00799907652786358,-0.00564779736793341,0.0275960234415251,0.00516220432433786,-0.0103461860056497,0.016309499812324,-0.0234006110793983,0.000716248416300667
-0.121745053067799,-0.0401999585942911,-0.0310709507807222,-0.0858703784042947,0.00162702862012719,-0.142500498836908,-0.00838168690962322,-0.0238744131013377,-0.0224847168978536
0.0216271488576354,-0.0140994915479163,-0.00103856910059795,-0.00819800836378878,-0.0148431763380031,-0.0222036350757271,0.00448910281795314,0.0165729515474994,0.0102578807994181
-0.0148396458140763,-0.0196387726955508,0.00287558564942025,0.0263613916934228,-0.0103036507678145,-0.0337723447029522,-0.00731204846278892,-0.00951224888953391,-0.0108634377498757
-0.00732175846960372,-0.0315332279925511,0.00257955040431337,0.00464680554003133,0.0139766641256002,-0.0017245358099648,-0.00411542668487134,-0.000345149289818834,-0.00537422985804495
0.0212176229978901,-0.00333395763114395,0.0167214887382468,0.00983376089882685,-0.0180071341046134,0.0153599841054814,0.00456888992350345,-0.0127255414051519,0.00223203707105797
-0.0407816649406133,-0.0194678635839042,-0.00947538934313985,0.00147773321729524,0.0260054454280869,0.0521278497353336,0.00832673707983988,0.0107719936047085,-0.00545087417635338
0.0753735616205841,0.0101404279149399,0.0234715213297886,0.0164649146474401,0.00564602529044883,0.0647883159918901,-0.0113912940066207,0.0209403821244165,0.0142083386830974
-0.0535693946510577,-0.0390963888569558,-0.00456483742662569,-0.0153954646826105,-0.000110419964744048,-0.0667205652854118,-0.0232627844583495,-0.0143735598967919,-0.00236393882713508
0.0613578359197596,0.0325495496539657,0.0277559280495998,0.0401281069131909,0.00835115237388024,0.0561330430770538,0.0152872282590247,0.0246391554160372,-0.00321672273438992
-0.0369687304938786,-0.0125952479271951,-0.00731657257297977,-0.0304476080421438,0.00936777187062138,-0.106689435507527,0.0115616305750943,0.00732749974388061,0.00414301337420578
0.00820031085415334,0.00939471752424421,-0.00541827267484788,0.0497484175185557,0.0214751141823116,0.0393584160436063,0.0186977972206254,0.0142689820488536,0.0340728971993263
-0.0741162191912867,-0.0211289820728853,-0.00161247405779069,-0.016454737738496,-0.00699276629192537,-0.068375436538947,-0.0193001299261822,-0.0270782808551446,-0.0256073451563382
0.0532925796598593,0.0220028475136466,0.0131646932469593,0.0221609907249008,0.00411628645529111,-0.00459752333043952,0.00866185465665352,0.0252299168294427,0.0106706484889761
-0.0294997578662564,-0.0133030618644483,-0.0151402009284797,-0.0225528683860583,0.00584365210384619,-0.0456416743627203,0.0161288774756252,0.00892735987577994,0.0171233134975461
0.0226257816281799,0.0371999799020315,0.0206619693869103,-0.0186293213099355,-0.00483210450953056,-0.0289463231324508,0.0226860044893918,0.0236296541937687,0.000974798276695515
-0.018276302785333,-0.0190093145871451,-0.00880796337692787,0.0121946748246437,-0.0064765659068821,-0.00961396894884565,-0.0140899762888303,-0.0121807990833803,-0.00783001662467709
0.110765281333062,0.0302509460815926,0.0341115268330695,0.0216227988833164,0.00768020629937904,0.116484371520691,-0.0030865505873666,-0.0115219789726824,0.0167949736635989
-0.0738882240954239,-0.0432409780970313,-0.0265641475826085,-0.0636951305362299,-0.00500238828580318,-0.0628264517672303,-0.0102842282799398,-0.0250872032582356,-0.0398075872546001
0.028748824531542,-0.000537516526746653,-0.00242531473230952,0.0126883578682303,-0.0112018186590561,-0.00350021906626373,0.0141356872972393,0.0075787302420107,-0.0062695614745721
0.124816762817899,0.0617501376494861,0.0408762692404307,0.0415254617690987,0.0353941428188693,0.0823688755788201,0.0297709176877793,0.0393180444730921,0.0444075106380926
0.0871110575940747,0.0136349200202749,0.0252233340617376,0.0342390985989163,0.0200778415021257,0.0947811340689999,0.0236779557835153,0.00652256174428647,0.0310094493545357
0.0384112260317119,-0.00818777338772868,-0.00763932618590074,-0.00964242548744237,0.00206096946194707,0.00524465007217056,-0.0034835659094522,0.00231652154187672,0.000770444009765726
-0.176880476873332,-0.0725546005383943,-0.0489285924401187,-0.103600406146184,-0.0107973565800124,-0.197440997672634,0.00463819177480696,-0.0645184157604977,-0.029402006787111
0.122615510372388,0.0328914913234268,0.0391908456196024,0.0336554915900149,0.0235526340614247,0.071975853821705,0.0357080073093725,0.035625811723987,0.0406316464048549
-0.0101092691345618,-0.00225923565302474,-0.00556917938630632,0.00600408657900662,0.000450710359474718,0.00245834601663391,0.00435819466943391,-0.0150640234587535,-0.00346034151979583
0.0646733976333349,0.0500658196863701,0.019768512287957,-0.00686692155362363,-0.00886789497121403,0.0418056582386528,0.00354077416441444,-0.00327646653301389,-0.0111104393553071
-0.0132826979522254,-0.0112589910439517,-0.00108804868011133,-0.0291628822178319,0.00881377894918674,-0.0529035079140222,0.00459427811983402,-2.47658872198999e-05,0.0128605757275092
-0.0328688924150132,-0.002375521330957,-0.0306821423602013,0.00308232421669199,-0.0179805125990309,-0.0213155103046208,-0.00730842898246835,0.00143251233230277,-0.010978027304624
-0.00143051414708167,-0.00879040612912391,0.00528024583677443,0.0104550420375911,-0.00633963539734899,0.00229289361811536,0.00212598371969361,-0.000407473549200377,-0.00784347699102973
0.0139163608827193,-0.00393049339330907,0.00684346544494123,-0.0179657354693481,0.00621958191864411,0.00507421787812788,-0.00763464843287593,0.00691851761925621,0.00986055829048753
0.0921287720204678,0.0337893462818965,0.0552601647325742,0.0302575628740069,0.000198044169376654,0.0531320066353889,0.00729938535913191,0.0346255044235338,0.0128306419908219
-0.0854271657323872,-0.0338352417414424,-0.00493090144398776,-0.00399866829440366,0.00409335441674577,-0.0529032830019729,-0.00392848240300412,0.00580939162785987,-0.00783855686124746
0.0072094098368666,0.00698776166183477,-0.00268567158390243,-0.0370056939059867,-0.0071210973497881,-0.00613117109323542,-0.0098575081628656,-0.00802171778160519,-0.0166581680911193
-0.0546596622818603,-0.0374355085060824,-0.0429143786237181,-0.0223052128638658,0.00162093278617567,-0.0205977423398294,0.0312792329742256,-0.0229662388042804,0.0196098303326468
-0.0208027888170463,-0.0175300654864324,-0.00834637535596148,-0.0117077814995759,-0.0064001685511674,-0.0701090622350591,-0.016410290350936,-0.0161860371611674,-0.00644054374306492
-0.0220228578174116,-0.0299396537777997,-0.0018320914066347,-0.00362934430666268,-0.0259069953709704,-0.0447608233682896,-0.0389468345260987,-0.0368059953593684,-0.0313626391261729
-0.0629253507415682,-0.0370806662210906,-0.0286087330876308,0.0415156273048635,-0.00452082372659933,-0.0502818002514989,-0.0189194928402614,0.00541077610270523,-0.0195724889873516
0.0741937980960536,0.0339563493771005,0.0114620466617128,0.0138204952558133,-0.0258903127779808,0.0579056940713698,0.00543428891676484,0.016857377023424,-0.0111308418710658
0.0854816369896454,0.0476706808773459,0.0253781016267714,0.0358021539888659,0.0248822927981122,0.036601238222012,0.0471850484441733,0.0282147431575834,0.0551414827351884
0.0068486691194202,0.0248200642812293,0.00543569245002532,-0.0165858278009123,0.00936320083647853,-0.0316446039919134,0.00351243737158262,0.0120858209599256,0.00708608382862839
0.017270387439933,0.00515664659558605,0.0210413699410017,0.01748984701412,-0.00976201950085757,-0.011785059445274,-0.00751700566617329,-0.00740766880399132,0.00992672723478451
-0.0848181067318577,-0.0282096363835936,-0.018031578012085,-0.0537644869448196,0.00191935155141502,-0.0989169066879025,-0.00822953841578115,-0.0178787606399556,-0.011045903485922
-0.00887672261804616,-0.0232240442835601,-0.0029045042187637,-0.0186089461449547,0.0168281123145861,0.0284970123399364,-0.00120069298930512,-0.0219277572164299,-0.000256133463981431
-0.0379793605144279,0.0158279894001353,-0.0339925776986928,-0.00847623435942251,0.00292216935415756,-0.06771784472292,0.000236167830178716,0.000905259691831107,-0.0169787486707167
-0.0492825151078185,-0.0352038996867389,0.0186751040183884,-0.0159588437027544,-0.0200984189598984,-0.0235583860804216,-0.0406489165433406,-0.0384175479391215,-0.0101388856671153
-0.0100941051067271,0.00781665742269008,0.029520934452356,0.0171160473422838,0.00401276148083326,-0.0022082808238919,-0.00112039219213557,-0.00104195136470579,0.000289226410029582
-0.0674075018910094,0.0217219676118423,-0.0354590023181191,-0.0327193274625257,0.000906269564995581,-0.0524229125480147,0.000354989393449993,-0.0104298099266457,-0.0159405856427175
0.102096027282734,0.0525650227689709,0.029313897906594,0.0274338691339964,0.0224987091069248,0.0971114996921276,0.00435796663894573,0.0325852761008079,0.0362010816388705
0.0322164161126339,0.0214485451731047,0.0184844197260589,-0.0225147385208626,0.013434123661851,-0.0424006457071311,0.00437084608889217,0.0185585034511178,0.0195398496091483
0.0639387314393271,0.0432535072536431,0.0533452168851253,-0.0012284628952488,-0.02749392746747,0.000413272731760437,-0.0156958883659521,-0.00212930362387801,0.00337677750761649
0.0223597255323414,0.0133730501065057,0.0414599775513923,0.0284829284005587,0.0123091679695638,0.0185367103127584,-0.00646526883946645,0.00222934253054636,-0.0083616781959523
-0.0331819019138263,0.00922787508525066,-0.0254395055021426,0.00876204849670087,0.00716901039420199,-0.0918288043565199,-0.00356251199366145,0.000817051561060498,8.34757296859873e-05
0.0268208657025019,-0.0095619142267056,0.0039631545759592,0.0366782975568345,0.0199729095424503,0.0410446649034582,0.0318488609613933,0.0447416327259808,0.0320044391060957
-0.0355540984582454,-0.0173922418509143,-0.0192343531781995,-0.0159914692434756,0.00664796772754745,-0.0374965341477887,-0.00544767770945226,-0.0344239400651222,0.000178551625327097
-0.109626802364645,-0.065377933981685,-0.0252914978576272,-0.0389964265939358,0.00026842682626773,-0.0145860405694404,-0.0132024817325786,-0.00568456721246664,-0.0285277477381218
-0.0147381102609768,0.0153089696100604,0.00846780631084879,-0.0140118874225553,0.00120658136191218,-0.0306054344273458,0.00133572290756207,0.0127989575837419,0.00616984621458828
0.00862094310795809,-0.0125201947503817,-0.00438679982863622,-0.0365636122299003,-0.0324400810499399,-0.0395072701505629,-0.0189732831281749,-0.0348366728690339,-0.0595794136681507
-0.0551854102745966,-0.00104077332353434,-0.0138973145915836,-0.0324390820023267,0.00929279799523515,-0.0428610920692426,-0.0102345647480755,-0.00743820876359695,-0.0101814389337439
0.0285798401361745,0.0293078792087818,-0.000252560035405962,-0.0189664385267677,0.0184908096024642,0.0104985584114768,0.00805422902642698,0.0104663504385125,0.0130600619414905
0.00241301374921913,0.0199889601000918,-0.0125585617560938,0.0565559475113242,0.023136663478585,-0.00210996015538345,0.0296524947934594,0.00643679438209515,0.0425833461874555
-0.0766307266374397,-0.0218888122254387,-0.0166316812681611,0.00207057942784999,-0.0251939421671117,-0.03745745945677,-0.0244069243030149,-0.0125062478470879,-0.0119306011361989
0.00450812099196614,-0.00340012720162952,0.00229045997617059,0.0182829916539666,-0.0181472955375433,0.0194734781162173,0.00115986442423525,0.0228911426745429,0.004908779509406
0.0572272131588673,-0.010250336866354,0.00472319150592622,-0.00285588818449626,0.000998210122020463,0.0291343562490571,-0.0069900007566923,0.0182814568588193,-0.000908697742056313
-0.0740876957595922,-0.0806395723960018,-0.0394241824808159,0.0154446865720888,0.00517119732205995,-0.0698577662133734,-0.000297755194727651,-0.0121140600051155,0.00555394450763247
-0.0335568465973437,-0.00292505017472924,-0.0225504619223327,-0.00445886225061543,-0.000157974581237862,-0.0037201341127961,-0.00267990872506731,-0.0106311105457008,0.00315506756749178
0.0433207931138062,0.00618404485249691,-0.00769049337880753,-0.00642933219057291,0.00573396066296478,0.0367582052949601,0.0234364413452158,0.0123626065774432,0.00242311560941655
-0.106852090381652,-0.0590928678114002,-0.0281623325539943,-0.0589455935999577,-0.0262329102044597,-0.0782919353178829,-0.0600228560826354,-0.0120691101031209,-0.0271750220159663
0.0382538791988057,0.0122748704044182,0.0191876639189584,0.0308830424933508,-0.00610452083483232,0.00246893420732997,0.00303366614833251,0.0154884387175681,-0.00519034161258805
0.0430619331418104,0.039664109776538,0.0113223641872451,0.0221492396612594,0.00358220349828215,0.0413332958561308,-0.000457800126679106,0.0386008911391179,0.0200192564280555
0.0586299879363591,-0.0156504372856469,0.00394327476574681,0.0198163733653708,0.00303240179815944,0.047720907684083,0.00384962697767644,0.000143894896794037,0.0147768979375307
0.00676058380852961,0.0146151387065091,0.013298366137651,0.0399707121797002,-0.00104463861837762,0.0387297077257833,-0.00766524473462786,0.00956609551232084,0.0062618863549851
-0.00565091035791374,0.0108114227182077,-0.00592049613934782,-0.0121627009210553,-0.00242389900478032,0.0110271679721339,-0.00603903110368046,-0.020177756987381,-0.0266149610184071
0.0539806714185892,0.0365898012674872,0.0223771711708131,0.0431996446523569,0.0104294257019132,0.0882865678207188,-0.00755534129318348,0.00384094050930891,0.0148136944196924
0.0471265529252161,-0.0119677374903669,-0.00172752583502671,0.000549451436897649,0.00161216198024025,0.0784933140196856,-0.0154535926395589,-0.0295085467610671,-0.0139379695401043
-0.0192587277264853,-0.0206453692676442,-0.0232481446681512,-0.0371747319193078,-0.00834241375268716,-0.0504540082564212,-0.00556141733651787,-0.0132038055783804,-0.0132503366386404
0.0274661380085397,0.00989068273005849,0.0529746864408178,0.058165759498687,5.03144868682237e-05,0.0399316213416869,-0.0091269402265958,-0.000322475575533543,0.00988208614349748
-0.0361186283848088,-0.050362187374746,-0.0231407743642079,-0.0312687293141017,-0.0128016933749111,-0.0751499352137778,-0.0275349683658404,-0.022626101565487,-0.0114906470858206
0.043527310660586,-0.0130515163606831,-0.00868382811692868,0.0231867474983801,0.0121472813523886,0.0474898419996419,0.00176110701887578,0.0150969764991498,0.00773735719498631
-0.0376999414999994,0.0035998194844409,-0.0133898556398005,0.00324392021533694,-0.00832239180841682,-0.0626770390992385,-0.0179228930574793,0.00544288143202909,0.0069167982376234
-0.0235602979056427,0.015512882717071,-0.0112442284267452,0.0259946865301829,-0.0141855740309947,0.0232950354371494,0.00317375787110187,0.0240239913344768,-0.0135042990299053
-0.0729300031978719,-0.029143769253229,-0.02487750136704,-0.0454564889429913,-0.00828732651083653,-0.070546780783546,-0.00236165260371306,-0.0246212419243295,-0.0067114149770222
0.0614161458738519,0.0192892308300942,0.013751554857778,-0.0247317006436617,0.0140514044994986,0.0866314421456753,0.0161809562499335,-0.00150269220505506,-7.19633033699474e-05
-0.0640137494377431,-0.00869450715842548,-0.014609672193454,0.00645513033645566,0.0130296491615752,-0.0504549454980173,0.00726168848360866,-0.00759820643799571,0.00847746332290964
0.0168620072031283,0.0136694207033777,-0.00323576130456933,0.0281928249160501,0.00194724593160621,-0.0590729690594779,0.021500283484067,0.0275069602416639,0.0154327856923727
0.0872924914541108,0.0556169860977386,0.0259858796125667,0.0159558084607313,0.00154421901658156,0.0868791588305908,0.00444314916616072,0.00539324471677866,0.0242097631429152
0.0235984966223156,0.00902193879131372,-0.0177409840214859,0.0387965991278966,-0.0103419897863242,0.0580546005593141,0.00809636204027,0.00504912062833371,0.012882309928167
0.0102056199430159,0.00906167433094851,0.00409396820272231,-0.000916090116778785,-0.00873368914638585,-0.0296984652622344,-0.0198098709373073,0.0155113362075748,0.00478008047447813
-0.0679896322789102,-0.0528691718021715,-0.0428392717448852,-0.0626863804147437,0.00404663499401643,-0.0919801793600349,0.0122248144413239,-0.0374651454911679,-0.0221296911456394
-0.00181435756969995,-0.0213926145459433,0.00684430248307023,-0.00154923472695117,-0.0124223707226494,0.00479157215075884,0.00425381553090795,0.0121409947548695,-0.0220003324207907
0.0231492750325561,0.00346690681265476,-0.00787978064120509,0.0475112368336926,0.0159309286039398,0.047806570644252,0.0274630188299427,0.0219525096128497,0.0185916474939755
-0.0675879705231203,-0.0245339437801739,-0.031930598385622,-0.042278009230897,-0.016743342706261,-0.0808912312104568,0.0197044224046234,-0.0470730288211856,-0.0479655401461058
0.0379288634701248,-0.0231165272310837,-0.0182950888097493,0.0195878134285047,0.00150462759296884,0.0405390747561265,0.0173158603897465,-0.00921670446512643,-0.00507351349001489
0.0477400316717586,0.00545477669002228,0.0270808529840753,0.0532444171597316,-0.00238873689428675,0.111973186383718,0.0390137842613628,0.00961536361873514,0.0389979731442468
0.0565400128623889,-0.00984869739807343,0.00253848133497896,0.0297044091464125,0.0316978451066646,-0.0294143315351187,0.0206745457068545,0.0191107745074939,-0.00299810145156135
0.0677567977821925,0.0267876268929143,0.0150730502739815,0.0165056767178436,-0.00108805122604881,0.021570245464964,0.0179541835042762,0.0173234593065705,0.00191505598313664
0.0166968073716805,-0.00593015960148684,0.0153398713653793,0.0173358077761277,0.00152631061558773,0.0636224139678808,0.011746506080392,0.000707060299246265,0.0113142659053687
-0.0120576500034998,0.0119592274143113,0.00233712758599158,0.00960240023497434,0.000103483863257812,-0.00499366187348536,0.00641387984105625,0.00208248920589354,0.00686182658996003
-0.0373060794377752,-0.0376131476602551,-0.0526239886486806,-0.0144585499223372,-0.0108531239876704,-0.0557424134864268,-0.0236231079759745,-0.005863857917482,-0.00924662284260507
-0.028345468437883,0.000551395623132887,1.04691767500663e-05,-0.0311859287365464,-0.0137551038487781,-0.0165540340788337,-0.0148988908665721,-0.007508825075668,-0.00651844591323687
-0.0494874461625916,-0.0263467287380947,-0.0212494582765319,-0.0307385573695824,0.0117484189753731,-0.00382538418837862,0.00179087909605248,0.00169094628532812,0.00474650334673345
-0.0185540419213297,0.0169368500830363,0.0121173575180198,-0.0141526428276342,-0.0112438520109652,-0.0120032411439522,-0.0101135710046298,0.00790092973378503,0.0044156337214907
0.0449369139094635,0.00755443233212414,-0.0109284303968986,-0.0105531227447625,0.0162554353537012,-0.0269151012262758,0.0105599533909822,0.0365280077878989,0.0270535015187529
0.113079013439122,0.0360469323220606,0.0194957996561233,-0.029060557054358,-0.0113992732297267,0.00561963230405156,-0.0234616390267573,-0.00220169076011993,-0.012134335743354
-0.0030536217356185,-0.00981096753245339,-0.00551216640207873,0.00544680578295622,-0.00747747256090981,-0.020949002910704,-0.0260753044458699,-0.0157478844364587,0.00837255048330655
0.0687819679579691,0.0386438154135837,0.0475560314674446,0.00696407366386962,-0.00457831048700664,0.0444399095093885,-0.0202544309049012,-0.0175655518535816,-0.0158268508479305
-0.025175163984776,0.0208595142198922,-0.0109019526823908,-0.0132699044141704,0.00325151541334559,-0.0260462463827346,-0.00473224144796026,0.0136551491800377,0.000907175155004298
-0.0422769916132878,-0.0261226319680239,-0.0209056064343653,-0.00682881665514211,0.00848594764633744,-0.0369421138756306,0.00417038713147925,-0.0124327350121807,0.00689190154795424
0.0580265451869323,-0.00952036582915432,-0.0056841880065852,0.000573478575975681,0.0124367320416558,0.0598400692707002,0.0181628307046687,0.00793030119688288,0.00742792896397099
0.142088432432124,0.0247417231499891,0.0285496549014149,0.0364931347262849,0.0142252373546319,0.0898524349320472,0.0206685474151454,0.0251996320979244,0.0218159917659341
0.0136655849662832,-0.0286779923503748,0.000410081388267646,0.0141488956995314,-0.0126310164746311,-0.0263124167534021,-0.00250077365703875,-0.0304941843420453,-0.0110516869585628
0.00860518122193289,-0.0441291491042739,-0.0165892967435857,0.00217429223081086,-0.0013014541808286,-0.000739614907540491,-0.00598127707891013,-0.00852052677339245,-0.00988468654693679
0.020862027897474,-0.0122324199804404,-0.0243819553936407,0.02798781962414,-0.00132261490833839,0.0324451527790488,-0.00328225510764556,0.00853865704217888,0.0188328977273996
0.016731743727216,0.0124953829857323,0.0174925397079103,0.0265792824536599,0.00683903183853085,-0.0339711000733511,-0.00483215665687537,0.0144573925149469,0.00639827344754571
0.0190454382746545,0.0113222904500771,0.00501166332395805,0.00645647694118637,-0.0053705402164639,0.0254025606664697,-0.0213026205815261,0.0222664318275333,0.018614400215957
-0.0332528423021151,-0.0397678978493118,-0.0180300828141644,-0.0311433183471546,-0.00387694051648131,-0.0543352897753786,-0.00356536709266771,-0.00709183020849737,-0.00882389142062876
-0.0200523586510551,-0.0040645582283161,-0.0247025061235909,-0.0250892122376409,-0.0111641779796091,-0.0662621900018388,-0.000876770600646812,0.00486160752230472,-0.0129038999987378
0.0139436918465958,0.0144200429403395,-0.00404470625115113,-0.0101114044853944,0.0194019663896264,0.0128127123699852,0.0166442331872163,0.0123250215915533,0.0229782391618963
0.0855504111089635,0.00475659158887853,0.017907369067688,0.0196020099716263,0.0116075864700148,-0.0102430801034463,0.00125277409159088,0.00359971229521575,-0.0017310813205065
-0.0753169402512666,-0.0384150820827673,-0.0376343178946577,-0.0208131507331257,-0.00805732508691583,-0.0799415666830329,-0.02564319638291,-0.010869747380754,-0.0202358728541111
0.0852447350933474,0.0461552369246721,0.0408398666489501,0.122908409882401,0.0125177754237918,0.0460180432818824,0.00434989847538717,0.0339177658131284,0.0430333058113746
-0.0504233355974616,-0.011628692801187,-0.0182470107582099,-0.0243456532511644,0.00535199905611122,-0.0527570593151842,0.00111086189118366,0.0068228633093308,0.00772241169068562
-0.0175057947377633,0.00806093948685383,-0.011376049155681,-0.0245774655008068,0.0035378119444599,-0.0351901552972097,-0.00899783646111992,0.000761750231332241,0.0123401470700665
0.0632096239377537,0.0083928892413294,0.00754994500687999,0.0199152772038821,-0.00951513488036716,0.0348125511816659,-0.00046819241382788,0.0218244528559075,-0.000356846421183939
-0.0390319823541331,-0.0127812356802286,-0.0153132375237919,-0.0326541362902181,0.000155571643573448,-0.048415635818574,-0.0162417666015859,0.0178901327778069,0.0183416243219623
0.0320200391343564,-0.033500530925766,-0.0141499685961557,0.0059729841338208,-0.00335096635019899,-0.0748305701752343,0.0045151315613559,-0.0113437536128695,0.00321051091914889
-0.0615228360545279,-0.0263230124077264,-0.0177734026541043,-0.0415119751247734,-0.00979014269911669,-0.0443028711144295,0.000141019149595927,-0.0321946709670927,-0.016122492853523
0.0292351069431136,0.0150938817304383,0.0260498606673608,0.0380952494268518,0.00501840202019006,0.059834312205079,-0.0206993987327512,0.0103687033568301,0.010890618505313
0.00657568100509545,0.00857565790919163,0.00823077198789535,0.00853673487201061,0.0110636633597984,-0.00498738281077534,-0.00333062953267276,0.00488391151648973,-0.00415726831775694
-0.0172893676765835,-0.0105120836135889,-0.00908153835000625,0.0329194861897654,-0.00516844082907428,0.0396686307572771,-0.0090623332829746,0.00208902347109246,-0.00949343989164731
0.000361191582103449,-0.00500518460793527,0.00366181365015053,0.0150020479895725,0.00787553063022018,0.0172019314517511,-0.00248409995585458,0.0112763380508048,0.0205233452691596
-0.0514136107939848,-0.0118131704492046,-0.017777320623455,-0.0387974929136844,0.000954602927381888,-0.0572172653197578,0.0087139000169284,-0.0105490877145389,-0.0104030223159429
0.0198907722389915,0.00285615183629686,0.00271921907853931,0.00380081151294914,-0.0120228797541523,0.00677677238231565,-0.0114872133093743,0.00291546284275202,-0.0252473284927783
0.0223815201707798,0.00976833106020583,-0.015330283799513,0.00466670935946979,0.0138708532232117,-0.013301990700245,0.0240295953796581,0.0127435819038731,0.00761178868575619
-0.0875527487133339,-0.0147893006410213,-0.0130222403689938,-0.0439161824874374,0.00370941287928375,-0.0608680214692355,-0.00796892352583158,-0.000911851286485627,0.000498071222335424
-0.0282368157929659,0.00509559879067699,-0.00183674183125147,0.00609351658406382,0.00166270886756546,-0.0188231618200311,0.000158237987738143,-0.00227683776078093,0.0011941418258726
-0.00918082468212788,0.00761430050886197,0.0181615057566794,-0.0131466931057514,0.0067111912513399,0.0270191472628263,0.00342940862204748,-0.0289892974242865,0.00306747914655354
-0.06687904407708,-0.045149047596816,-0.0208137702447308,-0.0188084652725376,-0.0108741434750187,-0.0280289424474619,-0.0138668118011555,-0.0266093310618313,-0.0345159055951485
0.0776628827044677,0.0361489300169514,0.0301820582477224,0.0470549071448107,0.00548821267550582,0.117495739426338,-0.0020501933789549,0.0214903248617896,0.005771698130491
-0.0294789017913673,0.00795091689409139,-0.0198543143497205,0.00541523779270999,0.0131312591313559,0.00837738767504034,-0.00635553155738583,-0.00461825436374278,0.00198084021301752
0.142582830268173,0.0522203197857088,0.0467399856834437,0.0164819709452069,0.0100724873416033,0.0602977420139148,-0.000440177182393487,0.0068033791991671,0.00594602485395654
0.0172021222308332,0.045025336408772,0.0181192734495953,0.0322135208867546,-0.0183991082906499,-0.0265432968748608,0.0002549743796183,0.0093345553698014,-0.0105107876010081
-0.00641321161792266,0.020866371614959,-0.00139326038975402,0.0239458197645481,-0.00507403317565946,-0.0299471245219556,0.015226600304298,0.00787739721165457,-0.0162608365277959
0.0404212153265075,-0.0102370237861617,0.0157499043807766,-0.00650371938378194,0.0170726234533653,0.0267800636382028,0.022270299122769,0.0141402953923766,0.0263832671861014
-0.0795675153757338,-0.0241473980247859,-0.041417413138046,-0.0385850358224573,-0.013664721755215,-0.108075069259081,-0.0102526445153702,-0.0215662525218994,0.00168219265492073
0.0155965044650767,0.00629844685716007,0.00515405922647382,0.0362948543235479,0.00314962445956534,-0.0130376246336576,0.0125820110983333,0.0254895834297185,0.00113706251289352
0.0158774216881625,0.00644572523634342,0.011825131493139,0.0563821897183696,-0.00136358389172289,-0.00247845685943828,0.0129204928528432,0.0259326459803786,0.00798184643466745
-0.0587318941380666,-0.0183411956000443,0.00480009522605226,-0.0213141918666063,-0.0378907251969982,-0.0695291900860103,-0.0109977574893987,-0.0504530450733558,-0.0312730001739036
-0.0535619936454583,-0.0177244602812581,-0.014189428586495,-0.0228210395356727,-0.0206717811682422,0.00045826296496601,-0.00907068764220635,-0.0120090708812651,-0.0263306326687767
0.117452224019741,0.0198675285399228,0.0279308584616385,0.0999733303467363,0.0152891283800815,0.139244732944291,0.00677544999959783,0.038364194250582,0.0201831806558509
-0.0381005205439835,-0.0285822547260802,-0.0316993210067889,-0.0510246477070922,-0.0165979990485504,-0.021172415715535,-0.0273408580247854,-0.0244416920218444,-0.0322529350532331
-0.0356282759868925,-0.00846673672985716,0.0041812823643952,-0.0140947611058239,-0.00495945895993137,-0.0342074832192526,-0.00735364941540779,-0.00147449200850893,0.00468530451938496
-0.0812679412292534,-0.00989785022602456,-0.0124608894439838,0.0236278193624892,-0.0022591723140698,-0.0916018283741324,0.000325450010829675,-0.00888966622692762,-0.00553907805335218
0.0650540396346387,0.0331521253348735,0.0171203599595012,0.0790902666229917,0.0241834425503796,-0.0193420382821788,0.0290037870543611,0.0327032388560406,0.0387655843133157
-0.0130109537245041,-0.0204668766190244,-0.026228238122397,-0.00162282164935458,-0.000335606397400695,-0.00216216012832611,-0.00400923628421338,0.0061360034244528,0.0127806724025146
0.0701703429493966,0.0241063563336401,0.0108021571016598,0.0119915218203467,0.0194283468708102,0.0468939478862283,0.0354696790632574,0.0291675434432652,0.024985781293253
0.0485893466058729,0.0301053775528457,0.0408500642026877,0.059272537089775,0.0137640508612704,0.123489518162976,-9.18158225540582e-06,0.00189757508809065,0.0218830356391371
-0.132372003362119,-0.0950726472228412,-0.0221620199548502,-0.0589550941072827,-0.0202052373142945,-0.096511718456247,-0.0171705903356141,-0.0501312709645076,-0.0501421124655274
0.00567796455812776,0.0287049758772552,0.0225326125255467,0.0550865774921744,0.0172598105883661,0.0256097200143111,0.0155294503101602,0.027712491931896,0.0317799181437822
-0.0383261419762532,-0.0481118914437632,-0.00648621896153993,-0.00545687159449412,-0.0119607888382346,-0.0479666320257991,-0.00292210055014742,-0.0133481456928512,-0.0120173287794203
-0.0128124332965582,-0.000339786108201052,-0.0184636872654354,0.0287861090965192,0.0142887836726383,-0.0265337442895452,0.00991638113699188,-0.00447015828385046,-0.0102749274815442
-0.0380020084311971,0.00580472513636223,-0.00664383189862994,-0.0101617921611102,0.00532128804941791,-0.0313353713632443,-0.0198859111989314,0.00364578903226852,0.00519202514582462
-0.0288749594007346,-0.00558599840885906,-0.0102105963231187,0.0124090161203755,0.009343217760645,0.00487359282686834,-0.00398295836721712,0.00542910746341362,0.0142267938982979
0.0034783610111386,0.0021150743593635,0.0165614682613802,-0.0103885485081796,-0.00922045910850443,0.0101408330521945,-0.00841600487803184,-0.000233158983780174,-0.0061379952508056
-0.0758449503714296,-0.0147168164663096,-0.0427636530901454,-0.0424497925730266,-0.017103760218103,-0.0205246012512523,-0.00593892912231838,-0.0353143896556226,-0.0110895338766102
-0.0396052969203208,-0.018595663900115,-0.00964907496945065,-0.0218278346394761,0.0135396836687656,-0.0428867240601583,-0.0102568501080843,-0.0227980129912147,0.00109723553699384
0.0566460456846945,0.0356310587800281,0.0384181617504986,0.0317345338633094,-0.00128648126195261,0.024623524671432,-0.00466401455974228,-0.00526155620748526,-0.00370897409657294
-0.0234195129376898,0.00789759240849963,-0.019916341083901,-0.0293324374947122,-0.00307480038168786,0.0109597552359758,-0.0116964483490861,-0.0263956810232791,-0.0255596317703586
0.0302446503100916,0.0141027804338825,0.0123629787836379,-0.013151345903703,0.0163941564109563,0.0207370217354469,0.00514964591512462,0.00546222958223781,0.0225047929855618
-0.00169518269669304,0.0127252515549481,0.0107303401293506,-0.00725752279441265,-0.0335609826420127,0.0246562017805639,-0.0102247531026658,0.000620502796756352,-0.00672307737531575
-0.0168396962709415,-0.0112996400342963,-0.00620506754126414,-0.00266802257790152,-0.0260910852930317,-0.0644658984484435,-0.0143922731903008,0.00293431837068157,-0.0432169793869744
-0.0458095156415497,-0.0245754337090371,-0.00653619698637198,-0.020892326661562,-0.0262065429678905,-0.120123175875549,-0.010417062693078,-0.00765238603536198,-0.0311351282572902
0.0661756477264581,0.0437364685506709,0.0426429786817036,0.0258596132692137,0.0319940166962071,0.0692536593801117,0.00971820141329659,0.0273301052248144,0.0362866399892382
0.0517934218686375,0.0262790603657503,0.0145192159247496,-0.00728810519830067,-0.0232720777058672,-0.0088608010351541,-0.0146770889097399,-0.0301848943207153,-0.017353031114684
-0.166161943955759,-0.0448492615234607,-0.0599372679865487,-0.0873597099996059,0.000554935814671094,-0.14410357320471,-0.000811077471585032,-0.0141968267988425,-0.00942164763587022
-0.0152265442395349,0.00729662838660267,-0.0184793244598571,-0.00493943924745017,0.0037536066840697,-0.0317819791013258,0.0123352348256731,0.0184401488340823,0.00518084460211295
-0.0707697560826579,-0.0072172754964084,-0.0236547586341184,-0.0369950403552035,-0.0127088101171509,-0.116784855838186,-0.0167929202828465,-0.00981838737466208,-0.00352972256484133
0.0137688541446119,-0.0454680903636841,-0.0352935585130706,0.0207161346819337,0.00019003105766781,-0.0163882032358507,0.0242250478252865,0.0043695067946397,0.0045105430317939
-0.0232520874746213,-0.0186357595871253,-0.0325683253196722,0.0061604630156993,-0.00698355944211342,0.00455512331613358,-0.0182411041072535,-0.0126551684945409,-0.0162596112767504
-0.0396306883467371,-0.0399232923835332,-0.0396154545176577,-0.00907274730635949,-0.0127782193734119,-0.000474970834560784,-0.0164169101099611,-0.00795560318533088,-0.00901156716295012
0.0115445162757501,0.0365441750834004,0.0452295708336239,0.0230806744518268,0.00288961624194644,0.0247046320702616,-0.0138497711212808,-0.00172300323949802,0.0242269246715874
-0.0796725305240383,-0.0430152456131789,-0.056932931209335,-0.0606152164078101,-0.00402581035925299,-0.0781572963114625,0.000106612379397841,-0.0296221574782351,-0.000318913893702873
-0.024254197554641,-0.0187748941447015,-0.00994623990711714,-0.0228897027381335,-9.18956591503634e-05,-0.0461275368189133,0.0144096928791745,0.00568632915472974,0.00505336079201157
0.0763680099104075,-0.0242896904038324,0.0171800750942782,0.0189437935185616,0.00981779224369909,0.124474775651323,0.00620821232421237,0.0128640271989544,-3.26442170677274e-05
0.0284357362160312,-0.0160932522420938,-0.016197909360982,-0.0322416320400864,0.0181688729987039,-0.00329323689267391,0.00460318459680206,0.0272031884851779,0.0159152284018156
0.0399377025223683,0.0241947749679134,0.0195995003032696,0.0463897914850822,0.00434899385845525,0.0129319479193104,0.00142780553320699,0.00804909881278531,0.00145606962941124
-0.0959521948574183,-0.0387238450940025,-0.0413780496602435,-0.0423028092236667,-0.0154781760828012,-0.0989949812915939,-0.0158019719493783,-0.0210370685637243,-0.0202077779787515
-0.00125453800555327,0.0065963409525114,-0.00774830113108562,0.0241420463893754,0.0165209897381899,-0.00674673112858895,0.00534695859217404,-0.00140439282131704,0.0123647592086768
-0.11281499315473,-0.0698257095584633,-0.0112431350988408,-0.0566610146827569,-0.024372237244047,-0.102803030968953,-0.0278303226870911,-0.0509552242013946,-0.0847060891227791
-0.019298317575471,-0.00985218931549134,-0.000163021873248594,0.00550029769031135,0.0054812901359776,-0.0236212629578271,-0.00301462869363068,-0.000857361553053988,0.0079944753325178
-0.0156885406800598,0.00674521572461351,-0.0098047282141513,-0.0205059920208333,-0.0200867168183425,-0.0158911363904867,-0.0169103976897979,-0.0265901607243988,-0.0313365477048742
0.0113829303935654,-0.0249641772216587,-0.0140319876941805,-0.0202993089526506,0.00651829485920216,0.0339885446085579,0.00248940937236059,0.00643772541212452,0.00963058640960653
-0.0487896547977552,-0.0131173277088055,0.000215694338811285,-0.0390229150022192,-0.00593756131985537,-0.0616346697054921,-0.0189995480381865,-0.031834283630909,-0.0201721577192773
0.0237380386450442,0.0196500959185361,0.00638924811942366,0.0318331242331835,0.00408320503303337,0.00965426671275537,-0.0152238877887099,0.0258069880889372,0.0251560818720865
-0.00363136203449882,-0.0258381492987184,-0.029169190808773,-0.00360101617724997,-0.00703178762817734,-0.0133224329477748,0.0093030787847649,-0.0102702068545605,-0.0175143295186775
0.0255565647981115,-0.0254355982949961,-0.0142084228746314,-0.0230636371767135,0.00555695805500015,0.00921515002657118,0.0107438668067429,-0.00826302414565817,0.00708187533935737
-0.00672237753265639,0.0249114927900583,0.014820574694549,0.023049169046496,-0.00980961826734154,0.0310199825928684,-0.017037183412844,-0.00674506310479656,-0.0168372227283401
0.0116455409982521,-0.0167982014000127,-0.0195390942935129,0.0409402785051572,0.00799824453801098,-0.020177113703789,0.00619221579368916,0.00439823313217804,0.00370720901314976
0.0268425552082112,0.0170118129442181,0.0189418775373281,0.0199696946465388,0.00829913108699505,0.0892131384062984,0.00207469928287607,-0.00328300930389393,0.0109995606628571
0.00255149123564852,0.00717459863619506,0.0153841516263713,0.0256361854669302,-0.0089894859107077,-0.0162147525741113,-0.0161964612903256,0.00638149614912655,-0.0295182803141927
-0.0232737722297562,0.00536997785838891,-0.0171694268402074,-0.0299473184594913,0.0125872731759665,-0.020233687560051,0.00901109392746415,0.0109645880335903,0.00755793548818629
-0.000975579865830136,0.019403976512021,0.0109653467580011,0.0377545741947952,0.00882557966922669,0.0267762290677699,0.00740770998488021,0.0259207264487765,0.000354123483916356
-0.0360151050572709,-0.0567647529746387,-0.0118163936668618,-0.036370410565391,0.000595672647370422,-0.0597132878707219,0.000419418127905161,-0.00871828822569768,-0.00663359593796239
-0.102136527211839,-0.0339856790443731,0.00368594175203235,-0.0688897185495168,-0.034395287847494,-0.124942426234988,0.00891244767992484,-0.0494887500652323,-0.0712227795990696
-0.0232024290593718,-0.0103755391870861,0.00489706595672598,-0.0152003791528812,-0.00627046247926377,-0.0310897921687672,-0.00196156850530326,-0.0251027587120973,-0.0188639182305531
-0.00659745452782548,-0.0206660763450795,-0.0209489149197849,-0.00965367210672739,0.0141263233822751,-0.00399571366486437,0.0052633988636509,0.0129900536849622,0.000946249381493816
-0.0246919748839338,0.00435781695853005,-0.0272316617538225,0.00358717167238235,0.00406453017602654,0.0352847796283616,-0.00103625294727741,-0.0105106052509759,0.00444020846765445
-0.0127402109992882,0.0197850975436473,0.00332800202358448,0.0112010371910204,0.00385868484811946,-0.0119026138061456,0.0103330608650746,0.00799737644251759,0.00959154396491949
-0.0335931348346997,0.0017884876351451,0.00575616267354784,0.0189486394519694,-0.017200521547528,-0.043500851680469,-0.0148348912301274,0.0208530719005124,0.0124061529986497
0.103372797040772,0.0337584236219066,0.0356695053906745,0.0179852792604247,0.00357255321769448,0.0950573755765175,-0.00402046145622747,-0.00318044099247959,0.0217299114924268
0.0111665772911198,-0.0225471286136858,0.000791935278777382,-0.00435689389176116,-0.00913398540444812,0.0274015287490299,-0.022449689257759,0.00808636367834242,-0.00409359776030758
0.087327280469238,0.0396477883271947,0.0326770691432696,0.0177761186918593,0.0256523178675994,0.0939001643418852,0.0155260271911165,0.0131308170783292,0.0383202470407153
0.101529995843106,0.00307950463896935,0.0237996570470896,0.0139955475588882,-0.0059379737486463,0.133597859076382,-0.00071287889934992,0.00437224265138943,-0.00337683992991922
0.140444826126503,0.0312755262202265,0.0372857088949627,0.0299204827382244,0.0248425889399429,0.143389879005397,0.00886102691118691,0.027084147075626,0.0258209976385578
0.0515781153710959,0.03061029838507,0.0188531465357873,0.0281269256750354,0.0148107853250808,0.009407051471596,0.00351243128434383,-0.00419071778626468,0.0054886356251195
-0.040983313596381,-0.0134156814391397,-0.0306787285965542,0.00267624507271025,-0.0121689133820753,-0.0886896376354757,-0.000256888707683644,-0.0345681592430434,-0.00989321284971137
-0.00409693480249191,-0.00653286777515325,-0.0131875057815643,0.0168284399722449,0.0125124298878749,0.0696019650027086,-0.00222969502013663,-0.00618821872417323,0.0015330513451077
0.00833716026023142,0.00519069515684194,0.0132658273326423,-0.0044364611188177,0.00120791775548984,0.00668364336604246,-0.0119811160239927,-0.010393745268657,0.00907625707682905
-0.0229005517040697,0.0128268335736683,-0.011441296233854,-0.0279683480326604,0.000837585255702845,-0.0498647043846745,-0.00753577218161695,-0.0261231744124763,-0.00790988290757558
0.0333096022853363,-0.00459582873732795,-0.0134415509740442,0.0327314727958696,0.000135351680540255,0.0252688960757936,0.00463473070624765,0.019875831266736,0.0114403339936946
-0.0740363765976787,-0.0296091059603888,-0.0515705614155375,-0.0414415403073388,-0.00853386722512983,-0.0655954532526668,-0.0171327622557254,-0.0249305940011433,-0.0218065444175456
-0.0247785818281141,0.00824975663833268,-0.0104856219281126,-0.0475408575104972,-0.00108450318540112,-0.023296535960551,-0.00563140464826303,-0.00441717130157143,-0.0243154346327967
-0.0959812830244455,-0.0280998232888886,-0.00780374124411991,-0.0237184504041605,-0.00056009573232187,-0.0729848666543172,-0.0125605110671118,0.00417245640011526,-0.0172459601091895
-0.0196857166889549,-0.0194280480427814,-0.0156540991537646,-0.0214017021281867,-0.00828051366254938,-0.0513749237976383,-0.00215040052585868,0.00853547450769724,0.011099034895184
0.0891777682194601,0.0784788493028161,0.0657859749898222,0.0436423295060483,0.0237623185393773,0.0635769041104415,0.0200384159143578,0.0274192676907816,0.0178015671270727
0.148745424982617,0.0767483593028804,0.0568919460476392,0.0566127533546274,0.00682292202623675,-0.0371085368463782,0.0367268249331304,0.0349785337742363,0.0449824396737388
0.0109443972481213,0.0202247823744894,0.018215699109679,-0.016570120472863,0.00928906210851592,0.0109101143469092,-0.00033642483361702,-0.0129110585410768,0.00178763653373643
0.0499371824100806,0.0130677689594453,0.000238303911220566,0.0339677189866378,-0.00363059934509498,0.0223787211554418,0.000737592015668529,0.037385636387651,-0.000578108621435659
-0.0333100116035574,-0.000832897883114291,-0.0137011091207167,0.00642781307120764,0.00876893587560409,-0.00349601686197443,-0.00682508336022567,-0.0232903914844335,0.00955171584112396
-0.00980573079729423,-0.0476889930418896,-0.0378991041236638,-0.0201128002439565,-0.0225391852812334,-5.44985980165261e-05,-0.0253958515772274,-0.00388035385996999,-0.0216297100898029
-0.0140679478205358,-0.00112080236372584,-0.0277604463661738,0.00964361293681998,0.000830570713039875,-0.0205518541505024,0.00496741490704375,-0.00430996416034087,0.00340200286217491
0.0219741313290543,0.0201105995645746,0.00186162102106466,0.04043228654413,0.0110487939137119,0.0419618036872754,0.00982673945224036,0.0171569056917121,0.0204434596273102
-0.0642998247878047,-0.0124240499938222,-0.0584846330673203,-0.0176954194533455,-0.0262600477495744,-0.0717016254629373,-0.00485032860660755,-0.0103153354311598,-0.0125197386278895
0.0258022362308269,0.0194223836342604,0.00833070655443068,0.0120184124976918,0.00373934744376847,0.0334785828428833,-0.00613612638730309,0.0105058948947163,0.00529342765627407
-0.0418594703516559,-0.00481335978371342,0.00410299054622489,-0.0251043222309321,0.00341931740951403,-0.036400787948919,0.00160487247054269,0.00286459545628193,0.00101163391753401
-0.0381179689112192,-0.016877478172636,0.00500419747545994,0.00227376131918615,-0.0115724296445402,-0.0580264103522569,-0.0149774317465874,-0.0151689298434937,-0.0162641222916198
-0.00395206568704877,-0.0155977737432813,-0.0241245474557575,-0.00462472184861515,0.00111795929898203,0.00111393434275911,0.0241738403600409,0.0164786469548487,0.00986196904993187
0.0181973284130834,-0.010672853450252,0.0245807277858446,-0.0146955690406333,-0.0185574889888723,0.0374343557101387,-0.0122037257969067,-0.0131397803304154,-0.0257708318527304
-0.0152887392969571,0.0142170124572418,-0.0189322414804504,-0.00235359153494014,-0.00130866118375267,-0.0102111617484344,-0.00214446967906892,0.00674159384055013,-0.00341743247455754
-0.00443544661531185,-0.0328819339587915,-0.0314859869971865,-0.0213934022809766,0.0109257750933077,0.012581500051494,0.00289524699085842,0.00992250296611466,0.0137905251283262
0.074513058021407,0.0202930559056829,0.0107252270954109,0.0213359687480105,-0.000538651481563288,0.0803723114976479,-0.00186888550554945,0.0152912359923173,0.0191720736978303
-0.048522579724895,-0.0239020460712823,-0.0374494106319192,0.00281478070319887,-0.0146240786202788,0.0606498296226726,-0.00216901569850177,-0.00920239010066816,-0.00795320264736495
0.00946904295224936,-0.039588518767061,0.00395690392164424,0.0114652855105273,0.00602755368409026,0.00300078960358381,0.000631817005518729,0.00588480878861407,0.00484415113490553
-0.0223916301729025,-0.0242539766813084,-0.0095090696063414,0.0086768011345594,0.0130379893262076,-0.0184289879648347,0.0167644285036431,0.018667892496957,0.0210857086844263
-0.0856705973161101,-0.0351951820292767,-0.0523070875229886,-0.0488142519970083,-0.0100027348337081,-0.0867696923851134,0.00314593704130211,-0.032364351440266,-0.0126986689199123
0.03708637648125,0.0305360865703791,0.0170303627673506,0.0384485423002916,0.0322111273873097,0.0572973333597138,0.0372005438961606,0.0314132270445024,0.0415262689044147
-0.0467507921035647,-0.026036874429021,-0.0272278822368601,-0.0217376301404621,-0.0029257708622993,-0.00549865945077078,-0.00356928883678883,0.00670134133576118,0.00204268465612283
-0.000473616387281281,0.0327740305850417,0.0306695824931546,0.0210046810362516,0.0153568206242706,-0.0175320428922848,0.0344741403848075,0.0521906901705496,0.043864484988869
0.0435698870665224,-0.0224128667349544,0.00015196731660514,0.000419215855327241,0.00518141462413685,-0.028970539379944,-0.00533448429330299,0.0170354559627413,-0.00393535340633632
0.00257389642848363,0.00794931547757943,-0.0129175863737316,0.00258069262157416,0.00428134319078168,0.00821018215291628,-0.0132946992323656,0.0159180497576889,0.014894299441446
-0.0846860227843329,0.00949306584410664,-0.0605479868597985,-0.0443612826962434,-0.0116411246122135,-0.0793559479651965,-0.00119793997806067,-0.000325539735622131,-0.0118325642418777
-0.00091572303654575,-0.015441596521005,-0.0193008207263556,-0.0338572054805776,-0.00696183548488783,-0.00518647306090488,-0.00552302709396551,-0.00108397474917335,0.000157481079184664
-0.0701323501228519,-0.0254697674282598,-0.0363341219923702,0.012145268379015,-0.00226797083347824,-0.0554307842944351,-0.00520354827085707,0.00346400839436465,-0.0078833599635056
0.0121635239722671,0.0120600764483346,-7.74041583534186e-06,0.0374241295370459,0.00575997071627986,0.00491030026311936,0.00506043488100603,0.0125072214480461,0.0236955509909466
0.0230934546934366,0.0158687442038514,-0.000419983637429348,0.0131489725277181,-0.0019325612867104,0.0111000666441833,0.00751292421976421,-0.00604341690526532,0.00278983106287416
-0.0446164605867698,-0.0346232311879975,-0.0122505211893443,-0.0197860894959648,-0.0326162030013367,-0.0213271996074737,-0.0324199253012776,-0.0238951043255394,-0.0407150905441747
0.0715519444228939,0.0470578467766466,0.0477606411898897,0.0380937787068047,0.0300823075969431,0.0436261543867405,0.0359603088631675,0.0407448838946798,0.0298777762876427
-0.059096775725474,0.00118252357020185,-0.0350106975169608,-0.0187022629669425,0.00277970589370947,-0.0755163954510081,-0.00973748065513159,0.00727714504058008,-0.00364779430893185
0.00457324038522107,0.0193614882056866,0.00870569710420556,0.0123639600909803,0.0155927711590159,0.0447049459241503,0.0250424855648457,0.0156973232187079,0.0127204200564731
-0.122672635106578,-0.00672344926031903,-0.0354781011028386,-0.0331111149525115,-0.00983604047672272,-0.0908811805336585,-0.0178276028773854,-0.0354448851479856,-0.021513074217635
-0.0325644113886588,0.0311819200930216,-0.0156225423111915,-0.0188228469024999,-0.00455690395625387,-0.0427491623078616,-0.0252913378969501,-0.033938737480424,-0.0423035934048422
-0.0821843342199094,-0.0227218895435973,-0.0406190803632802,-0.0313392031264059,-0.013407317730119,-0.0899048580473166,-0.0183288561220817,-0.0245663069401223,-0.00890839219920037
0.0727991097740737,0.0522432437868353,0.0357249362944252,0.0113243320257113,-0.00425429998818678,0.102692951694177,0.0124538830212033,0.0108539123640047,0.0288248651693526
0.0570369932538389,0.00884219541000527,0.0122488569779349,0.0144548959010743,0.00721264011864004,0.074761390784909,0.00312910971346174,0.0220878002544184,0.0154500633892178
-0.000999040145384827,-0.00820771742970304,-0.00112082221525573,0.0349234526378935,-0.00570300355230754,-0.0182783187308208,0.00604563701511941,0.00633571961513654,0.00110473725159304
-0.0092261240595586,-0.0308305947432029,-0.0406956163833782,0.00108275309281125,-0.0184674969430509,0.0255139773068333,-0.0163185735861019,0.00379693640093,-0.0266183178587982
-0.0665696266423804,0.0168026931945463,-0.0572812720099751,0.0206945174672163,-0.000331628179365562,-0.0446983227471472,0.00939471212221109,0.00374132392856845,0.0201324400194903
-0.0724585236432985,-0.0193679910095428,-0.0236739498498241,-0.0206351978602626,0.00539741255273291,-0.0379503301009197,-0.0121044483842094,-0.0113636995016741,-0.0168491662168387
0.0079798364287717,-0.00288448235294638,0.00580467244556349,0.0111323337813587,-0.0121225904467414,0.000899786728715501,0.0119221123538683,-0.00997393469511361,-0.0189397624692141
0.0341782383765863,0.0376040650095533,0.0388367640883175,0.054303254007723,0.00895501744083158,0.0294870955276844,0.0299441969277791,0.0186762308337019,0.0116799845299061
0.0303114075468885,-0.0134500686109927,0.0120897496113859,-0.00415063305328659,-0.0116866606719849,0.0146127944876796,0.00404105781836479,-0.0278872868543078,-0.0197732295300156
0.0298417212693758,0.0106333640165274,0.0200766774739761,0.0308319616587733,-0.00565267140214655,0.0115028257805468,0.00902008728081756,-0.0128314455800326,-0.00732893218602851
0.00511832972829332,0.0218887358476254,0.024540711850106,0.0332292021440584,0.00645921602419285,-0.00224116541072387,0.0293269177578046,0.00692805512795628,0.0198553309717494
-0.0561686459928679,-0.0366774240188551,-0.0260107374583807,-0.0217898465890933,0.00586150729245651,-0.00895649470204411,-0.00627268703696366,-0.021019163502199,-0.00384241500659925
-0.0417379757356784,0.0252495343801949,-0.0320056517219507,0.00332166422999581,-0.00605835811067652,-0.0263112772138942,0.00194146916440103,0.0180111943045636,0.0100011039742505
0.0983018014078219,-0.0114739017248289,-0.0107841025784168,0.0430689031603586,0.00639322591003624,0.0748249851951063,0.0172949251122906,0.0302060492054706,0.00117257152141233
0.0145625493168588,-0.0207424057146933,-0.0160168539570765,-0.0178514480857589,-0.00592952895120406,0.00827231538571745,0.0071464641271964,-0.00257658981614631,-0.00484048626740812
-0.0223305667782133,-0.0161752756155628,0.000171074457750973,0.02055157723053,0.00561939315635073,-0.0240751169878639,0.00932469696095751,0.0207463518698147,-0.00406085346969368
0.104056090758764,-0.00307696975159435,0.0418407668386823,0.0232548444156856,0.00081192368035992,0.0800915977472402,0.00833095212235882,0.00173837294421011,0.017670105977199
-0.0151274176951587,0.0252140562085864,0.00483055168445512,-0.0146089164258455,0.00551219348547305,-0.0562923549021384,0.0101126553350947,0.000730224855768882,0.0034933950115784
-0.0344192843598458,0.0308315000493888,-0.0171729336214721,0.0148145723643332,0.00342991913236715,-0.0297262892796374,0.0175702328963212,0.00240678931414414,0.00250948146540601
0.118515015686716,0.0280489445334377,0.027511554683888,0.0358147374651933,0.0217427728618772,0.158026925220819,0.0228068054268481,0.0265689229671795,0.0467201736958893
-0.0637741707337281,0.0144889077730366,-0.0366308987552789,-0.0363840618036544,0.00142196267609038,-0.053530395063904,-0.0117110688322365,0.0136519369001507,0.00360470843609886
-0.0132563227645441,-0.00747784142244481,-0.0160989242286671,0.0261214192192272,0.0244911137818975,0.0290987170117086,0.011701827929314,0.0139313438067905,0.0178897077665639
-0.00187444375927933,-0.0214698725637396,0.0136189076181391,0.000386343870968274,-0.0135093444220161,-0.0245697464931884,0.00696247056164139,-0.0312531370570615,-0.01904255145359
0.0930293720435038,0.0221885873969082,0.0158918980908842,0.0324852505973448,0.0158775618111841,0.0749530378750552,0.0296489555451866,0.0245290846176001,0.0450497551632416
0.0354389632005196,0.0182249231315666,-0.00055518468982398,0.0245623851568645,0.00712667871675929,0.0138357023618077,0.00880544505872285,0.00309684375265409,0.0180568432353893
0.00355580363191034,0.0348367187616597,0.0295203499753098,0.00664609964686121,0.00831227303245001,0.0104000066900019,0.000459070597887039,0.00284003744876757,0.0156247497475495
0.0161511092940573,0.00858596914905401,0.00772718075028643,0.0164262444952926,0.00866439489694953,-0.000365014330980954,-0.00158846471023679,-0.0128517006370295,0.0157168993913411
0.0123103025040099,-0.0270702677678002,-0.00510901330297977,0.0316827600064332,-0.00116482567253574,0.0398446637594809,0.00405720111539531,0.00132458390903056,0.0354627128610812
-0.00826041530535742,-0.0186140267124716,-0.019040608801579,-0.0412454878961276,-0.00456212166631417,-0.0270329072412801,-0.00244884067498197,-0.0158373993076595,-0.00369648343629053
0.00875417983971798,-0.0105823387429589,-0.00685271336317682,0.0116705119588746,0.00723916490619679,0.00586050862636503,-0.00172421798027259,0.000557090772962667,0.0135984839559966
0.00576962301368896,-0.00396070817045585,0.0179779802061072,-0.00835350872532984,0.00816500768733421,0.0390273674113971,-0.00827276676939086,-0.00341331070831015,9.06760853020364e-05
0.0232337128581618,0.000482350042957521,-0.0121830332514766,0.00996754489971553,0.00478422700509284,-0.0186819725055113,0.0108922703392673,0.0124497941003443,0.000747908884373569
0.0380735947386866,0.0128269607762459,0.0109279543683209,0.0309925954633575,-0.00649541789617922,0.062077035610021,-0.00129903210068029,0.0130977621198927,-0.00937152183295922
0.0357881145468559,-0.0210048792338396,-0.00335176687619934,0.0134516920462351,-0.0211451401640186,0.0633930229107794,-0.0141090847826825,0.00140452067507533,-0.030279850881636
0.0356414716603122,-0.000990155125044873,0.0141210214408386,-0.00592028024109005,0.0153081428248439,0.00231193788025164,0.0155598654813953,-0.0115902461386189,0.0153362851966443
-0.0489971282917624,-0.0214212507419585,-0.0569479547332241,0.00747840859871405,0.00661243389727127,-0.0145701010151236,0.024799009636084,0.0256467368738644,0.0305691103177747
-0.0667686844852793,-0.0379512145010498,-0.0497619852532669,-0.0363210792947089,-0.0125901032845028,-0.017358534682716,-0.00922151512308997,-0.03887907113723,-0.014828432201784
0.00089136907383722,-0.00159328623052564,0.0166740024846616,-0.00546733848804582,-0.00185743408660123,0.0108952013082693,-0.0127107562079082,0.00178530554831605,-0.0010349899888054
-0.108812292282527,0.0125266290383603,0.00309940006188535,-0.0650394313726638,-0.00741191561396863,-0.10771217849727,-0.0194302474593165,-0.0332304014289472,-0.0108059281143337
-0.0248159827716595,0.0151095235826066,-0.00452109114214435,0.036465332017393,-0.0140120641439958,0.00276467118017409,-0.00227239791214451,-0.00538941094577211,-0.00613204102977085
-0.0513633080194677,-0.00151837002001752,-0.0384702805245325,-0.0130878043414926,0.00988034619876104,-0.0481446482334168,0.0049234542757774,-0.00806067925918335,0.00521989693231791
0.0396540241542908,0.046800404313393,0.0397117016354444,0.0121240322838737,-0.0280074648847277,0.0404182101142454,0.00418059666446309,0.000367908016027959,0.0280440704456291
-0.0546262870107767,0.0024128598280396,-0.0105135777377349,-0.0238678608419413,0.0139664526406685,-0.0561324857038268,-0.00317722920373902,0.00827973398606662,0.00742850367071788
0.0581397963496389,0.0208727577074503,0.0243165191546784,0.0282544225514927,0.0302836623846315,0.073743657063128,0.029849773101917,0.0331588805571647,0.0415143289877584
0.0965184873884073,0.013186804422235,0.0166339975990851,0.0237776795743853,0.013252947698829,0.112839220305273,0.0118315417363041,0.00889686017927339,0.022243456530801
-0.0277358625650576,0.00588376824092174,0.00190130737881657,-0.0236293633004602,0.00421757456781038,-0.0692143149655476,-0.00905313708601208,0.00393134312579799,-0.0130220851893542
0.0077133335435378,0.0074022752637276,0.0101963734601155,-0.00800229882338903,-0.00507434033593649,0.00619614321251833,-0.00338568697023092,-0.0154409822103453,-0.00504326448829337
0.021431345093312,-0.00216551943491208,0.00907668703051652,-0.000715712471474778,0.0184294598018246,0.029905454323917,0.00013294662923964,0.00316832771424162,0.0266073173171505
0.0467182824064991,-0.0014814631906129,0.010842495761306,-0.0215360486005048,0.0270613090193263,0.00910696199395967,0.0232093502716069,0.00548963594415072,0.0211095970553571
-0.063008145331416,-0.0313988684688829,0.0166466715595199,-0.0283968715506251,-0.00485150716526375,-0.0221546469813442,-0.0231126076519857,-0.0405167402673843,-0.0249436523917312
-0.0163167319783114,0.0173586357916541,0.0168707043040016,-0.0141447699477496,0.019920741037829,-0.0365616962626234,0.0163318124066496,-0.00131440373347581,0.0102714030799918
0.0535216959121422,-0.00167621010911915,0.000925326117263188,0.025032259616835,0.000400949949154767,0.013357649240167,0.005951531992364,-0.0106368923796709,-0.012685642860967
0.0498784285177584,-0.0364672614270529,-0.011564946128745,0.0384575541395543,-0.000649834163785821,0.0330633693436025,-0.00852032161964099,-0.00922722835716459,-0.00201581865285624
-0.0719789661183556,-0.0299067501962414,-0.0291701431433275,-0.0167949693464219,0.0110075662095956,-0.0929887009216151,0.00141832156430956,-0.0232092763738371,-0.00667873607757428
-0.0662638263455586,-0.00781993238049469,-0.0134835274946198,-0.0382469526847905,0.00634604909903893,-0.0480182781754107,-0.0121649334910392,-0.0177917811230043,-0.0204769494136749
0.0107538813697932,0.0235911608897797,0.0101070864969538,0.0382075027340728,0.0177410407462005,0.0356561214372604,0.0217492910228769,0.00799092188287421,0.0126354044537693
0.0233225371917457,-0.000955847285783286,0.00702963283337639,0.0139865737543816,-0.0164481299225515,0.0116615609184843,-0.00803171728885279,-0.0175427268305532,-0.0102769521626689
0.0043940351865445,0.0410572638850806,0.0235537535181877,0.0403761585058603,0.0264098279988908,0.0257657496247991,0.027494656228418,0.0420003616027957,0.0165131401190024
-0.0278942433452532,0.0141189551033801,-0.0213723163957543,-0.0026528277937804,-0.000201314186554987,0.00302725883659313,-0.0148049326234388,-0.000144053217859834,-0.00963339706741761
-0.0133380634462325,-0.00448689003695552,-0.00755031047842918,0.0256906788242462,-0.0069349592737723,0.00368895177635828,0.00322102009787714,-0.0125462234286826,-0.0155167123414136
0.0209812262574054,-0.00322286702585776,0.00592103070888281,0.0378912143808831,0.0183498591812692,0.0423727629958229,0.0281111680725927,0.00595090378220854,0.0286812494679882
0.0505591830603588,0.0313621548249725,0.020779964865421,-0.0151682816666836,-0.0147561464559445,0.0487553185557818,-0.0137260018467654,0.0277232185509971,-0.0173547419313781
-0.0411491013561293,-0.00947796750546494,-0.00251056186001319,-0.00686431941717056,-0.0106195379511829,-0.0424467249801365,0.0121574654131379,-0.0245886836341669,-0.0281611273908051
-0.0685936178872007,-0.0481186066781423,-0.0461118005761694,-0.0562782716325785,-0.0214206391828706,-0.0278191709865071,-0.037427171290306,-0.017404706091729,-0.00721354417022394
0.0893982910186094,0.0780386215794552,0.0709768103400212,0.0211097313532586,0.0244352631580127,0.0850890590539032,0.00530858646314326,0.00269533355827057,0.0411856416186321
0.024142453942855,0.0313927046382736,0.0110999448028053,0.0020379750779849,0.00478125935659322,-0.0332239722863159,-0.019286015689613,0.0107273906293557,0.0144834882163135
0.0222546206170236,0.0241688603908951,-0.0143902171624678,0.0344262374391846,0.00916290089748217,-0.0091515389050617,0.0243868851362614,0.0136209811694176,0.0256003371806701
0.0226609492590353,0.00619212506553529,-0.00921040619729837,0.0195988261402844,-0.00280940537517844,0.0363465826701772,-0.00364320793686119,-0.0093919816602095,-0.0245752042556313
-0.0482931271685892,-0.00340950029135898,-0.0324991176504328,-0.0281709099755406,-0.000168810554587316,0.0298719413291183,-0.00953274086653728,-0.0337822086845706,-0.00865133651304755
0.00816583616749153,0.0193054736589877,0.0177345569102851,-0.00496754993770207,0.0270453130469371,0.0101131013331411,-0.00996182549345033,0.0349539996134955,0.0316372958564514
-0.0206043621335401,-0.0469316069965674,-0.0286182172161229,0.00309156227361749,0.0063842749900398,-0.0421691870044365,-0.00533843224301787,-0.0136286772403202,-0.0129448746945138
0.0328433009224826,-0.0158155409322084,-0.0164798794749027,0.0153491480103326,0.00130330213009716,-0.0387270732904227,0.00752009078556465,0.0209770276293527,-0.00264960252881056
-0.0153685916404182,0.000399800527934078,-0.0393378775751352,-0.013595807164329,-0.0102693027934565,-0.00129525352912821,-0.0012022712116902,0.008058594009866,0.00721525337571534
-0.0196296164218189,0.0151628803471159,-0.0204237173480611,0.0483501097829529,0.00236870475394474,-0.0285415289500634,0.0158522395419944,0.00885160477505735,0.010362080806532
0.00662655923441411,-0.00901668448080716,-0.00677961559069966,0.0386062177466929,0.00252380052464777,-0.00916409842258891,0.00239887879523838,0.0106664515531088,0.00237401729730762
-0.068906769546836,-0.034670683895547,-0.0100164041462995,-0.00983235595280254,0.0136583568593659,-0.0353806475357507,-0.00702215654011958,-0.0111193693681727,0.0239456049272181
-0.0337496561457187,0.0194570195178484,0.011474008309509,-8.03723869290042e-05,-0.00567659093237468,0.0114662387471836,-0.00217290088324421,-0.000122688633259416,-0.0127540737435753
-0.00577035179476486,0.0211593541669264,-0.00554894911261823,0.00407209376951155,-0.0102972394904081,-0.0483035175426684,-0.000804724798396671,0.000214565283088264,0.00956366041018424
-0.0352537444747192,-0.00237220749410612,0.0368704707139506,0.0415770822084308,0.00118464669305394,0.00457645111041406,0.0326092596087873,0.012415992126848,-0.000937478446350911
0.0430945349325442,0.0239050821168546,-0.00431776213393134,0.0140945760777148,0.0169899370641449,-0.00243414399198402,0.032072129194521,0.0253783628841857,0.0300587054049545
0.0424389296462904,0.0121736088800837,0.0252805370119602,0.0604912127041853,0.0224109588616282,0.0777600199302309,-0.00242629501779179,0.026997825304912,0.0346197689080388
0.0933867299389495,0.0296935988442531,0.0283573291545271,0.0174242648933544,0.00794784940472216,0.115188985442595,0.00780343071791054,-0.00638122359198296,0.0157749324994886
-0.101660966441702,-0.0447532671609928,-0.0323916596050119,-0.0608436825096621,-0.0104925654999401,-0.12550909719578,-0.0379653823628793,-0.0215334832879512,-0.0228237779069945
-0.000653059620998297,-0.00168330026496427,-0.0078427688445402,-0.0255387778866342,-0.0200124597691688,-0.0290315173115554,0.0101658506330425,0.00482619722391978,-0.0132607823557984
0.0123967567212289,-0.0116927995372961,0.00164042525090965,-0.0411245659282102,0.00297762804996041,-0.00582344246424651,-0.0214120559823352,-0.0268126521339779,-0.00847346830936161
-0.00705757248729494,-0.0101666597539175,-0.0430372574347184,-0.00387428546861919,-0.00660469714640077,-0.00927576952526406,-0.0477280631220066,0.00188383174158953,0.00256968868952572
-0.0141052610374735,0.00801245824283948,0.0102387301272642,0.0180139334099977,0.0088464914357023,-0.0375553632541481,-0.0045090833459352,0.0219628164370458,0.0168694793618009
-0.00846623568864637,0.019297063222765,0.0226678638660951,-0.00696559362957243,0.0028829214710974,0.0131829338378534,0.0133484888246333,-0.00299246754841495,0.0154457396682252
-0.0373804226594282,0.00666324378289508,-0.0157226478455319,-0.000551174494332085,-0.00285688508093035,-0.0281660305692461,-0.0305049433965373,-0.00360117791971908,0.00725497200256563
0.0781743970049368,-0.00513152340251727,0.0142696815870093,0.01448175305758,0.0135224696373024,-0.0160259004997747,0.0176713331821237,0.00901805706484127,0.0207913695569195
0.0958920226606266,0.0573268558206363,0.0468855729081796,0.0794426440595388,0.00950262680707113,0.104895057168973,0.0136945570788583,0.0237976824352087,0.00809906657976928
0.00638283382347666,0.00204342873085173,-0.0121398004807714,0.0156591568112851,0.00670094957658675,0.0241089219961266,-0.0166973846389174,0.0056884002817424,0.00097581578277999
0.0687371059266672,0.0264528366241082,0.0245100347491002,0.0420293780711198,-0.00152670971901899,0.0433868989769495,-0.000941830761232237,0.035300503586008,0.00674032497050196
-0.038399965213769,-0.0188284450723613,-0.00286813982462901,-0.0114190581035656,0.00658588715715037,0.108332146976966,-0.0129951782006269,-0.0173745089091256,-0.0278864664955746
-0.00660909245347965,0.0215213536893188,-0.00257266187103193,0.0148224110397169,-0.00235854946474635,-0.0203647412276073,0.0179377746230249,0.000164195142328059,0.0302099682785242
0.00848679353180494,-0.00798044047193575,-0.0208751493221612,0.0302147528653198,0.0111323614024212,0.0155998548351644,0.0460242575463154,-0.00541720708789404,0.0286697202391841
-0.0365708705265756,-0.00162791302994307,-0.0293425159482279,-0.0435705441396947,-0.00198939673501348,-0.0235657004909141,0.00526175661642826,-0.0143264947689092,-0.0117302381120248
-0.0538708753470079,-0.00282049169767689,-0.0143653722716736,-0.0251160209851499,-0.0136481242190774,-0.0649276986973769,-0.0118806981505428,-0.0109086671161669,-0.0135077269456952
-0.00424530569540354,-0.013168734809328,-0.0240219347572069,0.00473107693294949,-0.00412777084479902,-0.0826375936927498,-0.0150811147922296,-0.0200588550802814,-0.0174200298259294
-0.0170119132602533,0.000561651972122809,-0.0107325921281916,0.0249072961296386,-0.0032154126408201,0.0369644537004063,0.00537077311560949,0.0276457037447366,-0.006499748509329
0.0568638585257494,0.0133635770867442,0.0208687018628879,0.0193509599565491,-0.00241778802470941,0.0157857899896097,0.0145593677758104,0.0417368611405636,0.0142214817407562
0.0532429851302679,0.0383127756263009,0.027758150928463,0.0591345795971683,0.0327629717063892,0.0839577468362953,0.0139258556759357,0.0175191299852091,0.0501083258962933
0.0801542144671794,0.0470114484825147,0.0365205408401382,0.00851328004872462,0.0140891547664033,0.0578794603290439,0.0164782935279366,0.0204358224915294,0.0224463618479166
-0.00319363603040893,-0.00538634848176454,-0.00391215116240071,0.0122213845134442,-0.0133769128918972,-0.000553976556032957,0.00804207318425621,0.00912504625921946,-0.00737696640914015
-0.0122351554940173,-0.0225311881582584,0.0062501113582413,-0.0284989134274237,0.00524258960694768,-0.0190196489951091,-0.00713777275185641,-0.0251796809697889,-0.00360959353871774
0.0116165173226003,0.0515887498057469,0.0388000073721201,0.0218576433160563,-0.0155781101177005,0.00730865578950098,0.011306301216941,0.0367155329537636,-0.0199117192790449
-0.134172583536752,-0.0246603923492949,-0.0429424460771491,-0.0753965693396283,0.00095855100954516,-0.112628385765549,-0.0145788077949921,-0.00450241626938392,-0.0118847084242196
-0.0326436435471403,-0.0119181586636147,-0.00130767818208884,-0.00102656791977729,-0.0154375455174894,-0.0213093830430421,0.0123437465560613,-0.0089986958912643,-0.00473105153792932
0.0106703439453668,0.00992372849679767,-0.0137790460715046,0.0193616486535521,0.000114260925354918,0.0126391487797526,-0.00616793529440123,0.0288022666337048,-0.000456179866290556
0.0591163906676225,0.0247290727554331,0.000634670594499279,-0.0173175434626691,0.0073233595703755,0.057732038379383,-0.00749044055777289,0.00465439643437873,0.00101914367261194
-0.0708308209821275,-0.0276357425954816,-0.0277922200394309,-0.0387285079525796,0.0112948158411313,-0.0463944066138854,0.0032308344997488,-0.0207464664474491,-0.0049568556918606
-0.0548304952414513,-0.0158092467838654,-0.0326766429082991,-0.0379636452990366,-0.00259948159152586,-0.0594035897506512,-0.0173329707640338,0.00925532409186526,-0.0028536868014545
-0.00129022227678843,0.00410440875225246,0.00271139962346206,-0.0210359113545055,-0.0012266811870347,-0.0291560025000581,0.000215546747808176,0.0197862995066048,-0.00590250814789913
0.026508808254486,-0.00161691423176789,-0.00423645527894771,-0.00567829179188423,0.00789402242146771,0.0520128595171854,-0.00733175555373746,-0.0212061319753805,0.0195344901301535
0.0452322396896621,0.0102863364757356,0.0411610730816602,0.0319675751844679,0.0152345718107303,0.0831970536187258,-0.0125856340679315,0.00248273822469485,0.0299792451807213
-0.048780234843395,-0.0211788512120871,-0.0377230630599829,-0.0130570086304949,0.00521639996182297,0.00311817333308081,0.00569512798249923,-0.0141451835124023,-0.0197063821311781
-0.077070950553525,-0.0248339370851067,-0.0125201197461572,-0.0170256875369103,-0.010629863349639,-0.0637480409567229,-0.00867999586379452,-0.0145754750147073,-0.0481315146172411
-0.0171292612026922,-0.0031575053559352,0.0014329925207344,0.00893899184931055,-0.00222647198577845,0.00184933577380784,0.0104345416114884,0.0144461664301807,0.0270192720938689
-0.0435450253859079,-0.0040178090090748,-0.0261718424391836,-0.0241664512915841,-0.0058817569116053,-0.0560299570485306,-0.0147656086752552,-0.00981533733810246,-0.0182682795792915
-0.0326871843688521,-0.0658801112155774,-0.0154030809418473,0.0360660495778799,-0.00493358248223724,-0.0148191675994787,-0.0081835420967492,0.00150353646496218,0.00986356239218634
0.039202390276251,0.000600100648277238,0.00488559682419656,-0.0116962049087936,-0.00584002986840339,-0.00214820577606817,-0.020344522690921,-0.00713441200164812,0.0035416800571198
0.0269833275716093,0.00829042937284057,0.00132423434902584,0.0581581821243815,0.00330399050110413,0.0313844551428111,0.0408851896523964,0.0115007133243362,0.0641983283844678
-0.0215247257054037,-0.0332152237279812,-0.0379470803643343,0.010304417430061,0.00405281558846653,0.0116597545958017,0.0215875553118494,-0.0078521336751517,-0.00240573631569437
-0.122623019711581,-0.0559000549747323,-0.0156673200965507,0.00158271185976855,-0.00742983840714824,-0.104604251959113,-0.00909241881917657,-0.00109336938936254,-0.0134533521070163
0.0317353856428228,0.0292030076766557,0.0306210540908123,0.0410999996618443,0.0319698555645306,0.00605044849630492,0.0209657293639563,0.0183252018198835,0.0369130637469888
0.0516067356350957,0.00729286148103086,0.0040169979303545,0.0253709231784288,-0.0100924933711452,0.0341931763896397,-0.0103751778861747,0.014944329809642,-0.00850980750594564
-0.0655739574677723,-0.0183668042533114,-0.0233763933197261,-0.0347136245445354,-0.0232721565555609,-0.0403747267051694,-0.00485579156890093,-0.00882828526637038,-0.016362480715128
-0.0437401317724684,-0.0117263570691834,-0.00635975903259058,-0.0269453569523889,-0.0242938364246336,0.00171597376363187,-0.0122593704093678,-0.010277487332767,-0.00930999387943382
0.00363208929644273,0.0241825502768588,0.000836507060520286,-0.00380236005876111,-0.00589985398092524,0.0170861190049085,-0.00266790292886613,0.0121292957855246,0.00618344802983632
0.0817556226706656,0.0362165830636571,-0.000937688589469127,0.0281730279751833,0.00383149045048421,0.0556205877298051,0.00599434656496511,0.0139460270179574,0.0280372059062878
0.0314919722536235,0.0454075810765236,0.0379593077127107,0.0456723586133268,-0.00273230087045576,0.0462572201086226,0.0116305975624969,0.0239727061460006,-0.0029433205894995
-0.00309868039932725,-0.0268110579780243,-0.0106908142465797,-0.0456080184673862,-0.0143567106417813,-0.0479034665932592,-0.000217620189448315,-0.0164729970485449,-0.0123269668411344
0.0500111180318697,0.0481023197603702,0.0429712574348941,0.0624478250819809,0.0191990558831029,0.0164278341451141,0.0299681732619418,0.0295941252233625,0.0347287194012865
0.0208671810147501,0.00783816173281973,-0.00601167904670522,-0.0316674758229401,-0.00833169871760653,0.00991248792338994,-0.00744582611796122,-0.00664386027930471,-0.0164335699234113
0.00299069711557505,-0.012485004124073,-0.0270416271836026,0.0174168531810375,0.0103820509378939,0.0068145880952195,0.000706721944774702,0.00401256969655273,-0.00349090396111889
0.058002802330976,0.0224361160219371,0.0290277625913655,0.042962783862577,0.0128970440969121,0.0598274743624743,0.00299397544558928,0.00961472140699368,0.0148172537883249
-0.0212570536215946,-0.0151395527910298,-0.0127136005632848,0.044565202050971,0.00370512454710895,0.0224480754134417,0.0149142517710465,0.0116702620571682,-0.000140707172525134
0.0131107044746652,-0.0107166755481992,-0.0153293709639324,-0.0193773523864917,-0.00172148481841539,-0.0320831632714045,0.00963040386904748,0.0177055228403472,0.00904610160117335
0.0150606589521702,0.0371426141060149,0.0246037723961979,0.0696903923917118,0.030743499463023,0.0762325631192448,0.0163652632629377,0.0403849251801265,0.0301336744224264
0.0368733798614049,0.0102313917650899,-0.0182429066813918,-0.00642697025744317,0.000313732604808862,-0.0134895449892921,-0.00829944458646657,0.00391746358610071,0.00700264257938531
0.0147225173581377,0.0450697250252845,0.00911963837038949,0.0367717110147907,-0.00672509069948001,0.017148887341263,-0.0032730890169129,0.0243386045141607,-0.010203272350476
-0.0143255215205648,-0.0079839955053168,-0.0105586948933858,0.00297551451613043,0.0014875935285511,-0.0268244578312014,0.0133984151797479,0.0130009422339875,-0.015502553259129
-0.0327875942523536,-0.0171364016483292,-0.0112189020735247,-0.0189848967813635,-0.00293510552592312,-0.0864377161148868,-0.00895262380748204,-0.0237282550899643,0.0010274940394976
0.0871094325570946,0.00192656734490081,0.011015446927567,0.0665627816906216,0.0189020838829189,0.0786847742034401,0.00855793251517925,0.0423500809641392,0.0118436298885965
0.0910467838491741,0.0365255474730974,0.0460897917168699,0.0284614342933224,-0.00368540856726926,0.0529214417460047,-0.00355492422187989,-0.00312242872394519,0.00520425178846112
0.0214149374783259,0.0291372994947731,-0.00157193966670967,0.0176776740226576,0.0033291024459279,-0.0440772607583511,-0.0217209569728245,-0.00841734584664521,-0.0178762358025556
-0.0197776838574045,0.0167539957135053,0.00245699464917701,-0.0153766592537418,0.000635956325851485,-0.0435971129530291,-0.00464455223145511,-0.0057416192547831,-0.00172544912790201
-0.109971710500289,-0.0689716215784967,-0.0593046920950593,-0.0977286452300338,-0.0162010634211419,-0.12468719252535,-0.0301747052460958,-0.0312951314532412,-0.0430040682190692
-0.103561524821368,0.0203627595692318,-0.0241992768623346,-0.0567534800794885,-0.0172681210960707,-0.0662893151245054,-0.0147774818521594,-0.0316270042339715,-0.0132692236090829
-0.0292171181778693,-0.028277181224811,-0.0254931129524629,-0.0173354917841847,-0.00546996531518069,-0.043554008728957,-0.00825478231292352,-0.0162429198241038,-0.0332686040814906
-0.0750059905844419,-0.0318016901055579,-0.0362413492630964,-0.0437399670348578,0.0146831501588174,-0.0383004124037559,-0.00457658693062809,-0.0483376134258982,-0.00214416082564715
0.0303032168615213,0.00131767329258853,-0.0085370151727393,0.010209848099024,0.0158848875808877,0.0153019689965521,0.00925127653490286,0.00929294217267291,0.0257340004091735
0.0184626684167423,0.0274700801678953,0.00804977359115034,0.00505509099913605,0.00216796044481268,-0.00521622164202993,-0.0016461722583764,-0.00225662002691605,0.0113193073469434
0.0162221156649048,0.0201252904298976,-0.0079765016877555,-0.0288488008979603,-0.00662587422587111,-0.0139787659818543,-0.0106505707463264,0.00302139659954217,0.0137705650058201
-0.0134404414197559,0.015544342676613,-0.00184660579547908,0.0170594566819378,0.0114853993585515,0.0246209046828506,0.00188467540408468,0.026495059084608,0.00386466457328046
0.057280218907827,0.00965744779253196,0.00486501144004165,0.0244922703037471,0.00070650478209966,0.0410227552297244,-0.00100919488830601,0.017887784147105,0.0131031698484842
0.0761076660389444,0.0175827942163128,0.0134419346566097,0.0403986128275705,-0.0019380908507346,0.0516008643351471,0.00732573829922418,0.0105162677917171,0.0209348394977911
-0.132099531652845,0.0186626353256101,-0.0458385694616324,-0.0396140844724832,0.00855375495530071,-0.0890054755464463,-0.013156899906751,0.00703276481841782,0.016812532587195
0.0304873106492002,0.0439659500259808,0.033452463071377,-0.00467140659167473,-0.0177075549348223,0.0017031637623678,-0.00847429843721427,0.014876623253518,-0.00912016027609826
-0.0201891646381896,-0.00888637241092777,-0.0418651414433815,-0.0474689052956969,0.00700811443973755,0.00227672104417177,0.00895845394109063,-0.0301816625936672,0.0148393703897782
-0.0802262672711911,-0.0208198080588601,-0.00215529402086618,-0.0385775254986378,-0.00473530820358278,-0.0182172889477499,0.0105273642737632,-0.0307053653610309,-0.0491824706501124
0.0368413770828915,0.00494586041529722,-0.000701297285609141,-0.00958255208174447,0.0106350741363793,-0.0266833457097806,0.00992970726573177,0.00681982703343765,0.0225249411826249
-0.0751101344878019,-0.029850985324608,-0.0264640317711035,-0.0580675323044075,-0.0160020447174756,-0.0482499289383522,-0.0134934117438516,-0.0420015914801037,-0.0231503454484789
-0.0335213497018188,-0.0703387606383558,-0.0430922854916819,0.00145235431460991,-0.0196984798143966,-0.0603260419651377,-0.0142191673891024,-0.0285731336496503,-0.0484674527195873
0.0418053818076678,0.00227808806337727,0.00389463869334909,0.0254832101712367,-0.00443178068884096,0.0376150981440745,-0.00061705301565985,-0.0170808592323694,-0.0103242781268025
0.035792277825766,-0.0218712420155475,-0.0155649230474287,0.0296419467604284,0.00975358076259373,0.0324321318738628,-0.0105622033573228,0.0154916871637608,0.0196902995969572
-0.0284400198352047,-0.00781326589683446,-0.0214243106487935,-0.0232351170769137,0.0147999073148143,-0.00429160156206401,-0.0281846091762901,-0.00430640793626133,0.0219061989691683
0.0139214212210708,0.0190992579714135,0.00568191048485839,0.0341801765905815,0.0201205007425824,-0.0378666033562666,0.0124215497944003,0.021177962411185,0.0174363927115719
-0.0612207893900027,0.00933313961360849,-0.0156039362750672,0.000776533183171743,-0.00661309176601715,-0.00971101771564295,-0.00853551215079001,-0.0282144096382708,-0.0212099546025431
-0.0303439784111856,0.00455587212917118,-0.0302897660766298,-0.00955991864796211,-0.0229269336569153,-0.0160700783921634,-0.00983777569284184,-0.00576095557890395,0.00198703101541665
-0.0440997697224894,-0.017425154232334,-0.00259122202554879,-0.0193917524304067,-0.00488521724353078,-0.0354011734886873,-0.0107025358812086,-0.0271445343473053,-0.0120322078970583
0.025577053090736,0.0316811955046213,0.0144418343519269,0.0150092558935771,-0.0103800825781728,0.057180107168645,0.00772171534580967,-0.00492796866676174,-0.00946709992197646
0.0235436114743695,0.0252791565203942,-0.0131170090021835,0.00301554045598799,0.0154228381608102,0.0171198424817072,0.0156171455541209,0.00278471741100878,0.00195924900720856
0.0188611114284095,-0.0143199215513864,-0.0132588630865079,0.00564365765067016,0.00912295159067808,0.00756869212679209,0.0128019152951565,0.00467071675191811,0.0172785824988097
0.0398249310062888,0.0404857184361742,0.0344610441325256,0.019034445499436,-0.0115252526858946,-0.00742556836169349,-0.00255576541097893,-0.000209278392964679,-0.00549722744367229
-0.078644441690362,-0.0311751749816144,-0.0523960673340044,-0.051292156647833,-0.0345955707022578,-0.11418450741456,-5.02541589305283e-05,-0.0157687361434191,-0.0291876801141115
0.0489639323293207,-0.00994544434766935,0.0137611281968223,0.00480465149028587,-0.0168523312535101,0.0761911686482847,-0.012621590511178,-0.0109381464146701,-0.0129172417569499
-0.0512750566605376,0.0109850675301503,-0.0127110252150973,0.00047169350446498,0.0011147104709853,-0.0316338439620968,-0.000625635675705903,-0.0148587679606116,0.00385148244484716
0.0162210800081001,-0.00228363498856087,0.0149242024343337,0.00867231686650628,0.00561083501241164,-0.0820548179855148,0.0155034954520811,-0.00186397666540008,-0.0187501182176535
0.0605227420572793,0.00519357517686088,0.017605457376873,0.00209298842269375,-0.021030058462374,0.0278320746241916,-0.0221407437878964,0.00835965536163598,0.00744965008153922
-0.109309488963267,-0.020488261802691,-0.0456868835313697,-0.0627755136433679,-0.0131421488880924,-0.0773452083683436,-0.0293368319953026,-0.0205946783027664,-0.0401926254327013
-0.00745067131998329,-0.0107041446476872,0.0107331928095323,-0.0297392125306674,-0.0132434739258868,-0.0205647296929222,-0.010092624408123,-0.0402761547880844,-0.00376564115416057
-0.053859288926012,-0.0357176580808362,-0.0201619365448359,-0.0343115411292216,-0.00976406536464145,-0.0648227369796722,-0.0137616210628842,-0.00976953112848277,-0.0166113113912395
-0.00313951342794242,0.00203318650130455,-0.00343277996732275,-0.000536533035524598,-0.00907472518012613,0.0393852774248082,-0.00123328744417314,0.00329010542603878,-0.0101997018528996
0.0146965661690859,-0.017013913142442,-0.0157183850607103,0.0311753157747944,0.0181168382091452,0.0131996619641095,0.0111870123623989,0.018105814362889,0.0231573132579399
0.0290979248477393,0.0155629796156465,-0.0188706004391995,-0.00802426452180545,-0.00897087567917904,0.0177078402438258,0.0122143993676169,-0.014311381424633,0.0165111377620624
0.0207602654913706,-0.00650625222631659,-0.0235769896806023,0.0116842391306193,0.00493185369824967,0.00397780412500347,0.00315725749449455,0.0161765236613678,0.010792088831466
0.0120543795571719,-0.018612901266087,-0.00474047174133541,-0.0235256121902628,-0.00789859077034037,0.000475900139812669,-0.0346614661343566,-0.0373381168670161,-0.0215934628438444
-0.0945029938742252,-0.0292366414732856,-0.0549326721374585,-0.0324078515527037,-0.00291951731288815,-0.0730050941513655,-0.0191117289768122,-0.0202464822164628,-0.0136881520895144
0.0494823395349288,0.0022544499662566,0.00744550768231354,0.0230740291665273,-0.00872573240405044,0.0689214538252149,0.00885319374468805,0.0177456389937865,-0.0092451440616903
-0.0247706670150393,-0.0254313196459128,-0.0181547150014467,-0.0015968991463533,-0.00458611095912096,-0.0155952441200618,0.0154403624087018,0.00572021856157432,0.00916249866955663
-0.0458916582796214,-0.0152610696571243,-0.0341069483438323,0.0610425915640403,0.00225436264018446,-0.0105423624044817,0.0121712571043724,0.0167645884302849,0.0122276560714174
-0.0513729433381588,0.00663698065850097,-0.0173563401098686,0.00643628241624312,-0.0176893247769222,-0.0610572447562499,-0.0132983719316873,-0.00608065581987018,-0.010714956142248
0.0140836632231688,0.00325151790996351,-0.00231226423984505,0.0139727379962469,0.0134117224935424,0.00869294546537545,0.0247894089171836,0.0010340099352803,0.000531194576571683
-0.0192837326292774,-0.0179627017357193,-0.0329189576032045,-0.00506975190477514,-0.00705417767614439,-0.0538844208595709,-0.0125844024445896,0.00916729824267025,-0.0251071517703705
-0.124389713314644,-0.00414406090204979,-0.0182039143479384,-0.0400970776109611,-0.00252446896674228,-0.0885773616274306,-0.00802325313569492,-0.032822649443884,-0.00250926075793231
-0.0229112199179256,0.0359736010445131,-0.00152917737581833,0.00518558336924536,0.0198916110319726,0.00634868359661471,0.00238259515661042,0.00654280900898714,0.0388659530941884
-0.000858758481881327,0.00552100663829192,0.00911484428435218,0.00117366593893113,0.00348876716140071,-0.0145556167371295,-0.000469425290606314,0.0221890355587138,-0.00674935754397225
0.0119375259331415,-0.017578700756642,-0.0142650046348496,-0.00365137629924131,-0.0180808202193793,0.0127661746364717,-0.00135629173057197,-0.00466801114655174,-0.0292046671730538
-0.0849445495932987,0.0210977743054375,-0.0634897259706724,-0.0174221508738339,-0.00772308910395227,-0.0772936714295481,-0.0264795785938979,-0.0366891252080302,-0.0297852127116146
-0.0282053432024198,-0.0230707438918063,-0.00738037325451967,0.0108048734956106,-0.00536516220876458,0.0417286546231247,0.00939284638554776,-0.00317923165985675,-0.0152924223856981
-0.0517760195599165,-0.0165159828281587,-0.0375674307177673,0.000443785863440941,0.0127425750944606,0.00304062120802383,0.00627509950886311,-0.00219005008654263,0.00453117518312927
-0.00764413074131767,0.0163740032228748,-0.00400338321834671,0.009313808742075,0.0082990905940783,-0.0496106768815176,-0.000139378332465767,-0.00985603195209119,0.00166096283516703
-0.0134590382515311,-0.0250485380841635,0.0120056385335186,-0.00902630736553039,-0.00947073396724819,-0.0115267385415463,0.00248837254245202,-0.0166258243695355,-0.0134192574805582
-0.0150473014945162,0.00663947928700132,-0.0181507159336612,-0.0179869821660054,0.0020916245027405,-0.0791130245252981,0.0110468014054,0.0191979365599682,0.0114327659752062
-0.0678100382675521,0.00629652282568415,-0.0238750621902064,-0.028843854682461,-0.0113831429343762,-0.078698722895408,-0.00537710201678791,0.00147129628151246,-0.00479782518130811
0.0164988429539753,0.0350277299779815,-0.0202047608150456,-0.0131149464593483,0.0014010559344471,-0.0207493175639579,-0.0119622337794612,-0.0140428020181138,-0.0025979671746373
-0.0661104565134897,-0.0219518601101116,-0.0268047004686086,-0.0332575568894629,-0.00697201005867885,-0.0671360425589227,-0.00348420407506707,0.0096122237536065,-0.0073439919006576
-0.00428807855845095,0.0157686031638657,0.0165107022785154,0.0310430128172828,0.0141432496795088,0.0137683069967385,0.00682146133037983,0.023069814854063,0.00736942169896582
0.0137542417558035,-0.0290243597478307,0.00732720866743184,0.00859477083878514,6.4003222530512e-05,0.0309378083427973,0.0247977044301821,0.00844749380015805,0.00412260602455735
-0.0641811651317871,-0.0327161470037518,-0.0382669024437372,0.0169699014709688,-0.00630670354016709,-0.0929089304240301,-0.0064704549696623,-0.00898320964870433,-0.0016887506080599
-0.000154338025291538,0.00698901088585636,-0.0195347226651528,-0.0291044126301497,-0.00402900628758947,0.0174282469837783,-0.000956546728660213,-0.00354640127903386,0.001539893430701
-0.0737219844396766,-0.0436245815062721,-0.046954180497348,-0.0291579005088,-0.00805476803509378,-0.0622374529086865,-0.0358396362315572,-0.0457115796769515,-0.01458083377647
-0.00715544908684764,-0.043269385646787,-0.00723763934028074,-0.000906669271419892,0.00537974087523768,-0.0218702220796101,0.010093691541899,0.0124210223377179,-0.00103975001548972
-0.0116232515095742,-0.0433397925210816,-0.0462381733894639,0.0240607753833935,-0.00566993392809747,0.00565962212927271,-0.00693806619028338,0.0203127573373015,-0.026501159992521
-0.048127292923138,-0.0552139700753627,-0.0382301686467504,-0.0431838236671672,-9.59812936648589e-05,0.00104270238018259,-0.0034817569072424,-0.00543885615930939,0.00234855618338523
-0.00523899276270426,0.0237636293109754,0.033162666529215,0.0144939676170157,0.00175288652707414,-0.00732276417959592,0.0162645134693715,-0.0131101959783183,-0.0100496463743909
0.0267603214368242,0.0351550987889441,0.0165744101331519,0.0254951693975243,0.00982176295479633,0.0227686159694479,0.0319863759873391,0.0340307798905014,0.0337319748246931
0.00118915508960374,0.00318114321038123,0.00894935775875414,0.0460155736873338,0.014405196234212,0.0200136616686719,0.0292345184286329,0.0082797753901579,0.0374550177034052
-0.0691939616674422,-0.014090152001892,-0.00495120714682244,0.00917012339805764,-0.00849923456643449,0.0125505048510251,-0.000232644992126507,0.00936881193613209,-0.0176218456799389
-0.0268562796926009,-0.000709860761257918,-0.00649337295238647,-0.0326968632543199,-0.00718428253056999,-0.0185530274248831,-0.00051961112304968,-0.0285977567559652,-0.00110193086684627
0.0174270061933282,0.0144238141276112,-0.00921639915377185,0.0104059693087604,0.0135971917891784,0.0390413601274767,0.0152633758571392,0.0196120558341837,0.010598721482243
0.00268573529017922,0.00963878163910265,0.00254945671564339,0.00308206475462642,-0.00105475602173635,-0.0151843706040799,0.00828948922832316,0.0107713725293971,-0.00281945185661487
-0.0377181799263184,-0.0155554641582505,-0.0118220854160553,-0.0195389794679181,-0.00967227957154727,-0.0439836928990331,0.000871884578957865,0.00308908101071888,-0.00897724523315978
-0.0314306853078424,-0.0182146344441292,-0.0431601917841679,-0.0187432344353674,-0.0135161029808366,0.0191258435602427,-0.00279563683488822,-0.0169726294115969,-0.00434797219676622
0.0484824886328789,0.034705370036075,0.0351923762397089,0.0437094470491099,-0.000485170436235409,0.0384753226243291,0.00533994769145195,0.0317623984107911,0.0017891044612401
0.082221925284359,0.0115706472546375,-0.00378648549510146,0.00746774207403626,0.0200048753855331,0.0837874414647476,0.0218535178808303,0.0375209336847883,0.0346437409390243
0.0244963908054797,0.0093935335881819,-0.000764246825871948,0.0362313172828509,0.00791152225545843,0.014212359597237,0.00614121117844266,0.000714199154886158,0.00166414675664262
-0.0349398900197206,-0.0266901269240187,0.0251119591990997,-0.0434279814108944,-0.00518369502351323,-0.0364360694886465,-0.00682872049486003,-0.0298272167698927,-0.0339500400790552
0.0126380608712898,-0.00872194238311382,-0.0127249551520635,0.0294133198935343,-0.00720994699816798,-0.0286675539442519,0.00495326525903346,0.00684112086156357,-0.00110859331340353
-0.00224590444446225,-0.0410212728498756,-0.0362556111532582,-0.0156988599611409,-0.00762619809585021,-0.0952446436117634,-0.00578669511070087,-0.00861781914247889,-0.00778312605701621
0.0243278760312545,0.0158970330119518,0.0315467708649006,-0.00719542057341215,0.0039488674121531,0.017798519271854,0.0124561395374669,0.0203305556968226,0.004575175116019
0.0103935051289344,-0.0182182070567892,-0.0127746707874926,0.000513049189632404,-0.0187501981106867,-0.0191707356809374,-0.00581539435118905,-0.00569775247545487,-0.0180183278266955
0.0262784815221548,0.0421967815327598,0.0113588010573693,0.00566318599253449,0.00561740646999192,-0.0315383982956436,0.00950578073489591,0.00758079033295108,-0.00370133216544784
-0.0246312908043487,-0.014316308325301,0.00708823783344161,0.0070626675531734,0.00922422524797938,0.00413610940220251,0.0406772850796862,-0.00355233079627262,-0.0018739732618164
0.00425252621017456,-0.0270513883550275,-0.0237553532640847,0.0151241098989752,0.00546030845322472,0.086929448403253,-0.0049339770714852,-0.0189122769753696,-0.0274813987465517
0.0374728858960819,0.0392314356164624,0.0374249157920209,0.0383515548375509,0.00703316505343698,0.0215655415093172,0.0132349746807296,0.0246110465855019,0.0249010951022589
-0.0552491127103106,-0.0176046923165512,0.00425614307936199,-0.014229017107553,-0.00617956740117606,-0.0200112748293587,-0.00721813484655851,-0.0253861070911073,-0.0302685277955512
0.0658125416906093,0.0138850697313475,0.020172568672193,0.0190684763861728,-0.00262513095463438,0.0202400351104944,-0.00934660465855223,0.0110502446294521,0.00126149796710499
0.0587361069991805,-0.00129181440805566,0.00372670441190653,0.0488965195243541,0.00235716844597036,0.0295723009484216,-0.0178908271598682,0.0328051634203482,-0.00755764290863089
-0.00148921445332379,0.0164506080198563,0.0125530208379893,0.0301229790686884,0.0147425251604147,0.0179837290186465,0.00953346709005671,0.0359643736515738,0.00981589442761453
-0.0219464097740468,-7.12302151057147e-05,-0.00762997600798813,-0.0128361971467294,0.00195816168797328,0.00157666921745238,-0.00876152741273079,-0.0132358043526082,-0.0119950705791571
0.0282049007024453,0.0128143392308222,0.0118914299035403,0.021014938266431,-0.0104890825027118,0.0565208109547624,0.0128012749535643,0.0211997691395038,0.0121610617654942
-0.0371616607042654,-0.0113032367031465,-0.0299470303195764,-0.0460530566084544,0.0301808729832735,-0.0759398462094382,0.00739306396100525,0.00289032523309744,-0.000957457949317173
-0.0327620960022422,-0.0164394746216153,-0.0235474329606316,0.0236798237388565,-0.0201058673845111,-0.0424717390994627,-0.00619040570527149,-0.0171806768056004,-0.0254560741896034
-0.0185731082769411,0.0103070086282064,0.0187549882208395,-0.00203314482031852,0.00192887726169551,-0.0351666463178095,0.000172216641390295,-0.000606493936793384,-0.00504938257863027
-0.0456238035827448,-0.0193746143014346,0.0208164895194087,0.0335752890673983,0.00963494201394373,-0.0426053097115899,0.000725386598918992,0.0374793419602874,0.0178389938507873
0.01886611331974,-0.0190990633683881,-0.0154897574278087,0.00416307745934281,-0.00550791349189443,-0.022126917533013,0.00620366787654412,-0.00716532325910093,-0.0085511672449384
-0.017578954268832,0.00551111281967244,-0.00322493444935091,0.0131409558781307,-0.00157540910491725,-0.0349140808728944,0.00564143230349308,0.00595074382489889,0.00724294963944435
0.0668839733868197,0.0492522911610149,0.0354096848168264,0.0254445043929827,0.021999980226314,0.0444939547527267,0.0167443720098533,0.00318317661501384,0.0400262642909587
0.0482791444746127,0.0207416000782161,0.0234911001435505,0.0253055765025361,0.0105071694721121,0.00589150871849673,0.0120325979735482,0.0246795194889537,0.0147318873999517
-0.0131535868600129,0.0166260441538661,-0.0204288736619749,-0.0114253120581917,-0.0162559465883962,0.0103860916157409,-0.00446442589571052,0.00295991403324485,6.82635043569141e-05
0.0786562667395212,0.0642037189368205,0.0501304416258049,0.0629768742608126,0.00911395584220073,0.0982468846903456,0.018540530873864,0.0246083568685903,0.0270653570724545
0.0582528877777492,-0.0163737987478707,0.009945775926453,-0.0117981619460743,-0.00547673394947145,-0.0148594188914826,-0.00734608964534175,-0.0226160688920904,-0.016235897735893
-0.144598985117344,-0.069162274346624,-0.0521495965502152,-0.0461881987620591,-0.0373816029344139,-0.140788868511343,-0.0173132064336644,-0.0395892347751871,-0.0438914706359243
-0.0156488386936449,-0.0047185681212759,-0.0311951784234694,-0.0119381948038198,-0.00295264023709893,-0.0367450454984857,-0.0188116231727831,-0.00279478915144863,0.000920236612668135
0.00914400922616921,-0.0186468049766703,-0.0434820303322022,-0.0159755529486289,0.00123981137931863,0.0166190845103646,-0.0256732460342582,-0.0120103087708216,0.00591824130638391
0.0247847035671061,0.00210473716209218,0.0245846248092433,0.038854482373967,-0.00774794387797094,0.0761907346135702,0.00345401460631726,0.0231358327541774,0.000830820359603484
-0.00765828866955501,-0.00622244647905287,0.00404381377278546,-0.00193461440487219,-0.0152544202566563,-0.00265828906423686,-0.0274478433090501,0.0118555153947755,-0.0163826041939012
0.0269492435471402,-0.00807307921204268,0.00761875951499355,0.0171104984658989,-0.0182451916968321,-0.0521991710078933,0.00539458409135376,-0.00202179423670938,-0.0300005796774377
0.00602496853296262,-0.0139426364700717,-0.00956952607288088,0.0293981665495054,-0.00394035815115297,-0.0078185543939618,0.00521830138669244,0.0271818704067385,-0.00205375736005267
0.0435725536100908,0.0446809289582994,0.0448249036992562,0.0398826890460992,0.037243831190152,0.0442275731475582,0.0266089262014509,0.0250940769006532,0.0433944870967695
0.00881991399504545,-0.0155024761625796,-0.0353023075691288,0.00421529579838593,-0.00424065436673945,0.00412136466450412,-0.0205615809509456,0.000386271595096361,-0.00579291367519228
0.0576022908441574,-0.0449223007594134,-0.0185092075930572,0.0152744263963908,0.00527313451422915,-0.00369934422913785,0.00575386679789435,-0.00136114424499337,0.0185425261057026
-0.0136780640768088,-0.0134449999911726,-0.040801551169139,-0.0228468970908166,0.00920510953439376,-0.0280556911165872,0.0134709899966054,-0.0134023285888513,-0.0164947757940278
0.0201525326174863,-0.00928254204570856,0.0039833313252258,-0.0137463138014642,-0.00746972856183094,0.0518787964222071,0.00221331361406487,0.00924630628088537,0.0160335316617317
0.0912508385868355,0.0239294770088901,-0.0210704711348817,0.064214191548111,0.0132903162084405,0.0652713178450327,-0.000621022689927386,0.0157991197588362,0.0189814273211847
0.0302819677839696,0.0072703053331399,-0.0114556142756652,0.0125708231049157,0.0172952683489663,0.048222164495604,0.00811805937188939,0.00833748728846836,0.0153210269384089
-0.0515785516403468,-0.000718614844036964,-0.011085358279154,-0.0288464676004134,-0.0123778786176907,-0.0753380604087585,0.00870277573976844,-0.0117399340932672,-0.0183117639807072
0.0155939417159076,-0.00566421878551396,0.0211752361786475,0.00220147830002883,-0.0250162895554855,-0.00758461038409917,-0.0113581124763521,0.0105648613972814,-0.0120521035414531
0.0117775070594365,0.0110381836666161,0.0170801437489397,0.00915120193895511,0.00696331761220038,0.0153607042739301,0.00629325596635768,-0.0186836724441957,-9.70228895425571e-05
0.00147436788025883,0.0214477220303181,0.0181852277331297,0.0817105988040923,0.0122082466250787,0.0440656745224329,0.0210468426608279,0.0232033678152249,0.0285662620741987
-0.0501057078260266,-0.0237966244461192,-0.0466776037467553,-0.0302626887441451,-0.00188530774208156,-0.0310077274449799,0.00300989962284546,-0.00868957514266789,0.00802287322160636
0.0827267268680382,0.0237015517696727,0.0274001315194065,0.00233639456942312,0.0108097783922548,-0.00237908976816152,0.0345647410215136,0.00825336103308602,-0.0159368512002568
0.050789696767221,-0.00503160713947091,0.0156695124554884,0.00314218902355398,0.00879679267449473,0.00806931919652312,0.0182538923292434,0.0119861719470517,0.00539755296257528
0.0150500985650202,0.00999099248851489,0.0141539216108899,-0.0282034905765889,-0.00648921380033233,0.0521251595515351,-0.0439701142961132,-0.00164195666533201,-0.0276825926932757
-0.0512747431408941,-0.0381476625930884,-0.0293951910380331,-0.0382524819814468,-0.0160693043053326,-0.0340458528212428,-0.0074292124698461,-0.0199681376700015,-0.0159168520004352
-0.0252934710022845,-0.0262495595187862,0.0107642266574382,0.0136675400043261,0.00898798912913244,-0.0276591866486927,0.0201006551338243,0.0127826617860793,0.0195311429531139
-0.0222517130262322,0.00193124048763007,-0.0395689476972255,-0.00546476685956406,-0.00232749078447074,-0.0554306346356964,0.0074695629991461,-0.0143162324618128,-0.0290303171537854
0.104485466436286,0.0691264905694873,0.0449822338112397,0.036951294790214,0.0113753596450789,0.0623500007892496,0.0166956584777848,0.0286942562458561,0.0254743635222118
0.0536133838684569,0.00502498045669188,0.0158923868249068,0.0114955514872999,-0.00929765000771453,0.017399102737977,-0.0128713593599943,0.0160300979561528,0.00923488605326839
-0.0233517282144027,-0.00183072984374906,-0.0289920875556819,-0.0214705313694699,-0.0115985643144258,-0.0165307377524009,-0.00308038939311658,-0.0107104954588629,-0.0150360775773733
-0.0403384269489598,-0.0458648505498597,-0.0312394128762641,0.0111974284351372,-0.0268035660960835,-0.0340036337001715,-0.0204274879028689,-0.0179373170022482,-0.0226431170181145
0.0435800317962203,0.00278965566557671,0.00150226593415863,-0.0188356833660563,0.00672720756219904,0.0158694747494976,-0.0120804318673802,-0.00209100809236264,0.0117878917965628
-0.0140737918835178,-0.0339034107853694,-0.0116561086533927,-0.00985257900345776,-0.00547415707437318,0.00442316971950697,0.00449094458294875,-2.7512878353222e-06,-0.0235318128886781
-0.0397341973955898,0.0234388739352022,-0.00428441118121241,-0.0330923281548913,-0.0331086116711645,-0.0450621551127399,-0.0242741022990358,-0.039857596766349,-0.0355121329191543
-0.0471070196466911,0.0180770642601671,0.00330379290718986,0.0159558914648038,0.00227086975135732,0.0504841296070027,0.0330123356118362,-0.0124108780562612,0.00527994765662167
-0.0437906743035441,-0.00121767564621944,0.0104272915969163,-0.0147186197119321,-0.0261446400107041,-0.0364034537732083,-0.0343340853784871,-0.0319942732707476,-0.0263435613520394
0.0269674955335248,0.0437017687005506,0.0320762764284864,0.0862907907052078,0.00470405277144589,0.0263051174036609,0.0255065617951107,0.0350938875209407,0.0210610751583272
0.0678085580718618,0.00538477649583652,0.00819326219543901,0.025726584124619,-0.00219327026985754,0.0121515836572896,0.00427165971380675,0.000767131496867884,0.0132828286896435
0.00302313523400315,0.0050058942552797,0.00249166259874021,0.0194274776171885,0.000410193485527684,-0.025027797567627,0.00917145338315011,0.0031531697172452,-0.00963210570591015
-0.0400344982694806,-0.0149382699379549,0.0098390411479429,-0.0323470110783877,-0.00595775138727284,-0.0360335028027567,-0.030378700772446,-0.0265344149402557,-0.0104161719622579
-0.0461781705496142,0.00249506345053938,-0.0122924775491286,-0.0181985465432838,0.00396752988698453,0.000474751526551354,0.000307349919763788,0.00426579776182558,0.00437896736950876
0.0418404145132251,-0.0627529790809876,0.0142331898273919,0.0359445569288247,0.00916757024078379,0.0139454126971905,0.00853972634396403,-0.0038355478426018,0.0132330467889708
-0.0623036764162731,-0.0188067111517472,-0.0298968618634247,-0.0127356764812446,-0.0212195607517378,-0.0669954877622684,-0.00270569335948262,-0.0209670124474538,-0.0374158363903061
0.0550796679436028,-0.00112647507203282,0.00466700982543884,0.04528823781772,-0.0214346797029027,0.0610344813934341,0.00351636630760416,0.0134203297015402,-0.0302892750498773
0.0760129850608716,-0.0144451604231793,0.00319751778074961,0.0105535941524084,0.00337019793487021,-0.00883413029162241,0.00972746446455001,0.0136322502929314,0.00345163535417769
-0.00989338002531741,-0.00924242393534588,-0.00295608928219146,0.00611558641263757,-0.0136633130376125,-0.00527369069636561,-0.00615183386827811,-0.00624330721554948,0.0030741931162245
-0.0191254272714863,-0.0309096732640268,-0.0056140028065311,0.0258775605783123,-0.00165041193912755,0.0126711798508095,0.00270522262459164,-0.00145352959864876,-0.0147180510473118
0.045908502923556,0.040088945315874,0.0373258250962723,-0.00489506714439178,-0.0200681589087899,0.0689643392561466,-0.0252594507472898,-0.00314253507914141,-0.0121618716258016
0.0354235175325855,0.0190327579155268,0.0341516344183099,0.0376564037152887,0.00265690535310518,-0.0290382038178693,0.00988313925775552,-0.0142235341158919,0.00432479655215736
0.082261361289376,0.0508155943225198,0.0561958941195567,0.0217917379621824,0.00863869595943841,0.0827715864403484,0.00862911899151967,-0.00525823372289749,0.0082684539151807
0.0526635962995643,0.000742763915201789,0.00538386408356057,0.0189158563429322,0.0257305949347501,0.0655177450392493,0.00592053416019744,0.0119043524841955,0.0145001439099594
0.0100642742252485,0.0546461431759143,-0.000684779715163042,0.0922380135894768,0.034564639465915,0.00999320256202684,0.0643058096342004,0.0470863587719369,0.0474931934661582
-0.00563492887746276,0.00591470934081104,-0.0134979782416331,0.00433328774594923,0.0106184228736306,0.0266290965565122,0.0150431374287942,-0.00907729325361159,0.00389056570980826
0.042242632517578,-0.0495321180282343,0.00385065619412496,0.0111060402942313,-0.0292139546968296,0.0391857418181282,-0.0142948804299043,-0.0263871436370715,-0.022109550967689
-0.025733833937141,-0.0313169600842839,-0.00491667155279335,-0.00641404936443311,-0.0292874716323167,-0.00465592215863248,-0.0147930537017797,-0.0129000929606108,-0.0293486028916921
0.0114841718114459,0.00578371953660349,0.0347733338478143,0.0154097451660636,-0.00681234985618616,0.0210921365739375,-0.0176642357245058,0.000678299666330652,-0.0116446821388778
-0.0233156564319699,-0.00345974258305823,-0.0344123615202035,0.00421803824753941,-0.00351484250716129,-0.0112818429941694,0.00385695005994384,-0.00809424509813602,-0.00518282491568533
-0.000200415076504183,-0.0161837226604611,-0.0118761338393389,0.00339941367203675,0.0111104639075753,0.00236170717902366,0.00679977353782037,0.00110303386392829,-0.0222163137317116
-0.0106030124134111,0.0101941062646635,0.00158830788979729,-0.0215750470391046,-0.00375868972012798,0.0179991999275988,0.0101195649528087,-0.00301830639339366,-0.00167122130248564
0.010924087951268,0.00996494196329019,0.00415506429490908,0.014481423322193,0.00479977654427371,0.014405869397719,0.0269588800649669,0.01201298815992,0.00710627666094955
0.00142512152575474,-0.0250215300611831,0.00867858519229139,-0.019794871538286,-0.0157856669800943,0.00975235917415089,-0.0333700883760516,0.0026697674055857,-0.0156887092051756
-0.0242818380713279,0.00226873683449007,-0.00331909386238115,-0.00572057414934354,0.0127802498476765,0.0321881599656051,0.00259157614972045,-0.00723147841563117,0.00475982611547957
-0.0461418739314118,-0.00113505576667613,0.00964646755286281,-0.0312203295843856,-0.0157400957072367,-0.00702262619784638,-0.016061996555015,-0.0396988527216672,-0.0255085878057553
0.103977703948653,-0.0112142609204727,0.006719815833418,-0.016640589688413,-0.00582489892651531,0.0629643197744225,-0.0206876857417906,-0.00487721559293899,-0.0145415244633006
-0.00985618029009253,-0.025259886961368,-0.0510199652991279,-0.020572079101512,-0.002412972019886,-0.0390460853838303,-0.039616053888258,-0.0115357604268845,0.0188956434329983
0.0231311689280435,-0.0173796160144911,-0.00408190848782249,0.0325496520112212,-0.0102819630145609,0.0408742889017982,0.00709998547460822,0.00421458259050137,-0.000117753654523617
-0.0105162779766943,0.0109710829782696,0.00468383728545118,-0.0414818891374159,-0.00327709329038282,0.00209340096386805,-0.00892122159885428,-0.00922838150664046,-0.00140913391760566
-0.132962803644626,-0.0630281832654359,-0.0111123144319015,-0.07883881168399,-0.0114439344349201,-0.203619144485901,-0.00876584737355175,-0.0123207722867042,-0.0200861472175481
-0.0102310044022592,0.0184266192193712,0.00391069584188194,0.0143282526685587,-0.0261468835854283,0.00509306809463477,-0.00311334504870902,-0.00367704397205496,-0.0313204673016591
0.0216458298720763,0.0210590717431965,0.0078169707511871,0.00673210279732208,-0.00138130630526248,0.000956557061668058,0.0025832260198499,-0.0141728419489456,0.00984654385797699
0.0195907733734351,-0.010898929138879,-0.0159413753179672,0.0275717260610135,0.00388038217051743,0.0497889191575121,0.00780532339059245,0.018588304771334,0.0145432176079703
0.0794398086583367,0.0157029526409438,0.0139383514727668,0.0355878420996882,0.00726090559973254,0.079159560167774,0.0378920461697599,0.0230025032450617,0.0486867466923068
-0.0284942717667706,-0.0212525829360273,-0.0201139108960786,-0.046598072226011,-0.00132206530051268,-0.0307800269322521,0.00763946945120841,-0.00730416041351507,-0.00169989818354453
0.0217725418520361,-0.00204724206650753,-0.00657048649975765,-0.00593421456920532,-0.00692377295490897,0.0690693916218877,-0.00946762872495597,0.021794814751549,-0.0162605426880235
-0.0024540010601735,-0.00564357395851708,0.0119571458112896,-0.00283303029940682,0.00759229643351807,-0.0284060052719084,0.000182351797431548,-0.000305651907543476,-0.00691423995187156
-0.0532562830319146,-0.0485248717483786,-0.0224212417082609,-0.00627988682926169,-0.0208224725838035,-0.0545335658861243,-0.0234332568952133,-0.0108348932146768,0.00826810541397102
-0.0206755501346203,0.0135533302037164,-0.021385285104917,0.0129281498853552,0.00561387975637224,0.0568051918537813,0.0234536444574762,0.00919752287171881,0.0199124852322298
-0.0571233580248845,0.00865784951387926,-0.0142736100410913,-0.0376247434468643,-0.00522456325367967,-0.0469276800202989,-0.025989951092443,-0.023541842553933,-0.0108022033729716
-0.072826852487405,-0.0385369017715324,-0.0677845758111416,-0.0405707605592253,-0.00820726663422984,-0.0286996061334364,-0.00786344674894468,-0.0167732943010326,-0.014687798294471
-0.0498401950509999,-0.00868407241345522,-0.00566067840123114,-0.00697349144230745,-0.00925470814691958,-0.00624127165780483,-0.00355467294128759,-0.000618628251751515,-0.00573351416941062
0.0155609631127859,-0.023722013067788,-0.0223139488200163,-0.0121443352974457,0.00237056334311873,0.0191906116704544,-0.00425516899058146,-0.01313852746873,0.00585342116946254
-0.0753448833200769,-0.0375465682204198,-0.0468784829748399,-0.0418576999625527,-0.0283124427201377,-0.0976053042473311,-0.0342568749679796,-0.00477362203303298,-0.0310320656732541
-0.0207176952587647,-0.00714800108056101,-0.0113570147236127,0.0209714551263993,0.00171948375379996,-0.0106638753439484,0.0157061417873994,-0.00127842782896687,0.00158042553289742
0.134347308880112,0.0430815075067215,0.0329394967378412,0.0177193041235146,0.0155720735760959,-0.0941645874525594,-0.000386406601762082,0.0260296063957706,0.0391183872488607
0.047041425122546,-0.00506541204435961,-0.00781688399410425,-0.00163188486849762,0.00797548901883543,0.0446935193594152,0.00792945142493638,0.018173652914589,0.0134061389317382
-0.0168128684412874,-0.041368901422374,-0.0236383026815823,0.0120886818173634,-0.00675721214099027,0.0266974820300892,0.00670511251595751,-0.0129748253146769,0.00115283941337969
-0.00355775279165844,0.0171854401606757,-0.00365399804966931,0.00328441892403269,-0.00584919419412319,-0.00843397239941752,-0.0117601379308504,0.00140172091975937,-0.00233146141160138
-0.0572920555223112,-0.00628222762598387,-0.0350952756194966,-0.0381799934939475,0.00242261319422097,-0.0836802811134346,-0.0180443982690239,-0.00221735152091233,0.000689222289729301
-0.0404640574039785,-0.00338163815253171,0.0196956160392366,0.00484838773359458,-0.00345476837658933,-0.0278033872774224,-0.00240886124029896,0.00104365435309312,0.00138148243852044
0.0215161855747558,0.00931891002675168,-0.00197340535735186,0.00507526521687645,0.00372303734950035,0.00305963230483047,0.013277657592685,0.030820242005867,0.0088037381885724
-0.0609032888311522,-0.0222383334204942,-0.0115171055953092,-0.0505831944902922,0.00622969557133063,-0.0336470306194503,-0.0150471292394544,-0.0236046489491031,0.00741172703903043
-0.0360123677062064,-0.00754607712848387,0.00602750771358336,-0.010034159561776,-0.0150328693999897,-0.0291137517813165,0.00200248616621507,-0.0108432238318981,-0.0259157161998662
-0.0337014165348966,-0.00125444910099242,-0.047174316679314,-0.0186925429109075,0.0151827020924425,-0.0598657596057315,-0.00107405952243612,-0.00657519690920086,0.000176327146703735
0.0284847772433972,0.0100440529257631,-0.000952849426807155,0.0423212106627191,0.00920274376311372,0.00325955968161368,0.00916530189059865,0.0087294757488207,0.0215453401552722
0.0359651105557512,-0.00978738553779502,-0.00650849482820763,0.0145497662975059,0.0306906324101112,0.0356003473452872,0.0439216744354938,0.0236305753393424,0.0269887072837042
-0.00182661253542161,0.00183614522612674,0.0123415778884394,0.00286784622135855,-0.00754133457631346,-0.0100438675448599,-0.000756719645218133,0.00317079116519555,0.00339215723870124
-0.050936738303306,-0.0302213447920887,-0.00322012186581995,-0.0231984162667494,-0.00879886025992408,-0.0687057841540691,-0.0287025809579968,0.0071057579969725,-0.0127582424944169
-0.0120536032699985,0.0290005092427043,0.00217362085253599,-0.0116653435017378,-0.0208500271403384,-0.0298125511456567,-0.00808344065168341,0.0127497467117717,0.0100572784695573
-0.032227834612999,0.00774954454436927,-0.0160060250016623,-0.00669751548726344,0.00901233100386084,-0.00161693110418013,-0.000473330175648768,0.0093222604580838,-0.0106199146299396
0.107924041433924,0.0441303205694166,0.0441339016851056,0.00824200901777138,0.00797110185313332,0.0846397773774745,0.0220922905981011,0.019883459878563,0.0137684861038213
0.0551662764751495,0.0398209151570509,0.022960864998504,0.0308866003975387,0.011248424873677,0.0921090714362024,0.0236586872861633,0.0218395571526308,0.0410115178468562
-0.0166911074900173,0.0384552322428682,0.0171991302854428,0.0141127106465976,0.00828407235192236,-0.0417901017313874,-0.00481756380806822,-0.00762347479306104,-0.00957304594966477
-0.0324314127793839,-0.0330118777902051,-0.0181372960440429,-0.00229755163103772,-0.0153828011784597,-0.0417966382700297,-0.00850479256098323,-0.0167930989067335,-0.0140780022877067
0.0240953228589551,-0.00534011904550056,-0.0213031185433964,-0.0133973318766488,-0.00695035143667499,-0.0057265070682822,0.00163081508206085,-0.0242071618504613,-0.0146785344128727
0.0177719742971387,0.0349224021762745,0.0437462269311255,0.033934229658573,0.000931530295048292,0.00967492961430039,-0.004049227597911,-0.000179747522675683,-0.0162572804749701
0.0510438263934104,0.023592705130681,0.0228024149407804,0.00361526937321344,-0.00307361104440199,0.0192480562598737,0.0212433955841081,0.0142673001215621,0.0229917147012497
0.0328481382571315,0.048880968588343,0.0284615620241469,0.0515518845240426,0.0247176807529284,0.0852528879854117,0.0263811195381462,0.0203409690047044,0.0348046894846871
0.0407949714366836,0.0361654317321452,0.0445778407342034,0.0568932663182668,0.00702648560168429,0.0579491794901674,0.00643412821523567,0.02160039302832,0.0378104327399533
0.0835449981439089,0.0286308589279193,0.0514292168223691,0.0223302637796447,0.0121142020647645,0.109806089351677,0.0106684292647952,-0.00859500972158564,0.0254689678385674
-0.0230992001224767,-0.040403382623328,-0.03031552288204,0.00470538239469982,-0.00786601085330478,-0.0103811959035281,-0.000366157696553597,-0.024536206378831,-0.0162493097948162
0.0247014356322282,0.00414284085997111,-0.0213191468798791,0.0231676850406881,-0.018937141043671,0.0486470299230474,-0.0130355023199029,-0.000624670727697994,0.0151690920636872
-0.0160479989863113,0.00451728463590239,-0.0254165297157105,-0.0126585203387155,-0.00116497502800637,-0.013565378062203,-0.000485981932055837,0.00671242901603298,0.0252592453690474
-0.0116286828156189,0.0184708593021177,0.0186538731500848,0.0206141401771401,0.022013398370888,-0.00447635007156978,0.0166362787334139,0.0164997714129584,0.0153760398257628
-0.0442410542769225,-0.0404004364660992,-0.016696185072952,-0.0282402179313748,-0.017688779828465,-0.0436366779372521,-0.0200793053492216,-0.00388982085530629,-0.00934102439561419
-8.36490018142184e-05,0.0315256125360802,0.0157559253636453,-0.0271662206844735,-0.0218365975959244,-0.00403633587600664,-0.000783537395145448,-0.0210031849990332,-0.0138880250916828
0.0353984204332944,0.010292841101633,0.00158722129479148,0.00344312272106332,-0.00922559198682469,0.0173236527917406,-0.000751044484670482,0.0215292701931793,-0.00015464182950722
-0.0165373245486552,-0.00953138360472449,-0.00991218845362172,-0.00315527601367132,-0.027176851878534,-0.0492510951524455,-0.0233179878199963,-0.0431811552858884,-0.0451235907423047
-0.0798979734097683,-0.0144383014949887,-0.0311448461062746,-0.0178044853300662,-0.0166171512596266,-0.058378479303921,-0.0190541884999944,0.0022497128341497,-0.0168051343871742
0.0372179268034561,0.0139041722333715,0.00292340083532132,0.0400713735544756,0.0380734516086638,0.0228821318961598,0.024230454398954,0.0323753919939892,0.0418005508246044
-0.0968877489459367,-0.0378577366757865,-0.0743326530841909,-0.0687762804863453,-0.0242526401166308,-0.123527132740935,-0.0187968608711733,-0.0208040927975053,-0.0141028609959462
0.106148691542485,0.019071237702397,-0.00434316754986016,0.00506013850513318,-0.0092813082997649,0.0877331846683072,-0.0133844058498958,-0.00589616014442289,0.00109689223023926
0.102340469690831,-0.00145768392643838,0.00715683440794642,-0.000134958954386289,0.00184875916770331,-0.0216757974570155,0.0137674079847826,-0.000410222670498642,0.0230929688800354
-0.0719537372722324,-0.0645914532055511,-0.0752053726996448,-0.0320973396379282,-0.0390107907354605,-0.0575169842965614,-0.00902857722693072,-0.0424879746679647,-0.0575477124302413
-0.0800267957304196,-0.00372617244355943,0.00506912545833117,-0.0121675704255169,-0.0284319461532467,-0.148480500036339,-0.0381307478609256,-0.00776506024845722,-0.0417219350015575
-0.0869285360686756,0.00858359517846408,-0.0224154698782221,-0.0559613693372683,-0.000943506224308908,-0.125138457776121,0.0132341564554774,-0.0286850761172616,-0.0187604511357052
-0.0437608659762048,0.00167216890516798,0.00215607057016879,0.0322398633191345,0.0103532081233588,-0.0369229895004132,0.0126432822812618,0.0398209427555138,0.00557257356607954
-0.0171096514892511,-0.0287718359404022,-0.00903003432566637,-0.0161423508282547,-0.0177720522692776,-0.0474145863594995,-0.0319216705557542,-0.0358458691651439,-0.0143762504785434
0.00894658086823511,0.030649452515486,0.0219067239320396,0.013368430111672,0.0102733113145511,0.00628054564463037,-0.000940017893125771,0.00230697093558635,0.00456955284732966
0.0823817963925954,0.0299649582920221,0.0351971659590798,0.0154996512446192,-0.00646176599374176,0.0310219569627661,0.00563581796325541,0.0130534554816715,0.00782668248032779
0.00284964443351788,0.0103726384852655,0.0112813299594896,-0.00443205596239406,0.00526939492307065,-0.0264061988049721,0.0110605816729771,0.000309267088162648,-0.0036194717691062
0.00265371028489003,0.0247799044802255,-0.018998944590147,-0.00209986866005282,0.0223501268971534,0.0338459202428333,0.0107915264778188,0.014029380956371,0.0230588158583143
0.0895582263471905,0.0459619924247618,0.0346596673093127,0.0388762659393596,0.00473988494506319,0.0424789122578119,0.00140414199222587,-0.00752263888605,-0.000802913588282366
-0.0823769809120297,0.0146280730564388,-0.0336066166585989,-0.0476009148782771,-0.00857728320870753,-0.0774853678097787,-0.000437438903704219,-0.00239081315911508,-0.0246422780711458
-0.0407919272917544,0.0168731797949274,0.00882663354227092,-0.000965574867797332,-0.00335478647494139,-0.0157653826751615,-0.000928336452348322,0.0164527309700876,-0.00375027258926828
-0.00498224328837605,0.0250198844837026,0.0162335223109778,0.0138031786576046,0.0106057382152641,0.0368187472798915,0.00370210713797206,-0.0340498482114637,0.00915189685840199
-0.00853854493903172,0.0207949066298856,0.00453627107349893,0.00657612884639011,0.0157324505871808,-0.0551063786084443,0.0293951814600079,0.00210706423458969,0.0226943815364138
-0.0740046424647003,-0.0313908395820115,-0.0408674605224192,-0.0249511568898537,-0.00137613360636788,0.0803286023125975,0.00661031252730334,-0.0363952448580693,-0.014449827148117
0.0576942949361655,0.0281686953617541,0.0153379928425139,-0.0158488510237037,0.010946962960113,0.0506077287296951,-0.0292724926351211,0.0212531482852135,-0.00276621129373748
-0.0591314666087801,-0.0105385498119303,-0.015887583476497,4.87088731742417e-05,-0.00113977524100589,-0.00727019313750726,0.00713085447459832,0.0191063618600298,-0.00463757460540685
-0.052574293756506,-0.0349969022899541,-0.0216925038121319,-0.0503661875040119,-0.00414426662926853,-0.0842103225162016,-0.0399037967820845,-0.0231542312349005,-0.0206538004317213
-0.0138063286793465,0.00582496828231533,-0.00943514716466018,0.00406973040244983,0.00209804759770231,-0.0235251952611768,-0.0114017284104463,-0.0263922642858578,-0.0134677485579768
0.0879886686532547,0.000555468665067993,0.00520077289924616,0.0392066818644954,0.0124875215526052,0.0115948837029283,0.000570138554815089,0.0209865054138213,0.0330569376114542
0.0135347891371694,0.0186469966663605,-0.000587432179574675,-0.00210759400972984,-0.0205436676393233,-0.037716058936507,-0.00451884566757403,0.00279898526716269,-0.00748291426484093
0.106980387777076,0.0309831619807078,0.018782578579632,-0.00321908451765967,0.0264871188706311,0.0704299585473883,0.0277464828705642,0.021537191868498,0.0317712088281275
-0.0322831131064573,-0.0161497565035228,-0.00826969499734403,-0.0104977216955434,-0.0190256527483882,-0.0586202511542165,-0.0212682103512258,-0.00684933444558343,-0.00970833832702479
-0.0230419749211445,-0.00434778151470576,-0.00614032188610244,0.0090317596763873,-0.0156068968938666,0.00435229589287845,-0.0354532917784516,-0.00140932343260971,-0.0160175413892131
0.066572078388523,0.0428105625691354,0.0314168191836983,0.0517962741592643,0.0118779399455663,0.0641929835845935,0.0172324218490428,0.0271656834186115,0.014688786349654
0.00464883577486569,-0.00705344501086238,0.00054455130801048,0.00790718194082341,-0.0182982128595805,0.00532049246738384,-0.0029537670543383,-0.0179971706355792,-0.0154851564231046
-0.0513463108203741,-0.0446488080856354,-0.0412346017688548,-0.0448252879980893,0.0180598554022669,-0.0482015238600709,-0.00745402057342526,-0.0399389454826455,-0.00410544452809228
0.0113442437160915,-0.023948131804137,-0.0204415506434064,-0.00849425375330778,-0.0120960613240301,0.0032388561573639,-0.00838067294918376,0.00175267914961235,-0.0137453977458763
0.00570061203702555,0.0132453767155557,-0.0188240180772335,0.000659853557181603,0.00968266228523471,-0.0243268658919689,0.000120670479174438,0.00394915310340821,0.0118931574252528
0.00121144501450978,0.0212502198543329,0.0389952631869495,-0.0206704330207219,-0.0129916516592049,0.00442236706293449,-0.0322932673779106,-0.0161035205268002,-0.0202093236085396
-0.0036256309504834,-0.00359585444991365,-0.0012571339011591,-0.000754766949736133,0.000782164983262494,0.00245624357323522,0.00254427778861089,0.00556789063527616,-0.00550341904962272
-0.053558162019034,-0.00633680158709638,0.013589306592135,-0.0530194088295049,-0.0363367476782046,-0.103932696160929,-0.0551111294709309,-0.037210637534047,-0.0453969533073866
0.0502554799950772,0.0115078384920736,-0.00288150705354872,0.0263238104102554,0.00443278303066922,0.0378960084514285,0.0141920783993238,0.0321229171172888,0.0127692353736916
-0.0403188544237865,-0.0333204321060179,-0.0316762142339378,0.0260295781326837,-0.0216589505926834,-0.0873221658191815,-0.00420505620302832,0.0112675478732431,-0.0129923530394558
0.0144727444777075,-0.0219651254285306,-0.00945753088974876,0.0101512027752676,-0.003278544160867,0.0154306492800709,-0.0036106795709176,-0.0300253317721705,-0.00403898358756199
0.0223710514011304,0.0209684901530995,0.00542798880388942,0.0541456034639859,0.00836435486032442,0.0345988183336598,0.0117020481583042,0.026595700727196,0.0257397156923353
-0.0189571192669666,-0.0429175665691435,-0.0235988607676661,-0.0133094342418905,-0.0311789064189255,0.000986239598444377,0.00155344580725703,-0.0184033817665919,-0.0337991435937878
0.0034579259963093,-0.0262605053554032,-0.0391974083103772,-0.0249023921373416,-0.0225747886802284,0.0140640710936146,-0.0251288223680783,-0.0041055034078695,-0.00507287455864908
0.0367845758588519,0.0207277903427487,0.0214966425701124,0.00602024906787258,0.0269212278158195,0.000842351636031648,0.0332995379718052,0.0491204791256217,0.034718346702534
-0.0193357685794575,0.00751755034586369,0.020585816515955,0.00318812313117484,-0.0127071646164382,-0.0488927216832485,-0.00316803930062935,-0.00175801749322066,-0.012593759784595
0.00203439280091284,-0.0022526798467672,0.0101837334342659,0.00584264097042443,0.00812670768729472,0.000104653823601157,0.0200023942012752,0.00665851701214767,0.0426581492141907
0.0196715343944689,0.00857880249110029,0.0290199808597774,0.0177794231294898,0.00976777039960275,-0.00915162343068314,0.00216720121894938,-0.00339982037398357,0.0226422730592204
-0.0837397466491372,-0.0305735035668599,-0.0380269719913473,-0.0272122467290479,-0.00986584585536222,0.05345585706991,-0.00129217303738183,-0.0121221758333518,-0.0335745353848455
0.0262376858547931,0.0283159726169563,0.0103012518735557,0.0451259911016346,0.00567039729036356,0.0271329362933726,0.0194796972905307,0.020144892410911,0.0209208768733524
-0.0211644240682597,-0.0175730737986767,-0.00890230736233585,-0.0190484976393349,0.00196522534637387,-0.0291363071571125,-0.0194276729156347,-0.00240635299535037,-0.0215204460624385
-0.0674092143337283,-0.0210064603004157,0.0128467443407591,0.0221030116369887,-0.00583683765211888,-0.0524056002552022,-0.0181623843993466,0.0145394506492997,0.00500506091238077
0.0146716101974694,-0.0121961391387935,-0.00761258959885779,-0.0249034864285832,-0.0149941398924419,0.00524697112860833,-0.00186126087098232,-0.0239505888036864,-0.0143706308085234
0.0471747749728793,0.00943564317631864,0.0095827819252701,0.0243747918005798,-0.00631139570997983,-0.00965118693924541,-0.0095944334896157,0.0165659738065035,-0.00615437923277545
0.0994519585224847,0.0498784812754139,0.0311796839730911,0.0288167496690349,0.0138105580536769,0.0848652976288816,0.00232900586568145,0.0233749276318328,0.0220826526503751
0.0311590024920057,0.0342052324899473,0.00869994448191387,0.0675928299101095,0.00664431551779646,0.0589176365401686,0.0194954187546789,0.00594093372039248,0.00843808783939962
0.0525900116826061,0.016366485407074,0.00261153820287078,0.00707797233100961,0.000873897987271496,-0.0632757799881346,0.0128937525987068,0.0422324844936197,0.0089801736400352
-0.050377618404713,-0.0395134293218944,-0.0144481000613466,-0.0100822794640986,0.00140924656224132,-0.0789640926967131,0.00653372421923972,-0.00563383046475335,-0.00700236625411372
-0.014467115329688,0.0160659465142322,0.0326022379791022,0.0262351996399817,0.020890012006363,-0.0181308328233857,0.0113361252788867,0.010357720359311,0.00901575054930932
-0.00486906877633522,-0.0108863850086785,-0.0127361125757585,0.0521315217509355,0.0063843164912683,-0.0186449566523347,0.0115925917616929,0.0425247858169608,0.0118523980522084
0.00543334133716891,-0.00169112409066556,-0.00882762329926885,0.00636199502963788,0.0100423942111028,-0.0564330871707149,0.0159060859810438,0.0202005897207877,0.0162972166741377
-0.0609054265455905,-0.0593149155061976,-0.00609498362813913,0.0302059729477132,-0.0245554872978007,-0.0324159003214868,-0.0147878145313813,-0.00870458732592682,-0.0177233881988346
0.0075525522734807,-0.0147682648889624,-0.0061731767826363,0.00860494548148452,-0.00612050564473351,0.0507156214652182,0.00907117701103643,-0.00928951180985842,0.0132721249460943
-0.0514105375771846,-0.0400033353472076,-0.0518117835746095,-0.0326572749337012,0.00302498028051978,-0.072810145482884,0.00144647522352308,-0.0053659062886419,-0.0061880856350969
-0.00845034818030144,0.0224890669684108,0.0252289864156137,0.0114631793118846,-0.000327822984065556,-0.0103285219587402,0.00573610711964188,0.0269018973343539,0.0117620080966903
0.0664864048075529,0.0410312307541509,0.0364564921177773,0.0515798617103073,0.0285781810414314,0.082621369439101,-0.0218368326486923,0.0137556496204396,0.0405791312043846
0.0403365862930976,0.0309391221258644,0.00353311270507641,0.0243154353626523,-0.000415308249272611,0.0499796572929334,-0.000729974986446895,0.0153611442908593,0.0157509753628357
0.028750536142756,0.0168686393971469,0.0196550133541303,0.0181593692101566,-0.0124915327568028,0.0152700918721829,-0.0430059401840374,0.000226518954118216,-0.0176643819983086
0.062907018096127,0.0535271349267847,0.0308505424204136,0.0797566949059014,0.0183604180104834,0.014273442850538,0.012158599081836,0.0242423963009829,0.032597158343034
0.0152440557999652,0.0245612574684782,0.0315012189296964,0.0408391144740108,0.020273119832999,0.0227390568887148,0.0177254168879333,0.0222648177370483,0.0274386733364391
-0.0499152343444495,-0.00760912924153056,-0.0306240775214233,-0.00652816810982444,-0.000711468383901394,-0.0687551011027891,0.0146680325069014,-0.00286683091463489,-0.0171357674940929
0.0580594558038044,-0.000444448741620448,-0.0146999361123433,0.0132915852655386,0.00569935444945923,0.049184536033375,0.0175119511231829,0.0208358083514509,-0.00421114302024945
-0.0794607661863768,-0.00542889854664555,-0.036744643075059,-0.0314125904984644,0.00796344988661472,-0.111920644815309,-0.00481020090511449,-0.0159363250117856,0.00724555360952283
0.00325732148323114,0.00947326317567016,-0.00469280517884505,0.0292620246575699,0.00620430203964668,0.00763159772457133,-0.0125943913193637,-0.00190809988979189,0.0232008934590179
-0.00785921867561674,0.0154977423068933,0.0270477093325491,0.0227885222366742,-0.00883266901850926,-0.0058818545603487,0.0267772422976309,0.0050817337902028,0.000373627803903482
-0.0147772541960797,-0.0142248378891078,-0.0190660341774343,-0.0379400201741488,-0.0132823175645521,-0.0369604004774234,-0.00796471964423847,-0.0108019055168395,-0.0117260671803101
0.0432868584276963,0.0193383922727899,0.0097355441931716,0.0209629176050282,0.000816611647088461,0.00915036913082343,0.0211989152469383,0.00363571599903346,0.0101214636592788
0.094156209574083,0.0658648361354667,0.0486588558649444,0.0465222940699286,0.0115555639167411,0.110119955207948,0.0150508682402541,0.0426269714862098,0.0202792732210922
0.0044771884195205,0.00890683564675006,-0.0190247883894641,0.0184031172638359,0.0279333495006807,0.0478263253904423,0.033792353493711,0.0184525854888675,0.0385994136010912
0.0237884964792793,0.0461937353931436,0.00949849509318261,0.00183667877049934,0.00194758165569144,0.0357429177841298,-0.0161814048129887,0.0137172646832538,-4.55899511481415e-05
-0.0860405471986394,-0.0380647391578071,-0.0240291967879159,-0.00538603248780208,0.00607956838662006,-0.0243781447305201,0.0013434179109583,0.0045759328897293,0.00145769446358375
0.0210703144144886,0.0194287583004213,-0.0077887784466469,0.0505487643795063,-0.00275455344049653,0.0329299530936786,0.010051416586237,0.0101450665443593,0.0142360140525895
0.0506763045537555,0.0499728275569736,0.0227367981028738,0.0105053647613656,0.00579589384247079,0.105677280073948,-0.0115099829909235,-0.00815063371236989,-0.000538896439604837
0.0448870860713104,0.0246816587858442,0.00184869212805151,0.0508196680102579,0.00382854696851328,-0.0186822976239432,-0.00419308258460493,0.0090876551256242,0.00660239460501199
0.00842532946392195,0.0150072347772581,-0.000620583966065122,0.0162408721951592,0.00586218058900676,-0.018179042039854,0.0119680614706496,0.0333959151604384,0.00161937256464283
-0.0745775225926412,-0.0296268412281126,-0.0272857287161209,-0.0435464289732109,-0.00812383550893362,-0.0176930043661382,-0.00404697835948801,-0.0175179154270287,-0.00738628536987061
0.0273666417872815,0.00518899721102417,0.0170798998072475,-0.00610042636856093,0.00292188687354293,-0.0112153808513921,0.0016353259163243,0.00423986047558643,-0.000976488832900344
-0.0312476106653144,0.0155675680021708,0.0295832680710787,-0.0578808331129478,-0.0199605372415247,-0.0554312020386554,0.0126701766527649,-0.0169510902239348,-0.0339096565163916
0.00036553345367613,-0.00870933568874568,-0.0216787069470018,-0.0273781727634285,-0.0100847627613429,0.00584819064704731,-0.0235781171793942,0.00429577925156844,-0.0148003854960525
-0.016458523553836,-0.0321878424078234,-0.0104459758007443,-0.00919977296610884,0.0036693072678965,0.00415814726385216,-0.0145634996460491,-0.0150117144659322,-0.0254229200160122
0.0301208456101036,0.0348222887645749,0.023655543476333,0.0361225169461508,0.0214562358293058,0.0199166493778019,0.0121161637066625,0.00745428236280367,0.00937574928160834
-0.0340281264302702,-0.00562777252450962,0.00472383814217528,-0.0109017940876286,0.00346693875682129,-0.0270415855883816,-0.00668177312855026,-0.00753444866744465,-0.00664402540158104
-0.032272281331324,0.0120962965397274,0.000383984444557676,-0.00022065385702323,0.0201423334282161,-0.0346122833453351,-0.00475178827485578,-0.0151018621782197,0.019710984132486
-0.0404238331922115,-0.0345125520167041,-0.00995055509452752,-0.00954152978814682,-0.00531532250768876,-0.0941497243834117,-0.0215281859761924,-0.0121930460598759,-0.021968875277118
-0.0180702729544679,-0.0140255121675525,-0.0299727972991339,-0.0190421219504772,-0.00091802220134738,0.0165467791362633,-0.000637700866613702,0.00158620839391176,-0.0055049511024118
-0.123728992273715,-0.0677834169985524,-0.0684871305491524,-0.0690633195180463,-0.0155795349499737,-0.10617253739307,-0.0200024519111283,-0.0361435203047197,-0.0569990674159116
0.0149188406125013,-0.0170973848068839,-0.0156249916272026,0.0106686584231737,-0.00371799451783708,0.0213493597378515,-0.00030336942998295,0.013682883332494,0.0120560237003915
-0.127436309444274,-0.0490114422129518,-0.0455350201063413,-0.0516305021995166,-0.0233002655120295,-0.119915699322743,-0.0225280767915393,-0.039172751160043,-0.0411048390839151
-0.0244556841471228,-0.00187872770807462,-0.0115404742255235,0.00827214021953327,-0.000407575513705078,0.0305512127513107,0.010020171637102,-0.0334625844342259,-0.0202670534049919
0.0821945434042893,0.0331883645818916,0.0162199622532248,0.0352696988929749,0.0283732434686605,0.104766447895926,0.0287802404439209,0.0543273896084938,0.0254327735060107
0.0900627098572281,-0.0312999915466181,0.0357246484299736,0.0439765232543694,-0.00507361333357812,0.0645132746946948,0.0201037228885851,0.0214725237509615,0.00792390667715174
-0.0197865039748564,-0.0186295088678523,-0.00193421159386275,-0.000377016539977237,-0.00444841126576263,0.0235668345110236,0.00524136603412078,-0.0221055429562459,0.00312353986925895
0.00307400273011667,-0.00985885306062856,-0.00632595029547259,-0.0192512725326211,-0.0204101394738513,-0.0253295574613722,-0.0199850102814637,-0.00855484633741364,-0.0140698709514566
-0.0798248054571826,0.0185235875023813,-0.0360647803255521,-0.00166575225274637,0.0237169292886856,-0.0605938356213406,0.0253228277747017,0.0164341000937546,0.0200271114133869
0.00667450484436536,-0.0186403577797213,0.000582319859717471,-0.0132961034599564,-0.0174239260411076,-0.0231421842585333,-0.0213650539049386,0.0113632267169458,-0.00262042577456628
0.0305939410371252,0.016541764573599,0.0172994280338487,0.0209235418546497,-0.00247358175070522,0.0283396837931595,0.00282420446970869,-0.0114800452857195,0.0137751027212004
0.0720130269805502,0.00636934376538848,0.0181786648656588,0.000850662433716623,-0.0123792931852731,0.0533430605071685,0.00316729101169439,-0.0176824295182209,-0.0121592768244387
-0.0181797753832084,0.0117521378132054,0.000171657003962091,1.00981966421536e-07,0.00415507359127676,-0.0135730317925954,-0.0033102042452925,0.01020685979991,0.0103236929640002
-0.0258661593764201,-0.0338784642918549,-0.0367190401189639,-0.0137699725229068,-0.00407041602356576,-0.00968127488757149,-0.0311242804371374,-0.00389737715445488,-0.0120280810048759
0.0297621545594523,0.0209138097045462,0.0188838615174441,0.0123688672899004,0.00713184394865603,0.0446130882870291,-0.0259398815952067,-0.00254427443263155,0.00443002519628825
0.00177562631494926,0.00747340981164804,0.000430225520168851,-0.0109042443585535,0.0167511998952205,0.0117763326977464,0.00257616399759857,-0.0099786174121284,0.0311535331180196
-0.0170771572584464,-0.0544898430400786,-0.0364623588464978,-0.0139936752802011,-0.0131764675066563,-0.0457044286923739,0.0152688990351361,-0.0249481092589491,-0.0301245467970544
0.0738288904087705,0.0217650596739705,0.0160801909987721,0.017266724975875,0.00317417543733508,0.0866137936762161,0.000199666631100497,0.0205294649335258,0.016377879362287
-0.0305895345759479,-0.0329113008234529,-0.0242476491973076,-0.00402332388703124,-0.019450439135789,-0.0161247095067065,-0.0208625007120546,-0.025122396946871,-0.0388094808848639
0.0659097282894896,0.0521492452760213,0.051292247923018,0.00417780126316041,0.0125618165150021,0.0679317343480073,-0.0114138327998635,0.0118236474429096,0.0164481297725071
-0.0570961596259699,0.0122408493663375,0.00043131493267903,-0.0202835446705667,0.0110447913531008,-0.0730504768531469,0.00243683993255606,-0.0147874411095765,-0.00936627839301012
0.0624855248445376,-0.00759705208596893,-0.00448118814016869,0.00875062223615459,0.00642501680883156,0.0280734754247674,-0.00843183167282296,0.0221959679739708,0.0282347558801389
0.0362314250825174,0.0113780520770555,0.0159997000613391,-0.0113657690945212,0.00391204773453968,-0.0342489867118233,-0.0120813961161264,0.0059207078806335,0.0031411900793203
0.0111494117703315,0.0132722689973,0.0380024125872663,0.0299925698983052,-0.00398701748023298,-0.00623395109688786,-0.034759086501799,-0.00357958608524914,-0.00830548500508056
-0.0261289181857954,0.0251115613253617,-0.0151984285651204,0.049962222334589,0.0268398064507492,-0.0284166040734829,0.0277305016359701,0.0168834781422807,0.0168990548287035
-0.00839749669865434,0.0469127801813654,-0.012493634386161,-0.00357947681360255,-0.00559065663104558,-0.0213781932210482,0.00396564918130828,0.0137423055245685,-0.0143547307604086
0.040543323410134,0.0273599456630095,0.00334329989266648,0.0696338532715034,0.0174223182858508,0.0239122321510135,0.045715899431028,0.0337822058785737,0.0194312800079235
-0.0262721106398575,0.00379652727914397,0.000690625491909412,0.0107190829749907,-0.0156323914544285,-0.0368252328904365,-0.0174951909772,-0.00524030013699714,-0.0133193430411415
0.0521493535442002,0.0811152357387851,0.0533203292156233,0.0607559658555625,0.0290777150094776,0.0393704445052553,0.0110263337108605,0.0242351030113118,0.0408780119916296
0.0303819013827075,0.05204580280029,0.051575301382737,0.0168451493215735,-0.00355504846013175,0.0260792636548943,0.00558694300892029,0.0110955665271174,0.001643683970657
0.0376822030631747,-0.0300500015595046,0.0162121191657482,0.0108422796302031,-0.00417139415606744,0.0175304305666957,0.021499654978624,0.00291782547304952,-0.00247880426197699
-0.0237524486650386,0.00818508136310999,-0.0126032901938772,0.00571155068107259,-0.0111571149918897,0.00288397381797978,-0.00213875297230664,-0.0139116635803074,-0.0086664515262375
-0.0582962248880889,0.00440617288447709,0.00550396742870937,0.0137271256178872,-0.0167700418886586,-0.100914028498901,0.00275251285525728,-0.0133661722921597,-0.0140963724572885
-0.0864719416735338,0.00188707485166802,-0.0468276072204409,-0.0363547528952384,-0.0133263615394079,-0.108177108839148,-0.00361139874197963,-0.000683783858171327,-0.0129076648053208
0.0173137106903788,-0.0104890464658733,0.0265586179573196,0.0594262354395787,-0.00676842804859643,0.0225425559799443,0.00407066850774904,-0.000369466840954434,0.00783933341347984
0.0364178777375783,-0.00255617159366434,0.000389038064701235,0.020052025506875,-0.0165938627442907,0.0368388829674596,-0.00737455733984545,-0.0250038712936085,-0.0115327292400975
0.0751607609411214,0.0517057541463926,0.0410348026858517,0.0190819620690654,0.0105091922083183,0.0550820271840588,0.0114773241098354,0.0134534076112287,0.0125130784486894
0.0115195168021011,-0.00586066316278796,0.00577441194719674,-0.0051595428554103,-0.0179289779741271,-0.0326922597935366,-0.00687840002849877,0.00420008528536517,-0.0118978300966498
0.0115835889888154,-0.000279839965969421,0.00090744855394904,0.00045730611268215,-0.00615715274427483,-0.0428433839629212,0.00970792747058086,-0.0274677730589514,-0.00953373746430275
-0.0430377614380843,-0.0490772687965911,-0.0347004034566106,-0.00987842496378742,0.0109114459336045,-0.0582080082600214,0.0103593078999844,-0.0119190644934758,-0.00182095674675478
0.00111181341872932,0.00239223030907976,0.0169603987159878,0.0132178024150307,0.00417160889365606,0.00456741128941762,-0.00638629440074941,-0.00399662976584258,0.00887337222218931
0.0292972742915829,-0.0368117015908649,-0.0228755898377039,-0.0128665893762653,-0.00315038499076191,0.0258365424218831,0.00553265495390915,-0.0298239874638753,-0.00375858601343705
0.000172644626875094,0.0107980674683379,-0.0186592262799938,-0.000893947783208025,-0.00694172362005862,0.0156790961199579,-0.00744697779415755,-0.00374894019556307,0.000566515029996055
-0.0363260751170032,-0.0461407887791542,0.00143718061006187,-0.00706853884208006,-0.0342516947322937,-0.0345575775777963,-0.0177160834103444,0.0114370009970362,-0.0251472457984085
0.025618396716641,0.00492550137957305,0.016974339177587,-0.000368554474704554,0.00122997040747365,-0.0149594975956121,-0.00452881149431256,0.0156200573393386,0.00712334824306142
-0.0045223227579605,0.0312511985037995,0.0143521744201449,0.0365454987598986,-0.00349552213473501,0.0320108526021182,-0.00964091757352623,0.00779921135575896,0.000556859678592852
0.017105432363432,0.0186921094874538,-0.0263487827173743,0.00757576819185887,0.00284290297525122,0.0172338359133723,-0.0052584452292801,0.0144672447098784,0.011537401452405
0.00754607827341714,0.0122406340143243,0.00721326415007796,0.0155464660835512,0.00761578730332361,-0.00751576341865349,0.00799340160379658,0.00122816771480493,0.0114245424701995
0.0455272063998294,0.0340651762798418,0.00874424774575623,0.0525914364516988,0.015132354093705,0.0819896329143085,0.0202647045188647,0.00509692911889716,0.0189736362660883
0.0576798527984539,0.0459944790647164,0.0288632275820328,0.0642604829861328,0.0163205382150786,0.0651143501862408,0.00105367207147077,-0.0171186531822801,0.0234473148292632
0.0829674160958719,0.064136963628441,0.0486001116143563,0.0591785614583714,0.00900914644859971,0.101935210739013,0.0182020965134771,0.0185825637663674,0.0426389181035011
-0.036501955326496,-0.0310558356269157,-0.0137826959874296,0.0372314727780475,-0.0161970289152646,0.0410323264473432,0.0250592676247787,0.00609081544885948,-0.0201940375568667
-0.0133940487737946,-0.0125970483625175,-0.0252877302481299,0.00416918523093294,0.00578571844711152,-0.0396726228255418,-0.0155783875863847,0.00417365293031784,-0.015780850654944
0.116995998917093,-0.0328375061745209,0.0178049189633798,0.00334185656792222,0.00623136648685729,-0.036038351066932,0.0245546719768992,0.0159972945833823,0.0254332941187423
-0.0222718311932575,-0.00380093165423018,-0.0537186258130127,-0.0431647026248371,-0.00191232086894645,-0.011389007696571,-0.0113130408644623,-0.0112046208709538,-0.0169036656595792
-0.0164756002692155,0.0396799187361793,0.00626749141600793,0.00894595560217082,0.000823075725072054,0.0330651634859959,0.00510861317378967,-0.00057482984922437,0.00508881678531419
0.00310324365747802,0.0118944583313201,0.0207863753985018,-0.00272719057727302,-0.00505337983817614,0.0147448908495811,0.000552128199034626,0.0136770889142051,0.0109158558683668
0.107164804191201,0.0454770772423942,0.032803415908153,0.023284004780397,0.01618075904106,0.103966206937389,0.0239901272386062,0.0215694784401495,0.0338278246114735
-0.0434656123286199,-0.019965438875411,-0.0113665957495893,0.0258271561420485,-0.00547983013817728,-0.0558327468342474,0.0105330943409902,0.014627052892706,-0.00581163236753712
-0.0908547610713735,-0.0283217245065743,-0.0411914746774408,-0.0446935898231753,-0.00102239394648703,-0.0992365142676825,-0.00271299715568899,-0.022154326991531,-0.00302829020145974
-0.00276595424033177,0.0112307966900757,0.0172059230217822,0.0447860615934828,0.00979821670157454,-0.0298503811273045,0.0142173055291715,0.0203297376131453,0.0162914565713104
0.0948604478454751,0.0221427809868212,0.021969318576232,0.036540343307245,0.00641716904602866,0.0756717298749999,0.00994546628358215,0.0416213254676806,0.013646065576814
-0.0202514141665526,0.0239985443476202,-0.00163883443681737,0.00114994078561867,-0.00570882001949592,-0.0223979895531307,0.00149858808163073,-8.84803612581558e-05,-0.0158598823456488
0.0439763276269275,0.0149898205857962,0.0146561044582476,0.0317338076356142,-0.0113105030199552,0.0470252009117903,0.0128377256734877,0.0100889293692454,0.000294403593151274
-0.0741017291757572,-0.0455708731661052,-0.055909819664701,-0.038936946725999,0.000152227774019272,-0.0749795902937217,-0.0142610881959262,-0.0530880232459317,-0.00983498029205374
0.041006079549494,0.0490217112339774,0.0318322521402429,0.0238610794545805,0.0228675816417364,0.0401807572681025,0.0199650939244458,0.0190378347748852,0.0435931459220638
-0.00601843741854825,-0.00450114168754808,-0.00420340426594538,0.00409918706073748,-0.00871259149728633,0.0504406958516908,-0.00100034599255275,-0.00889947069323541,0.00662747834822923
0.0734225986659813,0.0406414578646732,0.0317070105565493,0.0142777330238911,0.00513206473109205,0.0307069976771786,0.00099036576871966,0.00105712913905433,0.0209613664960049
-0.00191097407940786,0.0248248371211805,0.0233313264765272,-0.00629570321957289,-0.0214474138977024,0.0103933428865332,-0.00207876025787775,0.00147188152352081,-0.0130619216911911
-0.0392235107346583,-0.0310849537091522,-0.0255375001242905,-0.0116728535962217,-0.0125936099562483,-0.041816864641167,-0.0503756656981906,-0.0418710734600221,-0.0118036726677844
0.0246069582016778,0.000675144336441979,0.0069355396434952,0.0488055014679742,0.0173784219833824,-0.000952684281257448,0.01056545132316,-0.00757725663949145,0.0268409106630765
-0.031201193703771,-0.0114565697949156,-0.0136635504149584,-0.00909644454575105,0.00540914091934801,-0.0120074107555596,0.00425645766582199,0.0214741096569794,0.00301826918537219
-0.00699820711979032,-0.0197232299232907,0.00249959724417182,-0.00366583641670459,-0.0193271792199522,-0.00831085724842381,-0.0137995942542304,-0.00844571258413604,-0.0184781331168932
0.0399520425176885,0.0492727363688265,0.0114965978370718,0.0292579125729372,0.0293090076256147,0.0775679789208206,0.0235852567971511,0.0376042641890538,0.0438081380765408
-0.0278202620660918,-0.0642319936333105,-0.0213522893249742,-0.0518993015354035,0.00113633016097389,-0.046262401855133,-0.00427463304914684,-0.0182455736035989,0.00559362776314913
-0.00357025673686148,-0.00906858716666746,-0.00241650346062291,-0.00148765102749666,-0.0112473362242625,-0.02088875594428,-0.0187724410217669,-0.0442690515104912,-0.0606161896883511
-0.0310606246964843,0.0239931553888149,0.0149955776855114,0.0162994808796826,0.0273687404850822,-0.0362551672735426,-0.00721176926134621,0.0034537270016099,0.00140579505550665
0.0410658522060513,0.00219070592072147,-0.00148500802585865,0.0200741119757548,-0.0194840406834023,-0.0105944100858607,-0.0073226432349463,0.0130704967386823,-0.015971242742384
-0.000664203236086775,0.0109947027152262,-0.00373101910266095,-0.018290336743663,-0.0300680256970667,0.00103529242268358,-0.00622197763640668,0.000480044338108747,-0.0104330983821597
-0.0308067666615286,-0.0126543439700769,-0.00768864868303733,-0.0150459785303851,-0.00502478778308871,-0.018446718415908,-0.0122956990190292,-0.0265248164908186,-0.0533729463819097
0.0127263297493414,-0.0401068941849862,-0.0376403064967972,-0.0106611777859818,-0.00228553438046459,0.0222652143557778,-0.0169933632580839,-0.0142678515690076,0.00277206598985899
-0.0404162367282378,-0.0278081573283947,-0.0128108403284563,-0.0104586013185311,-0.00739898823282699,-0.0507948627391551,0.00256751247895117,-0.0196444835914044,-0.0180869172944474
-0.0255043422803856,-0.0115108564434899,-0.0203027216022093,-0.0110987587058729,0.00659124277285166,0.00831622279008681,-0.00947072287828432,-0.0213940468091214,0.000715581138420238
0.00413387045296839,0.0205218926049296,0.0131847071135497,0.0223766049076262,0.00108355792519231,-0.0375101759370027,0.019855431804438,-0.000536782136504547,0.0030609813526258
-0.0113578906771157,0.00959595572928856,0.0141637192161175,0.0296111071885977,0.00101049868067707,-0.0250433529411763,0.00264854789429706,0.0245981006635141,-0.00453863515905188
-0.0206098995380876,-0.0184016164545636,-0.0348484129078015,-0.0182311618337517,0.00180383443720917,-0.0518992058597812,-0.0174089851566994,-0.0168505087636468,-0.0087015585582809
0.0205944410903328,-0.000135285755477642,-0.00324192240429456,0.0176998210613026,-0.0111227815778632,-0.00682294663567125,-0.0118360579141146,0.00798682827019708,-0.00861810691994666
0.0552922413934069,0.0172960000341341,0.0091679480028204,-0.0052570427975583,-0.015176098407028,0.00754254766861113,-0.00313696822213296,0.00534831825821108,-0.0191040823027396
-0.00224692935901019,-0.0194389099783057,-0.00722323393657961,0.00467964544202964,0.0136408139178516,0.00978414974798513,0.00591737910373135,-0.000162203324559578,-0.00944107235801321
-0.110824127534614,0.0126567713014622,-0.0441730326545869,-0.063440405234528,-0.00834390587625438,-0.102011609586187,-0.0281013264472729,-0.00725130481757875,-0.0117453419734001
0.00436458589592804,0.030080680245574,0.0225220619690953,-0.0210170868646479,0.0129966577448087,0.0245928464706029,-0.0312585984749604,-0.0125426956616976,0.020306656950866
-0.0229566563829315,-0.0307168275941475,-0.013569767072256,0.00854120425322531,-0.0150409880713985,-0.00837837016589276,-0.0271599160176226,0.00860576830751775,-0.0174345402750371
-0.0442275569347005,-0.0273533088048671,-0.032695676439227,0.0224813161101526,0.00982378410652828,-0.00857971410345489,0.0270169180520235,0.00102636040162206,0.0218837236309665
0.0908715037338654,0.025776057180439,0.0407532122590734,0.0505337077874383,0.00745255190757041,0.0387999403433112,0.00464202573491756,0.00306186493471614,0.0311263155909318
-0.00919624351327697,-0.0259614276852648,-0.0156779546717985,-0.0174469438113165,0.00362219401880998,-0.0107979818820786,0.0291553476125717,-0.00210778700178562,0.00185271439354677
-0.0820613710247311,-0.0289909658044175,-0.018592502932446,-0.0415499808071823,0.00735572790963956,-0.0688214148870524,-0.0212383347374193,-0.0312979130319881,0.00121037734669233
-0.033817471357871,-0.0158512853224709,-0.0161209240492239,-0.0268101813777347,-0.00213043860250585,0.0234340379054662,-0.015578692187616,-0.0252205845293302,-0.00723474925188448
-0.0784681665518229,-0.0173556149899695,-0.014135451901413,-0.0474254340093494,0.00234044266466207,-0.0935340688876208,-0.0137938760007631,-0.017578593974952,-0.00766151828956535
-0.0210042541361484,0.013409340509235,-0.00444940774174806,-0.0184570911968553,0.0011985217995625,-0.00120777746004514,0.0185688995032092,-0.00638205047142905,0.0153354954437741
-0.0467415629040171,-0.0218852650990388,-0.029776339342824,-0.0254195739629932,-0.0144369247409826,-0.136059873730998,-0.0376427740585648,-0.0106059508578161,-0.016595753066995
-0.00136505769192307,-0.0268796062209225,-0.0427025008589735,0.00726882026262386,0.00189034762057897,0.00409762509873055,-0.00248126220496441,0.0044013874728808,0.00340011772727872
-0.106798889125734,-0.063270198073127,-0.0291654309886458,-0.0356824151925883,-0.0548988446093736,-0.0838511487205135,-0.0158074577009007,-0.0594849779533184,-0.0689208900928265
0.0712906747310216,0.0230003288940986,0.00501362542959846,0.0729969812245762,0.0147115114225216,0.1289156770144,0.0128719531669636,0.0275980314351426,0.0255679058877199
-0.0114839894284792,-0.0119531684608777,-0.0132897063006767,0.0197477435465149,0.0282304268565225,-0.00811276609306858,0.00341961618128926,0.0121757273029946,0.0242153420724784
-0.0996872588510083,-0.0286819098242821,-0.0598536963948266,-0.0713628681746679,-0.0112345360257622,-0.08050565061632,-0.0125774281862381,-0.036623198405989,-0.0155619840736267
-0.047274631548874,0.0128413405792992,-0.022831170751096,0.0271721153226158,0.00686903484824238,-0.0055226417874949,-0.0138352279756157,0.00270778625312856,0.00097468975765158
-0.0704759495118903,0.0287797263011244,-0.0109158647201483,-0.0476870601866099,0.0113993684908436,-0.0887209879778277,0.0184603586592508,-0.00929637791323869,0.0140861677029695
0.021125265592807,0.0185588044856626,0.00876777183787843,0.00722549516475792,0.00769741355703169,-0.0119585552303838,0.0154300443721529,-0.00288752015700955,-0.00736263733532063
-0.0686845869868576,0.0135340680083924,-0.04201730349145,-0.0104159534889182,-0.00435669166327932,-0.100917306186415,-0.00444217687622472,0.0149104780335538,0.00450063471788783
0.0361503218814618,0.00791106468139393,0.00220834736861747,0.0264597614143745,0.00491027116577224,0.0667939260658235,0.00525520681461991,-0.00388718185117275,0.0146068643389334
0.0519142691435259,0.0331867572471956,0.0233455152007233,0.00686718129761859,0.0245196312634529,0.0770927224627837,0.0219485923477864,0.017636795088951,0.021613028754028
0.0173711236848027,0.00623702229827673,0.00574485235400107,0.0185801481893094,0.0131800500677953,-0.0153439471856387,-0.00790501717980731,-0.00401495840231623,0.000397795911698397
0.0428428096645303,0.0475331753871065,0.0113676364055344,-0.00216642276077732,-0.00258088392127479,0.0494369382621016,-0.00778491909710962,0.0149147472088792,0.0131971664683598
0.0492827917216151,0.0265705838427288,0.018533915717694,-0.00466164394464335,0.0081611704173881,0.0111491447778447,0.00270558731662253,0.0182439211391586,-2.07501247317166e-05
0.0237896065133334,0.0270060172970443,-0.00439457543159689,0.00841063212111879,0.00917250831065383,0.0552691590874546,0.00428807051496426,0.0394146972113552,0.00130563840748473
-0.0479702320354503,-0.0379983795296921,-0.0108596586297285,-0.0883128981392719,0.00890502915712676,-0.0805285454697667,-0.00440113246076745,-0.0117689040988008,-0.00273388691596006
0.0025971653966474,0.0238626341714265,0.000657201670033928,0.00233510030504321,0.0167595824418118,0.0194814703175795,0.0281012482753668,0.00969162004238074,0.0353102062437509
-0.0477528526819879,-0.00803887936310287,-0.000909561997342435,-0.00994510379968142,-0.00221786101255563,-0.00806568771295374,0.00338296046411111,-0.00910256453811024,-0.0311558123485238
-0.00243665355157878,-0.0138593770906515,-0.00547027104438677,0.0264670066364871,-0.00328534776652314,-0.00861719204344873,0.00704623228280754,0.00225475735758386,0.00258625233089994
-0.0650080805910753,0.00294209593106601,-0.0384740250027061,-0.0365542560824035,0.00204350277095761,-0.0223572330409882,0.0118585593126478,-0.0157881743338478,-0.00713397267038814
0.05353891743212,0.00599154722107379,-0.000422588782050877,0.0414367212799525,0.00191614119719971,0.0426925362087312,0.0135124382048668,0.0088826205476437,0.00116336811782608
0.0222999505609426,-0.011420078306282,0.0341238084831183,0.00573406772911936,0.00854100036251134,0.0122775336353262,0.00596815628287053,0.011411927462057,0.0137794242960785
-0.0290518063244303,-0.00320020783551748,0.0107128748972659,-0.0033872338670493,0.0110786875181567,-0.0131664950194067,-0.00118018530444862,-0.0163288285468283,0.00898983823929899
-0.00966900487676789,-0.0304008295118716,-0.00919643033107092,0.024743301407263,-0.0170326819183062,-0.0110265996740127,-0.0140589630760417,0.00286405500025764,-0.0170515254746936
-0.179837253282989,-0.064754476727532,-0.0504617449214625,-0.0930262005262528,-0.0164960017414409,-0.183707971734909,-0.00634749915352247,-0.0272089731348064,-0.0313973173516116
0.0692760642551561,0.0119939600540632,0.0125921244752259,-0.00509902353105787,-0.0199922560068817,0.0176242711973709,-0.00634061195026723,-0.0103302941696453,-0.00555170823495521
-0.0537295957879602,-0.0105688099313539,-0.0256337218093094,-0.0300841000191903,0.00086998974761552,-0.1057297591275,-0.00551053451464798,0.0207731083005058,-0.00575887956669663
0.0101116578624613,-0.0291724386502257,-0.0306953105349077,0.0028730579792642,-0.00147374837301238,0.0154152177671398,-0.00169193572383353,-0.0201152212873267,-0.0240233149985003
-0.0276167030129649,0.0174473583015043,-0.0113892648075067,-0.00824683711539702,0.00507304809786032,-0.0548784036266664,0.00566064536741587,0.00115387573297908,0.00863970719892658
0.161464647241515,0.0032342558541703,0.0056459481871103,0.0109485611091615,0.0202823193989369,0.0726933983427255,-0.00375018219663196,0.00882548222736585,0.0137178071265389
0.00394784858292212,-0.0158462219447651,-0.0226614737706623,-0.011430357418377,-0.00363856884689945,-0.00326300381710355,0.00330066301883838,0.0202440302990486,-0.00400252901369458
-0.0198842262829565,-0.00172952188054922,0.000196694167777254,-0.0430372032404184,-0.014261136856039,-0.0762458662202375,-0.0332681438044577,-0.000366008139515295,-0.00962095914492961
-0.0778595846519681,-0.0249633601482904,-0.0289634193094513,-0.0180720628510842,-0.021965241024451,-0.111311839814834,-0.0300374763949261,-0.0224823674861348,-0.0395662144116096
-0.0615086554426445,0.0126890495192832,-0.0253670210529062,-0.0330863196059029,-0.00163462091592922,-0.0541050226263438,0.0160171692740785,0.00575071614714623,0.000761195486290639
0.147766064835137,0.0269616727263792,0.0469134909456055,0.0119935570126032,-0.00276975451525432,0.00299851818873007,-0.023858023988444,-0.00134605406241487,-0.00200147741203449
0.0874022439477986,0.0802325269585004,0.0482318436196121,0.071938317496624,0.00840747747180168,0.0617419192091459,0.0120635304983066,0.0269936307718433,0.0386281937203619
0.0913410540370815,0.0297274927554383,0.0326608183431626,0.0530868518458632,0.0222786758575192,0.0848422184822397,0.0202781296345709,0.024345083240638,0.0116703920729285
-0.0892789454948964,-0.0144108144390729,-0.0309710043267328,-0.0464328507911417,-0.00215002211178358,-0.121156769440695,-0.022146444524384,-0.00815201736946112,-0.00858542597943537
0.0310483823400071,-0.0169135360535419,-0.0183839655507942,0.0259465241538708,0.00352167570610173,0.031373129391297,0.00988898150657393,3.87318146945343e-05,0.0167738015124494
0.0129620527946625,-0.00479977663173068,-0.00713499007500745,0.00698978836698272,0.00739146608295755,0.0494776950203687,1.38205880841605e-05,0.0145450269578815,0.0085407836639406
0.0102811734941782,-0.000671614122325324,0.010419784589325,0.0179629175770713,-0.0193343003619891,-0.00712287817024541,-0.0102842865590207,-0.0181283607542847,-0.0123672935021783
0.0318441200504624,0.00722285474950976,-0.00381047315850688,-0.0153039650091554,-0.0175438939307112,0.0174228801340948,-0.00301202637610048,-0.00106767529051382,-0.0280101857150059
-0.00960118797208965,-0.0478477677252356,-0.0288044830829506,0.00313979256086588,0.00775440666542372,0.0137122255044985,-0.00890420565148916,-0.0135703644900472,-0.000157586919928513
-0.00733335323103419,-0.024788815306567,-0.0285529692916667,-0.0118533897525294,0.00815956070180221,0.0398492249564027,-0.00303951126851793,0.00302739231712401,0.0138417860468407
-0.00939910981321418,0.0145450528424785,0.0221557248387177,0.0198377245713512,-0.00554425719501897,0.0424605448820141,0.0101373465259312,-0.0235498255283466,0.0141995627182431
0.00819418180370361,0.0220381354759833,0.0108615405779635,-0.0134420177981269,-0.0124823625333203,0.0152935914123001,-0.0157503062521708,0.0240459178832689,-0.00488929228513665
-0.0134955576552587,0.00635269882337075,-0.0208558260919478,0.00303685104750626,0.00203184437037551,-0.0405478410921362,-0.00673313962789487,0.0182916467382656,-0.00562880443894988
0.0886496770367417,0.0415394945100028,0.0338326191802809,0.0426653251148627,-0.00299285743266049,0.100910544851898,0.0123030916407876,0.00810149975411512,0.00636396325317904
-0.00379289773836853,-0.00582065098973905,0.0105866436251984,-0.0148019843276772,3.93662354615793e-05,-0.0639946864677572,-0.0180113001669857,-0.0231186803755676,-0.013724195850248
-0.0621701190486441,-0.0173390125182271,-0.013001725645421,-0.0241099357187864,-0.00683415899625675,-0.0576027608521726,0.00772170912497631,-0.00891612032020918,-0.000483943047985098
0.0280270217811771,-0.00316535449662447,-0.011478078101407,0.00711171046126626,0.0291412224516455,0.0481611081953811,0.00939027938763195,-0.00100494949896972,0.0379692742883402
0.0807903262945098,0.00837204028997117,0.0163074841224196,0.0233185058583999,0.00481722056666218,0.0632471754041309,0.00743901613570373,0.0370207481760118,0.0227142251761842
-0.0135919396184139,0.00365058081877255,-0.0159776690214937,0.00214352832010723,-0.00787732612934435,-0.0555811964605798,0.00483878294065038,0.00622149111294037,-0.0133176636146049
-0.0269738901168722,0.0299065736902735,-0.0171640197969417,-0.0119374047571655,0.0090265628316312,-0.0121822381925494,-0.000175540965385563,-0.0042495568993696,-0.00273426813087517
0.0438882346110327,0.0304888916261638,0.0215521980711285,0.0272143764959543,0.00624456789547207,0.0860427046526231,-0.00480988555913093,0.0203166650949945,-0.000385613729383104
0.111617677991446,0.0223787251713559,0.0255667407317287,0.00979311696704797,0.00410840150699596,0.189911350941852,-0.00193950447875975,0.00595050215846774,0.0101385531895968
-0.00726463493050633,-0.0131053643786971,-0.0160478463581157,-0.0110156422132567,-0.00572311718320144,-0.008114618907761,-0.00926872198716421,-0.017140064408367,-0.0175951298204904
0.0774506273758906,0.0497974319138905,0.0297837648909058,0.00496882437337062,0.00114882250304524,0.0941699765311258,0.0176866558977845,0.0414118184542572,0.0217689122393249
-0.0614315984805187,-0.0142949812644289,-0.0177628868568109,-0.0106118700435046,-0.00101956818159309,-0.0754465271416702,-0.00399174624114231,-0.0157575780297397,-0.0141147908698819
0.0313674829794362,0.00203192078264176,0.0225392676935455,0.0406718373316334,-0.00650154756532479,0.0176640211565489,0.00319056397950396,-0.00631824439944705,0.00272854475885829
0.0327730853990672,0.00298609565780257,0.00648734811465166,-0.00330624242791041,0.00535770778168589,0.031852401366999,0.00296881982468895,0.00360866767630626,-0.0147526823481944
0.0203749082469661,0.019852275498191,0.0163945115488615,-0.00998858951303645,-0.00411515389611916,-0.0133464754448804,0.00843317393811805,-0.0129833063452273,-0.00478535142639878
0.023955254283461,0.00216388018029766,0.0119029355175562,-0.00788522554235804,0.0131961332985595,-0.102068289116447,0.0105840392295632,0.00417183284778594,0.00873084811015621
-0.0238435626985293,-0.00920662488073119,-0.00380160433604906,0.024387054024092,-0.0219531021210874,-0.0337751646779783,-0.0210406990443409,0.00243607588453426,-0.0355394598694652
0.0371206989053045,0.0237241130239995,0.0230721892745474,0.01153229753057,0.0195332946203264,0.0197235357011743,0.0053520715742998,0.00771895649780598,0.0169044017809484
0.0443297690338758,0.0115213894068115,0.021832858871032,0.0433216076652764,0.0132983838964012,0.0618363366714415,0.00700193028569937,0.0152221871562745,0.0378622883675488
0.0451277461678991,0.0415952022497116,-0.00740858385104841,0.0450090847345672,0.0359987992062934,-0.0360848210557877,0.0352531177079368,0.071702921741703,0.0811400454634797
-0.101274650026095,-0.00201300036482909,-0.0378381010750004,-0.0207043483844901,0.000489611124615323,-0.0744319807852195,0.0092842240636039,-0.00955479594151942,-0.0293646802027065
0.0411151211552228,-0.0148335259355028,-0.00206714679163888,0.026907090874865,0.00975168309518353,0.0444847649830161,0.00881996120139857,-0.00888577640010846,0.0155019290980293
-0.0457674271819475,-0.00569947691666324,0.0111054180360499,-0.0136422394698026,-0.0132836684186679,-0.0648824825346577,-0.00385587319262121,0.0135568641227679,-0.00933878209940379
-0.00814828829496563,-0.038777247207229,-0.0104096349310229,-0.020745985851636,-0.0105543605245487,-0.0283938776653197,-0.00935276096919187,-0.00294606810698217,-0.0145459885413548
0.0568903844067164,-0.0154816747239472,-0.00526207603677164,0.00693110766765465,0.00344223046842534,0.0348147769008353,-0.010575662813778,0.0182595991839652,0.00384888805013014
-0.0213178834157688,-0.00680311031632293,-0.0129684711386996,-0.0145891162721873,-0.0225950326376183,-0.0551972647471682,-0.00135319845646115,-0.00799010949290192,-0.0246149981337016
-0.0955142992501071,-0.0463896116007229,-0.0360572035903687,-0.055960544801071,-0.00926959370113367,-0.0612806862263243,-0.0184035938265225,-0.0256043358346495,-0.0183938172691919
0.00106623015946438,0.00859860188622344,0.00684517200046791,0.0145084808856966,-0.0034975373250359,-0.0261624881255701,0.00593991992416891,0.00413809133734735,0.00189087356482887
-0.0012244299479648,0.012920587536946,0.00238716285357265,-0.0239891739726634,0.00310286968726559,-0.00703197083263012,-0.0106448199334197,-0.00643793253372513,-0.00412785801787484
-0.0820081205441539,-0.0185454640049098,-0.0188730608501429,-0.0484849959717619,-0.0300820829021486,-0.104163329259506,-0.00366033224382697,-0.0339481580156478,-0.0240044565660293
-0.00259208991671198,-0.0168818493214766,-0.0307173618089854,0.0184421393578016,0.00371128702842427,-0.0382704012109842,0.0239669570270051,-0.00580291209706643,-0.0168312517577509
0.0135630244970143,0.00530186680615791,-0.0246773800472963,-0.0221344700090818,-0.0020207582774846,-0.0108223740646952,4.11809363985316e-05,0.0154639168839616,0.0162068050614587
0.0226335053821473,-0.0151659204665562,-0.0107443626105193,-0.00661385135321122,0.0158022842627194,-0.00161080637754841,0.0220033691222583,-0.0140959792424843,0.0285568930235649
0.00442731725635431,0.0265872766351197,0.0141735066339711,-0.000226228188902826,0.0166613187951202,0.00083885499545921,-0.00740140927994517,-0.007800235209115,0.0236124657638805
0.0177972656732781,0.00765421445136856,0.0127874566310724,-0.0126314511643108,0.0105121370469768,0.0319096995104414,0.00235688852635767,0.0101389840341743,0.012028438266226
0.050043366949056,-0.0178362383588625,0.0057765996542042,0.0327093153023651,0.0189318763228538,0.0142066387640113,0.00809802700195321,0.0215943797877284,0.0121324492482796
-0.108593592870545,-0.0745410259586397,-0.044600550287498,-0.0710771111716609,0.0124291709849606,-0.115172840323044,-0.00788303180917167,-0.0249404927019593,-0.00763907905639252
-0.0958204274599442,-0.0209577234299392,-0.0417199439659855,-0.0451364569141434,-0.0382480876554758,-0.0740877666261836,-0.0233947529059769,-0.0235112707171446,-0.0317840761061877
-0.0629551682249942,-0.0101219706736709,-0.0191368990056859,-0.036203144463821,-0.0269802861620047,-0.0407568394021428,-0.023031831609684,-0.0576835859847833,-0.0241557192631274
-0.00747164595660356,-0.0326992140847056,-0.0360165117716503,0.00509654146551433,-0.0183231044783635,0.00498521881750695,-0.0170573760938878,-0.0132816702161775,-0.0181228598709775
0.132150292884598,-0.0170839566593299,0.0134054853140367,0.0387711844457002,0.00807753007634047,0.113570475511729,0.0421221804569418,0.0274610906857091,0.0181207096231543
-0.127529923420063,0.00109224302072493,-0.0393517718421136,-0.042565122851612,-0.0165640425458433,-0.106414171347146,-0.030404543885962,-0.0357945192293776,-0.0167939469635429
-0.0226387254514772,-0.0131973759492607,-0.035129538831525,-0.0344625098921031,-0.0154091283846028,-0.0215204093005859,-0.0158897793026942,0.00251059910613713,-0.00162439709503145
0.0214651112616572,-0.0386633098637948,-0.0408128971127008,0.00571809722794812,0.0106506664282815,0.0221339334522543,-0.0166300335937387,-0.0214133507495645,-0.00241584591358746
-0.0420340154671881,0.00355341124588844,-0.00706448555545583,-0.00188970861768059,-0.00398107864134297,-0.0228346125841624,0.00182399467539135,0.00036905058948019,0.00625816777967681
0.0410120507335079,0.0250713817137233,0.0312654847703541,0.00297078811782301,0.00352438841223216,0.020814482844052,-0.00590158345436852,-0.0191716691457809,-0.00416513904840641
-0.0082913268374269,0.0270667069121382,0.0314788671136496,0.0229028522443726,0.00477531132393329,-0.0205178622471313,0.0156914070985367,0.00387391778063509,0.0106026687828393
0.0735648511467717,0.041540589596625,0.0257654083659102,0.105747329730922,0.0204148533363237,0.116113168821107,0.0350717632388109,0.0693299363763067,0.0360394612062794
-0.102429764927643,-0.0718136028327199,-0.0666535655545742,-0.0587628693418826,-0.0224955751794079,-0.0813106009062072,-0.0173561263123948,-0.0193460081607224,-0.0326421599857605
0.0379445648165029,0.0368084312848833,0.0189347281043226,0.0325768124347893,-0.00112372283542085,-0.0046963196330441,-0.00253372581151143,0.0087883109231072,-0.00697400289866069
-0.0722784656789557,-0.0239456428289157,-0.0483314994470127,-0.0498216512297059,-0.00411309857733684,-0.0557367903333388,-0.0271993118443513,-0.00922869362318427,-0.00236123270667853
-0.0450726087454231,-0.00299337895354721,0.000680561905752399,-0.0226565673644815,-0.00289700934665899,-0.067119105182327,-0.00840355387555635,0.0131519063641347,0.00722953025562106
0.0374921911850739,0.0240785469708541,-0.000691137628434227,0.0412469297968644,0.0142453043248333,0.0156856206053324,0.0370166476695531,0.0248478035694741,0.0489382931558158
-0.0381486337996142,-0.0175137974547553,-0.0332987531276613,-0.0207557193191998,-0.0120371190405383,-0.0319969877228347,-0.0166466215012587,-0.0118779595885877,-0.00319896129187896
0.00273150039245747,0.0150138349557038,-0.0037295259135719,0.0411991234653129,0.00338830619005873,0.0566074174200998,0.0155704052260216,0.0293692684089385,0.0289691191369028
-0.0883335552493684,-0.045655869529839,-0.0682690545622646,-0.0676305089939541,0.00386440230795813,-0.108663823920133,-0.0013516994730732,-0.0101417184183025,-0.00447110367918366
0.0514009906901741,0.0598811420199416,0.0596384445584023,0.0617392867083209,0.0196907946537339,0.0669425791121435,0.00114359105583187,0.00697796086590288,0.0436947343562437
-0.0424175256796475,0.00397264215044776,-0.0282741836434602,0.0127327258287937,0.000392311949819973,-0.0336512541317165,-0.00641886182911319,-0.00529643358189048,0.00161252447486087
0.162995762002207,0.0706757847399111,0.0675509423916353,0.0707682077377685,-0.00522625578849324,0.147994274287099,0.0294614971762718,0.0199283817321737,0.0251040330328492
0.0485898944434393,0.00776401725587408,0.00656584583357605,0.0281169565871965,0.0109257137085395,0.0328985585072511,-0.017909375807408,0.017577706755268,0.00760698836083568
-0.053503790790093,-0.0481560531816295,-0.0530978455474224,-0.00649971835630236,0.00961025793783052,-0.00322548331900011,0.00985026604292609,-0.0194073084010617,0.00597665558717634
-0.0272350148987783,-0.0285856062142323,-0.0452882406653618,0.00911682916243526,-0.0100054825944427,-0.0451946812770749,-0.0148893551906607,-0.00412506080365391,0.00301864079390304
0.0141688920387638,0.0368438531560867,0.008067318091119,-0.02497645237563,-0.00817211487013165,0.0272267161750288,-0.00378912381076179,0.00526017340861611,-0.0030257508579383
-0.0170382171542403,-0.0270486909342632,-0.0483456422152018,-0.00526956230596892,-0.00829459755850659,-0.0440315962005059,0.00613473238918399,0.0234942899142207,-0.00938320334305604
-0.0495514354809151,0.0263850750083739,0.00129273577452007,-0.000148564937298686,-0.00177080888736519,-0.0352007782733447,-0.000914615138692922,-0.00146958019556984,0.00281755243431126
-0.0148539318370566,0.00533225996508792,-0.00315972491741143,0.00796617243992212,0.0147507597854766,-0.0245253151501593,0.0147765957636009,0.00979699194378628,0.0161408535747518
0.0344427621923403,-0.0305744552629232,-0.0273139498123526,-0.0011806403721426,-0.00630771164781464,0.0439599210818923,-0.0114840686763242,0.0128371519275199,-0.00643191337499316
0.0137817203038141,0.0282939982674929,-0.00821306512535602,0.0103512099070703,0.00385770360795005,0.015009404726186,0.0178882214746024,0.0267471860675011,0.0210136472471792
0.0333211075120204,0.011720180552505,0.0131437628272611,0.0168489744653228,0.000214704155883218,0.0149665626966355,0.00197836939527249,-0.0149950767505353,0.00551132702093721
0.0124355028664589,0.0147591489541997,0.0091277398238191,0.035186917109248,0.0245497697465761,0.0498152556241175,0.00488484257471135,0.0597010745952814,0.0362397256470495
0.0146841390854344,0.00662795484135658,0.00554268156668957,0.0887632640598037,0.0231176775928282,-0.0247980065935111,0.0334763942451134,0.0388536397489423,0.0224393209839934
0.0173454405136701,0.0193286214966759,-0.007324944702222,-0.0260368302595762,-0.0159072516762947,0.0141940233157321,-0.045508884928556,-0.0124368518036423,0.00554155906324454
-0.0163549849202077,0.00470703162341085,0.00551650595562118,0.015284644893248,-0.0205403008923134,-0.0216905614953154,0.0139082760359355,0.0109881044301608,-0.0153064100178343
-0.0176318917519909,-0.0194532873434639,0.00363357160997704,-0.00510611076142462,-0.0225441490626384,-0.044763893801875,-0.019414708982878,-0.00669073184113648,-0.0258246115907195
0.00401492188552157,-0.00959293152642161,-0.00203473674060109,-0.00787711759012677,-0.00483175732790823,0.010401284346247,-0.000741225309175734,-0.00367400564436548,-0.0158063238135441
-0.0827846166952289,-0.0172533906219235,-0.0337806632723966,-0.018483462065127,-0.00725402148267136,-0.0760858699308728,-0.00205706524121921,-0.0210575422434593,-0.0225212884474946
0.023127146389003,-0.0151941921287328,0.00530152575228557,0.0166806140541384,0.00596611834839612,0.0248423603826511,0.018049177967714,-0.00530026491514397,0.0164953205914484
-0.000839166333694393,-0.0242559182927895,0.0106907184874147,0.00147394543927591,-0.00611921753131631,0.013190703114155,-0.00204266040438993,-0.00147708067405161,-0.0216728734620285
-0.110696350770302,0.0236402359516582,-0.0633916100914162,-0.0580831143504942,-0.00426186308496855,-0.0542322646497181,-0.0198840621958515,-0.0281907730137319,-0.00397200037615742
0.0217464064555571,-0.00684740793243439,-0.0170677707363336,-0.0264153546817984,-0.018762395765136,-0.0273974230414663,-0.0105551551975889,0.0195272232934732,0.00851435178886071
-0.0724007977303215,-0.0458542101057539,-0.0211596782538687,-0.0694275504958725,-0.00820029895592516,-0.158315363214841,-0.0085607266827279,-0.0200458089587048,-0.0234625611195042
-0.0155034070358981,-0.00371826942337845,-0.0111247704758682,0.017939674813818,0.00618877877633298,0.0338845178084723,0.0106661765593624,-0.00244168478987463,-0.000429055172302048
0.0237071242022981,0.0255753444534362,0.02107956247724,-0.0136753885828213,-0.00516415420015327,-0.00286662800532912,-0.00312463644845001,-0.00447883607601851,0.00749804516687426
0.00885241253871842,-0.00949652572693164,-0.0122104149038153,-0.013006475242988,-0.0197975849588842,-0.0208877364321941,-0.0397821690858387,0.00352376962284211,-0.0217563677532337
0.105869676550551,0.0467820929684709,0.0542985575757681,0.0257136761088111,0.00726490941754367,0.108814928209345,0.0249103051222463,0.0234989434857007,0.0213536678689654
0.0326264705546164,0.0158087008711944,0.00518551691866954,0.00866639570481016,-0.0106927278401758,0.00888383854875691,0.00171292072963558,0.0271018669810964,0.00687754944721852
0.0749429952113108,0.0440337895704188,0.05508365343062,-0.0156389746600766,0.0117167032239951,0.054774989303616,0.0189554918740383,0.00291938297098659,0.010270861983096
-0.0327507171248555,-0.00314414233506801,0.00123986316782854,-0.0194891428236463,0.00900024611752577,0.0162692833325839,0.0196132715126214,6.09615580483453e-05,-0.00869938283912871
0.0199386962033342,0.0116082141781507,-0.0212355164029459,-0.0161419644504362,0.00134945160546096,0.00616625179003489,-0.0227078587118078,0.0178951317468378,-0.000370989062190932
-0.0554989345392666,0.00797950489878363,0.0021570890519102,0.0135505706993534,0.0136879810336743,-0.0336869707910632,0.00410796617510124,0.0200147223400594,-0.0154561221579722
0.011867382852861,0.00311180374900376,-0.00466335924952603,-0.00955715681757859,0.00190241778891226,0.0168759109896783,0.000873557654486951,0.00806164743249642,-0.00774509297074652
-0.0968160656779679,-0.00290205111217191,-0.0362667580821949,-0.0367263553316983,0.00420797225428507,-0.102073315070387,0.00161103705562192,-0.0178448808532367,-0.0230621276719809
-0.00604372279718762,-0.00137876759958825,-0.00693663251370428,-0.0110748885967691,-0.0248807109838995,-0.0247174261230528,-0.00394239438321897,0.00294413015068249,-0.00446497668003093
-0.0274461143993965,-0.0387877998593286,-0.0137909061203737,-0.0452228593835981,-0.00123317558679336,-0.0399760078838742,-0.00963397135491141,-0.0482612279158203,-0.0279837990479145
-0.0666415352685041,0.00329450575704086,-0.0349941889245566,-0.0221509805733394,-0.00832604200502675,-0.0979203375406625,-0.0120862081420875,-0.0127087044656261,-0.00554563560100904
0.0479686473232135,-0.0111786270367077,-0.0216126474593198,0.00383835848042066,-0.021276479840302,0.0380962723488959,-0.0227672530782036,-0.0194380833315691,-0.0130133198333172
-0.00906966788996831,-0.00158277015701819,-0.0334177089084747,0.0186415003422994,-0.0104511779825431,-0.0243689593237471,0.00125457549493623,-0.00202387695136544,-0.00589121491939204
0.0322215843293481,-0.0250136743839856,-0.00135156520664088,0.0375632386174939,0.00530071565430776,0.0643482776565726,0.0121552798022563,0.00408292906580482,0.00466633500055384
-0.0493518426568827,-0.00501540084211082,-0.0130002489821083,-0.0308948552951718,-0.00931183734808641,-0.0545268687671076,-0.0264735615638138,-0.00605940471232951,-0.0113382932074071
-0.0358516483161835,-0.0189033572237447,-0.034546100560879,-0.00610759942768546,-0.0138287231592393,0.0268906692043359,-0.00420547186648146,-0.0121626996609869,-0.0186733960823806
0.0702857163132643,-0.00740848248536462,0.0131122850706557,0.0255597896841865,0.0116637971126407,0.0905984146755548,-0.00206049644045348,-0.000442898140243613,0.0115174807638421
-0.0746571100787681,-0.0322408214330303,-0.0361812636784619,-0.0410985978829418,0.00803322001705563,-0.0720893288549803,0.0255880202671569,0.00993610530257446,0.0124904691862106
-0.0695793809984777,-0.000435260816288911,0.00307387989531721,-0.0372379289911062,0.0191247377427487,-0.0946004147183423,-0.033224332593103,-0.0195850894432386,-0.00797245546583968
0.00612619191620029,-0.0099521895341713,-0.0137077527718115,0.0076741014552654,0.0120020881177298,-0.0437381772744886,0.0137051494891662,0.035227292670397,0.00848507917591497
-0.0114054521599982,-0.0183762749274411,-0.0188985227535009,-0.0272143053953098,-0.0095165938958107,0.00842824547660778,-0.00909631233269404,-0.00474041015569496,-0.0146849998434428
-0.110643385450654,-0.0420215892423656,-0.0249525369855832,0.023449086517894,-0.020973956837473,-0.101028009755181,-0.0356304567385341,0.00572855944493412,-0.0256274330786509
0.00688570279078068,0.0225943786803109,-0.0180904653016311,-0.0235853549509745,0.0104720224845758,-0.0053971968030096,-0.000566584182140498,0.0098081484204284,0.0060585462716947
-0.118575892464612,-0.0680059443459847,-0.0558553847638569,-0.0692369354579039,-0.0193579777217575,-0.134064989720934,-0.0263113601030467,-0.024267715826531,-0.0191927601786574
0.0202894012354114,-0.0067963585782881,0.010306375469365,0.0191241895574847,0.0011412891435334,0.0509046295007538,0.0056463000841945,0.00626960447749914,0.00101488528446545
0.00306812547643128,-0.00662593675216132,-0.0426809347084306,-0.0263439165797661,0.00145927074964054,-0.0528480129245191,-0.00989853847617562,0.00432072286309937,-0.00423504598997466
-0.0501604202609862,0.00945600059345401,-0.0302242050442512,-0.0472511108096551,-0.00406801086901264,-0.117377787522341,0.00700749465973244,-0.0107740486794594,-0.0138110412734224
-0.0275213697503444,-0.0116925374931455,0.00794428104460636,0.0298148886789312,0.00395470018079374,0.0156691219506475,-0.00615845330517046,0.00689912241339864,0.0079300827924644
-0.0262971329473826,0.0101363615896516,0.00981593673872411,0.0274308472847323,0.00470512436857138,0.0231520735661857,0.0192853274531073,0.0120781651058286,0.00540509443494608
0.0589347744008452,0.0171706193797717,0.013160117673819,0.0346985368210015,0.0186554409221199,0.0524980021831868,0.0319182900676697,0.0261687603673427,0.0251608189028294
-0.0284406176577918,-0.0161601017695559,-3.73923250227828e-05,-0.0214820244171768,0.00260231530929767,-0.00751907168837911,0.00802026917256071,-0.00379747352280114,-0.0198972621722333
0.0268904190428183,0.0186541419392328,0.0222788876727162,0.0119870787669514,-1.27840608041808e-05,0.0281320541898805,0.00919689733695033,0.00173837850454439,0.0136835507543486
0.00592427016566237,0.00338942897480664,0.0124549551542622,-0.00874507261457908,0.000139914430086198,0.0329119930696099,-0.00783690956827606,-0.00768034261473197,-0.000908879864953016
0.0247379616025198,0.0140778754683872,-0.00390659820696536,-0.000320790918536966,0.00433338658481938,0.00453817526965581,-0.0167373187521085,0.00376113771734516,-0.000748384676522169
0.0428077984464593,-0.0122907667863481,0.00423930222441725,0.00292817358609186,0.00261540989006659,0.0618804360250183,0.00447713452766439,-0.0245996937198662,-0.00537309857177286
-0.0264388188865361,0.00622032065232754,-0.0112935063593384,-0.0214757688785083,0.00292812296846445,-0.0382881646644807,0.00358952880461006,0.00749565569045498,0.00434356026056004
0.0230359171586875,0.0154400652733178,-0.00331558425995137,0.00253838357768123,0.0118279435748907,0.0221014029893485,-0.00276302070547203,0.00934261604815429,0.0160350282848149
-0.0329486063939334,-0.00221692286111707,-0.0306390093441385,0.000424509504404969,-0.00526278182616781,-0.0460268233037939,-0.00233609586041947,0.0222469669756881,-0.00922239064197726
-0.0265699702193699,-0.0137632741461131,-0.0073736761764982,-0.00661787621827079,-0.00729528619676003,-0.0402164792197455,0.00396322019849748,-0.00197081918417472,-0.00736914736523047
-0.0234869423498373,0.0160504335978568,0.00260887133992751,0.0143865583852024,0.0109929421209601,-0.0236612210933036,-0.00305256695836338,-0.00256872859212184,0.0106434822239217
0.0345306632940513,0.0267774942879519,0.0153588847787816,0.0677924016410891,0.0221902663118251,0.0823705991017395,0.0157165433620637,0.0427772505391469,0.0113188539206872
0.0577249889617426,0.0419431314106197,0.0351765179840376,0.0368957329188174,0.00175422598107989,0.0453863788391235,0.00214497717408401,-0.00303265150389115,0.0332771227928801
0.0212786365384308,0.0167423682344859,0.0200146069976106,0.0250528434397444,0.00797662722459957,0.0225515190909192,-0.0029996430123457,0.0299371647887747,0.0191782407853453
-0.0316463379219509,-0.00197964430223054,0.0189519393838909,-0.0185436786053718,0.00563348971459144,-0.0940643454254651,-0.00239465114672915,-0.0117517004460025,-0.00732053371729308
0.00990253103218006,0.00805461969477693,-0.00565612374973474,0.027812893204042,0.00524820419692697,-0.0104240575403693,0.0164587951468286,-0.0235187554938872,0.000727073873809319
-0.122739896025989,-0.0404244990782968,-0.0311856937207441,-0.0865502411767998,0.00165709773203351,-0.1446736812119,-0.00844750763229942,-0.0239949830595074,-0.0226900145710992
0.0218281448919601,-0.0141723627281172,-0.00102760211621851,-0.008264021219891,-0.0150736858136936,-0.0224695068432218,0.00453541577156307,0.0166594445506289,0.0103575890872411
-0.0149428120539916,-0.0197438325302209,0.00290293655242996,0.0265685040789604,-0.0104623394516905,-0.0342216387301566,-0.00736855021639802,-0.00955929434794499,-0.0109604801329288
-0.00736221950790313,-0.031707406274444,0.00260566215923689,0.00468230610417055,0.0142021194264175,-0.00166571080615277,-0.00414407863600202,-0.000345265441311584,-0.00542013881717019
0.0214152032585505,-0.0033442705041949,0.0168067959981351,0.00991025431681772,-0.0182877012236747,0.0156896847168523,0.00461589800318218,-0.0127890367329075,0.00225698250095536
-0.0411012083973072,-0.0195719302690674,-0.00949973730801,0.00148818839168554,0.0264212106157745,0.0530405060276612,0.00840648450383861,0.0108287896537736,-0.00549749709758335
0.0760228457834757,0.0102084144329053,0.0235850829617685,0.0165938145153966,0.00573967979662139,0.0659017043800679,-0.0114833352111093,0.0210492333977666,0.0143448465313771
-0.0539955980153775,-0.03931451651879,-0.00456863074095999,-0.0155183595156283,-0.000107839393473309,-0.0676922543996556,-0.0234582531832564,-0.0144454919568814,-0.0023818061288003
0.0618902177049494,0.0327477551403119,0.0278874234056043,0.0404440185665041,0.00848760526637905,0.0571092018374167,0.01542761729719,0.0247669418896799,-0.00324253394379334
-0.0372564710234634,-0.0126593779771204,-0.00733188413521412,-0.0306894609671848,0.00952030891466886,-0.108294832332519,0.0116695612347526,0.00736666233016773,0.00418576005400122
0.00828931630581901,0.00945837073370609,-0.00542563830927582,0.0501403591276664,0.0218192040435312,0.0400686125579274,0.0188679000249222,0.014343680297213,0.0343944486662419
-0.0747137995284615,-0.0212427014851171,-0.00160390933206494,-0.0165860040770629,-0.0070990727739638,-0.0693733636896385,-0.0194610749715054,-0.027215252434297,-0.0258417309380425
0.0537576907482844,0.0221397663200181,0.013235112427138,0.0223349070616756,0.00418573864060181,-0.00458424963529575,0.00874452171236651,0.0253607275991983,0.0107742018170434
-0.0297252011821403,-0.0133713050073268,-0.0151882607335803,-0.0227323286575033,0.00594043330552966,-0.0462791569898278,0.0162765991812335,0.0089747126563962,0.0172869751075093
0.0228351070596275,0.0374252089476444,0.0207637707607094,-0.0187777735273785,-0.00490422670564407,-0.0293191004339016,0.0228908535953766,0.0237522727086499,0.000988032194564673
-0.018408133496847,-0.0191107166530517,-0.00882951762171781,0.0122898267027181,-0.0065747054737186,-0.00968023115880174,-0.0142055291170683,-0.012241505701432,-0.00789880188732173
0.111709760783994,0.0304357944275119,0.0342696255351258,0.0217924618541029,0.00780604401247409,0.118417402516274,-0.00310623870164669,-0.011579312880441,0.0169555767011319
-0.0744839027708953,-0.0434831898859228,-0.0266600258886043,-0.0641997408471077,-0.0050772045774683,-0.0637363995875799,-0.0103666244391397,-0.0252139818760672,-0.0401742520487587
0.0290092210448195,-0.000531579335203683,-0.00242015240539558,0.0127874113562965,-0.0113747174466387,-0.0034695475770522,0.0142660438102704,0.00761917895735377,-0.00632381068460531
0.125878442878408,0.0621180271818726,0.0410626838871124,0.0418524168109557,0.035958448568844,0.0837610042993515,0.0300374924050062,0.0395209768620034,0.0448253317636744
0.0878582418740816,0.0137232129635554,0.0253442284536846,0.0345084690270869,0.0203998248174695,0.096370059543338,0.0238914470278351,0.00655760359619928,0.0313024639942049
0.03875221471223,-0.00822629168926067,-0.00765598873430439,-0.00971985366832665,0.00209790404346651,0.00541397174017665,-0.00350671292474379,0.00233003133237548,0.000781774313567374
-0.178335193424658,-0.0729671532142814,-0.049118084123244,-0.104420390509437,-0.0109638562877073,-0.200485263407028,0.00468580363028535,-0.0648470553326641,-0.0296717408459533
0.123658830224493,0.03309168382613,0.039370205398701,0.0339202497331034,0.0239295928029757,0.0732032008511639,0.0360263074995347,0.035809842395729,0.0410142943560304
-0.0101729802443565,-0.00226330333766908,-0.00557717668796235,0.00605031382564408,0.000462168691994595,0.00258349074507,0.00440336711711841,-0.0151394902220568,-0.00348842210264555
0.0652334338586876,0.0503658118754734,0.0198665738176918,-0.00692241474196344,-0.00900386825971016,0.0425546558559436,0.00357882503150913,-0.00329158903248885,-0.0112097826236701
-0.0133728779999953,-0.0113153561312491,-0.00107728880798379,-0.0293945818690711,0.0089575511543404,-0.053656127143442,0.00464150738809939,-2.32418938807377e-05,0.0129845288072467
-0.0331224370114125,-0.0023802647494027,-0.030795257821002,0.00310546058067812,-0.0182606585336357,-0.0215673008255746,-0.00736489920222108,0.00144149659768168,-0.0110761371196993
-0.0014218374893655,-0.00883242631773612,0.00531766219691581,0.0105364454818229,-0.00643560855770399,0.00241541509350176,0.00215170856351397,-0.000407908758456727,-0.00791238764054848
0.0140530427696738,-0.00394427272401312,0.00688742514955853,-0.0181089433236725,0.00632231078524278,0.00524083733826758,-0.00769396076154541,0.00695558649559266,0.00995656541401032
0.0929178080575364,0.0339947562022125,0.0555067876715644,0.0304954669600198,0.000205505016794398,0.0540605838673585,0.0073701822270482,0.0348044142031327,0.0129543162298817
-0.0861190884227828,-0.0340227969802312,-0.00493622703373195,-0.00403149348609967,0.00416244378943635,-0.053655898665405,-0.00395550564680369,0.00584078253446389,-0.00790742167845544
0.007290150380424,0.00703742809783042,-0.00268159906200228,-0.0372993758206308,-0.00722943418456882,-0.00614221343223159,-0.00993618662513433,-0.00806113273583395,-0.016809189920556
-0.0550949593514289,-0.0376439848246639,-0.0430786959343196,-0.0224827158972156,0.00165090545460691,-0.0208381526268339,0.0315589485275354,-0.0230821595285395,0.0197966545048481
-0.0209556924455566,-0.0176228716647305,-0.00836599747975489,-0.0118015323266564,-0.00649709941932051,-0.0711344760763944,-0.0165460583603268,-0.0162672478705066,-0.00649638569817015
-0.0221859377985523,-0.0301045718310812,-0.00182444595799508,-0.00365925070627237,-0.0263125478618733,-0.0453843400748172,-0.0392789467849595,-0.0369927662119569,-0.0316506369940265
-0.0634295902729763,-0.0372870805580904,-0.028713169645583,0.0418425046242944,-0.00458802108377073,-0.0509928522224039,-0.0190771216760373,0.00544012636928796,-0.0197506584870507
0.0748332420862643,0.0341627297491383,0.0115253388822053,0.0139284961010976,-0.0262956013300602,0.0589099582697229,0.00548883657813379,0.0169453260912891,-0.0112303751942614
0.0862152305967896,0.0479567549616492,0.0254996438467563,0.036083877347943,0.0252802883510734,0.0372677195941302,0.0476033396094483,0.028360834205395,0.0556592936510069
0.00692640079647268,0.0249733538791675,0.00547375948057334,-0.0167181301529781,0.00951566556123041,-0.0320601626223561,0.00355024136114907,0.0121493429102989,0.00715624598842767
0.0174350445946534,0.00519567245772564,0.0211447594144555,0.0176268469908703,-0.0099121389221834,-0.0118857443642202,-0.0075752930603828,-0.00744394024563796,0.0100233507395314
-0.0855049493823865,-0.0283645013396151,-0.0180917405800789,-0.054190614717631,0.00195404556609278,-0.100399069820833,-0.00829403358110485,-0.0179686369407177,-0.0111446455855858
-0.00893015330273236,-0.0233499380613447,-0.00290134768928393,-0.0187572373361111,0.017098680978812,0.0290350009525,-0.00120395102043579,-0.0220383616221921,-0.000254366000974714
-0.0382755305078094,0.015929026226713,-0.0341195500217486,-0.0085444460541088,0.0029727291608713,-0.068705345734418,0.000245428105182356,0.000911544782763507,-0.0171327567930764
-0.0496729624633362,-0.0353994081700939,0.0187685887459111,-0.0160861909577111,-0.0204120727378835,-0.0238457374682571,-0.0409958577845694,-0.0386125688434093,-0.0102291786558048
-0.0101576897363846,0.00787114055574913,0.0296598177945622,0.0172500931553182,0.00408057577568092,-0.00215712561268743,-0.00112295062178212,-0.00104563466828171,0.000296074044562053
-0.0679491261528106,0.0218572542305949,-0.0355921128199585,-0.0329791339375299,0.000924935395821832,-0.053167911922595,0.000365284872896692,-0.010481552672684,-0.0160849230017789
0.10296819821158,0.0528795377783338,0.0294519146325994,0.0276494573802152,0.0228589934794091,0.098737373187664,0.00440313709996916,0.0327537413008427,0.0365424577069467
0.0325057351169319,0.0215822429394106,0.0185771062848507,-0.0226938974494421,0.0136509953155238,-0.0429867417216476,0.00441612875904198,0.0186551611277816,0.0197260218923937
0.0644926399602192,0.0435139132283642,0.0535838242111115,-0.00123939496907286,-0.0279245871458893,0.000505992758110426,-0.0158254323189627,-0.00213855343050584,0.00341238649757269
0.0225668318428622,0.0134598213288363,0.0416488354917304,0.0287068074320689,0.012508241461881,0.0189167780193537,-0.00651439322819141,0.00224240602387828,-0.00843541602680821
-0.0334380572601387,0.00929055877656092,-0.0255306762670444,0.00883007210016039,0.00728676036902694,-0.0931985854011649,-0.0035863468078246,0.000822885086435374,8.84067421905146e-05
0.0270651814950206,-0.00960841763379172,0.00399505783878481,0.0369669451369141,0.0202932327071211,0.0417815969471747,0.0321335392622632,0.0449723301931429,0.0323067223385698
-0.0358300398236579,-0.0174842471387605,-0.0192995503377492,-0.0161190743402548,0.00675747417641145,-0.0380048753172908,-0.00548793657890607,-0.0345985164168455,0.000184368294956101
-0.110520569406323,-0.0657487831884978,-0.025382049090252,-0.0393058414016722,0.000277001212549782,-0.0147311351333473,-0.01331030247682,-0.00571201754744148,-0.0287893378425985
-0.0148404296130582,0.0154069904227834,0.00851856520207841,-0.0141238477522873,0.00122999848903851,-0.0310045169912351,0.0013545627931192,0.0128661303079646,0.00623147337858114
0.00871345696950973,-0.0125838886677636,-0.00438984791093324,-0.0368538003435986,-0.032948994867748,-0.0400474916034494,-0.0191313805989655,-0.0350133621316315,-0.0601302582568723
-0.0556250925035022,-0.00103776054740004,-0.0139401719072808,-0.0326966736787838,0.00944414886178183,-0.0434544884754999,-0.0103165282256356,-0.00747463654903827,-0.0102721283173714
0.0288388271842531,0.0294872474115379,-0.000238302964305571,-0.0191175550040403,0.0187876841512847,0.010751180963588,0.00813160228920533,0.0105215818027176,0.0131858732880941
0.00245374850791643,0.0201141762460699,-0.0125958153031811,0.0570016894836115,0.0235070410617816,-0.00205724606684735,0.0299180377795511,0.00647139716352333,0.0429841747385153
-0.0772492799806135,-0.0220069469958341,-0.0166859841305971,0.00208571990534871,-0.0255882132928333,-0.037965181095801,-0.0246123610725938,-0.0125686205411708,-0.0120375844285614
0.00456633062306358,-0.00341082458476111,0.00231536165271092,0.0184262599056597,-0.018430080180207,0.019868398306181,0.00117717218482888,0.0230099805133911,0.0049586595033685
0.0577251422419677,-0.0103008406839421,0.00475827614097952,-0.00287968190883048,0.00101833056379742,0.029682449969605,-0.00704369674670892,0.0183766962456064,-0.000913009087964924
-0.0746850381885019,-0.0810991066853116,-0.0395738904841056,0.0155655235095793,0.0052573394747634,-0.0708791957482788,-0.000293146596342447,-0.0121744249645377,0.00560983438426071
-0.0338161292826142,-0.00293298689454413,-0.0226295396919509,-0.00449532438581403,-0.000156146381587948,-0.00369294938365366,-0.00269605406940736,-0.0106838838138177,0.00318861127069244
0.0437027315159181,0.00622904090582423,-0.00770737010349665,-0.00648136708101622,0.0058290064132189,0.0374271753850207,0.023647828452772,0.01242754548168,0.00244984098645712
-0.107722714103093,-0.0594271946215554,-0.0282649005629272,-0.059412668003926,-0.0266436190627061,-0.0794470888726462,-0.0605385881370675,-0.0121292449496568,-0.027424011122417
0.0385935554807164,0.0123552601259667,0.0192832941262182,0.0311258897864764,-0.00619677419808827,0.00259424681186688,0.00306729895815791,0.0155693797535898,-0.00523453760405101
0.0434417124444319,0.0399036578326838,0.0113850717230632,0.0223230631285952,0.0036432058444469,0.0420748041527976,-0.000454585881474284,0.0388001521913592,0.0202098945126676
0.0591396172846023,-0.0157323209812124,0.00397509481541053,0.0199717600349114,0.00308470561562704,0.0485636917697863,0.00389036865101654,0.000146282318484989,0.0149187020657032
0.00683758078354072,0.0147091276814144,0.0133693448475122,0.040285379931946,-0.00105683851753146,0.0394299360496951,-0.00772482362625647,0.00961671818440068,0.0063243708972391
-0.00567743518476007,0.0108833083738586,-0.00592996398712757,-0.0122600470066389,-0.00245792047350969,0.0112881716456704,-0.00608444199810576,-0.0202794025837658,-0.0268587330084763
0.0544515217433829,0.0368114845769823,0.0224861520580083,0.0435398308731055,0.0105987593952178,0.0897725217402786,-0.00761396267737187,0.00386225428675214,0.0149558413168324
0.0475402344122322,-0.01202822108941,-0.00171944269449033,0.000552570338518139,0.00164199588390029,0.0798239955882246,-0.0155810256490202,-0.0296579596465837,-0.0140636520002882
-0.0193987526488439,-0.0207562784153182,-0.0233301428070618,-0.0374697497526357,-0.0084700732919567,-0.0511677905907305,-0.00560266713526136,-0.0132697492929927,-0.0133696136164032
0.0277158358888968,0.00995721798363643,0.0532117427957675,0.058624223922386,5.54380718103617e-05,0.0406509060442709,-0.00919925379050129,-0.000322475653050539,0.0099782938046672
-0.0363992783819474,-0.0506457803715477,-0.0232223230711375,-0.0315170716152732,-0.0129999041179217,-0.076255272256789,-0.0277676574709615,-0.0227402810187257,-0.0115935320897943
0.0439109715844403,-0.0131182977775564,-0.00870486275477182,0.0233687704592907,0.0123437936023799,0.0483289625315568,0.00178365296173359,0.015175913515209,0.00781358613851671
-0.0379937809150106,0.00362979865466987,-0.0134305888273768,0.00326833368326888,-0.00844973457628174,-0.0635846179769769,-0.0180718392560748,0.00547239605603339,0.0069853834573504
-0.0237362013684729,0.0156120884648729,-0.0112759804207013,0.0261989008203787,-0.0144056794418423,0.0237505465401884,0.00320861119654627,0.0241486285869646,-0.0136259417345398
-0.0735176895436076,-0.0293040624370959,-0.0249663196879002,-0.0458169580539614,-0.00841411450323021,-0.0715791346664129,-0.0023750252177356,-0.0247456351374633,-0.00676978016934284
0.06194901401076,0.0194103808629624,0.0138244305307356,-0.0249283803716328,0.0142780422835404,0.0880911539949262,0.0163291316794036,-0.00150873418795712,-6.8480246586683e-05
-0.0645270670859884,-0.00873597007999356,-0.0146555113046423,0.00650492221196513,0.0132401215388413,-0.051168742692322,0.00733215692651558,-0.00763545330256739,0.00856058655084982
0.0170232581395973,0.0137579141294534,-0.00323399135520357,0.0284144112403902,0.00198238126915825,-0.0599234052919131,0.0216948022794655,0.0276494279229645,0.0155806995885259
0.0880411890378229,0.0559492360063464,0.0261099658773583,0.0160806848285682,0.00157297798027866,0.0883427982357731,0.00448906175957339,0.00542250523460477,0.0244394369063621
0.0238159352758729,0.00908342579084548,-0.0177999302174659,0.0391019877864528,-0.010501285039901,0.0590612256747775,0.00817410237685153,0.00507661946518439,0.0130064654677342
0.0103113512785579,0.00912339223292435,0.00412641902688709,-0.000924553487718538,-0.00886753913621205,-0.0300831678011156,-0.0199752569792391,0.0155923944631515,0.0048287616028772
-0.0685361119743814,-0.0531673328364754,-0.04300327467216,-0.0631830185061897,0.00411498520886293,-0.0933523604601834,0.0123385229317562,-0.0376552907435329,-0.0223316816600652
-0.00180888247355305,-0.0215078659213227,0.00688826569137236,-0.00156270188193695,-0.0126145801219474,0.00495371025388624,0.00429807860031977,0.0122047991574981,-0.0222011179244668
0.023362966818268,0.0034961136299461,-0.00789744968691955,0.0478854978547684,0.0161873027353879,0.0486507129189179,0.0277094865305138,0.0220665422896555,0.0187689870236289
-0.0681311000378527,-0.0246674493583279,-0.032048939649499,-0.0426133586048932,-0.0170039151149689,-0.0820875966844085,0.0198832951900101,-0.047312359892983,-0.04840819843
0.0382658288605495,-0.023241796229378,-0.0183563543845846,0.0197413937736333,0.00153276017239979,0.0412679906519495,0.0174739234000196,-0.00926223693735795,-0.00511662119660398
0.048158830062863,0.00549553498031291,0.0272095226023027,0.0536639878869748,-0.00242220205584735,0.113834692395231,0.0393608852423432,0.00966623850996696,0.0393654029967383
0.05703221014463,-0.00989686729656245,0.00256442118247082,0.0299379416216548,0.0322036709506738,-0.0297945291247042,0.020861870459419,0.0192102594358554,-0.00302187614586918
0.0683425520343176,0.0269523499587278,0.0151514574792244,0.0166348987311588,-0.00110093796522799,0.0219984099680435,0.0181178077519718,0.0174137943983113,0.00193704865032852
0.0168566804092448,-0.00595555895343792,0.015419395433733,0.0174715903705153,0.00155478624669431,0.0647173169423232,0.0118560474236605,0.00071233074426755,0.0114238146999674
-0.0121376121702222,0.0120377829406143,0.00236222460440539,0.00967706519422125,0.000109448652121712,-0.00498666896756224,0.00647696195399517,0.00209480091021416,0.00692989973424384
-0.0375966337277388,-0.0378226562364892,-0.0528289485681569,-0.0145740402555699,-0.011020506003288,-0.0565400436541423,-0.0238217159333247,-0.0058922260987649,-0.00932860416699622
-0.0285612840554504,0.000563660461893182,2.58272388650124e-05,-0.0314336166592358,-0.0139683987000503,-0.0167303312425308,-0.0150214911695435,-0.00754561436853558,-0.00657501354766975
-0.0498796028072378,-0.0264907683742036,-0.0213230902885775,-0.0309827096865465,0.0119386207395439,-0.00379986820253773,0.00181368442101,0.00170125355654631,0.00479487169530324
-0.0186881891996823,0.0170443304773667,0.0121833927470117,-0.0142657155567123,-0.0114174158170768,-0.012107385340682,-0.0101944803531468,0.00794302789109978,0.004460919931955
0.045332332053381,0.00760739168030778,-0.0109588605194532,-0.0106377482267589,0.0165169435749031,-0.0272556734396911,0.0106591571778157,0.0367166570890692,0.0273096654576089
0.114042791268912,0.0362654610307256,0.0195927196618626,-0.0292914480230114,-0.0115752959877318,0.00579489932729077,-0.0236588402245173,-0.00221131113958781,-0.0122432168774892
-0.00305848309515637,-0.00985891818343082,-0.00551992505806178,0.00548862880232611,-0.00759144768309525,-0.0211949824452507,-0.0262952765782991,-0.0158268521022408,0.00845469642038644
0.0693762729504308,0.0388774345591307,0.0477704063476343,0.00701788775241088,-0.00464641735434326,0.0452306732645019,-0.0204236900691939,-0.0176538247386607,-0.0159701287372848
-0.025364536724071,0.0209897891388431,-0.010932271974192,-0.0133760008027425,0.00330728587354858,-0.0263730428749245,-0.00476626725014722,0.0137267050221448,0.000919779145602181
-0.0426090072920563,-0.0262653693821825,-0.0209777991470058,-0.00688400869792996,0.00862453316328147,-0.0374416646940541,0.00421392335092052,-0.012494731370613,0.00696025484842944
0.0585311413393411,-0.00956662779931445,-0.00569266671278366,0.000576787365677437,0.0126378237520715,0.0608750030494663,0.0183282727411809,0.00797254971608596,0.0075012755016564
0.143294172050296,0.024894557509145,0.0286844726493496,0.0367803189521758,0.0144546253849507,0.0913632157245444,0.0208558199090285,0.0253302878304793,0.0220233669156252
0.0138001751812453,-0.028835578913764,0.000427112152249356,0.0142594919154065,-0.0128265269023923,-0.0266434333852989,-0.00251535832995499,-0.0306486430207319,-0.0111504829328045
0.0086975636167312,-0.0443765220375269,-0.0166434221923409,0.00219025235750265,-0.00131771721318003,-0.000665173951441715,-0.00602618480521172,-0.00856249528995732,-0.00997261160356207
0.0210566422101967,-0.0122944416442595,-0.024468699451876,0.0282077857779968,-0.00133921272902433,0.0330457392840591,-0.00330364825073812,0.00858401992900379,0.0190124845668109
0.0168919081619663,0.0125770541015803,0.0175810744427334,0.0267881168443956,0.00695156115300624,-0.0344235453732853,-0.00486705294641624,0.0145330552965803,0.00646202847165421
0.0192249007749953,0.0113971447481316,0.00504795544800849,0.00650627945900276,-0.00545118111749827,0.0258914866491637,-0.021481011847607,0.0223820715722891,0.0187919516932359
-0.0335095893480828,-0.0399899276367742,-0.01809023912354,-0.0313906695170971,-0.00393395086153621,-0.0551106099518256,-0.0035892267811979,-0.00712648477162933,-0.0089019348899717
-0.0201990030909528,-0.00407911660715573,-0.02479059194714,-0.0252887174035632,-0.0113364812460606,-0.067226611561358,-0.000877206535461689,0.00488814641975382,-0.0130199498275346
0.0140806016956788,0.0145128982175612,-0.00404632239380973,-0.0101925390385515,0.0197132565422163,0.0131020259068357,0.0167964448061679,0.0123897680862587,0.0231964409536053
0.0862845783473447,0.00479329273919425,0.0179976402005102,0.0197557025129812,0.0117955600934049,-0.0103193168908016,0.00127089130543359,0.00361979114848548,-0.00174305338704672
-0.075924535563753,-0.0386292506842546,-0.037776533860046,-0.0209788619000273,-0.00818047417825498,-0.0811228751956467,-0.0258594038772185,-0.0109237423069485,-0.0204202219500569
0.0859763527489389,0.0464325047937898,0.0410261289212024,0.123878539786438,0.0127201493386552,0.0468338283982368,0.00439499864446583,0.0340930524530302,0.0434383258553881
-0.0508232983095593,-0.0116872062181688,-0.0183080750873269,-0.0245392820208669,0.00544100171119542,-0.0535073565974037,0.00112774272893148,0.0068594425007435,0.00779850141288895
-0.0176311987950517,0.00811684213821261,-0.0114083529265173,-0.0247729262981658,0.00359811196248571,-0.0356619287565563,-0.00906902523935555,0.000767300651560546,0.0124592522191572
0.063757451118132,0.0084507208462226,0.00759686190261415,0.0200714455170493,-0.00966134828802344,0.0354506728637732,-0.000465068708938585,0.0219378299693277,-0.00035601712602168
-0.0393369320567147,-0.0128464465013511,-0.0153620216276693,-0.0329134275550434,0.000162360524199424,-0.0490970996929403,-0.0163760663881282,0.017983368851801,0.0185166348196136
0.032307720197375,-0.0336861411665477,-0.0141938834741919,0.00601896557576133,-0.00339965514699686,-0.0759308436753846,0.0045616712841656,-0.0114001751281619,0.00324457109184026
-0.0620153774901558,-0.0264669142287031,-0.0178324845484081,-0.0418412704801815,-0.00994070706349573,-0.0449191269733821,0.000149450464483416,-0.0323578349792241,-0.0162685247263847
0.0294995594411728,0.0151906526716974,0.0261742147448637,0.0383950952719838,0.00510212676618522,0.0608691547053862,-0.0208725345727898,0.0104234348344771,0.0109962209122854
0.00665113574263513,0.0086345515792411,0.00828053869784755,0.00860297780687964,0.0112430314609026,-0.00498029035011291,-0.00335244412637025,0.00491056459519946,-0.00419184095813282
-0.0174129665588427,-0.0105641084364087,-0.00910423772839067,0.0331784276331294,-0.00524588427306097,0.0403837457357666,-0.00913408397434039,0.00210136862640089,-0.00957772038215677
0.000384812500598878,-0.00502520894827987,0.00369245555630434,0.0151193867248486,0.00800445861076383,0.01756083619698,-0.00249853936313827,0.0113357159999623,0.0207186790747058
-0.0518218331943444,-0.011872755862193,-0.0178364189176447,-0.0391053355352892,0.000974033450532032,-0.0580382793102784,0.00879702050539142,-0.0106014410816199,-0.0104957758074054
0.0200772855016325,0.00288180956835938,0.00274591546037206,0.00382962612991653,-0.0122087687225514,0.0069703858983613,-0.0115800901878404,0.00293203880481674,-0.025478360624003
0.0225888082660408,0.00983415533062194,-0.0153791392559077,0.00470236722482039,0.0140946344674179,-0.013426726612567,0.0242461501998328,0.0128104711423272,0.00768684792539834
-0.0882624004681946,-0.0148661802883781,-0.0130614347879038,-0.0442644784538455,0.00377242783190451,-0.0617469183148164,-0.00803114814627625,-0.000914868566262577,0.000506864301553757
-0.0284517251604537,0.00513426990521559,-0.00182911584841824,0.00614045060199073,0.00169334248419447,-0.0190354360763575,0.000166819317633501,-0.00228684284171514,0.00120941898693948
-0.00923679182158739,0.00766760774985036,0.0182528406580798,-0.0132518157471424,0.00682169797291299,0.0275337042775086,0.00346648924349746,-0.0291360521068211,0.00310020694043773
-0.067416260577465,-0.0454023471402726,-0.0208855785482832,-0.0189583332766549,-0.0110418580443804,-0.0283871746489252,-0.0139804203621846,-0.0267439019374089,-0.0348332769744983
0.0783312616387426,0.0363680514322276,0.0303237089303021,0.0474255617619461,0.00557937039500139,0.119444805692286,-0.00206085247899543,0.0216019914674298,0.00582961643973261
-0.0297041711508828,0.0080061802063143,-0.0199221065506103,0.00545681132814932,0.0133433391013921,0.0085963789975465,-0.00640369988629427,-0.00464024590311881,0.00200344567771689
0.143792693560267,0.0525328317327741,0.0469509447488336,0.0166110056102213,0.0102361738378011,0.0613399322086057,-0.000436809401502701,0.00683985864520494,0.00600556706275317
0.0173662099990353,0.0452960384480786,0.0182104315744686,0.0324668830392844,-0.018685876916009,-0.026877974118439,0.000264398502184642,0.00938399271403636,-0.0106045449546151
-0.00644609464781337,0.0209966863820986,-0.00138377807667439,0.0241338417241617,-0.00514998297624294,-0.0303357695613217,0.0153664611359124,0.00791937489848226,-0.0164081571085885
0.0407789689275679,-0.010287450241701,0.0158311447705302,-0.00655634216117023,0.0173470605799059,0.0272908299743998,0.0224715264952007,0.0142143348526937,0.0266331877148083
-0.0802105638890931,-0.0242786573931114,-0.0415754644315183,-0.0388911993815123,-0.0138765866523158,-0.109702435351349,-0.0103347655085775,-0.0216750062698195,0.00170201613859587
0.0157472000951545,0.00634410769830021,0.00519094739310027,0.0365804715262028,0.00320378288149119,-0.0131581690135714,0.0126988315791839,0.0256217235156278,0.00115180796505712
0.0160304603928707,0.00649224190926605,0.0118899435187271,0.0568265584712402,-0.00138082989133876,-0.00243158529788499,0.0130402622750014,0.0260670542448102,0.00806035286015604
-0.0592011568828136,-0.0184387152395769,0.00483550176567331,-0.0214838627949745,-0.0384858748058572,-0.0705454100359481,-0.0110863701011309,-0.0507096795264856,-0.0315601630311988
-0.0539881352794638,-0.017818396083909,-0.0142335086366596,-0.0230026191815836,-0.0209945062306959,0.000551696312896827,-0.00914251111892825,-0.0120688983678734,-0.0265717560650374
0.118452477928329,0.0199920390494784,0.0280630860435819,0.100762202788843,0.0155353484547782,0.141538630195373,0.00684168220604079,0.0385622435759507,0.0203753457380184
-0.03839770110905,-0.028739284960006,-0.0318166941868782,-0.0514291223478289,-0.0168562719445844,-0.02142193746722,-0.0275718559899991,-0.0245651660617556,-0.0325492262632149
-0.0359048360523035,-0.00850687608191719,0.00421409866928608,-0.0142073763917974,-0.00503359605767446,-0.0346636763814961,-0.00741051360736394,-0.00148038962560974,0.00473310278468512
-0.0819251726561218,-0.00994630575063598,-0.0124977341530674,0.0238133281437342,-0.0022905876070707,-0.0929680107073454,0.000335488135472314,-0.00893352448610107,-0.00558652261703468
0.065617250719143,0.0333538323767225,0.0172073368196097,0.0797140988208725,0.024570381446125,-0.0195625393413435,0.0292636783294731,0.0328723079450465,0.0391308494023583
-0.0130988672077717,-0.0205767485494064,-0.026322710374311,-0.00163687036669183,-0.000336588548191813,-0.00211027367202406,-0.00403696307688338,0.00616906636102428,0.0129038811616377
0.0707762281012525,0.0242554985886461,0.0108626871480567,0.0120850681666904,0.0197400543945587,0.0477236204979902,0.0357859028755931,0.0293185121796578,0.0252226838711007
0.049015228963754,0.03028938000289,0.0410363691599898,0.0597397484505304,0.0139861423627747,0.125533615981751,-2.05885531005931e-06,0.00190894015805942,0.0220910353202465
-0.13345548359701,-0.0956160518278377,-0.0222394717791509,-0.0594222435943934,-0.0205205810880015,-0.0979557472531371,-0.0173129822767268,-0.0503862581533367,-0.0506050460964866
0.00574593162150824,0.0288808406205371,0.0226422440611374,0.0555207069352838,0.017537209242063,0.0261019305150651,0.0156719496499967,0.0278560117954782,0.0320801099040853
-0.0386252044047676,-0.0483824080148979,-0.00649805481908885,-0.00550122106404327,-0.0121456954531528,-0.0486409769307261,-0.00294035593282137,-0.0134148283305502,-0.012125119962727
-0.0128986909604594,-0.000332699909061069,-0.0185256585618263,0.0290123841852731,0.0145191770826616,-0.0268682700765789,0.0100099779545312,-0.00449139167215471,-0.0103664877357311
-0.0382983673263435,0.00584751697023389,-0.00665632749441132,-0.0102433249314264,0.00540980481918568,-0.0317460271005076,-0.0200519597234508,0.00366610376705251,0.00524454364783567
-0.0290951913970077,-0.00560939784684731,-0.0102380217266968,0.0125058619519935,0.00949536632893801,0.00503703137042857,-0.00401045621982204,0.00545855157407904,0.0143634736617904
0.00352798161924925,0.00213642570469386,0.0166461057055255,-0.0104718733490173,-0.00936201038860211,0.0103877838573374,-0.00848212458779755,-0.000232701821174305,-0.0061910188866527
-0.0764569497112077,-0.0147932749095441,-0.0429273394918954,-0.042786499562223,-0.0173700348683082,-0.0207638518839672,-0.00598346790217951,-0.03549352450283,-0.0111886824049077
-0.0399150285255588,-0.0186946622499652,-0.00967414994981979,-0.0220015649209067,0.0137582254095793,-0.0434805268624481,-0.0103390077415119,-0.022913072513877,0.00111160999033893
0.0571391273655965,0.0358471708556697,0.0385942872196511,0.0319841105494739,-0.00130250740459544,0.0251000990136051,-0.00469744595148829,-0.00528684101419604,-0.0037393707576622
-0.0235942421411309,0.00795254585317913,-0.019984392917082,-0.0295654771526034,-0.00311911989843123,0.0112196900784328,-0.0117911481377782,-0.0265291581561605,-0.0257935730892477
0.0305175232083863,0.0141937921048809,0.0124300421372409,-0.0132565053164663,0.0166578593672731,0.021151975449749,0.00520171369243994,0.00549184325559459,0.0227185845008669
-0.00168871358665673,0.0128082584325584,0.0107905695633533,-0.00731610293038751,-0.0340876304804017,0.0251332942193434,-0.0103066310986127,0.000625330126312789,-0.0067815512059623
-0.0169595445335307,-0.011356241332082,-0.00621572655162976,-0.00269033158782773,-0.0264995503094316,-0.0654018397481553,-0.0145104597079712,0.00295099086020818,-0.0436154035709532
-0.0461709953999533,-0.0247091803843567,-0.00654824204257155,-0.0210586635611022,-0.0266168346645241,-0.121941565082065,-0.010500616140323,-0.00768991026257446,-0.031421006801202
0.066748213920757,0.0439996810040483,0.0428367884431873,0.026062760066427,0.032504528333422,0.0704378459299721,0.0098100716374058,0.0274716675288716,0.0366288130559864
0.052246028780391,0.0264408281614157,0.0145953048831444,-0.00734692702905142,-0.0236359426084643,-0.00891512174384327,-0.0147977568162264,-0.0303377696451272,-0.0175105257770424
-0.167527259357956,-0.0451008190159051,-0.060172839923496,-0.0880513430589556,0.000568043120107566,-0.146302172374876,-0.000810941070729422,-0.0142678541058303,-0.00950525936252127
-0.0153329375221899,0.00734808964109834,-0.0185413612106149,-0.0049796994146797,0.00381732083620017,-0.0321997158185049,0.0124499053272871,0.0185362006157094,0.005233258954401
-0.0713394242372857,-0.00725015425366484,-0.0237384587829283,-0.0372886380741258,-0.0129055513345436,-0.118550315874153,-0.0169320218639785,-0.00986700005362878,-0.0035584494504835
0.0139043057072308,-0.0457232438584224,-0.035425976498131,0.0208786322251179,0.000197365127954568,-0.016561871146249,0.0244433054781336,0.0043935264714965,0.00455671334759618
-0.0234254202156074,-0.0187349909322288,-0.0326893359890436,0.00620792611573663,-0.00708972026063848,0.00471351251545493,-0.0183928226434912,-0.01271830356092,-0.0164069204440053
-0.0399406317368076,-0.0401462251655964,-0.0397659631498668,-0.00914567328261616,-0.0129760587292921,-0.000396333938253561,-0.0165527357924187,-0.00799467967785247,-0.0090913588814908
0.0116614150790447,0.0367655932600316,0.0454342075853656,0.0232618591103819,0.00293966101900368,0.0251824923728272,-0.0139632312194633,-0.00173017306485891,0.0244567582992148
-0.0803164549478423,-0.0432561456750193,-0.0571559275552699,-0.06109548595209,-0.00408517600549958,-0.0793103151604896,0.000114743933531475,-0.0297721519732518,-0.000317731247010382
-0.024435888696296,-0.0188749339979994,-0.00997255876425392,-0.0230718250339091,-8.90220109324898e-05,-0.046772722810743,0.014542436600285,0.00571709006528006,0.00510458759887699
0.0770255885685013,-0.024421776630391,0.0172673019107557,0.0190922841314254,0.00997744915501625,0.126534494758965,0.00626950260811481,0.0129315330352929,-2.87948925919353e-05
0.0286935213220013,-0.0161777091267153,-0.0162503965354637,-0.0324976632563342,0.0184606541205927,-0.00325928369450582,0.00465049146061722,0.0273441010619618,0.0160676363794591
0.0402914232393911,0.0243444310218748,0.0196968543804938,0.0467551896488365,0.00442212775668901,0.0132231519395941,0.00144744766661016,0.00809195549487756,0.0014737867172728
-0.0967319047203342,-0.0389398079113125,-0.0415359361855709,-0.0426383545936585,-0.0157187320234291,-0.100478382299853,-0.01593244013023,-0.0211431132501666,-0.0203918653634996
-0.00124439356587542,0.00664373285041651,-0.00776541982819791,0.0243316191410812,0.0167866993513366,-0.00676753319155691,0.00540074540898295,-0.00140993157831879,0.0124840936263509
-0.113735352261056,-0.0702224047022093,-0.0112748825163311,-0.0571100339073015,-0.024753508002814,-0.104346808726169,-0.0280655849960754,-0.051214429469663,-0.0854909953417461
-0.0194386727088781,-0.00990037950544421,-0.000148390012172645,0.00554254345978969,0.00557233833251475,-0.023909611260557,-0.00303369020561825,-0.000860099882504688,0.0080730993995314
-0.0157987873830471,0.00679347273090915,-0.00983045472984763,-0.0206692756919631,-0.020400185454277,-0.0160569232902156,-0.0170505227647326,-0.0267246334609042,-0.0316243025242348
0.0114984814411865,-0.0251001828779311,-0.0140754087262599,-0.0204609591937195,0.00662574972625713,0.0346136016401963,0.00251830047523364,0.0064723329597924,0.00972445128420956
-0.0491759913035494,-0.0131844915541363,0.000231911435014261,-0.0393325391496115,-0.00602717318139903,-0.0625257217832836,-0.0191578743357219,-0.0319956027053123,-0.0203559132918835
0.0239566411908319,0.0197733429313792,0.00643130655539498,0.0320834800856111,0.00415213383018286,0.00989350299308486,-0.0153493195496129,0.0259407530705409,0.0253945708448866
-0.00364104221084825,-0.0259792335896465,-0.0292759733377676,-0.00363069869776516,-0.00713871147500951,-0.0134474929725826,0.00939133235228722,-0.0103211325415635,-0.0176733267183478
0.0257903353084945,-0.0255743433699106,-0.0142525824313283,-0.0232471340879479,0.0056492034096489,0.00944742409785131,0.0108446728952117,-0.008303674424135,0.00715199829596554
-0.00675783925389054,0.025065313677274,0.0148979250843072,0.0232301047157333,-0.0099604907587945,0.031597972979172,-0.0171784130780584,-0.00677794245651496,-0.0169899124990995
0.0117632824286443,-0.0168867547304109,-0.0196055670422907,0.0412626088046836,0.0081291140011805,-0.0204108549103682,0.00625336671164644,0.00442239986831965,0.00374589606001044
0.0270870519085789,0.0171197289462695,0.0190364789288323,0.0201262930243815,0.00843476093973837,0.0907137831320124,0.00209997732330998,-0.0032981652979,0.0111061778948525
0.00259338100749086,0.00722535077819649,0.0154638610436034,0.0258375664993332,-0.00912738291511133,-0.0163856704187417,-0.0163303663651825,0.00641581584126146,-0.0297890974917052
-0.0234472858389677,0.00541024338432653,-0.0172259806048839,-0.030185217562622,0.01279074662943,-0.0204683257469237,0.00909680364677187,0.0110223700349694,0.00763249307104381
-0.000963108691846197,0.0195257933298038,0.0110265598857327,0.0380517276608662,0.00896953857606187,0.0272869346067305,0.00747945060518268,0.0260550736933238,0.000361575651863505
-0.0362948915869448,-0.0570855511549866,-0.0118505406373417,-0.03665907179346,0.000609424458831861,-0.0605738763783094,0.000430274927286833,-0.00876126914621769,-0.00669123622534368
-0.102967819359694,-0.0341741084713886,0.00371668465390124,-0.0694353820356233,-0.0349351354045642,-0.12683722480949,0.00899729796740106,-0.0497404479846305,-0.0718820852222108
-0.0233753476094027,-0.0104267705529125,0.00493287839766222,-0.0153217322119573,-0.00636534124028734,-0.0314965542400781,-0.00197145548233477,-0.025229616963259,-0.0190354872061686
-0.00663187429114706,-0.0207771058211757,-0.0210212889136333,-0.00973118917039335,0.014354146473768,-0.00397289825829972,0.00531645768631593,0.0130582046910818,0.000959217358850284
-0.0248773174391361,0.00439220083726392,-0.0273303341491082,0.0036142978794531,0.00413316351432323,0.035930388507536,-0.00103807833388265,-0.010562761614051,0.00448572359838162
-0.0128258662713865,0.0199091290482949,0.00335724665679514,0.0112883362846618,0.0039240614640532,-0.0120051625532286,0.0104302879050581,0.00803996834129834,0.00968504514881983
-0.0338527201929333,0.00180794119140501,0.00579557113242483,0.0190971683625679,-0.0174683270791411,-0.0441043914957445,-0.0149569339515775,0.0209614762049766,0.0125258730104299
0.10425561725198,0.0339636538512499,0.0358341254991508,0.0181261946712325,0.003633402884734,0.0966506808687581,-0.00404828604552313,-0.00319507190658289,0.0219364847815938
0.0112803237805869,-0.0226690888477448,0.000810564411620399,-0.00439255016422471,-0.00927416856582933,0.0279221484343584,-0.0226380740852561,0.00812941113116798,-0.00412757729259391
0.0880762682211992,0.0398872415397174,0.0328291634741221,0.0179153810927556,0.0260624961496481,0.0954751220131329,0.0156684967078473,0.0131996886971593,0.0386813636952297
0.102397445616405,0.00310646026980219,0.0239145921937196,0.0141049318541889,-0.00602759213531288,0.135802224962382,-0.000711886966926796,0.00439627633396959,-0.00340414267336516
0.141636856751702,0.0314663283813033,0.0374570941285797,0.0301557228574617,0.0252399563297871,0.145749497679338,0.00894542920751743,0.0272244502414632,0.0260656804776557
0.0520289264542185,0.0307972349202004,0.0189473765159391,0.0283479911932822,0.0150494374333815,0.00964236814640083,0.00355023522087667,-0.0042105206295275,0.00554391713222674
-0.0413045389643668,-0.0134845790121654,-0.0307918297679796,0.00269617216616097,-0.0123571127793126,-0.0900096470917472,-0.000251924069806992,-0.0347434738987407,-0.00998121733110302
-0.00411049822860902,-0.00656176945252001,-0.0132273919705358,0.0169602128050682,0.0127147192298868,0.070791673949312,-0.00224191798528187,-0.00621824741188828,0.00155148553801993
0.00842730714554805,0.00522991887450542,0.0133366698411604,-0.00447274621637892,0.00123135602598093,0.00687578031856809,-0.0120782959116983,-0.0104453033882073,0.00916495822702465
-0.0230709523551803,0.0129104307424038,-0.0114738731167382,-0.0281906072006321,0.000855164417580467,-0.0505691432873226,-0.00759422307460254,-0.0262552564970944,-0.00797941214577761
0.0336080393378601,-0.00461347431871038,-0.0134825005486067,0.0329889283568527,0.000141820656864989,0.025755702802144,0.00468231240799425,0.0199792327646814,0.011551057145893
-0.0746332909836759,-0.0297721032067648,-0.0517711118859314,-0.0417702790116911,-0.00866455579018056,-0.0665493036797862,-0.017274824628742,-0.0250565708862335,-0.0220055247346962
-0.0249646467545953,0.00830675650246777,-0.0105141985373586,-0.0479177995251556,-0.00109733379028063,-0.0235797357063935,-0.00567326419471629,-0.00443813343261192,-0.0245377859261414
-0.0967612355059716,-0.0282540501231633,-0.00782109200316097,-0.0239071223479672,-0.000564629576244495,-0.0740558764663407,-0.0126627387955157,0.00419546731314851,-0.0174024573768013
-0.0198293030412409,-0.0195318833606135,-0.0157043100405789,-0.0215720646559837,-0.0084071938674329,-0.0521033072771933,-0.00216193265669299,0.008580821102113,0.0112065787559739
0.0899421905213351,0.0789439490516139,0.0660766569989785,0.0439860142946955,0.0241425947432941,0.0646710855246443,0.0202201985382933,0.0275612864459426,0.0179715468490573
0.150006689250322,0.0772034032081154,0.0571453993175682,0.0570589442672798,0.00693519646397292,-0.037610726306305,0.0370540013280971,0.0351592508236886,0.0454056164154108
0.0110562905780832,0.0203513688790942,0.0183072608543042,-0.0167022986888685,0.00944035386881061,0.0111692621314885,-0.000332153135209292,-0.0129755035902264,0.00180844225504263
0.0503743067980661,0.0131527661989978,0.000254615646858689,0.0342349446836482,-0.00368371227450326,0.0228197040663513,0.000751220828927229,0.0375786761631847,-0.000579340442213554
-0.0335672354872867,-0.000828677146859174,-0.0137431451570638,0.00647738905654947,0.00891199860902942,-0.00346527874668001,-0.0068773425468805,-0.0234079716496585,0.00964484601551284
-0.00986691015424876,-0.0479570521586776,-0.0380424284346101,-0.0202729764942719,-0.0228914549381516,3.08048989970215e-05,-0.0256099041390912,-0.00389856785129605,-0.0218270431484012
-0.0141646774811231,-0.00111825463477972,-0.0278613321548011,0.00971860360279593,0.000848038896358068,-0.0207915368788033,0.00501789504029822,-0.00433037746382909,0.00343784683298332
0.0221780214750928,0.020236522555103,0.00188472765806397,0.0407506021493366,0.0112279267621723,0.0427132769956287,0.00991955528804717,0.0172463881423721,0.0206380492769653
-0.0648155285335906,-0.0124871852159031,-0.0587141245465862,-0.017836490982182,-0.0266711859566476,-0.0727522894449884,-0.00488538321491299,-0.0103664921457412,-0.0126322098918697
0.0260380558377197,0.0195443074154708,0.00838089157175984,0.0121121713628505,0.00380283599744966,0.03409555441448,-0.00618238320115781,0.0105613286996063,0.00534689074950052
-0.0421880035687048,-0.00483226943375418,0.00413547913622961,-0.0253039468121383,0.00347774270050198,-0.0368917560275283,0.00162605725727579,0.00288091101196992,0.00102521096914409
-0.038415295009643,-0.0169664921788102,0.00504045834886699,0.00229050755671185,-0.0117511919467173,-0.0588602533630466,-0.0151007163181857,-0.0152449336560428,-0.0164114734801718
-0.00396442078871574,-0.0156793514120317,-0.0242102140525795,-0.00466249478326938,0.00113997431775288,0.00121776338127401,0.024391651880098,0.0165646571826877,0.00995798931505215
0.0183697169979176,-0.01072581250345,0.024698932348286,-0.0148129325517525,-0.0188467633886737,0.0381140461865735,-0.0123028451190015,-0.0132053962793609,-0.0260067405562693
-0.0153956513362038,0.0143086879282951,-0.0189961740570213,-0.0023734155753806,-0.00132503823961792,-0.0102868924692541,-0.00215595013881947,0.00677775698762928,-0.00344511334829736
-0.00445183350106591,-0.0330639495446902,-0.0316024672010708,-0.0215636992145281,0.0111029616350555,0.0128671477096685,0.00292767385688981,0.00997495020163522,0.0139231409327919
0.0751551648950942,0.0204200391464429,0.0107854351272112,0.0215033648811237,-0.000542846051470261,0.0817327846310634,-0.00187796500411914,0.0153711674846858,0.0193548200511503
-0.0489066886106781,-0.024031879704202,-0.0375908526101404,0.00283580265296915,-0.014851121704751,0.0616976021776175,-0.00218071000957422,-0.00924784929310211,-0.00802313542040529
0.00956863064575537,-0.0398095061861829,0.00398878102040169,0.0115546729762469,0.00612724443147512,0.00313453479237282,0.000644524279307176,0.00591658577972012,0.00489342909845924
-0.0225577860108421,-0.0243858553761235,-0.00953355855048472,0.00874415102243516,0.013248593654978,-0.0186350125821289,0.0169176872955334,0.0187651101710387,0.0212862810539841
-0.0863645504208811,-0.0353906398544946,-0.0525107209537109,-0.0492012577331507,-0.0101566626631022,-0.0880592610482724,0.00318054798442275,-0.0325283841008632,-0.0128128069669067
0.0374163148554299,0.030722591862105,0.01711696291607,0.0387511802425453,0.0327250739785754,0.0582919519796016,0.0375318474542599,0.0315756921515647,0.041917250500886
-0.0471201228615407,-0.0261791135077968,-0.0273265388117958,-0.0219106475297259,-0.00296773255157355,-0.00549967329752435,-0.00359318269257644,0.00673729841742881,0.00206586621817345
-0.000456958435857885,0.0329735405256903,0.0308132738609085,0.0211694589805023,0.0156041116722446,-0.0177238464168777,0.0347816908045805,0.0524595217388268,0.0442772476868465
0.0439539031117021,-0.0225340467758606,0.000167917663429756,0.000421305496467871,0.00526771842693215,-0.0293437006307703,-0.00537375699219907,0.0171243166734994,-0.0039678588505948
0.00261597307757878,0.0080045694840023,-0.0129563427306201,0.00259986455763608,0.00435340677352895,0.00842652242654212,-0.0134033233995117,0.0160011901096597,0.0150371971956912
-0.0853717637489517,0.00955729055373277,-0.0607861151515566,-0.0447130963192626,-0.0118209737519677,-0.0805279714743816,-0.00120117402423951,-0.000325555499552008,-0.0119386342946295
-0.000902752608665551,-0.0155222666469696,-0.019366296106612,-0.034126004681385,-0.00706765260410222,-0.00518253718250111,-0.00556394242690527,-0.00108787318385872,0.000163101471101196
-0.0706967018012692,-0.0256087110593397,-0.0364708955812489,0.0122400297946573,-0.00229952532971105,-0.0562234735713833,-0.0052416802209828,0.00348339253607989,-0.00795264213346579
0.0122855857955211,0.012139218006403,7.54142433584751e-06,0.0377186714769663,0.00585542797707519,0.00507432080425082,0.00511172542852949,0.0125729006819339,0.0239204347321401
0.0233066808928131,0.0159700178557968,-0.000406427370167211,0.0132516662841329,-0.00195880919773765,0.0113622261284876,0.0075855814939166,-0.00607270430628135,0.00281997249139466
-0.0449679893104849,-0.0348153654180569,-0.0122864853363177,-0.0199436837294673,-0.0331279032816969,-0.0215791754626967,-0.0326951734250187,-0.0240157802086858,-0.0410902089715963
0.0721693532375793,0.0473403596939701,0.0479758725280525,0.0383936129287382,0.030562573681158,0.0444040160284587,0.0362808071702564,0.0409551207297151,0.0301602490932591
-0.0595690818748979,0.00119845588112552,-0.0351419314988738,-0.0188512916471615,0.00282801175595791,-0.0766275427327557,-0.00981511340645464,0.00731604984507914,-0.00367762106411139
0.00463199316421313,0.0194830581247519,0.00875745176173727,0.0124604498417955,0.0158437952301821,0.0454999118400636,0.0252678649484344,0.0157793336011196,0.0128430675490504
-0.123675214841882,-0.00675345840297067,-0.0356112915486134,-0.0333740177501572,-0.00998733099952498,-0.0922359369724015,-0.0179757188830842,-0.0356246880432431,-0.0217093207822228
-0.032815416369436,0.031372178310723,-0.0156726211069737,-0.0189728285655971,-0.004624672146351,-0.0433407840641862,-0.0255044799083785,-0.0341108299253492,-0.0426935091567203
-0.0828492090982697,-0.0228448653100039,-0.0407737899852917,-0.0315881023868123,-0.0136151101838305,-0.0912441348619338,-0.0184813391767547,-0.0246904189235491,-0.00898722281565417
0.0734008886699638,0.0525449043272221,0.0358879483781677,0.0114076052259811,-0.00431416112985153,0.104267763673561,0.0125635148291322,0.0109077108889463,0.0290827713902812
0.0575127548406299,0.00890051430939369,0.0123146994225614,0.0145615086857002,0.00732521391640764,0.0759293970113578,0.00316176529504004,0.022195674002764,0.0155901234286912
-0.000987273654072613,-0.00824499423420802,-0.00111031809543163,0.0351826665594475,-0.00578464967837156,-0.018465377808647,0.00610236859922572,0.00636776945568135,0.00111839976123104
-0.00928013268006373,-0.0309947138313729,-0.0408489159556258,0.00108967129603886,-0.0187410900596994,0.0259647256906172,-0.0164464590946131,0.00381676560416546,-0.0268489248521208
-0.0670820936101848,0.0169056451308428,-0.0575032211275754,0.020847649083494,-0.000332501860603586,-0.0452701726951048,0.0094790904013094,0.00376088543669281,0.0203137567605645
-0.0730180720390738,-0.0194678414012876,-0.0237567951877032,-0.0207901955189983,0.00548268973497212,-0.0384238997473157,-0.0121975461885368,-0.0114168472394031,-0.0169936966285426
0.00806338857546563,-0.00289191276416262,0.00584384182110684,0.0112141755592399,-0.0123007715740359,0.000992044788111791,0.0120273543822386,-0.0100203926881054,-0.0191027132500089
0.03447124539642,0.0378236463855015,0.0390126563118674,0.0547069519669402,0.00909379236333005,0.0299957098987857,0.0301982116947123,0.018767682718096,0.0117868261782095
0.0305734994535599,-0.013516738307763,0.0121549334960722,-0.00418273180109009,-0.0118582864738302,0.0149047739469829,0.00408124155332831,-0.0280199722094891,-0.0199435240391212
0.0301000580584691,0.0107017256665939,0.020174919983469,0.0310606719066597,-0.00573356065487002,0.0117495104865201,0.00910137302290334,-0.0128916584316262,-0.00738957924412966
0.00517900427641727,0.0220202042832158,0.0246574314061058,0.033475784762149,0.00656046015276513,-0.00219465335901286,0.0295758368704477,0.00696295622316006,0.0200342060883674
-0.0565979576565123,-0.0368743251960249,-0.0261032549738646,-0.0219534526080098,0.00595376333283831,-0.00900778723051519,-0.00631764351209481,-0.0211187885929149,-0.00387234215251571
-0.0420519149344656,0.0253998461907858,-0.0321229827357905,0.00334527439589613,-0.00614534790655816,-0.0266153313187659,0.00196432074488348,0.018099444982106,0.0100931529051846
0.0991074730087522,-0.0115294914198263,-0.0108135956596972,0.0433888446176397,0.00649347770750435,0.0759939176344512,0.0174445198382958,0.0303530007984556,0.00118683172287421
0.0146987299137779,-0.020849962195168,-0.0160680058748344,-0.0179856917955975,-0.00601458146930246,0.00847194972390776,0.00721228306540297,-0.00258744009426422,-0.00487920747912382
-0.0224893447427673,-0.0162572250433386,0.000186925856045178,0.0207036431711515,0.00570800838793732,-0.0243466028146007,0.00940849726322756,0.0208477684484084,-0.00409270529002264
0.104907767606443,-0.00308547940400891,0.042029092904324,0.0234270642758619,0.000828246242743341,0.0813372351115854,0.00840654903725352,0.00174829308658442,0.0178297269451978
-0.0152286068540901,0.0253641690996391,0.00486568908508749,-0.0147189857874783,0.00559919669427214,-0.0570330646927551,0.0102029602525614,0.000735292196189086,0.00352810412814523
-0.0346747109983353,0.031013108907787,-0.0172288706586814,0.0149238666783862,0.00348560999030243,-0.0300800809039838,0.0177221002946585,0.00241992693250572,0.00253552126064722
0.119482290893888,0.0282149521183473,0.0276405708300526,0.0360805962655104,0.0220738445794196,0.160407641991436,0.0230019008564852,0.0266983669603199,0.047135756554609
-0.0642642881756384,0.0145788867429545,-0.0367673740895562,-0.0366564734341707,0.00144745874389897,-0.0542308786331785,-0.0118009192789676,0.0137192039413671,0.00364039834193196
-0.0133425526159534,-0.00751102594733964,-0.0161504158427842,0.0263150105214516,0.0248635138743741,0.0296016748921065,0.0118052515044987,0.0139999557956372,0.0180512636591128
-0.00186967607473631,-0.0215815078161206,0.0136904208276528,0.000388070069679551,-0.0137083789622966,-0.0248484362899787,0.00702677062857015,-0.0314020242030595,-0.0192064079142972
0.0937928908434411,0.0223217370446071,0.0159728194158235,0.0327262867641977,0.0161204349942559,0.0761238353217676,0.0299005330874556,0.0246487096846895,0.0454506198639848
0.0357420496503348,0.0183358492477435,-0.00054233934455606,0.0247443532472774,0.00723795986374223,0.0141163639592704,0.00888495892413913,0.00311330300358735,0.0182198717685882
0.00360398586443628,0.0350407841396687,0.0296576807088845,0.00669449478567293,0.0084413826395202,0.0106306295241759,0.00046968494280012,0.00285526054189067,0.0157663489590137
0.0162999903461096,0.00864285143524671,0.00777430756351131,0.0165475544586512,0.00879879956196997,-0.000291177309673945,-0.00159475281819173,-0.0129120109879699,0.015859310538849
0.0124284765037554,-0.0272133033989776,-0.00511501667077725,0.0319178132904613,-0.00117822862120967,0.0405041296478605,0.00409751811366136,0.0013325122445845,0.0357791055565318
-0.00830670313415152,-0.0187096497660261,-0.0191042763171526,-0.0415541433692529,-0.00462661169867943,-0.0273474714371411,-0.00246223120707346,-0.0159120815594242,-0.00372512477037983
0.00884392282206782,-0.0106329296094215,-0.0068659340649802,0.011756366066634,0.00735213757237159,0.00602501650428129,-0.00173162673471375,0.000561324718542374,0.0137222296179224
0.00583550461805783,-0.00397417278052931,0.0180675360156882,-0.00841694156347334,0.00829190278114899,0.0396749298885303,-0.00833423395047932,-0.00342818860977733,9.54036411236109e-05
0.0234392189606264,0.000493796837496136,-0.0122183166347413,0.0100407027185905,0.00486028336540545,-0.018874910548651,0.0109890109972122,0.0125112745304518,0.000758427357845429
0.0383977449318437,0.0129076215171216,0.0109883294762531,0.0312225032994044,-0.00658898001012823,0.0630603021194817,-0.00130293093553108,0.0131623615962074,-0.00945016627106851
0.0360939924436876,-0.0211139073547299,-0.00335049684034085,0.0135508255517508,-0.0214589985338495,0.0643954559539858,-0.0142187309083543,0.0014128337926855,-0.0305427198622468
0.0359461771548249,-0.00098696439429645,0.0141946129453815,-0.00596557240434988,0.0155424533288133,0.00242476303986566,0.0156951372487106,-0.0116444843768161,0.0154753427296322
-0.0493691040410524,-0.0215326133807888,-0.057168524220135,0.00753300892795328,0.00671598205066779,-0.0147031522161691,0.0250105507590464,0.025771741850032,0.0308423851874237
-0.0672827429102769,-0.0381552575855656,-0.0499528113553625,-0.0365930213658618,-0.0127753146698358,-0.0175321976799063,-0.00929081424449633,-0.0390646663306175,-0.0149551578047644
0.000918249289413346,-0.00159347714419443,0.0167581610112082,-0.00550925379247943,-0.00188125218428764,0.011133036343014,-0.0128088590978002,0.00179545160455711,-0.00104018074434334
-0.109662487184668,0.0126056058747988,0.00312737206764267,-0.0655254800481144,-0.00751925962849308,-0.109201785928135,-0.0195838199099644,-0.033388806296119,-0.0108972111923043
-0.0249946315089669,0.0152029822304397,-0.0045246610463542,0.036736041255854,-0.0142186583683772,0.00288409011775677,-0.00228433190501496,-0.00541380096475835,-0.00618214220803758
-0.0517542012537127,-0.0015181408923674,-0.0386143692281593,-0.0131865332145675,0.0100330358192384,-0.0487666917612768,0.00497092221457035,-0.00809792764316566,0.00526981836096074
0.0399908097991602,0.0470715478607879,0.0398912153055125,0.0122132675639407,-0.0284245159578043,0.0410860293473395,0.00422193229593363,0.000371231315182739,0.0282950970373711
-0.0550432675938624,0.0024351306334405,-0.0105419510919609,-0.0240469592740071,0.0141805873816628,-0.0568708670993423,-0.00319663260053086,0.00832114149622983,0.0074978852659288
0.0586243747903353,0.0209985297417532,0.02443231075661,0.0284639162320703,0.0307431683447734,0.0748968406330729,0.0301030083979127,0.0333200458414892,0.0418840428362164
0.0973099014856758,0.0132694827397958,0.0167179905417519,0.0239537973762029,0.0134563530577663,0.114561806354828,0.0119360361020634,0.00894123827603064,0.0224433735650934
-0.027937855590804,0.00592549978703131,0.00192432036939628,-0.0238066836395978,0.0042851098512017,-0.0701432250400677,-0.00912104624270113,0.00395181930661994,-0.0131328949603621
0.00779475501340155,0.00745252079750836,0.0102537204877675,-0.0080631132536484,-0.00514653289351333,0.00636553939871692,-0.00340681119086356,-0.0155137562765105,-0.0050837723910873
0.0216224413584023,-0.0021689187541885,0.00912939957364404,-0.000722202536029052,0.0187107073351026,0.0304201618297935,0.000140868813003009,0.00318513105897662,0.0268456845908205
0.0471115464319579,-0.00148102713320493,0.0109025171482488,-0.021697762455645,0.0274723586081783,0.0093187524391074,0.0234077687185511,0.00551761309285693,0.021299523585739
-0.0634921384397207,-0.0315661737625966,0.016730716960868,-0.028609735537937,-0.00492034885295459,-0.0223981623609753,-0.0232965780739667,-0.0407102185129207,-0.0251595038070832
-0.0164274296436317,0.0174647047951401,0.0169556769973663,-0.0142513789149262,0.0202244138203202,-0.0370150413237922,0.0164734566142685,-0.00131917837731077,0.0103658336325743
0.0539693528778873,-0.0016768659616189,0.000944299432150428,0.0252177308060608,0.00041109246439497,0.0136313482922595,0.00600748673726003,-0.0106865415728286,-0.0127934882184208
0.0502969577484826,-0.0366629842614895,-0.0115976711928863,0.0387431161771042,-0.000655492890479681,0.0336240699109287,-0.0085838323719304,-0.0092700920191077,-0.00202965154863822
-0.0725346804764384,-0.0300656894591193,-0.0292757377278607,-0.0169213365919432,0.011177206482338,-0.0942638700903133,0.00143685454885939,-0.0233194437491093,-0.00673365421872864
-0.0667738484557528,-0.00785503494604098,-0.0135241937424835,-0.0385332528991522,0.00644559147180688,-0.0486384812022418,-0.012258530601368,-0.0178758709489154,-0.020653444440924
0.0108596118627986,0.0237321745073167,0.0101640639577002,0.0384912005400965,0.018011936128246,0.0362545838207293,0.0219356566458536,0.00803093917273665,0.0127506643643815
0.0235287534401787,-0.000952464197333443,0.00707387243198427,0.0140896950133004,-0.0166913566618903,0.0119105575026772,-0.00809119460072264,-0.017625617813585,-0.0103635744017717
0.00444891903714193,0.041296206707641,0.023666387963397,0.0406760244931893,0.0268110808948803,0.0262201649152665,0.0277284499783779,0.0422040860676488,0.016662566991365
-0.0280975026171733,0.0142068598171892,-0.0214456350622887,-0.00267375981456761,-0.000200228261721283,0.00315050219951415,-0.0149203229896543,-0.00014319428530429,-0.00971434890393967
-0.0134249468101785,-0.00450330485131312,-0.00756641859848599,0.0258810587874963,-0.00703513102290883,0.00382183228399339,0.00325443440187381,-0.0126050633404975,-0.0156495024220259
0.0211687238456045,-0.00323219469727104,0.00596068170191869,0.0381725541328966,0.0186299097144709,0.0430690490718273,0.0283500511425498,0.00598110128077363,0.0289378902823499
0.0509831548885607,0.0315467389664277,0.0208811183457409,-0.0152825213160805,-0.0149739298717927,0.0495445625702505,-0.0138324856136523,0.0278582188388218,-0.0175037270010556
-0.0414583325346063,-0.00952236636691266,-0.00250580999966673,-0.00691664976360211,-0.0107751168180992,-0.0429857818118092,0.0122646502866332,-0.0247054908972941,-0.0284053281715384
-0.0691222665606779,-0.0483796564477401,-0.0462875182300867,-0.0566990024180412,-0.0217386403890804,-0.0281451866231208,-0.0377293087769831,-0.0174869327008274,-0.0072731745375904
0.0901327795129218,0.078484912026192,0.0712857331541288,0.0212659585522827,0.0248068233927019,0.0864074813233322,0.00535923367734068,0.00270986010757176,0.0415524593829476
0.0243552253834494,0.0315774600668747,0.0111610317948739,0.00205201483662213,0.00485727109067733,-0.033628705480798,-0.0194383975035574,0.0107805801317457,0.0146150317039091
0.022452298927489,0.0243131130625533,-0.0144346362817812,0.0346817444259704,0.0093048018824631,-0.00920567213062528,0.0245950241616354,0.013688099202733,0.0258298318919025
0.0228618761460489,0.00623558551125722,-0.00923338560534693,0.0197437889469893,-0.00284753880982116,0.036955101190596,-0.0036664579992235,-0.00943563837543528,-0.0247878092523359
-0.0486594744651881,-0.00341987438093013,-0.0326184911648767,-0.0283820893304818,-0.000167235854042091,0.0303861607391404,-0.00960460916388851,-0.0339432697203738,-0.00872363535506601
0.00825087537250891,0.0194224582218694,0.0178231051685842,-0.0050057391220195,0.0274561220951999,0.0103395455698461,-0.0100372358946442,0.0351238058478593,0.0319199825730113
-0.0207493391809396,-0.0471860014787659,-0.0287215273287712,0.00311345693897695,0.00648439218740246,-0.0427042016687009,-0.00537567642251303,-0.0136927276306676,-0.0130550041592163
0.0331256351861819,-0.0158954733942323,-0.0165329478976213,0.0154624277959752,0.00132701383138159,-0.039211955716619,0.00758899402075904,0.0210795545842786,-0.00266901973237346
-0.0154717089726102,0.00041078448262894,-0.039485557342294,-0.0136983233981508,-0.0104196149739118,-0.00123496486119254,-0.00120537128309152,0.00809893704495761,0.00728275600977428
-0.0197668004274979,0.0152566381564467,-0.0204931096763902,0.0487094247117163,0.00240843752407601,-0.0288780652796025,0.0159899248641624,0.00889576503128449,0.010457310326007
0.0066992919996957,-0.0090584970137586,-0.00679253373413816,0.0388928881298757,0.00256586555862434,-0.00921841456968705,0.0024255063031473,0.0107193477203513,0.00239886350963098
-0.0694379218516902,-0.0348563336524648,-0.0100427196535654,-0.00990681417838087,0.0138678585878134,-0.0358167913592891,-0.0070732999038982,-0.0111713410031418,0.0241605196932217
-0.0339997291411532,0.0195748537702966,0.0115366435846389,-8.21257413925637e-05,-0.00575783987676024,0.0117123905858493,-0.00218401352576489,-0.000121726860556589,-0.0128625220496441
-0.00579673169414555,0.021286733094504,-0.00555677341496276,0.00410129868263254,-0.0104479717709601,-0.0489278749028695,-0.000804543114662007,0.000217150454657831,0.00965185499961299
-0.0355158425788137,-0.00237676567505478,0.0370382242694116,0.0418859015540612,0.00120657410464039,0.00472225749197338,0.0328852745317996,0.012477309848436,-0.000941810021834076
0.0434588272837398,0.0240478558325782,-0.0043204904407823,0.0141985025364111,0.0172495376703639,-0.00239044255287375,0.0323437100931357,0.0255020760205567,0.0303274830662739
0.0427979804670166,0.0122506063978689,0.0254003187719601,0.0609410443280515,0.0227520784743653,0.0789716993187775,-0.00243949943494475,0.0271293338539708,0.0349287343737121
0.0941531057968404,0.0298688277013171,0.0284898460385695,0.0175530154911152,0.00807147896518972,0.11694579435492,0.0078746729310132,-0.00641038778095754,0.0159178549801965
-0.10245398686237,-0.0449954480951305,-0.0325105883407791,-0.0612984502279357,-0.0106462350094572,-0.127257905640673,-0.0382719627948142,-0.0216355840983455,-0.0230209509809926
-0.000638527033227659,-0.00168399587065485,-0.00786008747651889,-0.0257303336621274,-0.0203092853758159,-0.0293751900157845,0.0102565946789641,0.00485098085695614,-0.0133736953018703
0.0125156219179848,-0.0117496165517912,0.00166235842650497,-0.0414323198805287,0.00302651754810188,-0.0058291040421695,-0.0215819883096704,-0.026940164648452,-0.00854419994395889
-0.00709424364976083,-0.0102149199852664,-0.0432002492734144,-0.00390432393654318,-0.00669990255496174,-0.00933171209228025,-0.0481152347167615,0.00189445206159078,0.00259625897423326
-0.0141982781066152,0.008066124959587,0.0102962524730349,0.0181470802183565,0.00898363439056625,-0.0380231804549143,-0.00453948123047835,0.0220700885657285,0.0170220459606249
-0.00851416904079557,0.0194140006298883,0.0227768315330221,-0.00701867901506964,0.00293038681222419,0.0134540882691487,0.0134655056248346,-0.00300531968746477,0.0155857616111334
-0.0376595234459869,0.00670934570402083,-0.0157725820172897,-0.000556437863584748,-0.00289573249507496,-0.028497097999212,-0.030749937726634,-0.00361696013512694,0.0073228245998303
0.078819151045161,-0.00515155255677874,0.0143438884094917,0.0145885660728655,0.0137299279518411,-0.0161801545117694,0.0178240351657347,0.00906301855256048,0.0209784921657075
0.0966784282046885,0.0576570192322848,0.0470947798874771,0.0800337660542126,0.00964963644493573,0.106501941440292,0.013814430680763,0.0239137868390337,0.00817435654502981
0.00645361801666098,0.00206362820450403,-0.0121749049196446,0.0157747478344072,0.00680582879089921,0.024539206626186,-0.0168283972417164,0.0057173341985831,0.000988342357616341
0.069306409311179,0.0266098951275464,0.0246266273297737,0.0423415694602099,-0.0015455545251593,0.0440979553106105,-0.00094278089049516,0.0354719777451283,0.00680364298186974
-0.0386872171904959,-0.0189252703299525,-0.00286486801217766,-0.011505345817431,0.00668903611202643,0.109989090316298,-0.0130956290008614,-0.0174565901616554,-0.0281282472226705
-0.00664217804119272,0.0216507622811814,-0.00256816704830996,0.0149317637941764,-0.00238990312109741,-0.0205821877469912,0.0180926760870937,0.000166537853171556,0.0304800787261038
0.00857439877440582,-0.00801644297662696,-0.0209464101687133,0.0304388615790183,0.0113038782918823,0.0159062102124178,0.0464110135976804,-0.00544173090584728,0.0289262594688187
-0.0368434989855616,-0.00162829808966382,-0.0294488239995636,-0.0438965338211256,-0.00201519923054921,-0.0238297669842927,0.00531201724912265,-0.0143939041600871,-0.0118296653408769
-0.0542818164527805,-0.00282756332513918,-0.014409688555712,-0.0253044249417513,-0.0138492456705721,-0.0657941768811703,-0.0119719488913477,-0.0109596245188897,-0.0136228157353743
-0.00425949292983045,-0.0132338271195714,-0.0241062204364399,0.00476519482460874,-0.0041857292953384,-0.0837620054446453,-0.0151987850488443,-0.0201538576491279,-0.0175695901511654
-0.0171281688640886,0.000573543397892676,-0.010761872003008,0.0250918356669426,-0.0032596514390217,0.0375819711267755,0.00542193368210817,0.0277803309088034,-0.00655308958027383
0.0573382359093139,0.0134472465358992,0.0209702226337551,0.0194940748234149,-0.0024500324851812,0.016094853396348,0.014686380410672,0.0419393172247366,0.0143507166735658
0.0536884138176784,0.0385363306114341,0.0278881877590344,0.0595742969879116,0.0332597604593903,0.0852596922493114,0.0140476386532832,0.0176050120715516,0.0505537619674621
0.0808147970459619,0.0472837753154835,0.0366868460038513,0.00857559575144506,0.0143051346494689,0.058801591774187,0.01662114694071,0.020535744311971,0.0226480666931398
-0.00319941522007399,-0.00540780639305541,-0.00391320060834846,0.012311345592653,-0.0135739559834859,-0.000482891651605067,0.00811528539661784,0.00917052274803573,-0.00743803669966493
-0.0123132211657363,-0.0226487740106375,0.00629112444617843,-0.0287125381770411,0.00532553862796598,-0.0192175050855805,-0.00718987053022407,-0.0252993330461514,-0.003637469280703
0.0117291445455826,0.0518867407195847,0.0389757474562603,0.0220194464927769,-0.015808253871434,0.0074942550270793,0.0114064597096691,0.0368938184706196,-0.0200832340296435
-0.135225532660239,-0.024789916255275,-0.0431050454829659,-0.0759598345501479,0.000977078490973386,-0.114189594687138,-0.0146923314953485,-0.00452253666811476,-0.0119854967002663
-0.0328848740288601,-0.0119762392249978,-0.00129794747619894,-0.00103537553389996,-0.0156655755209026,-0.0215405876809296,0.0124524691848402,-0.00904045949379171,-0.00476880851367356
0.01077540656097,0.00998811135191935,-0.0138209354977825,0.0195048432088559,0.000120092333709212,0.0129023833210455,-0.00621202704139584,0.0289424610063117,-0.00045627069108954
0.0596087769295513,0.024876466434076,0.000652440859598122,-0.0174478067036577,0.00743759831988927,0.0586520227158333,-0.00754544961730084,0.00467835309048903,0.00103205201208683
-0.0713773559790289,-0.0277819487393,-0.0278921112742296,-0.0390183983507683,0.0114687756509389,-0.0469909589648591,0.00326432982186731,-0.0208447788889468,-0.00499660224156152
-0.055249108458815,-0.0158891439557651,-0.0327967512160196,-0.0382478333454657,-0.00263445828212158,-0.060189612735157,-0.0174692301454748,0.00930142768351304,-0.00287490220379608
-0.0012807837716074,0.00413616375922087,0.00273776565992314,-0.0211938964898664,-0.00124101429247206,-0.0295014882533682,0.000224150797522994,0.0198830947958883,-0.00595058689816345
0.0267404985758249,-0.00161723762326408,-0.0042388470492906,-0.00572177983612644,0.00801684255478985,0.0528495475827698,-0.00738545466476737,-0.0213066570538883,0.0197105382988543
0.0456136228802,0.0103527524066454,0.0413465858326853,0.0322047518776128,0.0154677759852653,0.0844879200097663,-0.0126827040715697,0.00249624142924933,0.0302473227132345
-0.0491504765407453,-0.0212888547616424,-0.0378640589621929,-0.0131555079094382,0.00529895515416258,0.00324274080890468,0.00574896610617036,-0.014211720147256,-0.0198760876438393
-0.0776673750646936,-0.0249644340242826,-0.0125567983612491,-0.0171537748772401,-0.0107855974854799,-0.064597338161732,-0.00874482473078277,-0.0146440828923349,-0.0485516756787698
-0.0172464549972785,-0.00316646655656926,0.00145406711329036,0.00900448140085718,-0.00225583951750742,0.00195542342244521,0.010527503707854,0.0145172565591554,0.0272612691258087
-0.0438734118535017,-0.00403159377297614,-0.0262650267829157,-0.0243477758328318,-0.00596609105421049,-0.0567668451781685,-0.0148806744213393,-0.0098610319099532,-0.01842531388403
-0.0329287629571971,-0.0662407464519413,-0.0154516923969672,0.0363337820087912,-0.00500365838343049,-0.0149558462998862,-0.00824427272603413,0.00151232620304524,0.00995439943598345
0.0395355651315457,0.000612207648654161,0.00492096206169604,-0.011784558861042,-0.00592373653758497,-0.00210033982529324,-0.0205056425054407,-0.00716720172364522,0.00357681461612174
0.0272188116504289,0.00834565462223775,0.00134485878156344,0.0585906200881306,0.00335778769815845,0.0319207033725903,0.0412295225755653,0.0115576252777514,0.0647679123134681
-0.0216770610121189,-0.0333927129892698,-0.0380890034946528,0.0103800867660786,0.00411787329681521,0.011908724872032,0.021772585802669,-0.00788837820818263,-0.00242300479941273
-0.123583630667624,-0.0562047338839167,-0.0157170252616959,0.0015933574521441,-0.00753745193696863,-0.106048594379564,-0.00916065224751103,-0.00109708006659444,-0.0135679617967273
0.0320088621809703,0.0293754858798934,0.0307629407393776,0.0414052621695426,0.0324547177763088,0.00621772272988795,0.0211456266667255,0.0184149639978706,0.0372422355711685
0.052039082592135,0.00734249355199391,0.00404876795760131,0.0255589192376393,-0.0102401467671521,0.0347703318914942,-0.0104540005212423,0.0150178178881333,-0.00858085932738568
-0.0660784641118488,-0.0184610411763195,-0.0234580070439163,-0.0349735824086144,-0.0236180000878876,-0.0408836061750733,-0.00488905153810478,-0.00886922858364113,-0.0165027229116577
-0.0440700781055658,-0.0117833622345455,-0.0063709393513403,-0.0271473993277618,-0.0246550435417268,0.00182011907782046,-0.0123537470987127,-0.0103254065008084,-0.0093880961910507
0.00368088142892435,0.0243268797051724,0.000855112745209401,-0.00383186229447979,-0.00598446025951642,0.017414120892237,-0.0026831018250951,0.0121892334712018,0.00624185936504719
0.0824290084254881,0.0364283850852763,-0.000926426462820804,0.0283819148271973,0.00389321996609731,0.056509820105272,0.00605065474518047,0.0140147096856227,0.0282881720141616
0.0317635027142714,0.0456709153219602,0.0381315680640809,0.0460117098544619,-0.00276927484054404,0.0470100808782378,0.0117334331293024,0.0240896530405426,-0.0029653257605288
-0.00310370042361643,-0.0269526402679124,-0.0107199211989236,-0.0459491983208875,-0.0145684875127465,-0.0485219974610486,-0.000212591943145488,-0.0165507388011848,-0.012431651882644
0.0504307081084196,0.0483807629065803,0.0431642627044939,0.0629122440202933,0.0194918762729954,0.0167462485242864,0.0302223859540862,0.0297381312710152,0.0350386448362968
0.0210537668171129,0.00789085120131278,-0.00602141863056236,-0.031904723450819,-0.00845287403693324,0.010136010350982,-0.00750046688422304,-0.00667428869110932,-0.0165744384912231
0.00303436135063209,-0.0125462628829813,-0.0271384116459313,0.0175455485215694,0.0105422849795943,0.00699299154517156,0.000719380657470777,0.00403343686800969,-0.00351773392211028
0.0584862855115548,0.0225706535167978,0.0291630544607123,0.0432819341587763,0.0130950975297498,0.0607779774162851,0.003025515490559,0.00966255498654021,0.0149517381044135
-0.0214072489037972,-0.0152156951127294,-0.012751080013172,0.0448962990046962,0.00376495382633015,0.0228541708495361,0.0150441939817642,0.0117279901470533,-0.000138018348479613
0.0132352776469083,-0.0107680196162516,-0.0153776773267132,-0.0195229723127451,-0.00174325856916992,-0.0324712812945479,0.00971672778914474,0.0177923021436979,0.00912973594886371
0.0152008219099478,0.0373596082122009,0.0247207529655648,0.0702088075164653,0.031209920256418,0.0774219960526045,0.0165071836081741,0.0405808736117573,0.0304031126402595
0.0371879343984849,0.0102974996311821,-0.0183032724349422,-0.00647603999396133,0.000322563582938935,-0.0136068585661817,-0.00836113199357211,0.00393787295664138,0.00706827188695347
0.0148599768913011,0.0453311649744079,0.00917252869304053,0.0370447044291188,-0.00682210653478428,0.0174778034102376,-0.00329328373875183,0.0244573126899433,-0.0102892453923302
-0.0144202995609151,-0.00802001794242183,-0.0105872549916448,0.00299654399983794,0.00151407652504019,-0.027135986091495,0.013515844123203,0.0130650756599898,-0.0156352185832172
-0.0330299756125414,-0.017223739931784,-0.0112501948296765,-0.0191275907968012,-0.00297512918565452,-0.0876174742782558,-0.00901970322465636,-0.0238409206110512,0.00104047595455645
0.0878256217459895,0.00194611159840313,0.0110761841752028,0.0670578792480942,0.019190438534926,0.0799099220608494,0.00863540315863746,0.0425554888312817,0.0119519134259799
0.0917944519586929,0.0367390818009446,0.0462957048850445,0.0286724713278144,-0.00373671496313473,0.053771362744718,-0.00357744550006663,-0.003135906441572,0.00525403536680216
0.0216059025653801,0.0293094092844032,-0.00156330276327063,0.0178083138850958,0.00338327726566485,-0.0446400653260382,-0.0218934392852134,-0.00845631107394889,-0.0180298157860405
-0.0199160516545987,0.0168566746120438,0.00248230768018487,-0.0154924524399661,0.000649632766441817,-0.0441529244675855,-0.00467606841488351,-0.00576770465680862,-0.00173672356036698
-0.110831174891317,-0.0693495903409622,-0.0595350163334283,-0.0984584048453449,-0.0164405748801348,-0.126424030441658,-0.0304169734523739,-0.0314442207426447,-0.0433790510425521
-0.104369740108315,0.0204856721384181,-0.0242842965767582,-0.0571777537307336,-0.0175236785118605,-0.0671756244017935,-0.0148926456116024,-0.0317776910197124,-0.0133822109315443
-0.0294309537658868,-0.0284269837962389,-0.0255834879727815,-0.017465888836966,-0.00554810711193541,-0.0441091924573905,-0.00831610103189434,-0.0163195540815085,-0.0335578071459783
-0.0755859058470989,-0.0319712539455917,-0.0363762122164023,-0.0440672198305745,0.0149080622904653,-0.0387790807804111,-0.00460754205887501,-0.0485687380737653,-0.00215912455201875
0.0305652432840854,0.00133380358989796,-0.00855720735375738,0.0102848123835023,0.0161278709257501,0.0156039858524727,0.0093344707498024,0.00933922684197996,0.0259646728351368
0.0186300302648279,0.0276328421675047,0.00809823564564381,0.00509162454303285,0.00220467450790755,-0.00521303942763562,-0.0016529367435194,-0.00226593010470403,0.011422971046934
0.0163715644092319,0.0202468715535955,-0.00799437385220177,-0.0290650341962158,-0.00672139808629297,-0.0141032047571844,-0.0107316667560314,0.00303749267953234,0.0138958268842069
-0.0135281432903229,0.0156402392745839,-0.0018391057602645,0.0171854874910717,0.0116622250817569,0.0250586460212207,0.00190705815071937,0.0266241475280055,0.003902644968245
0.0577579250711843,0.00972033766105618,0.00490029147275364,0.024673715660367,0.000721242100192347,0.0416993792851371,-0.00101070111004673,0.0179754407799232,0.013222551268072
0.0767358966716281,0.0176901200345749,0.0135127153588519,0.040698646220695,-0.00196312183033271,0.0524315519480257,0.00739303715000228,0.0105684410373382,0.0211232262288415
-0.133135906833378,0.018776015613001,-0.0460131561869804,-0.0399105771917593,0.00868649586421365,-0.0902226315234322,-0.0132586857235317,0.00706816994214312,0.0169645974245691
0.0307508088921074,0.0442212013130864,0.0336060691806377,-0.00470738791092974,-0.0179697203686766,0.00180712250688252,-0.00853742926703361,0.0149497854210526,-0.00919658995243929
-0.0203308222030157,-0.00892745430823532,-0.0420232817868025,-0.047823958792042,0.00711761266784791,0.00238903329254664,0.00903923089848503,-0.0303253921111091,0.01497404957657
-0.0808479183768723,-0.0209277985199448,-0.00214907167444519,-0.0388662902632792,-0.0048024025410012,-0.0184034591648735,0.0106210926234227,-0.0308516157638883,-0.049611891748342
0.0371556757594069,0.00498233328591556,-0.000689056713736784,-0.00965514792126292,0.0107991130326877,-0.0269928187600919,0.0100185019425167,0.00685420716399884,0.0227273383950838
-0.075690882375598,-0.0300096119241775,-0.0265584255132003,-0.0585016027315603,-0.0162385634183488,-0.0488735058139754,-0.0135979754738842,-0.0422022171764454,-0.0233503959286908
-0.0337695973990026,-0.0707243946963553,-0.0432555050965379,0.00146202804024106,-0.0199905839248136,-0.0611254998904575,-0.0143297222493192,-0.0287091203835743,-0.0488905737519042
0.0421593674460813,0.0022996032284515,0.00392590226452451,0.02567204337412,-0.00449431070935068,0.0382420918007073,-0.000615322096876697,-0.0171615269785487,-0.0104113173578166
0.036098189007798,-0.0219851276721169,-0.0156142043818236,0.0298617849794374,0.00990436413867599,0.0329836388613889,-0.0106425698921212,0.0155678099909245,0.0198677206122241
-0.0286476425620292,-0.0078483310846414,-0.021497844524296,-0.0234094981554715,0.015026575190622,-0.00427495283324785,-0.0284104490919842,-0.00432558483310697,0.0221031444068377
0.0140524760319119,0.0192150863211231,0.00572057173742013,0.0344338490970113,0.0204271774260505,-0.0383389535748795,0.0125309146907698,0.0212814565818534,0.0175939544179559
-0.0616904926796875,0.0093942111462307,-0.015653379088779,0.000781168396593975,-0.00670842340927644,-0.00977329940091951,-0.00859914830127684,-0.0283486696252979,-0.021392908182518
-0.0305668231886828,0.00459015840768944,-0.0303999948828705,-0.00963234574633422,-0.0232675858749887,-0.0162249758275899,-0.0099121620599691,-0.00578713405788171,0.00200846746837714
-0.0444325913424592,-0.0175141114980545,-0.00258680402500364,-0.0195374797146483,-0.00495456584895644,-0.0358376162599203,-0.0107840608643432,-0.0272736444035214,-0.0121342957998155
0.0258012940775693,0.0318675684480856,0.0145167537304462,0.0151200016498733,-0.0105320606176359,0.0580920529714637,0.0077922829965641,-0.00495013749620355,-0.00954658650436622
0.0237515952002965,0.0254296344168395,-0.01315615819649,0.00303686834881186,0.0156588734041719,0.0174483355304289,0.0157528901698044,0.00279967421667826,0.00198044067122681
0.0190316588078351,-0.0143914683525092,-0.0132985994278416,0.00568457919032733,0.00926425183507478,0.0077580786313379,0.0129144201178187,0.00469475196719025,0.0174347537299348
0.0401630830426303,0.0407214567092446,0.0346188248510304,0.019175200626598,-0.0116944513035002,-0.00745456390344774,-0.00257003860931967,-0.000208733427038476,-0.00554173524132021
-0.0792534461820618,-0.0313412260673699,-0.052597796142712,-0.051675713985978,-0.035111690892033,-0.115768380276813,-4.38443020487237e-05,-0.0158430878795171,-0.0294409259125201
0.0493751502101574,-0.00999246426520132,0.0138332300703169,0.00483931790919317,-0.0171016361995346,0.0773799986970086,-0.0127189573361139,-0.0109892457183685,-0.0130271277461805
-0.0516652443297169,0.0110554011166873,-0.0127484940053828,0.000474056018246023,0.00113558621158505,-0.0320154179299143,-0.000623975606986401,-0.0149287394916322,0.00388934669128668
0.0163705204724044,-0.0022876965598733,0.0150011183784574,0.00873581825122272,0.00569932155029109,-0.0831707419729369,0.0156383018834581,-0.00187139672276956,-0.0189113980315623
0.0610263720260762,0.0052314369382741,0.0176934712803976,0.00210743832744224,-0.0213421862828109,0.0283165846487097,-0.0223166914504691,0.00840144757977214,0.00751921799904543
-0.110163658927241,-0.020594393345315,-0.0458608424147811,-0.0632446839221712,-0.0133356616990309,-0.0783925398308951,-0.0295721835378852,-0.0206922600998146,-0.0405428364650055
-0.00749048528735371,-0.010755418457301,0.0107927617815622,-0.0299620841976772,-0.0134385104193938,-0.0207850889194933,-0.0101691145574812,-0.0404684749560551,-0.00379489184105399
-0.054270137398946,-0.0359091780281264,-0.0202302453384813,-0.0345685013033752,-0.0099067800007977,-0.0656876864615523,-0.0138683988672509,-0.00981500520845726,-0.0167537460497952
-0.00314485991019058,0.00205332854867249,-0.00343184525205685,-0.000541687246946103,-0.00920707381350764,0.04003805263792,-0.00123664355531434,0.00330749495758954,-0.0102856434348852
0.0148338182238305,-0.0171005646555274,-0.0157683015884119,0.0314065858625927,0.0183933846726613,0.0134710600301239,0.0112861861227839,0.0181945205016967,0.0233652823387196
0.0293503150227817,0.0156589807074833,-0.0189335642746144,-0.00808524271498152,-0.00910166266819518,0.0180448971129912,0.0123220542322661,-0.014378718066512,0.0166605469915377
0.020945996509635,-0.00653398923051309,-0.0236594336914742,0.0117701955798404,0.00501013000561493,0.00411489158682776,0.00319014543667751,0.0162559430041247,0.0108911071774647
0.0121705074661494,-0.0187085180094721,-0.00474494968190709,-0.023702159024088,-0.00801325319765241,0.000561984555583464,-0.0349407726589205,-0.0375162945530161,-0.0217797955379578
-0.0952387866731839,-0.0293918235606484,-0.0551449001854132,-0.0326506189726993,-0.00295930656374103,-0.0739892145589532,-0.0192626720497802,-0.0203423879436286,-0.0138048306159677
0.0498977020546523,0.00227583259689771,0.00749146862495183,0.0232449009779402,-0.0088528330333747,0.0700044050144712,0.00893310177664731,0.01783261139947,-0.00932267497766971
-0.0249489534552084,-0.0255651659984804,-0.0182147157215689,-0.0016099588039747,-0.00465096173220813,-0.0157432258906528,0.015574647675298,0.00574930563826556,0.00924715859880454
-0.0462388059562401,-0.0153378933013889,-0.034232976816548,0.0614965339340609,0.00229237598252793,-0.0106167521063202,0.0122785558286082,0.0168468384701313,0.0123393232865531
-0.05176391360628,0.00668293532715179,-0.0174130362833053,0.00648311328511871,-0.0179512160734614,-0.0618673521938885,-0.0134013256034126,-0.00610837320168561,-0.0108054376607109
0.0142160151504537,0.00327849091592233,-0.00230669160751493,0.0140757561041499,0.0136175154399141,0.00889870601816646,0.0250008707859822,0.00104053956962774,0.000539803567266829
-0.019418151311864,-0.0180546729307452,-0.0330400688736063,-0.00510870304493402,-0.00715614218061065,-0.0545900605936166,-0.0126814622811477,0.00921297811480908,-0.0253244437885635
-0.125364448894976,-0.00415855353693501,-0.0182641187086549,-0.0403971712339555,-0.00255831764957912,-0.0897882823923661,-0.00808266057577831,-0.032979091564062,-0.00252744140172643
-0.0230746401744011,0.0361840407109478,-0.00152036347534679,0.00522308978505956,0.0201948457698983,0.00652030143830927,0.00240908824269358,0.00657585569099471,0.03921233194365
-0.000845870445900415,0.00556070424727378,0.0091677147638427,0.00118126193316558,0.00354534295081968,-0.0146884569837054,-0.000466475701427183,0.0222973966113436,-0.00680489793510687
0.0120527196034183,-0.0176685189292897,-0.0143089054880608,-0.0036797528916791,-0.0183485986568888,0.0130312592300926,-0.001360663245035,-0.00468892864955002,-0.0294580626454585
-0.0856039231229347,0.0212248079661355,-0.0637373724469627,-0.0175531940041953,-0.00783511241228993,-0.0783402522887496,-0.0266913434414147,-0.0368641789204522,-0.0300437234056132
-0.0284110897016619,-0.0231913549332654,-0.00739577798886641,0.0108842739283327,-0.00544172802124286,0.04241555966266,0.00947720926294536,-0.00319298280298677,-0.0154232362340451
-0.0521702124016535,-0.0165998425381814,-0.0377077824434808,0.000445940314787294,0.0129383056885258,0.00316405918554547,0.00633372531133531,-0.00219903972456543,0.00457502824309186
-0.00768549140678951,0.0164745515738874,-0.00400481028211696,0.00938209270090257,0.00842800196928009,-0.0502540722017086,-0.000133704197764969,-0.00990192241074124,0.00167952628181549
-0.0135468888028096,-0.0251802382514,0.0120704742747619,-0.00909475618202246,-0.00960903761134624,-0.0116154650674854,0.00251573882338148,-0.0167043017687838,-0.0135335667604685
-0.0151478501285531,0.00668544796499943,-0.0182107001012761,-0.0181222363356924,0.00212719065859724,-0.0801861031269055,0.0111448177209864,0.0192918997168598,0.0115374293659821
-0.0683324222623609,0.00634056861031427,-0.0239587399504535,-0.0290600511047356,-0.0115502045663372,-0.0797657674523362,-0.00541466541618907,0.00147993082887796,-0.00483617050363299
0.0166505041187142,0.0352328663205078,-0.0202732468622616,-0.0132138776875818,0.00142623761561939,-0.0209723651976719,-0.0120541575988301,-0.0141088458314056,-0.00261692941599459
-0.0666192524397821,-0.0220661977774079,-0.0269005042695976,-0.0335066591967743,-0.00707273896166738,-0.068034683892862,-0.00350614155675293,0.00966004531049745,-0.00740477165080848
-0.00430260775971315,0.0158657571488589,0.0165941848905754,0.031273296534523,0.0143600430187342,0.0140479870227695,0.00688459736273692,0.0231824156087114,0.00743828271937658
0.0138839599754373,-0.0291783516108704,0.0073726799596294,0.00865769408738056,6.90788770514557e-05,0.0314675514406806,0.0250092347786386,0.00848970883568681,0.00416285915713489
-0.0646745364729308,-0.0328908380342695,-0.0384101493468892,0.0170952646107996,-0.00639742784836794,-0.0941829377852147,-0.006517044023801,-0.00902489870695693,-0.00169970168766331
-0.000135818184070522,0.00703693932280102,-0.0196004353631932,-0.029322551614353,-0.00408547955897191,0.0177612317516016,-0.000957618338585702,-0.00356191982267364,0.00155739012755819
-0.074291634139392,-0.0438604341089602,-0.0471333848387925,-0.0293764382661655,-0.00817177898929595,-0.0630647493415135,-0.0361286685784107,-0.0459300637000388,-0.0147053777748602
-0.00719290276768177,-0.043503246732068,-0.00725245328590381,-0.00091458299398535,0.00546475231835118,-0.0221095949880533,0.0101838399127999,0.0124823642726306,-0.00104498271190855
-0.0116964250404789,-0.0435740483646684,-0.0464144141120119,0.0242390037757559,-0.00575108276730077,0.00582120422072936,-0.00698851538621584,0.0204120867737196,-0.0267307347008501
-0.0484923143834927,-0.0555148022335694,-0.0383732635053575,-0.0435069301954505,-9.33114178523814e-05,0.00113704191685078,-0.00350367418749942,-0.00546348418681009,0.00237317805630523
-0.00526112447401327,0.0239056099270114,0.0333150731440865,0.0146008716966436,0.00178335888617488,-0.00735026244259662,0.0164056021226559,-0.0131717506173864,-0.0101342658085467
0.0269940225930914,0.0353609492648067,0.0166581564378481,0.025684091761141,0.00997357162551459,0.0231793798786956,0.0322572489911806,0.0341961421324328,0.0340331178833985
0.00121841608902613,0.00320772163843187,0.00900154327438192,0.046357483731768,0.0146259286136586,0.0203843013878584,0.0294826747826071,0.00832118309962304,0.0377889647164317
-0.0697274100584969,-0.0141604105277009,-0.00495655734050863,0.00923733612616099,-0.00862292921817911,0.0128124483488176,-0.000227740775928613,0.00941546181065114,-0.0177731842167809
-0.0270512404986214,-0.000705098471918231,-0.00650510631136885,-0.0329417853701653,-0.00728820349617442,-0.0187440874633963,-0.000517075819115911,-0.028733862015193,-0.00110771144247949
0.0175860879753223,0.0145134281295137,-0.00923940336721529,0.0104823957539551,0.0138057737434687,0.0396891263997869,0.0153962000955253,0.0197080123875278,0.0106960360569186
0.0027269613711619,0.0097015668499613,0.00257515245559976,0.0031038886122482,-0.0010665037900926,-0.0153263682583312,0.00836474386603738,0.0108247737422024,-0.00284036561280214
-0.0379999810648157,-0.0156339384179653,-0.0118558748032215,-0.0196858043876012,-0.00981361397221564,-0.0445451347092437,0.000885906713143553,0.00310550289506913,-0.00905241567647743
-0.0316622182509626,-0.0183080181791968,-0.0433236924593784,-0.0188841267630151,-0.0137152391534332,0.0194835527627552,-0.00281189017756197,-0.0170527761848242,-0.0043823538374369
0.0488898573961792,0.0349086989661035,0.0353531840086837,0.0440341640128878,-0.00048835302024235,0.0391148449136624,0.00539085379333804,0.0319168416159226,0.00180879697144901
0.0828990391045418,0.0116442640782487,-0.00378701479936047,0.00752226288014086,0.0203098133443499,0.0850869064863124,0.0220407438990085,0.0377030960628775,0.0349529176237019
0.0247119919530467,0.00945494373863545,-0.000752266807903308,0.0365002818494716,0.00803460554379718,0.014498506972267,0.00619873172954971,0.0007191893543055,0.00168273825701435
-0.0351994788736255,-0.0268310311758816,0.0252310432001161,-0.0437529082311388,-0.0052575320100967,-0.0368875848742543,-0.00687826703946538,-0.0299692401338379,-0.0342452473170282
0.012758855282287,-0.0087621023517055,-0.012762481599632,0.0296314536093744,-0.00731425389505614,-0.0290059257491808,0.00500097928820514,0.00687560349168006,-0.00111443259225336
-0.00224410656894981,-0.0412425291830226,-0.0363905331378317,-0.0158170552803002,-0.00773676439866085,-0.0965526691778403,-0.00582763971087421,-0.0086577493641251,-0.00784777504458264
0.0245421299118879,0.0159949070793198,0.0316924891398482,-0.00725021940912363,0.00401236199229847,0.0181368968244711,0.0125657899729915,0.0204299708070766,0.00461941586203186
0.0104963544324703,-0.0183116108228344,-0.0128124030126225,0.000515720026303826,-0.0190280423665462,-0.0193707922546967,-0.00585657586427803,-0.00572362672120793,-0.0181731597915358
0.0265083303931412,0.0424421134197485,0.0114209594791473,0.00570425312365711,0.00570599182663901,-0.0319185821568955,0.00959107588804449,0.00761883342159276,-0.00373001622198085
-0.0248084629388977,-0.0143878348677343,0.00713272000350403,0.00711416836948493,0.00936704840230672,0.00427550248159302,0.0410199017456422,-0.00356787788212081,-0.00188655634934208
0.00430627870380019,-0.0271943181328337,-0.0238385355381395,0.0152357119370322,0.00554653143710681,0.0882746747949931,-0.00496788246388012,-0.0190017603982377,-0.0277196103973922
0.0377922334530067,0.0394601413580378,0.0375949642463625,0.0386363266086347,0.00714303998195877,0.0219587833898755,0.0133510544189621,0.0247310661831197,0.0251244287495587
-0.0556710727527597,-0.017694656219062,0.00428890295024973,-0.0143362541704245,-0.00626837989051133,-0.0202235733312456,-0.00727089601593716,-0.0255067528162168,-0.0305312970077708
0.0663584633348045,0.0139716630931879,0.0202712080841244,0.0192094852269735,-0.00266049334937898,0.0206139718175844,-0.00941693639706123,0.0111049882155532,0.00127654170481866
0.0592254529127824,-0.00129031502504412,0.00375727288773391,0.0492599081525404,0.00239672773803789,0.0300821562833004,-0.0180316916591796,0.0329646260587694,-0.00762030515063978
-0.00148136688033684,0.0165515858797795,0.0126201222446474,0.0303464035726556,0.0149683301479343,0.0183248040356389,0.00961899079472835,0.0361390434026795,0.00990631146611399
-0.0221021164231545,-6.28872425589516e-05,-0.00764641387095699,-0.0129330501892573,0.00199172088712087,0.00167878564786394,-0.00882702932460266,-0.0132979636176943,-0.0120968312627767
0.0284501511954782,0.01289492920503,0.01195579292482,0.0211704587457284,-0.0106426996364068,0.0574231545196837,0.0129137744901913,0.0213033682786138,0.0122721422142023
-0.0374390125002689,-0.011357869510972,-0.0300558405111764,-0.0463975543962477,0.0306388332403742,-0.0769667094492127,0.00746091858672923,0.0029057903905173,-0.000961965565400465
-0.0330042735052347,-0.0165229053642922,-0.0236297546335367,0.0238552119869518,-0.0204040976149152,-0.0430111602461724,-0.00623468294604447,-0.0172618250317012,-0.0256764405841803
-0.0187018455544609,0.0103735404640469,0.0188477601376488,-0.00204945686093316,0.00196199609416948,-0.0355996733471639,0.00018046300004182,-0.000607860999853195,-0.00508994438828546
-0.0459688097748689,-0.0194745018287506,0.0209177941786116,0.0338244518995536,0.00978394135128093,-0.0431466762309057,0.000738199388780779,0.0376613041332637,0.0180001028999796
0.019036700689029,-0.0191974059326505,-0.0155387276448304,0.00419296069163837,-0.00558662593709521,-0.0223700290505348,0.0062617040091856,-0.00719826177492336,-0.00862258348952179
-0.0176997433363021,0.0055507549558455,-0.0032231394424792,0.0132377727233587,-0.00159498623158767,-0.0353434294441663,0.00569482716805165,0.00598094055349659,0.00731069630694578
0.0674384610721977,0.0495371819839102,0.0355713920458742,0.0256330490290734,0.022334919718162,0.0452211346628634,0.0168894219068494,0.00320005143612768,0.0403828667120357
0.0486848875118494,0.0208666367359805,0.0236034752607127,0.0254930853765891,0.0106692849928007,0.00605646809340815,0.0121387520633476,0.0247998686864025,0.0148656195476673
-0.0132389953431611,0.0167280056517045,-0.0204982873327588,-0.0115116463977474,-0.0164962833569776,0.0106165117855425,-0.00449445513193555,0.00297571416195436,7.27935815822182e-05
0.0793048733034348,0.0645724396464652,0.0503530794134592,0.0634452374687293,0.00925512081238047,0.0997569424785486,0.0187004081051787,0.0247283635190393,0.0273077601619074
0.0587383703785839,-0.0164568612580857,0.0100020857079967,-0.0118872760281163,-0.00555497753005281,-0.0149966838268379,-0.00739990708464018,-0.0227233808154111,-0.0163750246021931
-0.145735292784024,-0.0695413120638542,-0.0523503051938095,-0.0465337040877336,-0.0379396182849498,-0.142760217289549,-0.0174493026600862,-0.0397782483983961,-0.0442742724153781
-0.0157541965865818,-0.00473628191174884,-0.0313091548142112,-0.012028352885865,-0.00299292757631513,-0.0372010609268491,-0.0189600888651716,-0.00280668974962654,0.000932273476099876
0.00923686887436943,-0.0187426118118821,-0.0436468631265942,-0.0160958111227816,0.00126256833385605,0.0169402843317499,-0.0258783545872382,-0.0120665690143033,0.00597431588923248
0.0250026097603408,0.002125280380765,0.0247015261249967,0.0391430036675422,-0.00786034094176669,0.0773795583408494,0.00348935228554551,0.0232487512913007,0.000842069371061273
-0.00769976252693332,-0.0062485922369812,0.00407569479325633,-0.0019501918625061,-0.0154796965007434,-0.00261785215821805,-0.0276676012049147,0.0119141352165094,-0.0165230236996105
0.027184455125941,-0.0081096011249943,0.00766543756281072,0.0172369098115975,-0.0185154418822967,-0.0528802661295909,0.00544594121802586,-0.00202997396165868,-0.030260987982702
0.00609289161159594,-0.0140120679036114,-0.00959399191093503,0.0296161872912089,-0.00399549836978595,-0.00785327353201878,0.00526820329542757,0.027314264871706,-0.00206792453606145
0.0439406676959734,0.0449401889998747,0.0450255813802552,0.0401788760246165,0.0378080011910265,0.0449508733758607,0.026835408228885,0.0252164216035646,0.0437807671312032
0.00891018251857878,-0.0155806533284154,-0.0354332837429905,0.00424556833892675,-0.00430031031138687,0.00426054299599205,-0.0207244925865856,0.000389683288816789,-0.00584002678197796
0.058082571956044,-0.0451654294336348,-0.0185706755904336,0.0153871491030273,0.00535654285649514,-0.0036740696418874,0.00580818981188938,-0.00136614387804195,0.0187098340198303
-0.0137676657282705,-0.0135116412691302,-0.0409552892151524,-0.0230183838367637,0.00934764523479847,-0.0283851515212864,0.013589018046907,-0.0134652894317494,-0.0166361836504401
0.0203334048427505,-0.00932584519279341,0.00401496200331526,-0.0138499521214319,-0.00757794194273127,0.0527135319424801,0.00223840927697152,0.00929236646457429,0.0161787326751834
0.0920001381034637,0.0240723875022557,-0.0211425404362784,0.0646917794428099,0.013494283499038,0.0663011070817381,-0.000619324540900115,0.0158767224375369,0.0191526024202719
0.030543824321254,0.00731981093595879,-0.0114878868052685,0.0126633893861928,0.0175594603964167,0.0490036434539205,0.00819189885204464,0.00837917279880036,0.0154599500299674
-0.0519711657362457,-0.000713901637218288,-0.0111160982853288,-0.0290626835030185,-0.0125598986592802,-0.0763561590139124,0.00878144206750479,-0.0117948928664802,-0.0184691814291171
0.0157383682418925,-0.00568723466414037,0.0212780257230794,0.00221673703946163,-0.0253883606136737,-0.00761592227365379,-0.0114450492599361,0.0106172685521334,-0.0121543667459275
0.0118914213870664,0.0111088150654939,0.0171659833313197,0.00921827360014259,0.00707214220478364,0.0156635765725098,0.00635203165082012,-0.018772055460756,-9.39491606570449e-05
0.00150590914124082,0.0215767177831043,0.0182756413591772,0.0823186292929491,0.0123959422162228,0.0447866167982992,0.0212274095557999,0.0233166114377994,0.0288218897277304
-0.0504865466115498,-0.0239213053654237,-0.0468556633117368,-0.0304894631321117,-0.00190954499187391,-0.0313801824164764,0.00304157112227875,-0.00872985076759555,0.00809749184261376
0.0834078765508617,0.0238431843284306,0.027528686474904,0.00235265916268159,0.0109764444164195,-0.00233458649863986,0.0348568984902889,0.00829464159491771,-0.0160733431495779
0.0512155115406271,-0.00505107608174854,0.0157495133059463,0.00316446113123624,0.00893318828065023,0.00826599702190499,0.0184114033525267,0.0120454206946145,0.00544903972916648
0.0151901770930469,0.0100557524803818,0.0142276492922453,-0.0284149128327188,-0.00658268261974229,0.0529634831970349,-0.0443262639335626,-0.00164830801156417,-0.0279225770760598
-0.0516649283035001,-0.0383528071256769,-0.0295017171163825,-0.0385388234188888,-0.0163068344271124,-0.0344625561927917,-0.00748371609004597,-0.0200627035632932,-0.0160531677356059
-0.025475937233383,-0.0263879935907948,0.0108239240814026,0.0137682827412219,0.00912725986577333,-0.0279828722132701,0.0202734112281639,0.0128457445015796,0.0197071616296368
-0.0224098605591039,0.00195081094257828,-0.0397175838847504,-0.00550666299149639,-0.00235837739367563,-0.0561587940084203,0.00753804912625689,-0.0143835924545496,-0.0292821764177031
0.105340576120373,0.0695228123480498,0.0451835626959596,0.0372256270721846,0.0115505306381513,0.0633372428661919,0.0168403062434103,0.0288339307017689,0.0257027482719765
0.0540617738746865,0.00506189693873043,0.0159733101727609,0.0115801011959645,-0.00943335088927952,0.0177316630380487,-0.0129707880327422,0.0161088124669941,0.00932018379210004
-0.0235186703120019,-0.00183225205978605,-0.0290969451518551,-0.0216317567678972,-0.0117688653609364,-0.016692344403918,-0.00309899337495899,-0.0107604989463655,-0.0151646327562242
-0.0406411768273389,-0.0461132639262095,-0.0313535723574511,0.0112797555192519,-0.0272025134542398,-0.0344197221765703,-0.0205892925971946,-0.018022107376826,-0.0228386982781745
0.0439482056698155,0.00281403909546151,0.00152362725570761,-0.0189772649368251,0.0068324816328652,0.0161797569725372,-0.0121733314147876,-0.00209952098377609,0.011895684222271
-0.0141665573583957,-0.0340847585840465,-0.01168921104756,-0.00992718799982867,-0.00555236190500927,0.00456674365326857,0.00453484214389816,-1.21218706837712e-06,-0.0237352245014074
-0.0400321164898355,0.0235790337079863,-0.00428700144542021,-0.0333401986170328,-0.033602371607195,-0.0456393040520395,-0.0244676608870671,-0.0400479021715988,-0.0358211038509233
-0.047463884074792,0.0181871613590334,0.00333261091362509,0.0160736947614182,0.00230913132057637,0.0512985526755049,0.03329167793688,-0.0124690664722341,0.00533039819580155
-0.0441210247215722,-0.00121576058089971,0.0104855944158534,-0.0148295069546884,-0.0265336787202964,-0.0368544941312757,-0.0346106893670928,-0.0321467279355529,-0.0265717474492857
0.0272028530360159,0.0439555387718871,0.0322241863753836,0.0869329683252202,0.00477890350593381,0.0267673882492152,0.0257239437780437,0.0352643671170044,0.0212505741593613
0.0683704377641377,0.0054237102876375,0.00824231816238729,0.0259172317759983,-0.00222213852838716,0.0124077171168566,0.0043137470729244,0.000772376490375068,0.0134037930940668
0.00306705881014496,0.00504270372452142,0.0025171191235616,0.0195711629532944,0.000420475001113207,-0.025313158592453,0.00925398865602559,0.00316990009774183,-0.00971304616416844
-0.0403348182537336,-0.015013283703972,0.00989490914447772,-0.0325893249087301,-0.00604322830229045,-0.0364791550558209,-0.0306226529666659,-0.0266605881376068,-0.0105040208753731
-0.0465276088770628,0.00251779515642871,-0.0123282139323496,-0.0183353780085722,0.00403130510544206,0.000560819213486831,0.000316711806855553,0.00428788386695319,0.00442147931728759
0.0421946802363137,-0.0630960810665727,0.0143072456071442,0.0362113835842769,0.00930954144135161,0.0142276721572193,0.00861704669504405,-0.0038524582164943,0.0133535725620785
-0.062782037331914,-0.0189034145512703,-0.0300054644031968,-0.0128317801026955,-0.0215345382265274,-0.0678920820033127,-0.00272120421661885,-0.0210663865048709,-0.0377415809676503
0.0555397808154316,-0.00112404866198266,0.00470147031136127,0.045624725287321,-0.0217528920444458,0.0620025637513742,0.00355221870161561,0.0134864818828677,-0.0305522270674003
0.0766404587240161,-0.0145174094154638,0.00322589590471792,0.0106311211988457,0.00342499073098802,-0.00888364065882166,0.00981458962218115,0.0136994225710798,0.00348597652389608
-0.00995272332287416,-0.00928550214761521,-0.0029531815005877,0.00616002636673652,-0.0138646628920621,-0.00527134548288205,-0.00619579269761554,-0.00627180753294732,0.00310520861972414
-0.0192585803108974,-0.0310742357308188,-0.00562209637206372,0.0260693338185046,-0.00167111692633041,0.0129348809046622,0.00273437900812801,-0.00145897393603184,-0.0148438040753133
0.0462952928037899,0.0403224589555356,0.0374954634051627,-0.00493271594099117,-0.0203658220952689,0.0700479150449403,-0.0254611434102936,-0.00315610958032701,-0.0122651020034573
0.0357264804950817,0.0191482134117379,0.0343081344617129,0.0379359928614832,0.00270097196054594,-0.0293819739068899,0.00997154951452242,-0.0142904478976807,0.00436683119761229
0.0829387903983861,0.0511092502967404,0.0564436373697523,0.0219530497885817,0.00877271417483132,0.0840562561674641,0.00870717728104015,-0.00528199230976498,0.00834523636242288
0.0531043928031387,0.000755670802097171,0.00542129169481178,0.0190557273413136,0.0261216338145169,0.0665511233342466,0.00597623301724865,0.0119632073871894,0.0146318341518717
0.01016449134468,0.0549612763281933,-0.00067247077555612,0.0929245300940219,0.0350885209278775,0.0102179005479577,0.0648434803346528,0.0473145650934576,0.0479155874484828
-0.00566022607760019,0.00595661436793784,-0.0135387043024603,0.00436443996284331,0.0107822113753737,0.0270960859562368,0.0151741435936947,-0.00911943519086776,0.00392877432124175
0.0426001139528785,-0.0498010930942101,0.00388173771771401,0.0111876860438296,-0.0296491484475288,0.0398356109196562,-0.0144060603030811,-0.0265126079321531,-0.0223004309452455
-0.0259198208472046,-0.0314838061328534,-0.00492187880049766,-0.0064630227706145,-0.0297237708992391,-0.0046445795319378,-0.0149083460072132,-0.0129606362518952,-0.0296032665903551
0.0115957409388884,0.00582489012815553,0.0349324071620088,0.0155234767273237,-0.00691067785735695,0.0214784836070576,-0.0178032297061068,0.000683117060672832,-0.0117433555289142
-0.0234823101375279,-0.00347039837185478,-0.0345396541259855,0.00424833123411677,-0.00356358400358803,-0.011367002769297,0.00389561398096471,-0.00813165505398532,-0.00522456249378367
-0.000182263618932506,-0.0162657194492534,-0.0119101469378716,0.0034236034905918,0.0112816515118772,0.00247525719741395,0.00686273053693194,0.00110989575051095,-0.0224081344023915
-0.0106680291853317,0.0102600050778595,0.00161002534686897,-0.0217370516429354,-0.0038110980866183,0.0183405002687248,0.0102099269093346,-0.00303128290980315,-0.00168201793032524
0.0110311792371187,0.0100295558946864,0.00418740579146458,0.0145882338791716,0.00487606673190397,0.0146948351222262,0.027188250969902,0.0120723659894815,0.00717281909463216
0.00145626906467094,-0.0251530787994363,0.00872964995550514,-0.0199436042339481,-0.0160189318851255,0.00997354942644447,-0.0336387345463799,0.00268417089015351,-0.0158230147604805
-0.0244562163492895,0.00229019956895565,-0.0033176885899306,-0.00576437742518234,0.0129765469785622,0.032736113654547,0.00261979437889264,-0.00726473537462337,0.0048056938325344
-0.0464910220692688,-0.00113267746699181,0.00970153846967725,-0.0314542435612772,-0.0159726753309634,-0.00704575313845493,-0.016187764014007,-0.0398883939996831,-0.0257294169009567
0.104828754097825,-0.0112683948575617,0.00676277307113112,-0.0167658059728953,-0.00590837806306624,0.0639605090239957,-0.0208516383754906,-0.00489914011837561,-0.0146657221049725
-0.00991522617768367,-0.0253927721226202,-0.0512159982956722,-0.0207266061850884,-0.00244514405933768,-0.0395356140220759,-0.0399362606530564,-0.0115897363937236,0.0190660626850966
0.0233358551970727,-0.0174683179558571,-0.00408366057486402,0.0327911683159315,-0.0104324655740048,0.0415487506378004,0.00716542073042766,0.00423642216728028,-0.000114862585652947
-0.0105806013112641,0.0110413381560139,0.00471836742176942,-0.0417923070747274,-0.00332225961580375,0.00220304326968087,-0.00898804179004642,-0.00927125071936137,-0.00141762127776239
-0.134006080640235,-0.0633728282699193,-0.0111431660120575,-0.0794277401643769,-0.0116119102234579,-0.206505577022153,-0.00883138494680336,-0.0123785269713041,-0.0202591988631849
-0.0102930469893063,0.0185386762081612,0.00394202587506352,0.0144339212781012,-0.0265359560329374,0.00524639868015561,-0.00313222108027539,-0.00369319137481103,-0.0315925052160212
0.0218386409319168,0.0211858884057952,0.00786446921343677,0.00678113912342944,-0.00139796459707458,0.00104964194553421,0.00261137531850059,-0.0142395117199094,0.00993723095044745
0.0197671543624998,-0.0109512950690636,-0.0159922148227355,0.0277761299708778,0.00394284689889908,0.0505932169196889,0.0078765812277533,0.018679333416551,0.0146752873748217
0.0800946795995025,0.0157997385356125,0.0140111868896071,0.03585200930586,0.00737420519315542,0.0803916229864463,0.0382116706219971,0.0231147799898632,0.0491196571437633
-0.0287023282349915,-0.0213629998857046,-0.020182020907172,-0.0469466333194859,-0.00133783275144039,-0.0311491655878855,0.0077093581601387,-0.00733776723315314,-0.00171094748510478
0.0219663659676248,-0.00204997822648258,-0.00658253903876444,-0.00597961061835901,-0.00702377648896826,0.0701544974328267,-0.00953895952002344,0.0219012781905986,-0.0163998867024764
-0.00245386690637704,-0.00566647408542164,0.0120217808367211,-0.00285530580071342,0.00771057934052067,-0.0287405677836537,0.000190681822038241,-0.000305570843285326,-0.00697123313180107
-0.053662310503808,-0.0487881993709908,-0.0224989019725851,-0.00632786000100236,-0.0211314788166098,-0.0552486600123592,-0.0236198742843549,-0.0108854955007878,0.00834488479054812
-0.020821096326419,0.0136380635634587,-0.0214586574501246,0.0130233801782503,0.00570241207980874,0.0577116772490186,0.023654079558759,0.00924334823254188,0.0200918639384682
-0.0575603025620129,0.00871513481996632,-0.0143175465128659,-0.0379064048467588,-0.00529901479922375,-0.0475319991656283,-0.0261976740532419,-0.0236536107632762,-0.0108934536320225
-0.0733893456533029,-0.0387442286961129,-0.0680499990636743,-0.0408743856748099,-0.00832657079712244,-0.0290384447584974,-0.00792153498348894,-0.0168524815586638,-0.014813284763651
-0.0502189110755729,-0.00872402005213999,-0.00566896516131858,-0.00702663570910333,-0.00938976328715373,-0.00625301865717046,-0.00357719214514705,-0.000620053724312882,-0.00578010390358474
0.0157051259765388,-0.0238462756549111,-0.0223911649892645,-0.0122360302379074,0.00241032406191885,0.0195492641800712,-0.00428347080605716,-0.0132002184837072,0.00590892461819315
-0.0759275080126866,-0.0377483425281748,-0.0470573739973164,-0.0421709197173017,-0.0287340799194247,-0.0989477113623088,-0.0345328415828027,-0.00479504790253234,-0.0313015624635539
-0.0208635783986585,-0.00717933625174059,-0.0113888791406533,0.021126651421794,0.00174945381628689,-0.0107400348059156,0.015842621069114,-0.00128302929989033,0.00159827936054044
0.135441162455267,0.0433317998884077,0.0330909796325379,0.01785025435472,0.0158103529577853,-0.095456882674726,-0.00038277169132388,0.0261564543451932,0.0394669903108144
0.0474372726573628,-0.00508507052447877,-0.00783409548631988,-0.00164520535843095,0.00809953421199498,0.0454236058035027,0.00800173394198518,0.0182626855997247,0.0135281898301076
-0.0169275326920552,-0.0415921068445511,-0.0237210004725721,0.0121776535458058,-0.00685471100478947,0.0271654674215581,0.0067672880860729,-0.0130357283361617,0.00116692575405306
-0.00356644307606078,0.0172905380883321,-0.00365397897627605,0.00330775141153545,-0.00593303867251418,-0.00847765471664992,-0.0118503934441625,0.00141002056052202,-0.00234807545468061
-0.0577303487872359,-0.00630870856573243,-0.0352253948691862,-0.038465794501219,0.0024631566164135,-0.0848198789568853,-0.0181865305015089,-0.00222647257658654,0.000699223672092439
-0.0407678116913697,-0.00339185602425011,0.0197922813006041,0.00488338022338904,-0.00350260650394201,-0.0281291730341637,-0.00242192174120235,0.00105023041162184,0.00139758336661515
0.021707960135122,0.0093799017767155,-0.00196643015711936,0.00511194916749725,0.00378313599378029,0.00318334716711252,0.013394089679375,0.0309701500653237,0.0088852370576838
-0.0613704537202349,-0.0223542772905911,-0.0115496326431077,-0.0509614662368506,0.00632748826952837,-0.0340579253945296,-0.0151645189445192,-0.0237167194820838,0.00748096081433235
-0.0362805309639323,-0.00757964423834619,0.00606759942467874,-0.0101101223125908,-0.0152548140570802,-0.0294586221792763,0.00202584144350471,-0.0108938662181056,-0.0261401325277906
-0.0339511038571291,-0.00125274021762369,-0.0473544321845465,-0.0188330573133129,0.0154151262723453,-0.0606585138057426,-0.00107610120328068,-0.00660529480434781,0.000181809379169472
0.0287322653349484,0.0101091104176757,-0.000941650052250993,0.0426355777785028,0.00934524388806207,0.00338618636136661,0.0092477863827562,0.00877304812715176,0.0217391060442677
0.0362724035265505,-0.00983351924885023,-0.00652029077801689,0.0146570863782321,0.0311562582113826,0.0361979974139143,0.0442910736130648,0.0237458753597137,0.0272304350072666
-0.00182146244270937,0.00185518249955397,0.0124078041133935,0.00288807299560273,-0.00765062473782442,-0.0101109969801719,-0.000756141677797516,0.00318760636794998,0.00342597434317333
-0.0513242211346584,-0.0303820479286071,-0.00321830693922491,-0.0233725237263398,-0.00892706055465872,-0.0696272877946872,-0.0289326967431192,0.00714151447923687,-0.0128667275315997
-0.0121302174410447,0.0291718520747227,0.00219776097348576,-0.0117534673700646,-0.0211594477267772,-0.0301675991202468,-0.00814334494114869,0.0128126709879129,0.010149822357342
-0.0324657407237238,0.00780173715269731,-0.0160571320973834,-0.00674860224482475,0.00915196778319971,-0.00156132746937048,-0.000470412821388918,0.00936868625331706,-0.0107095587319317
0.108806642347871,0.0443864934517202,0.0443317192455778,0.00830230228831591,0.008095081073972,0.0859516561396768,0.0222814876907628,0.0199807228571159,0.0138937296648778
0.0556270817777236,0.0400529260012473,0.0230710454239123,0.0311157179987019,0.0114216870759635,0.093529735804885,0.0238608150208938,0.0219462359628287,0.0413768013961649
-0.016804798268256,0.0386795859558696,0.0172854623639784,0.0142167723056339,0.00841275788922385,-0.0423195952552318,-0.00485050820619344,-0.00765861865816178,-0.00965346602886506
-0.0326709464870552,-0.0331882269284773,-0.0181972246655075,-0.00231583492836802,-0.0156100079599238,-0.04232622699448,-0.00856817512052255,-0.016872381495428,-0.0141981158076613
0.0243077174889633,-0.00536131775690332,-0.0213761507936919,-0.0134983683991777,-0.00705075464657203,-0.00573075684265903,0.00165110220567451,-0.0243221326277797,-0.0148039392574358
0.0179338140813409,0.0351269479653219,0.0439424398703391,0.0341860685339398,0.000949651450532171,0.00989499215337749,-0.00407582936227188,-0.000179060407528858,-0.016396595745868
0.0514716729200785,0.0237337274064908,0.0229119395269099,0.00364106848087644,-0.00311571749086355,0.019607545414085,0.0214255850281559,0.014337529263166,0.0231982246832045
0.033130511195072,0.0491637774743369,0.0285945103375684,0.05193506994216,0.0250934878625834,0.0865736963209846,0.0266057210161342,0.0204404342402538,0.0351152842966632
0.041140878896264,0.0363769469577211,0.0447774957989968,0.0573162738374266,0.00713626008746828,0.0588723263513814,0.00649406680347693,0.0217059206027588,0.0381475113362045
0.0842326898634041,0.0288001291990766,0.0516572303593316,0.0224955905277146,0.0123004834540456,0.111484499741829,0.0107633221093246,-0.0086348301482488,0.0256973050466396
-0.0232641232709979,-0.0406211745603991,-0.0304258582980536,0.00473930872347556,-0.00798018335776308,-0.0104532383158621,-0.000362355630919313,-0.0246527610384665,-0.0163885548355727
0.0249186761026157,0.00417481134865043,-0.0213922454729251,0.0233392550934602,-0.019217796467377,0.0494346967811618,-0.013136285996705,-0.000626125286203595,0.015306676447943
-0.0161565481452128,0.00455135456149174,-0.0255065877510088,-0.0127540487307927,-0.00117838022262397,-0.0136837961004732,-0.000483169018347279,0.00674629217759458,0.0254857346998498
-0.0117018997695355,0.018583164336859,0.0187462265423695,0.0207666725491229,0.0223485396390533,-0.00446239208949554,0.0167804363178316,0.0165807467347808,0.0155154476391745
-0.0445750054596223,-0.0406182118846123,-0.0167501488043215,-0.0284519140043726,-0.0179506629303024,-0.0441930656911117,-0.0202382357882516,-0.00390699247671305,-0.00941940011897209
-6.45640054942652e-05,0.0317111131546516,0.0158362838850323,-0.0273699096857934,-0.0221608538067904,-0.00401596936178092,-0.000783180808890946,-0.0211027331759382,-0.0140064647111578
0.0357011827457755,0.0103592935027756,0.00160893425434707,0.00346763840776146,-0.00936020929070008,0.0176551142104326,-0.000750419668664009,0.0216344554121277,-0.000152075784560951
-0.0166497858402047,-0.00957608196034885,-0.00993807260260533,-0.00317995398345673,-0.0275814125485841,-0.0498892533891627,-0.0235036536601691,-0.0433874589075343,-0.0455172488059876
-0.0805169998229498,-0.0145105120305331,-0.0312586141669528,-0.0179383789140995,-0.01686291966952,-0.0591495721945277,-0.019204656574952,0.00226209435223414,-0.0169492768317835
0.0375352359755777,0.0139908726994032,0.00295064436418523,0.0403689672501771,0.0386500970864559,0.0232945490940363,0.0244373020848556,0.0325327858930639,0.0421727865908504
-0.0976426077387682,-0.0380612556474467,-0.074625179427361,-0.0692901888409422,-0.0246132277412693,-0.12524707511046,-0.0189452047004095,-0.0209026826280764,-0.0142231935474715
0.107017098625564,0.0191869089476472,-0.00434600101205091,0.00509670968017143,-0.00941676344171721,0.0890901169771469,-0.0134880697336706,-0.00592298944145732,0.00111048561692313
0.103178430236506,-0.00145711454309975,0.00720160050550369,-0.00013711927316893,0.0018806732185567,-0.0219123386921683,0.0138878829726556,-0.000410644966023275,0.0233003710186383
-0.0725092499269909,-0.0649448631750936,-0.0755015113091112,-0.032337792069533,-0.0395933051151342,-0.0582755300500332,-0.00909628364139652,-0.0426909416089227,-0.0580508401760118
-0.0806468520714143,-0.00373832205524483,0.00510525033763054,-0.0122594385929924,-0.0288553803940338,-0.150563872627464,-0.0384386933889962,-0.00780088564654155,-0.0420856208722866
-0.0876037714679149,0.0086404641542433,-0.022493106252414,-0.0563797374915411,-0.000953581065807372,-0.126881868089178,0.0133502294392408,-0.028821601695262,-0.0189218219935753
-0.0440909780781923,0.00169028679372966,0.00218013804889492,0.0324790700273634,0.010513008439154,-0.0373815965721122,0.0127544775846058,0.0400141764123574,0.00562560244971576
-0.0172266885051892,-0.0289244119492175,-0.00905226715804371,-0.0162638525461704,-0.0180351875864535,-0.0480259969917877,-0.0321783600023847,-0.0360168637967428,-0.0144989918812131
0.00903786208689037,0.0308300406670742,0.0220125411711753,0.0134669428667341,0.0104319101763177,0.00645117109957826,-0.00094095305711918,0.0023196280701499,0.00461374405519557
0.0830601883740477,0.0301417086112579,0.0353579935531412,0.0156140530910381,-0.00655482206477919,0.0315529256327832,0.00568916648130123,0.0131178416844175,0.00789957245293527
0.00289218095965263,0.0104395382955608,0.0113431677213089,-0.00446625282861595,0.00535274703096471,-0.0267116353835785,0.0111587117450015,0.000312308114492038,-0.00364743454877247
0.0026946803276062,0.0249275831629359,-0.0190624396537395,-0.00211667815312269,0.0226903317448344,0.0344180181756273,0.0108874354927815,0.0140984648549268,0.0232659170725924
0.0902939935162108,0.046228435151959,0.0348182701473099,0.0391649496379781,0.0048152745084479,0.0431767443315708,0.00142255792406951,-0.00755729736939761,-0.000806059504722345
-0.0830158268624079,0.0147188323003294,-0.0337305742127155,-0.0479569525579551,-0.00870215152254315,-0.0785347406071231,-0.000434225266137308,-0.00240076918634406,-0.0248554740592657
-0.0410983028819978,0.0169765269365392,0.00887831109114386,-0.000973927754740337,-0.00340112111723228,-0.0159158424076263,-0.000929175185769136,0.0165334798589527,-0.00377938786281377
-0.00500232230087231,0.0251689086898517,0.0163158576498048,0.0139049326339819,0.0107693359705417,0.0374341425831792,0.00373949282697409,-0.0342121975516678,0.00923646337445532
-0.00858705639991046,0.0209202421676135,0.00457019041977137,0.00662400232537788,0.0159731416497489,-0.0558298153944951,0.029644664091143,0.00211875910216056,0.0228982716980025
-0.0745765520007559,-0.0315580998592434,-0.0410214713732731,-0.0251383317198144,-0.00139271411334704,0.0815776915005259,0.00667170552124837,-0.036568883953777,-0.0145732168392396
0.0581753116160252,0.028335374367382,0.0154166215029771,-0.0159681645851978,0.0111156919071176,0.0514239519422828,-0.0295073130547489,0.021357004369137,-0.00278665594412888
-0.059584465870526,-0.0105888951619657,-0.0159382003319143,4.79178702482689e-05,-0.00115280149200779,-0.00729692573608881,0.0071965445547499,0.0191998842147338,-0.00467450795028664
-0.0529748687592966,-0.0351843810929984,-0.0217671477636629,-0.0507428413781793,-0.00420247313635737,-0.0853576400818919,-0.0402263788713434,-0.0232641336459666,-0.0208318537039078
-0.0138969557996939,0.0058663701479459,-0.00945905679612462,0.00409891769574031,0.0021337103413131,-0.0237886718211631,-0.0114890252446079,-0.0265177532295945,-0.0135824850956815
0.088711887289417,0.000567325422180263,0.00523744267934229,0.0394978289437267,0.0126794167606274,0.0118429091750889,0.000581669768365148,0.0210890779908254,0.0333521328767471
0.0136627528444292,0.018760289270685,-0.00057472030961578,-0.00212446109831848,-0.0208484813226555,-0.0381862165695988,-0.00454932414031545,0.00281401075230596,-0.00754491806828297
0.107855444228678,0.0311656211794693,0.0188754646954593,-0.00324423820492626,0.0268895340336824,0.0715348801664857,0.0279823554554691,0.021642415219068,0.0320550754599204
-0.0325214611658879,-0.0162315628503631,-0.00828878071571044,-0.0105771404842978,-0.0193076391732418,-0.0593948653009363,-0.0214369552294409,-0.00688075192382289,-0.00978995047548442
-0.0232064405571308,-0.00436341637334001,-0.0061505939344359,0.00909794084855303,-0.0158374735308243,0.00449483759358661,-0.035739134842618,-0.00141455498005508,-0.0161547443046334
0.0671240724894666,0.0430593358127316,0.0315619995767537,0.052181281598185,0.0120606685261788,0.0652070675557694,0.0173815006091172,0.027297999966209,0.0148221387314278
0.0047057567430327,-0.00708425002366958,0.000561948561141377,0.00796497894388442,-0.0185692603546065,0.0054771353469613,-0.00297132576575009,-0.0180822491204377,-0.0156176684626262
-0.0517370681628885,-0.0448904033370819,-0.0413901322509018,-0.0451606322882405,0.0183355449827121,-0.0488243957459378,-0.00750872898511264,-0.0401296424664877,-0.00413768924291387
0.0114546941256245,-0.0240736621971409,-0.0205110167853757,-0.00855873590096355,-0.0122738435177273,0.00336518130320693,-0.00844303089836343,0.00176266815605765,-0.0138625806672446
0.00576594190219326,0.0133283834371185,-0.0188867891039924,0.000663618878123804,0.00983237921959545,-0.0246020182843809,0.000128491323025839,0.00396971501399064,0.0120018773527351
0.00124088422073282,0.0213781082489929,0.0391718114527629,-0.0208256933714302,-0.0131829013572025,0.00456592930650404,-0.0325530243651825,-0.0161794837744692,-0.0203834605687524
-0.00363486391726668,-0.0036072733927417,-0.00124719398786829,-0.000761548180778667,0.00079804004709061,0.00257117045520831,0.00257210556868253,0.00559624446923562,-0.00554798140188239
-0.0539666029978687,-0.00636358851293859,0.0136606972802951,-0.0534158435116695,-0.0368790509424174,-0.105367257790289,-0.0555592484547193,-0.0373882015880189,-0.0457930199850419
0.050677023732927,0.0115811031585844,-0.00287829056928026,0.0265189106183715,0.00450355452685251,0.0385270933913756,0.0143160590516109,0.0322790957082267,0.0128856744765739
-0.0406214478208357,-0.0334985112511991,-0.0317921816758885,0.0262224847235039,-0.0219805354239174,-0.0885148054405206,-0.00423294433624596,0.0113233374659956,-0.013102900838706
0.0146082070895667,-0.0220795374720107,-0.00948153316949826,0.0102257298358031,-0.00332373230385755,0.0157345402840133,-0.0036336611108422,-0.0301683087786224,-0.00407064271104651
0.0225696605697132,0.021094798941497,0.00546559905139316,0.0545481260764251,0.00849424765164004,0.0351818817572733,0.0118054735514845,0.0267252736172392,0.0259704384760017
-0.0190889266925573,-0.0431494550700081,-0.0236813953049674,-0.0134098154529985,-0.0316436482729575,0.0010797567899342,0.00157309424565945,-0.0184904155814193,-0.0340930212737698
0.00350532570218384,-0.0263990007986907,-0.0393445066624036,-0.0250892034069023,-0.0229101454928003,0.0143480587391343,-0.025329436690692,-0.0041237132346,-0.00511364335755059
0.037098420412509,0.0208527495718837,0.0216007624449903,0.00606397824458797,0.027330170923464,0.000933773189147461,0.0335812511591895,0.04935847684916,0.0350281807430729
-0.0194706032867836,0.0075684422056827,0.0206861663985021,0.00321073769568672,-0.0128941363199986,-0.0495256604340429,-0.00318736683455155,-0.00176492750758782,-0.0127007955547466
0.00207041143226819,-0.00225656785833204,0.010241028143695,0.00588504600895329,0.00825302684209477,0.000185331268466125,0.0201743391492699,0.00669212066394001,0.0430379413313342
0.0198485610637338,0.008635644595169,0.0291552405198256,0.0179108215715183,0.00991876715337561,-0.00920575788730965,0.00219191622293308,-0.00341463333864085,0.0228457040898881
-0.0843894878413379,-0.0307361811924137,-0.0381692258004159,-0.0274162788726236,-0.0100100910229933,0.0543135614942947,-0.00129601525050128,-0.0121789745579415,-0.033866434028414
0.0264672085665219,0.0284834773788804,0.0103590330025518,0.045461268958186,0.00575977950029636,0.0276072638044251,0.0196473273630442,0.020243413815997,0.0211091405788807
-0.0213138787819582,-0.0176628604220131,-0.00892401152113168,-0.0191916658241711,0.00199889076579445,-0.0294815060600442,-0.019581224113363,-0.00241638382483163,-0.0217061354013073
-0.0679283937618472,-0.0211154972860535,0.0129150614958554,0.0222666441309994,-0.0059204963181177,-0.0530897018900572,-0.0183054906101553,0.01461098980937,0.00505308940795403
0.0148086627305073,-0.012255778285223,-0.00762895549788931,-0.0250903058565153,-0.0152155021517676,0.0054025432157702,-0.00186980091775916,-0.0240643245459965,-0.0144933226959432
0.0475716886328759,0.00949728942743478,0.00963758924144804,0.0245553613087763,-0.00640219057702288,-0.00971259722660331,-0.0096668110610438,0.0166472677988749,-0.00620467723428996
0.10026682557026,0.0501668830303193,0.0313238828418243,0.0290304357193319,0.0140223485185683,0.0861804609528016,0.00235505657088817,0.0234889970713908,0.0222811528320231
0.0314278708765729,0.0344057572413729,0.00875109765318062,0.0680956068819836,0.00674834309336255,0.059854888373915,0.0196631786082544,0.00597108322726267,0.00851636494133225
0.053030219880961,0.0164669916070856,0.00263749090377997,0.00712958725045641,0.000891152492767823,-0.064118199006868,0.013007015540503,0.0424373263006877,0.00906322709250192
-0.0507606311012968,-0.039726231455611,-0.0144927587632716,-0.0101586009677018,0.00143455141057018,-0.0800350021991836,0.00659448497487259,-0.00565939701676379,-0.00706013592018304
-0.0145630254052436,0.0161647676483271,0.0327523249289552,0.0264296392199714,0.0212082602709963,-0.018315743861014,0.0114365299699584,0.0104091304241071,0.00909911747205956
-0.00488824296444146,-0.0109386806062481,-0.012773685204924,0.0525190285924423,0.00648443431270868,-0.018837355582674,0.0116951135897051,0.0427310346399716,0.0119607588464078
0.00549653438686811,-0.00169186356309799,-0.00884901833389798,0.006408272056843,0.0101975206402609,-0.0571758466389944,0.0160442158068521,0.0202993792293571,0.0164447410320643
-0.0613726085255901,-0.0596387409059988,-0.00610506801727681,0.0304300162036745,-0.0249206290087827,-0.032808864452108,-0.0149030635873381,-0.0087449352132067,-0.0178756214329068
0.00763268830537804,-0.0148423254681523,-0.006183584820391,0.00866794458604105,-0.00620842998864376,0.0515334160681644,0.00915288450006529,-0.00933267527821331,0.0133929950391905
-0.051801808409309,-0.0402188842932845,-0.0520110939794057,-0.0329019019030538,0.00307458184124572,-0.07379142658478,0.00146524061720209,-0.00539018316606951,-0.00623868062574586
-0.00849815451264036,0.0226239013494227,0.0253485548029811,0.0115474876732555,-0.000328639444404633,-0.0103997972079415,0.00579028352706879,0.0270329441264068,0.011869572459565
0.0670377139526328,0.0412700276137672,0.0366225321779715,0.0519632557093465,0.0290120407027894,0.0839038513493419,-0.0220102715175529,0.0138234158911814,0.0409406049690277
0.0406788289870832,0.0311213344013153,0.00356287988712577,0.0244955623452703,-0.000417440275601103,0.0507867330370155,-0.000729176241229402,0.0154366387393989,0.0158936867557742
0.0290001489630087,0.0169719610815892,0.0197515105572711,0.0182936002995782,-0.0126752618807117,0.0155716444576811,-0.0433541305411651,0.000229161665645254,-0.0178160953252054
0.0634297102289536,0.0538359940070351,0.0309933789421612,0.0803501582730922,0.0186406273228414,0.0145604798650311,0.0122657933137934,0.0243606413707891,0.0328883024655895
0.0153856850060875,0.0247077102378841,0.0316467486610186,0.0411424319800765,0.020582091537054,0.023149390288399,0.0178785653338274,0.022373543573292,0.0276843657379064
-0.0502945503043056,-0.00764304987291439,-0.0307356900733059,-0.00657799231611429,-0.00071805393962842,-0.0696773230139873,0.0147959421717133,-0.00287907829163743,-0.0172828231668572
0.0585433919259782,-0.000438198336237146,-0.0147456371867131,0.0133895251120641,0.00578917210476179,0.0499800313325361,0.017663337404091,0.0209376555360179,-0.00424431905083115
-0.0800762971503436,-0.00545059502827055,-0.0368815892074775,-0.0316479378560507,0.00808731404045463,-0.11347154593165,-0.00484308452229999,-0.0160114834503881,0.00731332322076096
0.00330311736636407,0.00953512035515599,-0.0046970858231556,0.0294790304079499,0.00630171288077905,0.00782190040989026,-0.0126915336143217,-0.00191573233785278,0.0234092465275656
-0.0079022989580363,0.0155933776252209,0.027174805580387,0.0229572654816886,-0.00896137771489112,-0.00588836687399722,0.0270051137784587,0.00510774746906519,0.000380848464304959
-0.0148756438158856,-0.0142958515737445,-0.0191298069309637,-0.0382240320859845,-0.0134779381720789,-0.0374195524166549,-0.00802364388895198,-0.0108523490140123,-0.0118254576588325
0.0436526883953222,0.0194555614042431,0.00979098380634609,0.0211180502498448,0.000833004705109896,0.00936279177382977,0.0213807375047405,0.00365476915489024,0.0102145730866236
0.0949287373819929,0.0662428704216292,0.0488754026245619,0.0468679819140134,0.0117334447445541,0.111802936858418,0.0151819382231877,0.0428337121881629,0.020461883718321
0.00453273707592933,0.00896551697197547,-0.0190883904229052,0.0185391655908182,0.0283575124612068,0.0486020391992299,0.0340781348849981,0.0185429608383964,0.0389434439550772
0.0239984380481977,0.046461477460249,0.00955295353845473,0.00184921778603207,0.00198098175684003,0.0363426443022223,-0.016308157990002,0.0137848461850115,-4.20630435546052e-05
-0.0867086831726353,-0.0382694187540502,-0.0241135125253581,-0.00542734162404143,0.00617510353644294,-0.0246540439672132,0.00136133256406087,0.0045995118552531,0.00147446690040676
0.0212585242579114,0.0195464340974569,-0.00780587360743143,0.0509244711426066,-0.00279186203521277,0.0334887105365879,0.0101412159763693,0.0101954529829039,0.0143653770304712
0.0511012127622599,0.0502617582940081,0.0228460510949107,0.0105825322387331,0.00588716321586307,0.107295556933704,-0.0115981734692322,-0.00818831509935167,-0.00053971608509727
0.045265709776461,0.02482878662314,0.00187148733929677,0.0511973944664212,0.00389023222130382,-0.0188752404022299,-0.00422087187531654,0.00913295162920987,0.00666449730364864
0.00851244330446835,0.015100119910702,-0.000608009314382154,0.016360800135148,0.00595444675413402,-0.0183646552146335,0.0120736828100763,0.0335582214299011,0.00163756955692079
-0.0751540122757897,-0.0297842110932413,-0.0273835235370152,-0.0438722388665956,-0.0082418850702583,-0.0178715387055296,-0.00407356155633199,-0.017600686978373,-0.00744743777031785
0.0276051904434969,0.00522683330463071,0.0171657383799305,-0.00614706159201883,0.00296993815972115,-0.0112995726468882,0.00165565027698253,0.00426182172949942,-0.000981164131241426
-0.0314776799361045,0.0156635948202412,0.0297208592284055,-0.0583135116242344,-0.0202565820594151,-0.0561593696752493,0.012781593969788,-0.0170311333165489,-0.0342045079323695
0.000388209640573995,-0.00874942497393662,-0.0217532937920464,-0.0275834419508181,-0.010232299907747,0.00601251912128229,-0.0237659303936412,0.00431800967500967,-0.0149268639778249
-0.0165703548354938,-0.0323595713323061,-0.0104740693443711,-0.0092695150368448,0.00372859794219659,0.00429786131094407,-0.0146768969772703,-0.0150824222172646,-0.0256429942871751
0.0303814139839132,0.0350262732362624,0.0237685992394875,0.0363906703634906,0.0217829987255413,0.0202858761735159,0.0122230076335845,0.00749171649515036,0.00946228817480177
-0.0342804257812755,-0.0056505840556999,0.00475853384569747,-0.010984225394912,0.00352318630003103,-0.0273562761789521,-0.0067301066191373,-0.00756916399812539,-0.00669863770488532
-0.0325105427912707,0.0121728605815374,0.000400717096757328,-0.000223453064992807,0.0204493384222701,-0.0350372364239658,-0.00478418969438347,-0.0151730038628198,0.0198885874004373
-0.040727265889103,-0.034697315157461,-0.00997659804654637,-0.00961381979034011,-0.00539113885206515,-0.095441803134252,-0.0216990769594004,-0.0122501859240042,-0.0221585157527193
-0.0181949900895039,-0.0140954082697806,-0.0300817141426186,-0.0191852426020466,-0.000927713825011363,0.0168669258749997,-0.000636140396333286,0.00159539607997782,-0.00554952695368057
-0.124698445423383,-0.0681547237179765,-0.0687554617399924,-0.0695793678614633,-0.0158097001297253,-0.107639720912121,-0.0201607479231913,-0.0363159477040323,-0.0574973610175224
0.0150578697399635,-0.017184504330134,-0.0156745215909423,0.0107470433189828,-0.00376979092728596,0.0217394530658245,-0.000299049045708609,0.0137502993368529,0.0121661786524019
-0.128435402403622,-0.0492774979460529,-0.0457083504131489,-0.0520165820367574,-0.0236465317348177,-0.121583043418379,-0.0227072218973074,-0.0393597600058541,-0.0414630876854658
-0.0246314523154992,-0.00188051903924837,-0.0115730979982194,0.0083326581300319,-0.000409591258464397,0.031075325325673,0.010109713099433,-0.0336221069329785,-0.0204416990259071
0.0828714383077523,0.0333831879432661,0.0163022414657326,0.0355314942164744,0.0288040213664775,0.106371459053447,0.0290246467222822,0.0545904512146659,0.0256607918036458
0.0908025103459068,-0.0314667424557393,0.0358876593222189,0.0443032313762487,-0.00514579495880452,0.065532023506,0.0202765043073136,0.0215774358163436,0.00799765329799439
-0.0199249422884349,-0.018725218726985,-0.001927074167059,-0.000380981493216434,-0.00451119136977306,0.0239892239751719,0.00529145834207126,-0.0222103974218899,0.00315499016996216
0.00311833298926786,-0.00990538747684954,-0.00633699067676765,-0.0193959524840002,-0.0207129452177584,-0.0256193134307263,-0.0201431623124574,-0.00859447343439495,-0.0141899128257193
-0.0804432468963546,0.018636188174377,-0.0361989124438788,-0.00167932523734298,0.0240776875259722,-0.0613971937941367,0.0255386930289083,0.0165147593013972,0.0202075000977892
0.0067476209323271,-0.0187361284666937,0.000599873440337716,-0.0133963852848447,-0.017681826385003,-0.0234000825022981,-0.0215345982290024,0.0114194768675122,-0.00263958589999587
0.0308582917844875,0.0166432535314382,0.0173861752539369,0.0210783809377681,-0.00250666521335834,0.0288315868284316,0.00285434305121804,-0.011533753063243,0.0139004045816699
0.0726085211850259,0.00641379784354213,0.0182690513273977,0.000855850309842837,-0.0125613344985246,0.0541991221200116,0.00320026178080145,-0.0177659929713823,-0.0122624843391437
-0.0183053679845178,0.0118267722207691,0.000187510813468337,-1.05241189689783e-06,0.00422166901172272,-0.0136915613026722,-0.00333070535422809,0.010257543685263,0.0104185842458899
-0.0260532042215498,-0.0340596722201625,-0.0368558802784059,-0.0138737872279434,-0.0041275119968415,-0.00974312338711928,-0.0313743874092954,-0.00391458514871567,-0.0121301325453383
0.0300198552168012,0.0210398119097946,0.0189771668526131,0.0124599279111851,0.00724320276818638,0.0453420033027432,-0.0261471912311102,-0.00255496915805034,0.00447298701764414
0.00180957612158781,0.00752405418366589,0.000447149568409082,-0.0109866939335699,0.017007210474032,0.0120270008612767,0.00260425499908692,-0.0100250979457554,0.031431957372048
-0.0171939344846842,-0.0547866151520963,-0.0365981365786802,-0.0140991577772338,-0.0133704963862982,-0.0462909319455267,0.0154017688674886,-0.0250666466462458,-0.0303860473840521
0.0744389023477536,0.0218958346801583,0.0161618916852761,0.01739430105162,0.00322602053099914,0.0879544227538528,0.000208139590072642,0.0206298375093977,0.0165261144440016
-0.0308143425623249,-0.033087086045298,-0.0243328691292492,-0.00405447349495342,-0.0197388133166003,-0.0162804026102217,-0.0210278964475091,-0.0252417732819793,-0.0391475049475185
0.0664564269355332,0.0524503787841652,0.0515196945331806,0.00420779426720154,0.0127548289388832,0.0690002708907487,-0.0115012295560488,0.0118821138656927,0.0165969838348037
-0.057532886713301,0.0123182238890772,0.000448243490097264,-0.0204359206165337,0.0112149914016253,-0.0740352582314633,0.00246378081056013,-0.0148570693030596,-0.00944487663085523
0.0630048471605442,-0.00763090500297804,-0.00448459288220435,0.00881470741818461,0.00652574666423467,0.0285615013012909,-0.00849461193848806,0.0223043623963392,0.0284874626126923
0.0365408472242307,0.0114505890551719,0.0160810675884924,-0.0114516595178756,0.00397498863612564,-0.0346686486017154,-0.0121743036234302,0.00595076002879634,0.00317279589708401
0.011258304508501,0.0133554264989064,0.0381748513536541,0.0302150221506416,-0.00404285934189443,-0.0062455914768524,-0.0350391988848276,-0.00359526436662418,-0.00837473652869876
-0.0263180637740618,0.0252610995465847,-0.0152461929453381,0.0503335561961672,0.0272475251787403,-0.0287513209501585,0.0279662422954018,0.0169663004673234,0.017051882018742
-0.0084448804861218,0.0471845537994416,-0.0125302033759258,-0.00360731736711028,-0.00567061333217298,-0.0216104000362349,0.00400521041617199,0.013810007562431,-0.0144772825515499
0.0408872189567137,0.0275220901588453,0.0033722814221274,0.0701518468748894,0.0176884208558964,0.0243396521162303,0.0461001099787871,0.0339463715894947,0.019606418786041
-0.026462401044413,0.00382655605170788,0.000708627359445563,0.0107978438056561,-0.0158633514676806,-0.0372824161981198,-0.0176327894903749,-0.0052639723991057,-0.0134327719689277
0.0525860387034528,0.0815787761913685,0.0535561702397187,0.0612077713182501,0.0295190864489318,0.0400230036861508,0.0111241810651397,0.0243533129742813,0.0412421192128327
0.0306445568839626,0.0523463563256285,0.0518039195770539,0.0169695823850889,-0.00360439455647797,0.0265382450815501,0.00563988806305084,0.0111505282738202,0.00166209517219291
0.0380032241000609,-0.0302097440062482,0.0162943659149997,0.0109219589403634,-0.00423000859529833,0.0178649035746328,0.0216839598500935,0.00293342300508746,-0.00249671655175676
-0.023922594501985,0.00823971594572555,-0.0126403130590578,0.00575297838996104,-0.0113207777123529,0.00300513032402694,-0.002149583723007,-0.0139770761481756,-0.00873888354754462
-0.0587425464353317,0.0044396198270525,0.00554189215868929,0.013828312588956,-0.0170181094024202,-0.102304625117673,0.00278205962077718,-0.0134289590938141,-0.0142166478379102
-0.0871435266241197,0.00190639767807423,-0.0470062876635174,-0.0366269460163207,-0.0135226444613853,-0.109673487690286,-0.00363438621867852,-0.000685522962487573,-0.0130174664114557
0.0174718866806668,-0.0105391142598148,0.0266836898112294,0.0598681272392808,-0.00686609557241572,0.0229500274665258,0.00411109667966059,-0.000369692955013744,0.00791233485421883
0.0367287905586578,-0.00256176122725172,0.0004057916342968,0.0202003670930164,-0.016839280951454,0.0374545715344703,-0.00742860978064188,-0.0251226770959464,-0.0116304162064215
0.0757814211163576,0.0520044010819008,0.0412197927921616,0.0192230714509334,0.0106713381460485,0.0559634157612853,0.0115788944006287,0.0135197190157363,0.0126272605375268
0.0116313685109221,-0.00588478046865907,0.00581345607177011,-0.00519916342240416,-0.0181944730729152,-0.033089248927396,-0.00692835667884076,0.00422185507819914,-0.0119987339885401
0.0116959529514664,-0.000272666629664223,0.000926347871966866,0.000459561362801582,-0.00624562817158928,-0.0433882178851287,0.0097948913498602,-0.0275984390507186,-0.0096138111940786
-0.0433620923565629,-0.0493436936071566,-0.0348288882943081,-0.00995322665195297,0.0110796407907596,-0.0589766183462623,0.0104516489402648,-0.0119748855252857,-0.00183307270258335
0.00114045607547975,0.00241438544858815,0.0170457426627261,0.0133151921814007,0.00423845296490492,0.00471308601162576,-0.00643218870738181,-0.00401431552053561,0.00895548464095146
0.0295512582551531,-0.0370093556375147,-0.0229551306904849,-0.012963669004812,-0.00319364593098268,0.0262919887652591,0.00558515185884907,-0.0299659952832961,-0.00378777453706199
0.000193778677545407,0.010867352580158,-0.0187213152184341,-0.000901766662077882,-0.00704199708854062,0.015986605597071,-0.00750162806753388,-0.00376543367657682,0.000575435231326823
-0.036596746449308,-0.0463907492900559,0.00145827253750254,-0.00712239172460561,-0.0347626438623529,-0.0349817339010639,-0.0178555053958303,0.0114936062660368,-0.0253648910874896
0.0258429682436323,0.00496186010084829,0.0170597408251705,-0.000372456339920596,0.00125257937768673,-0.0150982201148353,-0.00455937223519171,0.015696798086673,0.00719004109547893
-0.00453872472952333,0.0314351605337094,0.0144267226880074,0.0368168056729395,-0.00354397309966702,0.0325562239199661,-0.00971367887217715,0.00783830583157129,0.000565694806042737
0.017261943179232,0.0188056550310119,-0.0264426994330986,0.00763109437513831,0.00288976653535856,0.0175639892052844,-0.0052950291140666,0.0145384363008487,0.0116429867926524
0.00762616254601768,0.0123180073296252,0.00725826381549827,0.0156612169529978,0.00773442345597626,-0.00754607259512285,0.00806621203109913,0.0012356319432489,0.0115291334031791
0.0459109478340106,0.0342649157620338,0.00879558429228344,0.0529823721380982,0.0153640211619432,0.083262913976324,0.0204388148447957,0.00512301594169706,0.0191447427177212
0.0581607540141671,0.0462611039384878,0.0289978384259297,0.0647384160016999,0.0165700726877938,0.0661418532869573,0.00106919486574862,-0.0171995028526788,0.0236578391312983
0.0836504900766653,0.0645053100534338,0.0488164152261486,0.0596186067511798,0.00914873533995902,0.103498986694281,0.0183591799610641,0.018673564776795,0.0430185407741738
-0.0367740328120097,-0.0312212175990093,-0.0138246005210433,0.0375078938970589,-0.0164364797050842,0.0417090899015673,0.0252729571836532,0.00612168642349133,-0.0203680398307605
-0.0134813797375486,-0.0126589353327217,-0.0253772551706535,0.00419911399906674,0.00587683480726172,-0.0401712765906124,-0.0157001628417911,0.00419529548888365,-0.0159159680740946
0.117951129663492,-0.0330128776434351,0.0178937584566511,0.00336561727563966,0.00632918431156785,-0.0364840739319382,0.0247641960866497,0.0160758511925489,0.0256613170035274
-0.0224301395698375,-0.00381350042696548,-0.0539258288122093,-0.0434876665982332,-0.00193696433058358,-0.011475728258709,-0.0113996055808137,-0.0112570028708921,-0.0170486762691451
-0.0165875680783326,0.0399111390395543,0.00630857644159352,0.00901149707123257,0.000839565987132683,0.0336258901838863,0.0051576096037077,-0.00057604449465051,0.00513758325891224
0.00314780769633621,0.0119698907036731,0.0208875554126043,-0.00274867700184414,-0.00512525720075517,0.015038794209956,0.000563510736667591,0.0137444770266653,0.0110159647331581
0.108041335042529,0.0457408011399631,0.0329543355518514,0.0234564420425555,0.016428191574358,0.105559563084769,0.0241949910180596,0.0216748572047304,0.0341298122084046
-0.0437933638929142,-0.020068639046701,-0.0113984998233726,0.0260185535973539,-0.00555812027791976,-0.0565667627201905,0.0106268699924915,0.0146990137332248,-0.00585891040584485
-0.0915613864371266,-0.0284717768239342,-0.0413468266525126,-0.0450279522516603,-0.00103365506780112,-0.100602678938591,-0.00272856830583734,-0.0222594162830548,-0.00305104404484127
-0.00276831413613061,0.0113025080345069,0.0172922832160746,0.0451188051419202,0.00994967129381063,-0.0302059800719682,0.0143414944320179,0.0204291487854876,0.0164389301766252
0.0956386060020637,0.0222756738064615,0.0220753949003242,0.0368116117843597,0.00651778089013224,0.0768529946221656,0.0100343910514357,0.0418232254115945,0.0137702304832574
-0.0203935694131492,0.0241418420887639,-0.00163047441694915,0.00115735989950852,-0.00579055361110506,-0.0226450490654531,0.00151778366819798,-8.73539242851513e-05,-0.0159956961177709
0.0443476698652616,0.0150826080810935,0.0147319107203314,0.0319692414997854,-0.0114764723239605,0.0477892468425172,0.0129505261116782,0.01013904558698,0.000300926204275505
-0.0746744149150631,-0.0458176382657046,-0.0561260922156286,-0.0392283911171835,0.000158630111600447,-0.0759924680053665,-0.0143719891134044,-0.0533420143737553,-0.00991770829047033
0.0413536748075545,0.0493053092379219,0.0319791520482957,0.0240378190352905,0.0232155677524841,0.0408451181486837,0.0201367309577646,0.0191310272689501,0.0439811763513339
-0.00604680074970317,-0.00451763640827135,-0.00420565923512302,0.00412859396499529,-0.00883949451927674,0.0512544863346534,-0.00100177916644769,-0.008940756667287,0.0066898020612333
0.0740293623234237,0.0408780693398786,0.0318533920782341,0.0143830249896226,0.00521335172631302,0.0312333791617629,0.00100536596795641,0.00106377005954964,0.0211499869580292
-0.00190649845289126,0.0249727677328879,0.0234430402758707,-0.00634379430872095,-0.0217658177306189,0.0106238686665683,-0.00208909576728775,0.00148051888799582,-0.0131730824640084
-0.0395173469153739,-0.0312504989409407,-0.0256280588671723,-0.0117610334552552,-0.0127788740734107,-0.0423467479500899,-0.0507846933154422,-0.0420710708973708,-0.0119037469329161
0.024823443329878,0.000687672092881428,0.0069793897817856,0.0491682115207698,0.0176438644596117,-0.000887406306019366,0.0106594940823219,-0.00761217802979059,0.0270813361417415
-0.0314308918733461,-0.0115120623129916,-0.0137049617941521,-0.0091654162624935,0.00549459446774664,-0.0121031379723148,0.00429841953167047,0.0215790293562477,0.00304879193975963
-0.00703440365920309,-0.0198250720738398,0.00252508661121626,-0.00369432081500253,-0.0196136998708833,-0.00835274647031649,-0.0139066855281985,-0.00848481435701344,-0.0186370164537503
0.0402912108040115,0.0495577418242159,0.0115593266123221,0.0294748876661096,0.0297538571444766,0.0787768613519154,0.0237867783614412,0.0377868276852312,0.0441980628145913
-0.0280229298614985,-0.0645833881795982,-0.0214255250976312,-0.0522873853773619,0.00115753100922215,-0.0468570316391778,-0.00430309554089083,-0.0183318477961342,0.00564684215657975
-0.00357904698966119,-0.00911069070836689,-0.00241136228395999,-0.00149989619744513,-0.0114123556530188,-0.0211138344109817,-0.0189205832645631,-0.0444805918081623,-0.0611463539714622
-0.031289199024092,0.0241364229150645,0.0150727890583268,0.0164198457704543,0.027784413096788,-0.036704047931286,-0.00726447788266691,0.00347190413878207,0.00142211020352925
0.0414139253434199,0.00221173115030374,-0.00147601130440846,0.0202226182252042,-0.0197729201499109,-0.0106695578296963,-0.00737626712356697,0.0131349649708904,-0.0161080377176475
-0.000649759740944357,0.0110650903244616,-0.0037313188264494,-0.0184278525409792,-0.0305160626020708,0.00112952403794525,-0.0062665155042252,0.000483907414473997,-0.0105210964349769
-0.0310333114072323,-0.0127165521861425,-0.00770532939757368,-0.015159306361822,-0.00509623519057586,-0.0186362301300515,-0.0123903756019145,-0.0266509434852609,-0.0538392900133919
0.0128478298654687,-0.0403230237662889,-0.0377809598620243,-0.0107418152041471,-0.00231579006721622,0.0226686465346885,-0.0171268191714527,-0.0143349786764235,0.00280041943310969
-0.0407196086917914,-0.0279553301696919,-0.0128487222626238,-0.0105377284494961,-0.00750613785092455,-0.0514555049873283,0.00259553206194646,-0.0197374915497427,-0.0182423536052059
-0.0256884944164829,-0.0115666533367513,-0.0203716131180816,-0.0111826584618147,0.00669447226318535,0.00851649661221975,-0.00954207921566141,-0.0214954764308038,0.000725814770181673
0.00418667429993144,0.0206456974035779,0.0132544231274684,0.0225422771470225,0.0011039652071364,-0.0379773350126956,0.0200261635743372,-0.000537813636203633,0.00309188044648319
-0.0114289426618433,0.00965850082320163,0.0142374874506569,0.0298307154864753,0.00102980732895903,-0.0253289405203102,0.00267723642658133,0.0247180579448945,-0.00457469674252991
-0.020754920856751,-0.0184960485631374,-0.0349775103701525,-0.018368236458852,0.0018350729291855,-0.0525759321763007,-0.0175458720387673,-0.0169300676993076,-0.00877429990975505
0.0207788463510586,-0.000127301930483579,-0.00324019771212187,0.0178306260386202,-0.0112859280071352,-0.00684316536807403,-0.0119269401487016,0.00802682585512546,-0.00869011297402533
0.0557540537790095,0.0174017178505269,0.00922103828345787,-0.00529739026494936,-0.0154001968806488,0.00773155339543994,-0.00315603926356013,0.00537561516286353,-0.0192684809154527
-0.00224513967763673,-0.0195391579995752,-0.00723798825691942,0.00471337989170569,0.01385005184305,0.0100058030101465,0.00597305191571608,-0.000161431759003256,-0.00952032960997429
-0.111690406955892,0.0127364778214694,-0.0443407255707816,-0.0639145325415209,-0.00846526476161025,-0.10341819178851,-0.0283264788620501,-0.00728465721255224,-0.0118449022832817
0.00441923430096499,0.0302580793963733,0.0226304261486375,-0.0211749316560368,0.0131962091250658,0.0250301791586224,-0.0315098142457284,-0.0126015185923223,0.0204895087277818
-0.0231204399016027,-0.0308803088109807,-0.013610790273618,0.00860372814186766,-0.0152630548135963,-0.00842124267129448,-0.0273772970668201,0.00864874521012478,-0.0175842284527114
-0.044561400206845,-0.0274979313947243,-0.0328158635284725,0.0226477690127271,0.00997562317046157,-0.00862551905765118,0.0272467680619278,0.00103285321432364,0.0220804710370816
0.0916177704878975,0.0259293211068664,0.0409370368368561,0.0509093022977258,0.00756873339617863,0.0394441904871319,0.0046871704743846,0.00307815581229434,0.031404500029695
-0.00925001324035483,-0.0260982462554407,-0.0157277038544232,-0.0175781717827733,0.00368077622422674,-0.0108760945220796,0.0294028504095685,-0.00211638065982985,0.00187296737468812
-0.0826976936903288,-0.0291447704338006,-0.0186543156968492,-0.0418609063946596,0.00747045340039104,-0.0697446026171328,-0.0214068329917289,-0.0314470157107448,0.00122497065755047
-0.034068086532431,-0.0159314181966717,-0.0161725067226101,-0.0270112159660592,-0.00215836202530307,0.0238544932699311,-0.0157004699575128,-0.0253404334982682,-0.00729456645849852
-0.0790757617328764,-0.0174441823620357,-0.0141788165240133,-0.0477801634101657,0.00237975044158607,-0.0948171810003871,-0.0139009200704123,-0.0176616576073698,-0.00772509578379192
-0.0211524282994958,0.0134932665454251,-0.00445268094180841,-0.0185958502141733,0.00122065785906444,-0.0011462147577559,0.0187290109182366,-0.00641121864065439,0.015474546018202
-0.0470955055242983,-0.0219992293804404,-0.0298844430288619,-0.025610241026375,-0.0146499078372536,-0.13796234765153,-0.037946691351243,-0.0106554511114683,-0.0167380506402218
-0.00135621749202854,-0.0270215728481143,-0.0428641071095899,0.00732185802842564,0.00192288706079394,0.00423645767825853,-0.0024949203775602,0.00442412624999411,0.00343400497209358
-0.10763298697342,-0.0636162000098195,-0.0292710060691398,-0.0359495957717927,-0.0557202767458266,-0.0849932351440251,-0.0159311239355731,-0.0597697613374189,-0.0695242275897829
0.0718803937664969,0.0231380298260495,0.00504952058920358,0.0735400482689417,0.0149368500387193,0.130872406622826,0.0129850361539302,0.0277324291247108,0.025797114844883
-0.011556049566224,-0.0120114453157108,-0.0133295703048944,0.0198938165910246,0.0286590571392273,-0.00815177024090952,0.00345466990069739,0.0122358884905177,0.0244326335086628
-0.100464499581226,-0.0288339816340173,-0.0600862930121972,-0.0718960605573025,-0.0113993629706098,-0.0815990119478241,-0.012674430450127,-0.036797934774444,-0.0156951730461895
-0.0476328360254931,0.0129220819450677,-0.0229105277492155,0.0273735399773332,0.00697644165695818,-0.00552392239128663,-0.0139426134068049,0.00272237274447857,0.000987206411012923
-0.0710196473296795,0.0289498312440751,-0.0109459031769826,-0.0480437401134263,0.0115749005186669,-0.0899340005709214,0.0186195740670191,-0.00933957443213475,0.0142142103756685
0.0213139147680679,0.0186716026127619,0.00881920575277415,0.00727820992492345,0.00781727717036549,-0.0120535708969049,0.0155642444631109,-0.00289986712334522,-0.00742358137151572
-0.0692139629535974,0.0136186933685726,-0.0421760736475028,-0.0104947626635481,-0.00441809252714795,-0.10230795054266,-0.00447202244626254,0.0149838031637966,0.00454421868397765
0.0364590956072632,0.00796416290321906,0.00223263122579296,0.0266558751906704,0.00498822292424774,0.0678458911410255,0.00530541337854396,-0.00390434076952073,0.0147394949009524
0.0523490748151129,0.0333815715965421,0.0234572877284938,0.00691722468704677,0.0248924601896165,0.0782946830801683,0.0221366032079599,0.0177232435657394,0.021807391051331
0.0175297586890216,0.00628073447446831,0.00578377412871505,0.0187175163514343,0.0133823592233449,-0.0154882689732108,-0.00796344857925112,-0.00403273238337592,0.000405229518748614
0.0432050894851838,0.047808427446213,0.0114298313976263,-0.00218372844083137,-0.00261558094806191,0.0502361096422033,-0.00784235908401257,0.014988092889141,0.0133173760978085
0.0496965588668571,0.0267283025330167,0.0186257725951962,-0.00469755247952692,0.00828800780797913,0.0113906783407411,0.00273474671070032,0.018333292066048,-1.70043519363399e-05
0.0239995569569168,0.0271661773820745,-0.00439762167571127,0.00847218254318669,0.0093145537678037,0.0561532731240675,0.00433029334563739,0.0396059753725795,0.0013210710692686
-0.0483339978021039,-0.0382026870597892,-0.0108894644444146,-0.0889724596585691,0.00904305237720134,-0.0816222402505229,-0.00443063920817544,-0.0118240023214668,-0.00275404675431824
0.00263768336589675,0.0240051698893809,0.000675065193314817,0.00235135524905193,0.0170157190737726,0.0198443590018707,0.0283400494571608,0.00973982377969711,0.0356252551942403
-0.0481148805119156,-0.00807520952383481,-0.000898183452157198,-0.0100204026047809,-0.00224709905615331,-0.00810400619356928,0.00341771158969851,-0.00914482812072805,-0.0314263994782087
-0.00243638070534531,-0.0139283417042693,-0.00547776969101199,0.0266631744287621,-0.00333063821922476,-0.00866354284045156,0.00711122380474493,0.00226716315788781,0.00261296855884604
-0.0655080630786915,0.00296733406528966,-0.0386181292050706,-0.0368279365781734,0.00207834529279969,-0.0226036989601468,0.011963276709145,-0.0158626196372397,-0.00719290192849239
0.0539867120830296,0.00603388306396596,-0.000409194610195139,0.0417444941796834,0.00194906851018464,0.0433934795820154,0.0136308084111174,0.00892693010078817,0.00117754722754643
0.0224979912819731,-0.0114753662233389,0.0342801933524309,0.00577566331145275,0.00867354947331471,0.0125355014777196,0.00602424826168172,0.0114684120375791,0.0139047642342037
-0.0292643202527007,-0.00320940846104667,0.0107723597715989,-0.00341364117381728,0.0112493972827095,-0.013279103575096,-0.0011831030561582,-0.0164058763327833,0.00907297684713005
-0.00972655430657771,-0.0305625389859758,-0.00921935189173111,0.0249266182994432,-0.0172846989004686,-0.011108041989476,-0.0141681954458281,0.00287939370379763,-0.0171978388859673
-0.181255289087247,-0.0651088007397727,-0.0506554673928159,-0.0937209015677052,-0.0167399483567111,-0.186304410466336,-0.00639307320446249,-0.0273383933723119,-0.0316700323963777
0.0698496765837228,0.0120699503141493,0.0126593877354145,-0.00513819290269775,-0.0202887777979953,0.0179601109355291,-0.0063861291471799,-0.0103784675276457,-0.00559669606612594
-0.0541394073709406,-0.0106193249442752,-0.0257246788225447,-0.0303095429580067,0.00088718548267596,-0.107190493857445,-0.00554919940250561,0.0208746536733319,-0.00580569279690908
0.0102122538116299,-0.029327260764249,-0.0308072179267471,0.00289332360921238,-0.00149179676908987,0.015718884020727,-0.00169907798747681,-0.0202104951794469,-0.0242310572658271
-0.0278177433642346,0.0175539247556728,-0.0114212627105938,-0.00830947467475448,0.00515344762619981,-0.0555985200993837,0.00571419883627597,0.0011609823509899,0.00871976078114043
0.162775302539069,0.00326113207497898,0.005684460588433,0.011029032789528,0.0205914294421285,0.07383128554986,-0.00377431533406346,0.00886951674060747,0.0138426041520841
0.00399916519462289,-0.0159263264295448,-0.0227401283774615,-0.0115167293730762,-0.00368917088708941,-0.00323137420406595,0.00333473477704963,0.0203430289123373,-0.00403386693374016
-0.020023445881351,-0.00173047664227882,0.000212651608394112,-0.0433592166557819,-0.0144714765293035,-0.0772771864504864,-0.0335359484199128,-0.000366217604836891,-0.00970180139016991
-0.0784623142521025,-0.0250945827386142,-0.0290681582451317,-0.0182079513307248,-0.0222914317201579,-0.11285387406629,-0.0302786117737604,-0.0225890358269783,-0.0399109060987997
-0.0619806602065817,0.0127689370172802,-0.0254568741673217,-0.0333341452719497,-0.00165508844448109,-0.054813875287448,0.0161562160951237,0.00577995002641991,0.000771831028809666
0.148967200672465,0.0271215841796137,0.0471228134802129,0.0120818195482314,-0.00280729169722931,0.00312134296205162,-0.0240481478400845,-0.00135098105765522,-0.0020151839462826
0.0881207741486688,0.0806911182264178,0.0484466229364971,0.0724734917867231,0.00853801872249958,0.0627203049573694,0.0121699399368365,0.0271251191301797,0.0389724776577066
0.0920910748215842,0.0299029116493857,0.0328111477624994,0.0534814810487804,0.022617806255035,0.0861570456727922,0.0204523507851527,0.0244638226022919,0.0117771492015176
-0.0899729722963432,-0.014482870859785,-0.031084052840388,-0.046780180093869,-0.00217824002301492,-0.122842188948064,-0.0223224392466726,-0.00818970541678765,-0.00865714407978516
0.0313163663221611,-0.0169996247708782,-0.0184449151599046,0.0261388115446294,0.00357874636013667,0.0319092126685737,0.00997743999124435,4.04705977138462e-05,0.0169255250879987
0.0130854375043865,-0.00481794574328309,-0.00714937914593455,0.00704074584031144,0.00750672898906955,0.0502774599972188,2.07593835328111e-05,0.014616592959962,0.00861996562494871
0.0103831247120845,-0.00066663739116387,0.0104780563360711,0.0180956840423406,-0.0196209280976076,-0.00714746521826606,-0.0103623588840119,-0.0182140707333371,-0.0124723338643194
0.0321184659145941,0.00727209430569341,-0.00381110174989833,-0.0154192162312093,-0.0178035983004047,0.0177557867371018,-0.00303006601960477,-0.00107126228713318,-0.0282530565395718
-0.00965819520924228,-0.0481072989509799,-0.0289085641670552,0.00316204680197673,0.00787512731673819,0.0139910887385947,-0.00897088537562943,-0.0136341341872785,-0.000155046824350758
-0.00737222924633078,-0.0249190592562865,-0.0286560093371889,-0.0119429155795793,0.00828637388617894,0.0405087572757688,-0.00305777780046552,0.00304351725798327,0.0139676754580959
-0.00945450144590301,0.0146353466074035,0.0222625727153767,0.0199844684597738,-0.00562351616127844,0.0431581094464073,0.0102278552697679,-0.0236616321643796,0.0143286045212295
0.00827944763062139,0.0221704415676232,0.0109216407931441,-0.013543387471767,-0.0126659537593317,0.0155954862539344,-0.015873500700269,0.0241632171883999,-0.00492844352960469
-0.0135837001772875,0.00639705957641691,-0.0209270069578831,0.00305833781916737,0.00206651157817745,-0.0410592418650479,-0.00678189715016074,0.018381247396167,-0.00567447156940255
0.0893781804008574,0.041781141110375,0.0339877987904406,0.0429822577391629,-0.00303374954085744,0.102459397188,0.01241147866227,0.0081420493194595,0.00642396511886021
-0.00380346799449896,-0.00584454395476555,0.0106456060167529,-0.0149134930864155,4.40714095114078e-05,-0.0648475759107064,-0.018153159173848,-0.0232284116597114,-0.013841191960441
-0.0626474121800152,-0.0174274868033088,-0.0130403976713715,-0.0242908389142218,-0.00693281495394532,-0.058362555887645,0.00779227672437761,-0.00895748643858008,-0.000484278495844784
0.0282708501414035,-0.00317435970593683,-0.0115104436108392,0.00716357691173702,0.0295835488888446,0.0489416979067893,0.00947462107440044,-0.00100823455994365,0.0383077524470104
0.0814559945545625,0.00842772311666753,0.0163901255959477,0.0234912003396577,0.00489377307003805,0.0642474842694244,0.00750725009772728,0.0372005028709022,0.0229182901812742
-0.01368085270927,0.00367979129656035,-0.0160286587492199,0.00215835501965883,-0.00799166878808272,-0.0563115486723196,0.00488555191554973,0.00625299110539736,-0.013431077744863
-0.0271697912121724,0.0300829966578592,-0.0172199199390161,-0.0120275569491024,0.00916641362310729,-0.0122805116618169,-0.000170165354083157,-0.00426846013917409,-0.00275443132814085
0.0442588725502456,0.0306685795425792,0.0216565478953055,0.0274161162243323,0.00634258423731743,0.0873750161750401,-0.0048427665731278,0.0204160133417188,-0.000385082791713283
0.112529809339277,0.0225129408863454,0.0256877071150972,0.009864974357115,0.0041742950926062,0.192756444474458,-0.00194869042838742,0.00598069772378462,0.0102318131938193
-0.00730296154653238,-0.0131701013826712,-0.0160991265562556,-0.0110989223030718,-0.00580506576944164,-0.00815365004069162,-0.0093384108023609,-0.0172210171434255,-0.0177462329622909
0.0780895949152383,0.0500853792400349,0.0299221859229048,0.00500471476565981,0.00117021120578899,0.0956206566963329,0.0178394843707792,0.041612709919302,0.0219646480353754
-0.0619029871780157,-0.0143663882299814,-0.0178212657644109,-0.0106921398530662,-0.00103078681026365,-0.0764662054970965,-0.00401787349553029,-0.0158318760553595,-0.0142352285362427
0.031638018154754,0.00205205573335955,0.0226477030891546,0.0409739077208438,-0.00659520185461595,0.0180004398280551,0.00322372686751611,-0.00634710543301013,0.0027565147339298
0.0330548582932762,0.00301158049034591,0.00652934314721825,-0.00333204591166083,0.00544238790056496,0.0323954649414946,0.00300015220940737,0.00362759063288488,-0.0148787405146671
0.0205575583539253,0.0199723258777252,0.0164775132368661,-0.0100642125212238,-0.00417292261838218,-0.0134617053031435,0.00850961469654312,-0.0130442501908351,-0.00482358684172027
0.0241665290724281,0.00218475500292112,0.0119673461616245,-0.0079451671452843,0.0133986843068525,-0.103475696820755,0.0106782354323364,0.00419346664523801,0.00881170474041065
-0.0240144369874768,-0.00924950237433078,-0.00380219621857333,0.0245677149519852,-0.0222791102771588,-0.0341879256456533,-0.0212075658112842,0.00244935447615924,-0.035848671580634
0.0374372307453921,0.0238658720795323,0.0231828304813145,0.0116171211954325,0.0198311411493521,0.0200899499167079,0.00540307775912833,0.00775766466040107,0.0170572760833041
0.0447039370180398,0.0115947300507918,0.0219383703759255,0.0436434331339831,0.0135024725054387,0.0628160975510787,0.0070665560935926,0.0152970127234642,0.038199823866848
0.0455082939381167,0.041837161193064,-0.00742410535163396,0.0453434910081946,0.036544246948856,-0.0365312207271802,0.0355509577426984,0.0720496218700886,0.081858903878777
-0.102064581866933,-0.00201554453792389,-0.0379795731300745,-0.0208598615875678,0.000501086888680245,-0.0754368829061286,0.00936769026113972,-0.00959923637639071,-0.0296194855595221
0.0414635881953004,-0.0149079524212952,-0.00206055959577529,0.0271065396681398,0.00990243793495515,0.0452118110498921,0.00889959489791932,-0.00892699645557804,0.0156424461293769
-0.0461135816373439,-0.0057226904811017,0.0111665276823314,-0.0137451018747148,-0.0134793093397609,-0.0657483021732598,-0.00388087881174872,0.0136236735235195,-0.00941713806575516
-0.00819367967409139,-0.0389859217041589,-0.0104375780564666,-0.0209018094783995,-0.0107089592812082,-0.0287282635460437,-0.00942314352819222,-0.00295869689858666,-0.0146702255162863
0.0573649738633318,-0.0155597352599687,-0.00526871294522147,0.00698162765330173,0.00349810645896511,0.0354009856262029,-0.0106561404567109,0.018349045578385,0.00388672943720205
-0.0214685650290403,-0.00683251174885624,-0.0130070055212057,-0.0146990380158908,-0.0229306938701606,-0.0559220252331086,-0.00135754443587252,-0.00802701818363516,-0.024827953756655
-0.0962581773834168,-0.0466409672151067,-0.0361913043478956,-0.0563789068081023,-0.00940487268396361,-0.0620940479495278,-0.018548691226913,-0.025726032021378,-0.0185519576940529
0.00109450838040663,0.00865555500183404,0.00688864809881993,0.0146154931674478,-0.0035460185935375,-0.0264643752102276,0.00599577881116467,0.00415956271732359,0.00191146276871932
-0.00121446543650618,0.0130017732257305,0.00241218684439257,-0.0241691768418085,0.0031536425155668,-0.00705523387201245,-0.0107258684700268,-0.00646736969575443,-0.00416030021930051
-0.0826440174749043,-0.0186407026400599,-0.0189360348694237,-0.0488476248235355,-0.0305303311933886,-0.105601249916011,-0.00368372366775225,-0.0341100178619109,-0.0242120326705754
-0.00259305977620556,-0.0169677603771741,-0.0308293604730648,0.0185784786098345,0.00377120897640299,-0.0387486324933462,0.0241716295358084,-0.0058292925371208,-0.0169756243240803
0.0136912139445207,0.00534033573868254,-0.0247643786745237,-0.0223006453310702,-0.00204703237447862,-0.0109008419616133,4.834559217594e-05,0.0155399060366486,0.016353532797238
0.0228342128567797,-0.0152422106269296,-0.0107736912044384,-0.00666431436176371,0.0160440254542233,-0.00155511353991772,0.0221918321660133,-0.0141622790286251,0.028812438125829
0.0044824671953843,0.0267450889188033,0.014247315379528,-0.000229068955707908,0.0169159777804022,0.000930225622187291,-0.0074556833841484,-0.00783622992470316,0.0238244452207156
0.0179593076607289,0.00770587256151891,0.0128555283889166,-0.0127267777450516,0.0106743272679309,0.0324535975966373,0.00238316940359417,0.0101893411940666,0.0121383501613199
0.0504632148540365,-0.0179275004971536,0.00581565283389694,0.0329520219596766,0.0192206789808265,0.0144927028186756,0.00817170111441622,0.0216998784169498,0.0122432775903808
-0.10944203928216,-0.074950221340091,-0.0447700127382707,-0.0716081731235032,0.0126201887421107,-0.116771107637303,-0.00794128171885583,-0.025058993426346,-0.00770245883718844
-0.0965667530725118,-0.0210664871569696,-0.0418774833237696,-0.0454741210908884,-0.0388191328325394,-0.0750876554826857,-0.0235810524437677,-0.0236228917664912,-0.0320601989055599
-0.0634387377840637,-0.0101699803416226,-0.0192009650752198,-0.0364742072844479,-0.0273818909609062,-0.0412712841050067,-0.0232151352235066,-0.0579596982236767,-0.0243646281523789
-0.00751162761511259,-0.0328738101754819,-0.0361504441020183,0.0051333840389327,-0.0185945262829033,0.0051369786456137,-0.017191360434745,-0.0133440502602889,-0.0182786128739356
0.133226581430117,-0.0171710008934435,0.0134761151491168,0.0390590847204746,0.00820310971926662,0.115303711837,0.0424767247687441,0.0275948291999596,0.01828430088693
-0.128529764818322,0.00110710937224647,-0.0394995091189139,-0.042883616722096,-0.0168090123296203,-0.107884874113938,-0.0306487094157012,-0.0359652666839283,-0.0169379908350909
-0.0227999671287395,-0.0132626288450718,-0.0352597998997825,-0.0347205955977318,-0.0156367310633293,-0.0217546874042159,-0.0160141251041554,0.00252423642128653,-0.00163478115196803
0.0216564774855228,-0.0388713455351396,-0.0409666821206122,0.00575957374391706,0.0108149397948048,0.0225354536067358,-0.0167604902120513,-0.0215148732923177,-0.00243320347357981
-0.0423503214883689,0.00358207691187549,-0.00707858280172905,-0.00190495128501794,-0.00403683119728601,-0.0230880312384412,0.00184587650116149,0.000372379388504231,0.00631723747508942
0.0413596937308768,0.0252206946553046,0.0314100387764335,0.00299178236437313,0.00358149985878132,0.0211967860238763,-0.00594347646056262,-0.0192624011737357,-0.00419790973523031
-0.00833786180232651,0.0272272072726015,0.0316243043287611,0.023072447864539,0.00485123361404701,-0.0207375388786038,0.0158277647450429,0.00389411753993682,0.0107000181374175
0.0741727521054653,0.0417822423369451,0.0258871970527842,0.106534563497989,0.0207259563681639,0.117883437887569,0.0353681061880987,0.0696652139486708,0.0363609356660253
-0.103228931852577,-0.0722075060577837,-0.066914307452227,-0.0592021237799958,-0.0228297408132444,-0.0824156858363249,-0.0174925768434405,-0.0194375793835554,-0.0329258434137115
0.0382676834220832,0.0370235516898772,0.0190282439809463,0.0328185312311345,-0.00113650769721525,-0.00468556537035271,-0.00254781707243221,0.00883216650928443,-0.00703152265350229
-0.0728365745205874,-0.0240711592666965,-0.048516404637542,-0.050194245371884,-0.00417083639259535,-0.0564694086727312,-0.0274170181070393,-0.00927156433830328,-0.00237810906642603
-0.0454132081632349,-0.00300141992783694,0.000698522119185158,-0.0228266351274977,-0.00293646013234529,-0.0680174998339466,-0.00846610070732968,0.0132167664681262,0.00729715868412598
0.0378116930867892,0.0242222932718908,-0.00067885500481175,0.0415532877264794,0.0144636323181531,0.0159932251075031,0.0373290456862647,0.0249689628158872,0.0493734199982641
-0.0384338763946402,-0.0176032517266085,-0.03342143640647,-0.0209116155127904,-0.0122140148853935,-0.0323838506528942,-0.016777215053144,-0.01193358275863,-0.00322321892848459
0.00277309236307384,0.015106757095126,-0.00372981945691415,0.0415051249799329,0.00344337129037081,0.0575110223541388,0.0157057639991804,0.0295121920902197,0.0292282963881999
-0.0890200237045337,-0.0459031111883098,-0.0685364831166524,-0.0681358751716576,0.00392662673800327,-0.110167291472673,-0.0013560330783409,-0.0101889840517482,-0.00450657023873825
0.0518316927269842,0.0602256268412925,0.0599004368396763,0.062198423214522,0.0199910096008789,0.0679967092261928,0.00115985613347307,0.00701310218639242,0.0440836598873064
-0.0427368978452084,0.00400365836648113,-0.0283760697696903,0.0128264991585234,0.000402324570521769,-0.0340622104196161,-0.0064650249806445,-0.00532037604685336,0.00163066112820863
0.164318658483349,0.0710807931239801,0.067845685225018,0.07129465839963,-0.00530073278565173,0.150228871758107,0.0297115272452285,0.020025860945684,0.025329154778439
0.0489981219106587,0.00781629101001539,0.00660816577537967,0.0283254254049707,0.01109412311839,0.033456858707602,-0.0180503934262478,0.0176638708056072,0.00767794259536675
-0.0539117970737549,-0.0484173129068378,-0.053302479080331,-0.00654933045849573,0.00975888608659171,-0.00319330724332368,0.00993840493051949,-0.0194991746975348,0.00603324486175994
-0.0274330036732497,-0.02873713806746,-0.0454605495294959,0.00918364456106139,-0.0101518275596153,-0.0457737603772502,-0.0150054424671848,-0.0041433647714829,0.00304916682255556
0.0143019253660361,0.0370591721649528,0.00811585276390225,-0.0251638157933812,-0.00829089043583469,0.0277024095315309,-0.00381357841214793,0.0052870460209416,-0.00304848232701161
-0.0171546830563522,-0.0271916055881307,-0.0485306059439419,-0.00531000311121677,-0.00841521496647572,-0.0445937356924066,0.00619219945773098,0.0236089339137306,-0.00946195070765211
-0.0499278428876098,0.0265417535849812,0.00131322983157733,-0.000150826694032627,-0.00179332435236629,-0.0356343024133301,-0.000915340602341816,-0.00147510179379286,0.00284630666135486
-0.0149529344906496,0.0053708993064263,-0.00315766000232379,0.00802440924034384,0.0149766886017649,-0.0248033578321673,0.0149054016206896,0.00984570289722983,0.0162870002080223
0.0347378840664457,-0.0307371382244606,-0.0274118614429449,-0.00119059665696554,-0.00639845111550699,0.0446793231248964,-0.011572045231347,0.0129004969357011,-0.0064846567464968
0.0139116582130229,0.0284613798233089,-0.00823191644750362,0.0104272280993988,0.00391982730581037,0.0153071605660941,0.0180427138762476,0.0268774881444206,0.0212027283580408
0.0336072618147739,0.011794635781626,0.0132133093690346,0.0169734360467886,0.00022204598656563,0.0152636945691203,0.00200152558804204,-0.0150657044148857,0.00556381625758718
0.0125546778366486,0.0148506431163757,0.00918066367912675,0.0354480952620072,0.0249230518823548,0.0506199369604942,0.00493199177298987,0.059990002866583,0.036562964648806
0.0148212917862858,0.00667385890392212,0.00558076653802689,0.089423874940636,0.02346942453949,-0.0250800208562086,0.0337595673852576,0.0390422172149204,0.0226409637917418
0.0175038701822597,0.0194457358451968,-0.00734012001272199,-0.0262320992113005,-0.0161423449199699,0.0144799036342655,-0.0458777371543252,-0.0124951652463385,0.0055943146762343
-0.0164659884158267,0.00474216542522075,0.00555448258371059,0.0153974437827956,-0.0208450639479444,-0.021927317759472,0.014029913892935,0.0110425488994119,-0.0154373471120478
-0.01775310405191,-0.0195536159759574,0.00366375460062049,-0.00514533297115297,-0.0228790451297495,-0.0453366987513227,-0.0195681531630319,-0.00672138587297594,-0.026048225190463
0.00406677474481924,-0.00963797496984514,-0.00202801539657244,-0.00793699874508181,-0.00490030202599448,0.0106319257886868,-0.00074051943564105,-0.00369013842188671,-0.0159416656782244
-0.0834267216726816,-0.0173413848408886,-0.0339053412213638,-0.0186224176876347,-0.00735899115280112,-0.0771148599150186,-0.00206722165774857,-0.0211573520733348,-0.0227157962687047
0.0233318004980399,-0.0152706408030805,0.00533861255765401,0.016803820442554,0.00605994748508145,0.0252833270850813,0.0182049990690538,-0.00532422582253778,0.0166445904548839
-0.000826121659498631,-0.0243831743876376,0.0107501116543413,0.0014837801352292,-0.00620712250512809,0.0134619707001109,-0.00205269790864725,-0.0014826383764314,-0.0218599058478662
-0.111561608622936,0.0237815247239793,-0.0636388504571099,-0.0585173009479261,-0.00432183795724699,-0.0549429705114827,-0.0200413808979876,-0.0283249192239646,-0.00400306930654485
0.0219400216199982,-0.00687705773349795,-0.0171232724947443,-0.0266134456818932,-0.0190404234441046,-0.0277172961824676,-0.0106354635496604,0.0196227714985557,0.00859330085703062
-0.0729598846103981,-0.0461025638231041,-0.0212321167916887,-0.0699463143244132,-0.00831949834185239,-0.160541974450356,-0.00862457097977805,-0.0201407487289952,-0.0236653625507377
-0.0156076022102278,-0.00373037472429323,-0.0111556736127293,0.0180722679951502,0.00628595618527295,0.0344571778907217,0.0107610508077546,-0.00245188569179214,-0.00042890699979384
0.0239164152040565,0.0257274830207724,0.0211819560194727,-0.0137784981274024,-0.00523769734019519,-0.00282922542596581,-0.00314360569079091,-0.00449884296959097,0.00756803949638281
0.00894294088643322,-0.0095410286408904,-0.012245811622243,-0.0131045977756622,-0.020091179370064,-0.0211128000503385,-0.0401037471355603,0.00354228391580824,-0.0219441358122839
0.106735852923151,0.0470531338475458,0.0545384475765025,0.0259042275258582,0.00737826921866584,0.11047890295603,0.0251227649921049,0.0236136098855514,0.0215457449219391
0.0329070712707015,0.015906079676607,0.00522212355286695,0.00872985294493847,-0.0108494073053301,0.00909237934017358,0.00173388563733083,0.0272338763431363,0.00694207655168906
0.0755619143607621,0.0442894212212872,0.0553267930148926,-0.0157567235107747,0.0118970071957704,0.055651906065732,0.0191187946183194,0.00293498800016619,0.0103652877680412
-0.0329928036543099,-0.00315302861171871,0.00126013838033165,-0.0196355961915549,0.00913970116951421,0.016585388518121,0.0197820042435283,6.28073457262222e-05,-0.00877210502021078
0.0201178588174897,0.0116820416325452,-0.0213082688418,-0.0162634632877533,0.0013738572828118,0.00633521262631983,-0.0228884879216213,0.0179828237479185,-0.000370329265700474
-0.0559228918943607,0.00803298685223352,0.0021811607462254,0.0136504413840985,0.013897928237781,-0.0340984472698159,0.00414870224014754,0.020112617161034,-0.0155883783748406
0.0119820157328265,0.00313799340353514,-0.00466751801444238,-0.00962956332541948,0.00193513873515466,0.017200851328453,0.000887593599951088,0.00810200516548358,-0.00780940684650648
-0.097570351366767,-0.00290958002816765,-0.0364017262049266,-0.0370013188950262,0.00427536314219376,-0.103480795974578,0.00163116091115499,-0.0179292262789724,-0.0232614008600678
-0.0060722882836414,-0.00137775574701915,-0.00695020056454587,-0.0111586103916639,-0.0252507432695328,-0.0249982667814872,-0.00396811423684117,0.00295985430240308,-0.00450038925422814
-0.0276457909034939,-0.0389965335230247,-0.0138328446364784,-0.0455611677247188,-0.00124760635223579,-0.0404790802629809,-0.00970667531236177,-0.0484919848758875,-0.0282264373779726
-0.0671545771420677,0.00332171978789751,-0.0351238897671718,-0.0223172789880749,-0.00844713226112979,-0.0992673329189496,-0.0121791553727806,-0.0127683264929879,-0.00559056992583749
0.0483719079517297,-0.0112325611812094,-0.021686960878104,0.00386582080507711,-0.0215923132399938,0.0387302740075276,-0.0229483725899302,-0.0195300977656467,-0.0131240523722469
-0.00912242565146233,-0.00158290210901026,-0.0335408845561384,0.0187793259088432,-0.0106042251242804,-0.024644724780723,0.00127175675177278,-0.00203206670162933,-0.00593919416434198
0.0324989480009326,-0.0251451790769116,-0.00134201615315895,0.0378421331812599,0.00538453874995823,0.0653646233889899,0.0122624466334816,0.00410413491774783,0.00471137896178222
-0.0497266543292376,-0.00503477891868032,-0.0130389148960142,-0.0311263427332891,-0.00944775157280615,-0.0552418653539835,-0.0266852767406036,-0.00608701980022861,-0.0114342669861739
-0.0361185266306707,-0.0190006024998961,-0.0346739467247804,-0.00615428812911896,-0.0140325603803306,0.0273614682464322,-0.00423336343101084,-0.0122196934502821,-0.0188339998929494
0.0708674007579917,-0.00744127812754351,0.0131817013231161,0.0257491938174433,0.0118433055049482,0.0919970772712989,-0.00207068118161447,-0.000443477721771412,0.0116228905817066
-0.0752342360597657,-0.0324128474010964,-0.0363158779320383,-0.0414061582332745,0.00815813334426739,-0.0730601117125428,0.025806074691722,0.00998548588936564,0.012604452063479
-0.0701159107972171,-0.000428958895909746,0.00310174627077136,-0.0375167065371711,0.0194164405682421,-0.0958990574926412,-0.0334917755459621,-0.0196778115030651,-0.00803877264619385
0.00619492427056489,-0.00999924727071486,-0.0137493471086024,0.00773016075167961,0.0121866835854411,-0.0442960433028507,0.0138251105316711,0.0353984144228834,0.00856377032133481
-0.0114768843963299,-0.0184705649507652,-0.0189616021619281,-0.0274183528870517,-0.00965558716189424,0.00863015083925806,-0.00916457790207558,-0.00476167615715003,-0.0148104616553027
-0.111508219848287,-0.042248454164281,-0.0250406745125406,0.0236227545293012,-0.0212852410256766,-0.102420266439816,-0.0359177623036771,0.00575768667113864,-0.0258493093266868
0.00696050739543751,0.0227298035245892,-0.0181502000863704,-0.0237623471905665,0.0106336094799027,-0.00539665037889081,-0.00056443664193134,0.00985691307647008,0.00611585709001598
-0.11950414684693,-0.068378498735037,-0.0560714320037519,-0.0697542781764032,-0.0196449615073823,-0.13593840940084,-0.0265217363029041,-0.0243829780852863,-0.019357940137459
0.0204713677182208,-0.00682572215507657,0.0103641778053927,0.0192656137618791,0.0011625645628398,0.0517251768877802,0.00569973513239901,0.00630133606750834,0.00102775610302673
0.00311240874724222,-0.00665434480533037,-0.0428424516947778,-0.0265414749807271,0.0014853278402977,-0.053538558023799,-0.00997342644153044,0.00434307335462203,-0.00426843263105765
-0.0505416964696066,0.00951776098483813,-0.0303341624873835,-0.047604540562489,-0.00412507067460321,-0.11900816851648,0.00707216640166621,-0.0108243580855038,-0.0139288025838529
-0.0277216479170935,-0.0117493530384076,0.00799230645580268,0.0300360162479283,0.0040182824716185,0.0159764861602093,-0.00620246677811752,0.00693388423865254,0.00800388383142986
-0.026487623403997,0.0102019366391483,0.00987170910399633,0.0276342008879382,0.00477999121727841,0.0235684222960192,0.0194513529979709,0.0121378566698643,0.0054566476499031
0.0594257086500828,0.0172756342100541,0.013229731909798,0.0349560739067232,0.0189400866628036,0.0533417560489306,0.0321886010206183,0.0262962781456059,0.0253864409921287
-0.0286482451641771,-0.0162419661203872,-2.2403789806212e-05,-0.0216433355007928,0.00264556101501488,-0.00754942904773237,0.00809330139228507,-0.00381420062289126,-0.0200686495403959
0.0271251603227393,0.0187674746057791,0.022386245331608,0.0120752930047116,-8.86310059816675e-06,0.0286209332295596,0.00927964265027208,0.00174829867368381,0.0138080459449418
0.00599138816603976,0.00341717522256689,0.0125216506580876,-0.00881142471544578,0.000146131604869317,0.0334704889359772,-0.00789477873776013,-0.00771576021766874,-0.000912959456618538
0.024955494096157,0.0141655498562903,-0.00390762466872276,-0.000324336687665305,0.0044026633997747,0.00468342418748193,-0.0168686610119657,0.00378079460073631,-0.000751050135446928
0.043169798354229,-0.0123509364924738,0.00427199238946632,0.00294885012455561,0.00265885250648716,0.0628608391842185,0.00452091808627761,-0.0247165539809269,-0.00541651266247826
-0.0266304421149306,0.0062639391854832,-0.0113251079094516,-0.0216370333246243,0.00297626803037012,-0.038766654660457,0.00362598515678157,0.00753328897664382,0.00438576023417622
0.0232398418947306,0.0155353772071991,-0.00331416446093542,0.00255615407840076,0.0120099203314709,0.0225024493579396,-0.0027790048012185,0.00938913982665846,0.0161802424851025
-0.0331922750378935,-0.00222061038988505,-0.0307506837002007,0.000426520242916922,-0.00533780808625394,-0.0466180220332598,-0.00234855568137417,0.0223556068858554,-0.00929972107620956
-0.0267626419959101,-0.0138316999283177,-0.00738905319102658,-0.00666836923377452,-0.007400876388006,-0.0407230539137843,0.00400276138205007,-0.00197875353660644,-0.00743014876168994
-0.0236549654774795,0.0161491677539024,0.00263481300244711,0.0144926616867832,0.0111623624829142,-0.023926678784643,-0.00307094126534245,-0.00257954102960528,0.0107411911881796
0.0348264879329339,0.0269363730867894,0.0154375999128795,0.068296666498672,0.022528067244417,0.0836494286985191,0.0158531085090256,0.042984714621415,0.0114225136255118
0.0582062510387547,0.0421870411283459,0.035337260114242,0.0371696509651946,0.00178471848231691,0.0461265563491287,0.00216950871804659,-0.00304569707164444,0.0335742581230256
0.0214685119064963,0.0168449819399027,0.0201125925917257,0.0252384680894617,0.00810068953361044,0.0229591211196183,-0.00301758043088645,0.0300828220849816,0.0193511500196811
-0.0318795949966048,-0.00198200145405942,0.0190455264995746,-0.0186830831658589,0.00572231692418992,-0.0953551806850668,-0.00240759434297076,-0.0118067158575013,-0.007381106775982
0.0100014550231203,0.00810852280297778,-0.00566439165770313,0.0280190951097635,0.00533123764774729,-0.0104967242056945,0.0166014876000003,-0.0236304125718089,0.000737408768752246
-0.12370144140214,-0.0406424094114205,-0.031299630853434,-0.0871966613955184,0.00168612966021569,-0.14670160986263,-0.00851041730338438,-0.0241089324971406,-0.022886009048314
0.0220224135509869,-0.0142430821942438,-0.00101671214987975,-0.00832678689350276,-0.015296244250551,-0.0227176079602414,0.00457968044323655,0.0167411884719492,0.0104527790299077
-0.0150425253003376,-0.0198457901957717,0.00293009537775558,0.0267654285745689,-0.0106155544348256,-0.0346409023137632,-0.00742255306824693,-0.00960375643625762,-0.0110531249780139
-0.00740132630759533,-0.0318764414824968,0.00263159053866414,0.00471606039012881,0.0144197980237107,-0.0016108176172596,-0.00417146339794759,-0.000345375059986114,-0.00546396738230191
0.0216061704705039,-0.00335427886242904,0.0168915041691775,0.00998298501187549,-0.0185585906492171,0.0159973484102709,0.00466082705759977,-0.0128490454461026,0.00228079751266175
-0.0414100566740472,-0.0196729241104738,-0.00952391428398435,0.00149812927444814,0.0268226346786868,0.0538921611233305,0.0084827049403463,0.0108824672485277,-0.00554200727116807
0.076650398282589,0.010274393469351,0.0236978470824098,0.0167163737791289,0.00583010384724221,0.0669406748032404,-0.0115713057113593,0.0211521079209694,0.0144751684387632
-0.0544075362724547,-0.0395262033852553,-0.00457239741591671,-0.0156352091330093,-0.000105347834692508,-0.0685989966119308,-0.0236450769173527,-0.0145134741505999,-0.00239886376220527
0.0624047805710609,0.032940108086142,0.0280179953067803,0.0407443904772619,0.00861935144457077,0.0580201149483371,0.0155617973525863,0.0248877119018899,-0.00326717550165091
-0.0375345808230818,-0.0127216144179312,-0.00734708816866186,-0.0309194171098437,0.00966758444850258,-0.109792925752868,0.0117727184476031,0.00740367469643612,0.0042265696405237
0.00837534272817736,0.0095201444140277,-0.00543295221692887,0.0505130210690649,0.0221514251004838,0.0407313401207928,0.019030479696397,0.014414277100939,0.0347014288217374
-0.0752913787386874,-0.0213530630313291,-0.00159540475399434,-0.0167108134043542,-0.00720171239170363,-0.0703045902095648,-0.0196149019040027,-0.0273447028977158,-0.0260654953773831
0.0542072344805798,0.0222726422369799,0.0133050370732591,0.0225002684272384,0.00425279518894012,-0.00457186314302852,0.00882353265410363,0.0254843558467058,0.0108730625594841
-0.0299430988675871,-0.0134375330911573,-0.0152359830282135,-0.0229029612507418,0.00603387620152919,-0.0468740308019528,0.016417787602358,0.00901946550231723,0.0174432202864136
0.0230374263292795,0.037643787510775,0.020864857212149,-0.0189189233575349,-0.00497386116722818,-0.0296669616068309,0.0230866428446522,0.0238681585291018,0.00100066640893868
-0.0185355518095038,-0.0192091245551232,-0.0088509204971208,0.0123802980453535,-0.00666945988033709,-0.00974206445709138,-0.0143159713930237,-0.0122988788299448,-0.0079644701015737
0.112622628329005,0.0306151846377673,0.0344266139545512,0.021953779077401,0.00792754116412154,0.120221231308465,-0.00312505607014836,-0.0116334984905201,0.0171089019087817
-0.0750596439683947,-0.0437182497319793,-0.0267552308682766,-0.064679529299597,-0.00514944020628389,-0.0645855272433127,-0.0104453764652977,-0.0253337990626024,-0.0405243011920739
0.0292609020375299,-0.000525817454923267,-0.00241502633204876,0.0128815923881313,-0.0115416523797197,-0.0034409261449771,0.0143906350487913,0.00765740683272832,-0.0063756015568139
0.126904588306419,0.0624750538040874,0.041247789396264,0.0421632888842855,0.0365032895357837,0.0850600842801013,0.030292277328332,0.039712766608879,0.0452242190563705
0.0885804177548674,0.0138088988244723,0.0254642738383861,0.0347645890826869,0.0207107018568727,0.0978527825445761,0.0240954961997919,0.00659072149314298,0.0315822004871245
0.0390817904370952,-0.0082636726361993,-0.00767253426632626,-0.00979347314514811,0.00213356462837012,0.00557197608702319,-0.00352883621752129,0.00234279947001475,0.000792591177369008
-0.179741220337776,-0.0733675241827136,-0.0493062450596793,-0.105200039716417,-0.0111246128664588,-0.203326052921179,0.00473130975732416,-0.0651576495077415,-0.0299292517325312
0.124667229963749,0.0332859651164109,0.0395483055846164,0.0341719843826301,0.0242935489832065,0.0743485130136729,0.0363305302344914,0.0359837682981987,0.041379602369328
-0.0102345589312521,-0.00226725091318009,-0.00558511782682257,0.00609426714694749,0.000473231788498446,0.00270027090268764,0.00444654172399585,-0.0152108130322739,-0.00351523019583292
0.0657747255656175,0.0506569460028066,0.019963946688938,-0.00697517821187934,-0.00913515137703712,0.0432535910879387,0.00361519302377806,-0.00330588101687396,-0.0113046240879683
-0.013460039704504,-0.0113700568904636,-0.00106660449940597,-0.0296148841790198,0.00909636417773862,-0.0543584419219873,0.00468664784860107,-2.18014262949672e-05,0.0131028648734974
-0.0333674954221991,-0.00238486810588973,-0.0309075789037984,0.00312745886338032,-0.018531141302775,-0.0218022618750018,-0.00741887191486076,0.00144998770187095,-0.0111698010254385
-0.00141345124102474,-0.00887320574928919,0.00535481579250422,0.0106138446781796,-0.0065282712844092,0.00252974733414804,0.00217629567525706,-0.000408319915779535,-0.00797817555968777
0.0141851498880114,-0.00395764518358199,0.00693107613755858,-0.0182451067617345,0.00642149619140382,0.00539632009060115,-0.007750649885216,0.00699062011525014,0.0100482219130162
0.0936804349091566,0.0341941008520701,0.0557516786471547,0.0307216685076467,0.000212708514758854,0.0549270957601462,0.0074378479635119,0.0349735003960859,0.0130723860912994
-0.0867878523298172,-0.0342048141551942,-0.00494151522336016,-0.00406270400159448,0.00422915003976905,-0.0543582101163103,-0.00398133373421991,0.00587044995554098,-0.0079731658422046
0.00736818852271222,0.00708562800111645,-0.00267755514027576,-0.0375786114769655,-0.00733403412142888,-0.00615251771036264,-0.0100113853768579,-0.00809838330266261,-0.0169533680987134
-0.0555156869457197,-0.0378463053292787,-0.0432418592907549,-0.0226514875292,0.00167984426597039,-0.0210624940877979,0.0318262931074883,-0.0231917150166472,0.0199750126195936
-0.0211034783606909,-0.01771293749548,-0.0083854818029026,-0.0118906715362106,-0.00659068681929511,-0.0720913520991475,-0.016675821761082,-0.0163439992329204,-0.00654969713918397
-0.0223435594618691,-0.030264620243232,-0.0018168542011867,-0.0036876860055101,-0.0267041114978956,-0.0459661814370182,-0.0395963707225693,-0.0371692815247868,-0.0319255840533702
-0.0639169528118648,-0.0374873999665761,-0.02881687277502,0.042153302798376,-0.00465290058049518,-0.051656378063838,-0.0192277790649109,0.0054678651996713,-0.0199207541213417
0.0754512837651383,0.0343630161955671,0.0115881866192697,0.0140311843682801,-0.0266869101313873,0.0598470982742522,0.00554097176133521,0.0170284461264116,-0.0113253981009354
0.0869242706871047,0.0482343819529893,0.0256203325099821,0.0363517426918884,0.0256645557130892,0.0378896538989773,0.0480031310209562,0.0284989037074841,0.0561536396323207
0.00700153077958719,0.0251221171968337,0.00551155917709349,-0.0168439245321058,0.00966287127030169,-0.0324479456554005,0.00358637339453654,0.0122093770944244,0.00722322870485465
0.0175941906432517,0.00523354597820428,0.0212474228127733,0.0177571079178058,-0.0100570802251477,-0.0119796995859158,-0.00763100257934625,-0.00747821990674669,0.01011559568805
-0.0861688032794497,-0.0285147934987563,-0.0181514806433123,-0.0545957812001078,0.00198754286876053,-0.101782166387838,-0.00835567632023191,-0.0180535780763398,-0.0112389131235309
-0.0089817956522929,-0.0234721144928096,-0.00289821332722116,-0.0188982340608886,0.0173599168294959,0.0295370308482599,-0.00120706495869843,-0.0221428927050782,-0.000252678631690291
-0.0385617876354763,0.0160270796741114,-0.0342456306539617,-0.00860930240509829,0.00302154499161454,-0.0696268429897276,0.000254278826215927,0.000917484921243963,-0.0172797859383732
-0.050050341471991,-0.0355891437490698,0.0188614169565374,-0.0162072739817147,-0.0207149075533879,-0.0241138825254434,-0.0413274548634845,-0.0387968812065588,-0.0103153799596705
-0.0102191461764571,0.00792401493039514,0.0297977257981948,0.0173775452343028,0.00414605092984831,-0.00210938957376611,-0.00112539589981941,-0.00104911557059225,0.000302611374133952
-0.0684726221480926,0.0219885461545886,-0.0357242885242554,-0.033226160492283,0.000942957380032635,-0.0538631161511372,0.000375125014410177,-0.0105304541256612,-0.0162227196206328
0.103811177414421,0.0531847659012984,0.0295889621060324,0.0278544408076213,0.023206850445046,0.100254574634723,0.00444630980804955,0.0329129564147534,0.0368683640990579
0.0327853705594162,0.0217119929260227,0.0186691419320601,-0.0228642435229166,0.0138603863442245,-0.0435336635601433,0.00445940871357827,0.0187465115914507,0.0199037576589503
0.0650280090581161,0.0437666300288563,0.0538207558650891,-0.00124978929251311,-0.0283403919389868,0.000592515454086333,-0.0159492469345365,-0.00214729518523063,0.00344638184325918
0.0227670062659848,0.0135440304016336,0.0418363671359754,0.0289196738197696,0.0127004482470343,0.0192714423127381,-0.0065613449937036,0.00225475237004347,-0.0085058123804594
-0.0336856390385448,0.00935139156631517,-0.025621206765357,0.00889474961215935,0.00740044875540904,-0.0944768114063217,-0.00360912748020876,0.000828398454332693,9.3114302693691e-05
0.0273013199917386,-0.00965354790495147,0.00402673705398625,0.0372413940983717,0.0206025068599721,0.0424692730586193,0.0324056271024537,0.0451903604679737,0.0325953074120533
-0.0360967453793613,-0.0175735357274642,-0.0193642896360206,-0.0162404025228021,0.00686320338347319,-0.0384792393807223,-0.00552641492026447,-0.0347635068156102,0.000189921378461848
-0.111384421896013,-0.0661086820929338,-0.0254719644070884,-0.0396000360476812,0.000285279839717833,-0.0148665316958255,-0.0134133546354802,-0.00573796045926652,-0.0290390738233378
-0.0149393243170664,0.0155021169121028,0.00856896762791927,-0.0142303007362718,0.00125260788153015,-0.0313769252044764,0.00137256944749017,0.0129296148059121,0.00629030786802306
0.00880287437461138,-0.0126457018539964,-0.00439287458740727,-0.0371297140595904,-0.0334403545545775,-0.0405516050983197,-0.0192824858965436,-0.0351803494236288,-0.0606561409689672
-0.0560500584850174,-0.00103483673143892,-0.0139827282481275,-0.0329415943812691,0.00959027913332374,-0.0440082227535511,-0.0103948667063547,-0.00750906396927369,-0.0103587080532837
0.0290891458868315,0.029661319294332,-0.000224146016597736,-0.0192612380386778,0.019074318509071,0.0109869184318936,0.00820555356646646,0.0105737806277582,0.0133059834126535
0.002493119866533,0.0202356950545973,-0.0126328072291056,0.0574255053400915,0.0238646430897084,-0.00200805534467435,0.030171836602091,0.00650410009886591,0.0433668394861269
-0.0778471302263594,-0.0221215935250974,-0.0167399056393334,0.00210011562044305,-0.025968884695498,-0.0384389670376692,-0.0248087119948791,-0.0126275682632891,-0.0121397197042604
0.00462259196679477,-0.00342120609940012,0.00234008845179444,0.0185624807701345,-0.0187031106395838,0.0202369223551497,0.00119371447549195,0.0231222932506255,0.0050062791533412
0.0582064055444473,-0.0103498532429173,0.00479311438652803,-0.00290230521622468,0.00103775698458704,0.0301939095562349,-0.00709501792540736,0.0184667062961557,-0.000917125062462306
-0.0752623874532973,-0.081545072010935,-0.0397225471302773,0.0156804164596287,0.00534051029798349,-0.0718323537723699,-0.00028874182233226,-0.0122314751945251,0.00566319157520291
-0.0340667337273517,-0.00294068926174276,-0.022708062120678,-0.00452999294300415,-0.000154381242627265,-0.00366758165946967,-0.00271148535397382,-0.0107337592040253,0.00322063491942031
0.0440718863674475,0.00627270833182637,-0.0077241283077043,-0.00653084236723821,0.00592077371928356,0.038051432063948,0.0238498665475735,0.0124889188162712,0.00247535528585774
-0.108564197883853,-0.0597516495495639,-0.028366748265638,-0.059856766946509,-0.0270401612058045,-0.0805250329129878,-0.061031510921764,-0.0121860777020068,-0.027661717127456
0.038921862733204,0.0124332761286484,0.019378252749482,0.0313567913841019,-0.00628584543587394,0.0027111836248847,0.00309944429047501,0.0156458765602869,-0.00527673082575117
0.0438087804619394,0.0401361325997397,0.0114473388815288,0.0224883361929809,0.00370210401670811,0.0427667506442053,-0.000451513792618371,0.0389884721906745,0.0203918937099312
0.0596321892421367,-0.0158117868443823,0.00400669140183265,0.0201195032104059,0.00313520530039008,0.0493501448597087,0.00392930844330483,0.000148538804509389,0.0150540802486544
0.00691200065523019,0.0148003413835771,0.0134398250938964,0.0405845691293203,-0.00106861760156852,0.0400833616878075,-0.00778176752361232,0.00966456137559595,0.00638402391229511
-0.00570307222063329,0.0109530714156505,-0.0059393653448805,-0.0123526046233804,-0.0024907684285767,0.0115317300481319,-0.00612784450594545,-0.0203754667757689,-0.0270914583141163
0.0549066126187195,0.0370266221012195,0.0225943676031446,0.043863283281613,0.0107622522059852,0.091159155720849,-0.00766999141494708,0.00388239790288744,0.0150915467359549
0.0479400699016082,-0.0120869187504326,-0.00171141631957203,0.00055553582089078,0.00167080071695125,0.0810657354941306,-0.0157028226816966,-0.029799168277745,-0.0141836390789989
-0.0195340909105581,-0.0208639126774563,-0.0234115650961506,-0.0377502556136096,-0.00859332942893177,-0.0518338643003227,-0.00564209258010248,-0.013332071954781,-0.0134834854812461
0.027957176333955,0.010021788608109,0.0534471343707411,0.0590601364109464,6.03849272591991e-05,0.0413221143483635,-0.00926836914407547,-0.000322475571245274,0.0100701417538277
-0.0366705349705821,-0.0509209995360482,-0.0233032990844795,-0.0317531979206581,-0.0131912779128629,-0.07728672948009,-0.0279900554403705,-0.0228481908471138,-0.0116917547936773
0.0442817913045835,-0.0131831072967029,-0.00872574967228116,0.0235418396829078,0.0125335274909777,0.0491119969366157,0.00180520176569404,0.0152505163405036,0.00788636071847023
-0.0382777854692063,0.00365889261071211,-0.0134710359572558,0.00329154624897842,-0.00857268486835199,-0.0644315350282761,-0.0182141980145634,0.00550029021915078,0.00705086069375815
-0.0239062173091207,0.015708364900933,-0.0113075094293518,0.0263930697783987,-0.0146181926846725,0.0241756116553893,0.0032419230647661,0.0242664222983334,-0.0137420721218205
-0.0740857059161596,-0.0294596225413173,-0.0250545142627228,-0.0461596956342175,-0.00853652915588123,-0.0725424868640242,-0.00238780640146466,-0.0248631978992821,-0.00682550050545569
0.0624640469503057,0.0195279536211094,0.013896794418379,-0.0251153853936964,0.014496862576277,0.0894532999036044,0.0164707537575551,-0.0015144442570734,-6.51550267604988e-05
-0.065023203895426,-0.00877620869928391,-0.0147010285006706,0.00655226481750102,0.0134433340234722,-0.0518348302686797,0.00739950876321526,-0.0076706548271876,0.00863994299628337
0.0171791119767136,0.0138437945533813,-0.00323223383569342,0.0286250976995372,0.00201630467200585,-0.0607169990653675,0.021880718096564,0.0277840730136629,0.0157219106713944
0.0887648275717526,0.0562716753588115,0.0262331807192811,0.0161994185087673,0.00160074495162285,0.0897086091857715,0.00453294377777087,0.00545015924423826,0.0246587028555817
0.0240260962165557,0.00914309722430687,-0.0178584624509231,0.0393923543301757,-0.0106550856701296,0.0600005687946575,0.00824840449335117,0.00510260852583173,0.0131249948192175
0.0104135437662947,0.00918328775082527,0.00415864195805871,-0.000932600544147021,-0.00899677219450546,-0.0304421571384043,-0.02013332849649,0.0156690020530051,0.00487523671465011
-0.0690643008910499,-0.0534566898786915,-0.0431661258530942,-0.0636552268939408,0.00418097779736515,-0.0946328261031058,0.0124472024393917,-0.037834995171512,-0.022524518844488
-0.0018035906299101,-0.0216197141954238,0.00693192015845184,-0.00157550658550874,-0.01280015957949,0.00510501117942792,0.00434038404797653,0.0122651002847324,-0.0223928047039767
0.0235695062994812,0.00352445803881126,-0.00791499464790526,0.0482413489189623,0.0164348336699616,0.0494384334175687,0.027945053709748,0.022174313711077,0.0189382902985002
-0.0686560509049655,-0.0247970128316509,-0.0321664498360295,-0.0429322120918801,-0.01725549951425,-0.0832039980731232,0.0200542569728226,-0.0475385494004625,-0.048830797369214
0.0385915159556019,-0.0233633663296174,-0.018417189708553,0.0198874194780901,0.00155992236555546,0.0419481864082388,0.0176249957611648,-0.00930526911591912,-0.00515777544975888
0.0485636111925795,0.00553508977442546,0.0273372886100615,0.0540629198659581,-0.00245451289263094,0.115571776874517,0.0396926349962035,0.00971432007123448,0.0397161825292764
0.0575079334907095,-0.00994361485156462,0.00259017886172385,0.0301599865987137,0.0326920491781958,-0.0301493146198065,0.0210409104044509,0.0193042819099017,-0.00304457347462182
0.0689087009807978,0.0271122091409306,0.0152293140527607,0.0167577642938704,-0.00111338019789247,0.0223979563075558,0.0182741953938197,0.0174991694433295,0.00195804470566947
0.0170112024659933,-0.00598020832243387,0.0154983610269653,0.0176006937983126,0.00158227965853182,0.0657390375016251,0.0119607440844541,0.00071731194994202,0.0115283992205198
-0.0122148979880954,0.01211401890751,0.00238714537353146,0.00974805737270039,0.000115207695569958,-0.00498014346172503,0.00653725413577284,0.00210643674728625,0.00699488810023626
-0.0378774631106437,-0.0380259785186227,-0.0530324691118784,-0.014683849601643,-0.011182114456226,-0.0572843608768528,-0.0240115400611031,-0.00591903645895396,-0.00940687045497411
-0.028769876283465,0.000575563148893248,4.10774456377759e-05,-0.0316691207751162,-0.0141743363021671,-0.0168948448486681,-0.015138669231729,-0.00758038344621707,-0.00662901778338602
-0.0502586338947906,-0.0266305548595961,-0.0213962052037527,-0.0312148521136882,0.0121222618119752,-0.0037760576842242,0.00183548113538399,0.00171099502176093,0.0048410482010659
-0.0188178465432474,0.0171486372291603,0.0122489642291998,-0.0143732262209489,-0.0115849928299848,-0.0122045686248767,-0.0102718113257637,0.00798281463937856,0.00450415396868165
0.0457145154772074,0.0076587872638517,-0.0109890769398327,-0.0107182109683497,0.0167694315073914,-0.0275734820862066,0.0107539734810456,0.036894948017041,0.0275542211629107
0.114974311272391,0.0364775371020547,0.0196889590257145,-0.0295109814295946,-0.0117452471351004,0.00595845164671188,-0.0238473198094297,-0.00222040311940042,-0.012347163993041
-0.00306318174407074,-0.00990545296478329,-0.00552762922719033,0.00552839454097503,-0.00770149142406614,-0.0214245209098272,-0.0265055200082756,-0.0159014835841834,0.00853311986152326
0.0699506864423508,0.0391041554823336,0.0479832757334533,0.0070690547177042,-0.00471217498920093,0.0459685830199865,-0.0205854634123119,-0.0177372505004138,-0.0161069138969824
-0.025547571121952,0.0211162173467093,-0.0109623783421512,-0.0134768782937298,0.00336113262500386,-0.026677996558102,-0.00479878819396174,0.0137943319657334,0.00093181197826414
-0.0429299103432382,-0.0264038920971673,-0.0210494848705701,-0.00693648583568969,0.00875833840460503,-0.0379078259462503,0.00425553409498368,-0.0125533234212626,0.00702551067515536
0.0590188485630578,-0.00961152376261116,-0.00570108587541787,0.000579933395507578,0.0128319791402656,0.0618407627048547,0.018486397776541,0.00801247857004507,0.00757129829383865
0.144459555335319,0.0250428790301565,0.0288183436102334,0.0370533765420609,0.0146761010588189,0.092773017170265,0.0210348099066224,0.0254537695537105,0.022221344727105
0.0139302606362478,-0.0289885123176266,0.000444023313975059,0.0143646478865034,-0.0130152935249421,-0.0269523251375129,-0.00252929796687687,-0.0307946203860395,-0.0112448019039664
0.00878685395529662,-0.0446165906315251,-0.0166971675333225,0.00220542740312086,-0.00133341927943067,-0.000595708567681166,-0.00606910639853278,-0.00860215920578725,-0.0100565522797272
0.021244742745051,-0.0123546319546329,-0.0245548343310357,0.0284169317630945,-0.00135523803564583,0.0336061830805707,-0.00332409523978209,0.00862689214404065,0.0191839333131538
0.017046711862782,0.0126563136620102,0.0176689874230638,0.0269866786395031,0.0070602089569859,-0.0348457496011419,-0.00490040587856042,0.0146045636721057,0.00652289439586282
0.0193983566314948,0.011469788775319,0.0050839927026992,0.00655363218334887,-0.00552904044552467,0.0263477332209201,-0.0216515134072568,0.0224913618193047,0.0189614573111898
-0.0337577430218447,-0.0402054014083016,-0.0181499729721074,-0.0316258534451498,-0.00398899473008916,-0.055834108364752,-0.00361203122783103,-0.0071592363352668,-0.00897644176933418
-0.0203407393137016,-0.00409324511140623,-0.0248780591687738,-0.0254784088798531,-0.0115028411995159,-0.0681265719762949,-0.000877623190197513,0.00491322825022967,-0.0131307407837413
0.0142129291462092,0.014603011697459,-0.00404792718675389,-0.0102696825706268,0.0200138092616304,0.0133720019646092,0.0169419245653412,0.0124509595763169,0.0234047547908605
0.0869941728693509,0.00482891019110603,0.0180872773846058,0.0199018348947148,0.0119770498810452,-0.0103904580739331,0.00128820724967545,0.00363876764879259,-0.0017544829316959
-0.0765117945461719,-0.0388370953920871,-0.0379177510827873,-0.0211364217092782,-0.00829937544765722,-0.0822252260179472,-0.026066049167638,-0.0109747722753153,-0.0205962171482183
0.0866834830231738,0.046701585596708,0.0412110831260072,0.124800948852082,0.012915542703799,0.0475950871077369,0.00443810416940167,0.0342587144489527,0.043824992155756
-0.0512098741940091,-0.0117439918719594,-0.0183687105788689,-0.024723386161766,0.00552693436855087,-0.0542075046257916,0.00114387697825563,0.00689401332354461,0.00787114308041935
-0.0177524055548158,0.00817109411613109,-0.0114404298370745,-0.0249587723490008,0.00365633203224248,-0.036102169265532,-0.0091370655531299,0.000772546459307456,0.0125729600418547
0.0642869424191328,0.00850684482022736,0.0076434493142112,0.0202199318870008,-0.0098025183087269,0.0360461430169869,-0.000462083156073742,0.0220449818236373,-0.000355225410902778
-0.0396316750350537,-0.0129097318007348,-0.0154104631345331,-0.0331599642428849,0.00016891523374272,-0.0497330150818963,-0.0165044265010932,0.0180714855892874,0.0186837146040651
0.0325857725207843,-0.0338662707747072,-0.0142374899504153,0.00606268518353847,-0.00344666450518198,-0.076957575798869,0.00460615269572265,-0.0114534984442544,0.00327708780591187
-0.0624914334707432,-0.0266065669683192,-0.0178911515272181,-0.0421543677466808,-0.0100860779619468,-0.0454941927970939,0.00015750888780087,-0.0325120396775706,-0.0164079390710568
0.0297551606640869,0.015284566195309,0.0262976955187245,0.0386801916541227,0.00518296356709826,0.061834829183293,-0.0210380131380043,0.0104751612211878,0.0110970378783034
0.00672406499583312,0.00869170625812308,0.00832995591022051,0.00866596224164848,0.0114162125593552,-0.00497367194369336,-0.00337329392653291,0.00493575433736691,-0.00422484691708639
-0.0175324285631274,-0.0106145970889185,-0.00912677769543759,0.033424631707281,-0.00532065643497274,0.041051063016697,-0.00920266134952578,0.00211303607770339,-0.00965818164806239
0.000407642822483125,-0.00504464201708434,0.00372288227298641,0.0152309535497858,0.00812893943625276,0.0178957520439465,-0.00251234015908741,0.0113918337254785,0.020905161203291
-0.0522163923137271,-0.0119305818584765,-0.0178951021811688,-0.0393980353312428,0.000992793750283976,-0.0588044174002919,0.00887646482591875,-0.0106509196271015,-0.0105843261147793
0.0202575561300841,0.0029067096881115,0.00277242436103849,0.00385702335146717,-0.0123882457618879,0.00715105844608483,-0.011668859402734,0.00294770475387095,-0.0256989233856913
0.022789158389534,0.00989803596558854,-0.0154276516142002,0.00473627107431937,0.0143106967518829,-0.0135431252790037,0.0244531274549455,0.0128736877204017,0.00775850580734722
-0.0889483000445521,-0.0149407898610801,-0.0131003539554553,-0.0445956416883829,0.00383326918912814,-0.0625670704174196,-0.00809062075986054,-0.000917720015417687,0.000515258916735026
-0.0286594414707501,0.00517179915295318,-0.00182154342071336,0.00618507592839575,0.00172291944545308,-0.0192335220958148,0.000175021121248513,-0.00229629839945433,0.0012240038536323
-0.00929088573030007,0.00771934095374505,0.0183435341402067,-0.0133517673897215,0.00692839294994969,0.0280138687241361,0.00350192990115354,-0.0292747484940394,0.00313145165330427
-0.0679354963399394,-0.0456481673456538,-0.020956882562356,-0.0191008292507226,-0.0112037875801772,-0.0287214629043986,-0.0140890043599924,-0.0268710835172792,-0.0351362664657831
0.0789772698036284,0.0365807027089397,0.0304643648400566,0.0477779838217611,0.00566738378142572,0.121263597970547,-0.00207104015926308,0.0217075267360839,0.00588491014356043
-0.0299219007023137,0.00805981172327363,-0.0199894226659778,0.00549633985502039,0.013548103727569,0.0088007331199994,-0.00644973787562552,-0.00466102975588342,0.00202502676125238
0.144962062499065,0.0528361159391463,0.0471604223081577,0.0167336930403236,0.0103942142420808,0.062312463267041,-0.000433590567380082,0.00687433519954142,0.00606241107808381
0.0175248057185898,0.0455587472946536,0.0183009495215203,0.0327077822687714,-0.0189627539372614,-0.0271902818100575,0.00027340582429852,0.00943071566245153,-0.0106940536334751
-0.00647787707647209,0.0211231532615305,-0.00137436235520731,0.0243126148548179,-0.00522331301548256,-0.0306984378856025,0.0155001363457368,0.00795904779117761,-0.0165488017625632
0.0411247484479129,-0.0103363877229463,0.0159118146319209,-0.00660637641608845,0.017612031456767,0.0277674571083771,0.0226638541892499,0.0142843090417136,0.0268717829341052
-0.0808320894470438,-0.0244060409818841,-0.041732405775297,-0.0391823027082598,-0.0140811436241386,-0.111221029631202,-0.0104132545385028,-0.0217777883124761,0.00172094130836552
0.0158928519139816,0.00638842028249905,0.00522757650452795,0.0368520391749647,0.00325607319923353,-0.0132706563061818,0.0128104854433089,0.0257466080879826,0.0011658852175774
0.016178376863177,0.00653738505455345,0.0119543003877242,0.0572490686571767,-0.0013974810190421,-0.00238784659299201,0.0131547346576744,0.0261940824524678,0.00813530171650883
-0.0596547133147081,-0.0185333553541681,0.00487065965514451,-0.0216451875844197,-0.0390604957243559,-0.0714937066794503,-0.0111710636449176,-0.0509522223054192,-0.0318343129190244
-0.0544000138723521,-0.0179095581838685,-0.0142772791250541,-0.0231752668969338,-0.021306099431883,0.000638884652625229,-0.00921115806039347,-0.0121254406370956,-0.0268019527995998
0.119419253149347,0.0201128730573625,0.0281943850284803,0.101512270474838,0.0157730755798054,0.143679205239065,0.00690498516220938,0.0387494183830001,0.0205588027359617
-0.0386849349843764,-0.0288916784615022,-0.0319332430882007,-0.0518137008191104,-0.0171056361490354,-0.021654781390052,-0.0277926376135066,-0.0246818601211553,-0.0328320908465572
-0.0361721395999994,-0.00854583021358525,0.00424668451451567,-0.0143144521146257,-0.0051051759202264,-0.0350893779676248,-0.00746486286800745,-0.00148596325589414,0.00477873504086795
-0.082560406422783,-0.00999333049789486,-0.0125343201121423,0.0239897117196502,-0.00232091928208212,-0.0942428785359852,0.000345082304206753,-0.00897497438082508,-0.00563181719981603
0.0661616110220878,0.0335495834853804,0.0172937028657406,0.0803072446175044,0.0249439735318233,-0.0197683022908973,0.0295120753991251,0.0330320937890408,0.0394795622690946
-0.0131838382101209,-0.0206833762208328,-0.026416519174223,-0.00165022802547406,-0.000337536821334054,-0.00206185526382665,-0.00406346359733028,0.00620031400271906,0.0130215066366412
0.0713618341624406,0.0244002370246349,0.0109227921089957,0.0121740129539465,0.0200410100886115,0.048497838474116,0.0360881410646378,0.0294611915417448,0.0254488510563496
0.0494268569585388,0.0304679492945803,0.0412213657500794,0.0601839776129753,0.0142005731893861,0.127441087981934,4.74885495413749e-06,0.00191968133944393,0.0222896093621021
-0.134502699543442,-0.0961434109765456,-0.0223163796811163,-0.0598664139267676,-0.0208250476056519,-0.0993032583517877,-0.0174490766527277,-0.0506272441174634,-0.05104700159238
0.00581162381441782,0.0290515124927519,0.0227511056853489,0.0559334814846725,0.0178050394931544,0.0265612420703932,0.0158081466748006,0.0279916512942717,0.0323666982818037
-0.0389142571572163,-0.0486449368697387,-0.00650980755674566,-0.00554338897640062,-0.0123242240236487,-0.0492702491763105,-0.00295780393510475,-0.0134778493419609,-0.0122280265192729
-0.0129820615640297,-0.000325822948667884,-0.0185871946512668,0.0292275287677951,0.0147416234573428,-0.0271804364348838,0.0100994352677691,-0.00451145900309958,-0.0104538988781435
-0.0385848070331974,0.00588904526218193,-0.00666873533714491,-0.0103208470922976,0.00549526835102603,-0.032129234945724,-0.0202106644236869,0.00368530319687609,0.00529468224016862
-0.0293080521866971,-0.00563210635462267,-0.0102652545293942,0.0125979439223385,0.00964226678683868,0.00518954581603311,-0.00403673792553086,0.00548637909566841,0.0144939596939409
0.00357594141621809,0.00215714659515678,0.0167301487647521,-0.010551099428187,-0.00949867909403962,0.0106182286735817,-0.00854532002267687,-0.000232269605804783,-0.00624163972235722
-0.0770484653172915,-0.0148674757152879,-0.0430898763701744,-0.0431066438831108,-0.0176271248198032,-0.0209871112009814,-0.00602603686644586,-0.035662823095042,-0.0112833379539116
-0.0402143933553674,-0.0187907374120459,-0.00969904883566817,-0.022166749383216,0.0139692289185582,-0.044034640373355,-0.0104175317911715,-0.0230218140880324,0.00112533305609063
0.0576157055093465,0.0360569016514485,0.0387691758092677,0.0322214105202652,-0.0013179807522518,0.0255448195183439,-0.00472939877383877,-0.00531073730456236,-0.0037683899745149
-0.0237631231250736,0.00800587665225274,-0.0200519668414163,-0.0297870535540721,-0.00316191068756965,0.0114622510896059,-0.011881659641089,-0.0266553060495583,-0.0260169132068914
0.0307812629991469,0.0142821164158987,0.0124966345238105,-0.0133564919216283,0.0169124663311592,0.0215391939987507,0.00525147866936286,0.00551983102937207,0.0229226879162285
-0.00168246099895731,0.0128888143128564,0.0108503760230143,-0.00737180150051205,-0.0345961124824325,0.0255784981915371,-0.0103848878783118,0.000629892547511386,-0.0068373752573855
-0.0170753814520953,-0.0114111713270462,-0.00622631070676939,-0.00271154321414279,-0.0268939260082551,-0.0662752235004482,-0.0146234191932369,0.00296674803650619,-0.0439957729069236
-0.0465203763624502,-0.0248389778358146,-0.00656020250973585,-0.0212168183231075,-0.0270129740353018,-0.12363841464817,-0.0105804742711743,-0.00772537392015407,-0.0316939305751307
0.0673016162162018,0.0442551214145014,0.0430292371333335,0.0262559140416075,0.0329974307255501,0.0715428824238745,0.00989787871922171,0.0276054569556078,0.0369554803302624
0.0526834868531738,0.0265978193356274,0.0146708594902269,-0.00740285540494886,-0.0239872565998162,-0.00896581170099845,-0.014913087945982,-0.0304822505964239,-0.0176608834675367
-0.16884687739532,-0.0453449486089317,-0.0604067575051167,-0.0887089545823084,0.000580698310965186,-0.148353818983076,-0.000810810702471322,-0.0143349812254574,-0.00958508217003261
-0.0154357698015446,0.00739803136612742,-0.0186029622947547,-0.00501797917812412,0.00387883727521585,-0.0325895313567579,0.0125595042992577,0.0186269784533803,0.00528329811662261
-0.0718900254909954,-0.00728206217876871,-0.0238215711291807,-0.0375677936763391,-0.0130955062926951,-0.120197774011978,-0.017064971402674,-0.00991294330811823,-0.00358587455883685
0.014035223680421,-0.0459708632722768,-0.0355574645489991,0.0210331364892936,0.000204446221753135,-0.0167239312362176,0.0246519102547772,0.00441622740904703,0.0046007914258591
-0.0235929514769577,-0.0188312922097627,-0.0328094968345861,0.00625305449862212,-0.0071922192392842,0.0048613151108405,-0.0185378311275086,-0.0127779717942995,-0.0165475542016541
-0.0402402012629704,-0.0403625752684239,-0.0399154148023666,-0.0092150120189444,-0.0131670739474808,-0.000322953067480336,-0.0166825543155353,-0.00803161036753875,-0.00916753478701482
0.0117744012572755,0.0369804734801531,0.0456374072308685,0.0234341312678647,0.00298797958517704,0.0256284128854225,-0.0140716733204874,-0.00173694904782938,0.0246761768682667
-0.0809388270993494,-0.0434899325262305,-0.0573773578607098,-0.0615521309640141,-0.00414249393306889,-0.0803862671770722,0.000122515853607056,-0.0299139102783671,-0.000316602192712978
-0.0246114986010634,-0.0189720199103876,-0.00999869279147394,-0.0232449887060941,-8.62474844036688e-05,-0.0473747851010219,0.0146693094678883,0.00574616208270263,0.00515349303006016
0.0776611579444932,-0.0245499626622235,0.0173539161578826,0.019233470468326,0.0101315989682063,0.128456543933903,0.00632808220803767,0.0129953323545317,-2.51200027291512e-05
0.0289426783117009,-0.0162596721987375,-0.0163025151073103,-0.0327411002578865,0.0187423707406906,-0.00322759990020427,0.00469570608485209,0.0274772764372436,0.0162131378916262
0.0406333048570904,0.0244896680855477,0.019793524767469,0.0471026138210163,0.00449273902342082,0.0134948921224417,0.00146622108783007,0.00813245911816203,0.00149070094390918
-0.0974855175466153,-0.0391493938560064,-0.0416927139183248,-0.0429573944355678,-0.0159509903892188,-0.101862634003617,-0.0160571380978413,-0.0212433349829691,-0.0205676107100745
-0.00123458866251294,0.00668972537735699,-0.00778241830552459,0.0245118667801294,0.0170432437557815,-0.00678694486172896,0.00545215339747923,-0.00141516605312247,0.0125980203281786
-0.114624906773959,-0.0706073863740224,-0.011306406980655,-0.0575369658074989,-0.0251216274644388,-0.105787401646599,-0.0282904423643193,-0.0514594019030677,-0.0862403330308545
-0.0195743301294145,-0.00994714675275118,-0.000133860906533632,0.00558271115340455,0.00566024597379193,-0.0241786865996654,-0.00305190868455258,-0.000862687698193037,0.00814816056640788
-0.0159053441080265,0.00684030482162988,-0.0098560005754742,-0.0208245274143305,-0.0207028415138963,-0.0162116291297922,-0.0171844505311939,-0.0268517222904122,-0.0318990175489842
0.0116101649733813,-0.0252321726079625,-0.0141185248246674,-0.0206146578347006,0.00672949811739304,0.0351968803734434,0.00254591381196296,0.00650504039966562,0.0098140626116826
-0.0495493970533989,-0.0132496722095299,0.00024801464312074,-0.0396269328378265,-0.00611369403165603,-0.0633572166723644,-0.0193091983397297,-0.0321480637694578,-0.0205313418625969
0.0241679270680519,0.0198929507506285,0.00647306962682295,0.0323215208953578,0.00421868504375922,0.0101167489170153,-0.0154692038429051,0.0260671733173321,0.025622252536581
-0.00365039838986375,-0.0261161519942309,-0.0293820059631535,-0.00365892113055531,-0.00724194716257706,-0.013564194088093,0.00947568273130409,-0.0103692617993298,-0.0178251188577099
0.0260162814756649,-0.0257089916300127,-0.0142964318679032,-0.023421604758047,0.00573826691507088,0.00966417316106444,0.0109410206351193,-0.00834209248489876,0.00721894358571923
-0.00679211406460553,0.0252145925964987,0.0149747322640761,0.0234021401317208,-0.0101061591559915,0.0321373309629843,-0.0173133965821105,-0.00680901628366979,-0.0171356830347463
0.0118770830310842,-0.0169726932898279,-0.0196715729716866,0.0415690836274655,0.00825546934109927,-0.0206289730467625,0.00631181310935859,0.00444523979028937,0.00378282997847417
0.027323365258126,0.0172244584433155,0.0191304159614235,0.0202751883040615,0.00856571246755442,0.0921141259973249,0.00212413739242974,-0.00331248893766789,0.0112079636984453
0.00263386872074397,0.00727460432915076,0.0155430106840612,0.0260290415679445,-0.00926052339298302,-0.0165451642550786,-0.0164583492233666,0.00644825123143645,-0.0300476424147345
-0.0236149919148496,0.00544931996425517,-0.0172821372084085,-0.0304114143724753,0.0129872016064289,-0.0206872809101857,0.00917872268429075,0.0110769794444668,0.00770367202910772
-0.000951054930415078,0.0196440131842797,0.0110873431309186,0.0383342641024819,0.00910853186117936,0.0277635050071087,0.00754801835471745,0.0261820442316327,0.000368690120029795
-0.0365653136085341,-0.0573968769217168,-0.0118844478032709,-0.0369335337315603,0.000622701924557063,-0.061376943857187,0.000440651563251408,-0.00880188987600099,-0.00674626450605049
-0.103771288002078,-0.0343569740218618,0.00374721165703396,-0.0699542042513715,-0.035456361823057,-0.12860537660421,0.00907839558316033,-0.0499783252895388,-0.0725115139872306
-0.0235424785428475,-0.0104764891773426,0.00496843933791805,-0.0154371158954926,-0.00645694731713566,-0.031876128668775,-0.00198090518826,-0.0253495094105446,-0.0191992814233676
-0.00666514201847795,-0.0208848568587215,-0.0210931546453187,-0.00980489315783884,0.0145741111887576,-0.00395160781476265,0.00536716987764862,0.0131226137545295,0.000971597683976886
-0.0250564565439484,0.00442556944115803,-0.0274283135959687,0.0036400897442482,0.00419942946040574,0.0365328454197171,-0.0010398229891564,-0.0106120539728027,0.00452917618170227
-0.0129086546453215,0.0200294981951561,0.00338628591318818,0.0113713411225317,0.00398718302296376,-0.0121008570263199,0.0105232148869755,0.0080802217202354,0.00977430926646816
-0.0341036171801127,0.00182682033003254,0.00583470283680081,0.0192383911133318,-0.0177268951068504,-0.0446675912056899,-0.0150735790923869,0.0210639283018697,0.012640167832919
0.105108889303686,0.0341628241159853,0.0359975895269967,0.0182601784314252,0.00369215364428105,0.0981374909444689,-0.00407488003734657,-0.00320889929801527,0.0221336970693746
0.0113902631535304,-0.0227874478837525,0.000829062717313329,-0.00442645249919101,-0.00940951634351731,0.0284079703277077,-0.0228181272213108,0.00817009505017196,-0.00416001702053229
0.0888001872113917,0.0401196242636587,0.0329801896893506,0.0180477931548471,0.0264585260178874,0.0969448108077619,0.0158046652285312,0.0132647788052561,0.0390261161164151
0.103235861681667,0.00313261996443522,0.0240287201832047,0.0142089355192699,-0.00611411928561959,0.137859252843869,-0.000710938904676186,0.00441899050820443,-0.00343020817544134
0.142788989886341,0.0316514966045975,0.037627275771999,0.0303793914792462,0.025623617196122,0.147951401379989,0.00902609864542513,0.0273570496678917,0.0262992753566152
0.0524646488050944,0.0309786516603646,0.0190409447454951,0.0285581824648675,0.0152798576363559,0.00986195644801915,0.00358636720357605,-0.00422923596510568,0.00559669352230387
-0.0416150128585095,-0.0135514422023643,-0.0309041366617511,0.00271511904283636,-0.0125388205531088,-0.0912414282006005,-0.000247179002855775,-0.0349091620620099,-0.0100652338328502
-0.00412360768428775,-0.00658981773152283,-0.0132669980500425,0.0170855037120859,0.0129100309393781,0.0719018637274968,-0.00225360036562814,-0.00624662710190452,0.00156908437363064
0.00851443679755711,0.005267984408301,0.0134070148427054,-0.00450724644444014,0.00125398583253231,0.00705507499506398,-0.0121711778267406,-0.0104940303523366,0.00924963982758107
-0.023235649664258,0.0129915594839222,-0.0115062212213544,-0.0284019334061296,0.000872137215670552,-0.0512264980725483,-0.00765008886128547,-0.0263800859428141,-0.00804579062185636
0.0338964876457709,-0.0046305988676942,-0.013523162545847,0.0332337196394049,0.000148066496670868,0.0262099717669094,0.00472778971490967,0.0200769567537289,0.0116567628072756
-0.0752102265322361,-0.0299302875289074,-0.0519702539468889,-0.0420828470088851,-0.00879073647175859,-0.0674393995281267,-0.0174106040124475,-0.0251756303623016,-0.0221954881308684
-0.0251444840527833,0.00836207329505723,-0.010542574461131,-0.0482761997044475,-0.00110972182490423,-0.0238440066139265,-0.00571327241996922,-0.00445794440073481,-0.0247500612276985
-0.0975150828303719,-0.0284037230027878,-0.0078383209127109,-0.0240865134899947,-0.000569007032803936,-0.075055300862567,-0.0127604453005216,0.00421721487700158,-0.0175518628701331
-0.019968083531149,-0.0196326526664203,-0.0157541683104851,-0.0217340470249759,-0.00852950445052365,-0.0527830062034805,-0.00217295475624154,0.00862367791933919,0.0113092491975817
0.0906810274641357,0.0793953155018334,0.0663652976303015,0.0443127931760114,0.0245097539555749,0.0656921327522001,0.0203939414662918,0.0276955072605482,0.0181338238306753
0.151225738764353,0.0776450107401146,0.057397072656608,0.0574831869806796,0.00704359818276019,-0.0380793498353746,0.037366707700152,0.0353300450512702,0.0458096166310113
0.0111644388171207,0.0204742175827902,0.0183981795865999,-0.0168279750382078,0.00958642707287183,0.0114110886910858,-0.00032807036110901,-0.0130364098766451,0.0018283051517137
0.0507968005500807,0.0132352536705443,0.000270812829774231,0.0344890255077418,-0.00373499316224384,0.0232312120418469,0.00076424688097471,0.0377611164893405,-0.000580516442241071
-0.0338158500389602,-0.000824581038990466,-0.0137848859861738,0.0065245263915881,0.00905012663273997,-0.00343659514175465,-0.00692729046768647,-0.0235190954606308,0.00973375593618421
-0.00992604182655074,-0.0482171961220024,-0.0381847462193109,-0.0204252736503302,-0.0232315736424311,0.000110406780363243,-0.0258144898032139,-0.00391578157707191,-0.0220154339326012
-0.0142581695816691,-0.00111578213426019,-0.0279615094509654,0.00978990546644029,0.000864904543908518,-0.0210151994104894,0.00506614258985773,-0.00434966973992462,0.00347206651121365
0.0223750873793669,0.0203587273367283,0.00190767202366331,0.0410532597612264,0.0114008807226276,0.0434145224455301,0.0100082661600138,0.0173309573639053,0.0208238209715619
-0.0653139715774326,-0.0125484562037894,-0.0589420043718662,-0.0179706231809336,-0.0270681426389032,-0.0737327279097997,-0.00491888746386138,-0.0104148397456125,-0.0127395844482249
0.0262659825177522,0.0196626310749965,0.00843072415385492,0.0122013182150886,0.00386413461965725,0.0346712881131908,-0.00622659421596775,0.0106137188495338,0.00539793112829075
-0.0425055407168197,-0.00485062072643033,0.00416773956802233,-0.025493751829656,0.00353415270879454,-0.0373499082031871,0.00164630510493222,0.00289633085327878,0.00103817276793299
-0.0387026695472977,-0.0170528778113342,0.00507646457237876,0.00230643004425178,-0.0119237881422636,-0.0596383629921558,-0.0152185483858653,-0.015316764026715,-0.0165521473548956
-0.00397636236279229,-0.0157585202846363,-0.0242952790370337,-0.00469840966148938,0.00116122996527171,0.0013146525721699,0.0245998302550562,0.0166459448373844,0.0100496583601356
0.0185363357042011,-0.0107772078007184,0.0248163067933967,-0.0149245229338053,-0.0191260597518701,0.0387483067100586,-0.0123975806931128,-0.0132674091727393,-0.0262319589052626
-0.0154989850092689,0.0143976564389177,-0.0190596576531238,-0.00239226446823908,-0.00134085039633198,-0.0103575614109213,-0.00216692285254011,0.00681193461063941,-0.00347153984545009
-0.00446767191465334,-0.0332405906396469,-0.0317181293973086,-0.0217256192158657,0.011274036423393,0.0131337029130846,0.0029586665806614,0.0100245177714741,0.0140497471668314
0.0757757803302307,0.0205432728716112,0.0108452203349715,0.0216625267728404,-0.00054689593670378,0.083002324858129,-0.00188664294391395,0.0154467101806754,0.0195292851359982
-0.0492779412993796,-0.0241578796561726,-0.0377313012812082,0.00285579052981426,-0.0150703333177576,0.0626753424759345,-0.00219188711661925,-0.00929081221557981,-0.00808989914488176
0.00966488512031748,-0.0400239683680483,0.00402043425527784,0.011639663458853,0.00622349651326332,0.0032593405626403,0.000656669548789404,0.00594661808581849,0.0049404739994181
-0.0227183805814487,-0.0245138400041354,-0.00955787551567455,0.00880818795902299,0.0134519335396667,-0.0188272666832916,0.017064167914352,0.0188569898832756,0.0214777643576853
-0.0870352767839377,-0.0355803262711488,-0.0527129243242352,-0.0495692265979273,-0.010305281009468,-0.089262636001612,0.0032136281901563,-0.0326834097511317,-0.0129217727749324
0.0377352101298008,0.0309035900924653,0.0172029548963497,0.0390389313781213,0.0332212928417595,0.0592200911082046,0.0378484984574983,0.0317292366310923,0.0422905145149859
-0.0474770920491688,-0.0263171526020673,-0.027424502549408,-0.0220751541671432,-0.00300824684255788,-0.00550061937959398,-0.00361601979535247,0.00677128128985538,0.00208799729283838
-0.000440858029220358,0.0331671594083641,0.0309559561246802,0.0213261314724672,0.0158428728291171,-0.01790282995149,0.0350756391989962,0.0527135922126922,0.0446713057778369
0.0443250660671929,-0.0226516486559792,0.000183755995463585,0.000423292347841117,0.00535104532439453,-0.0296919200902144,-0.00541129277834235,0.0172082982941935,-0.00399889128975185
0.00265664141326772,0.00805819196993991,-0.012994826912536,0.00261809342323015,0.00442298464351685,0.00862840269404352,-0.0135071434481103,0.0160797654702555,0.0151736194463466
-0.0860345528337408,0.00961961885916673,-0.0610225711354286,-0.0450476041763442,-0.0119946192964467,-0.0816216578952533,-0.00120426503833222,-0.000325570242835727,-0.0120398977147579
-0.000890216303460542,-0.0156005547743863,-0.0194313116717244,-0.0343815816083833,-0.00716981973877014,-0.00517886437497578,-0.00560304819835408,-0.00109155740466312,0.000168467171345182
-0.071242164522233,-0.0257435520127121,-0.0366067086477571,0.0123301298817673,-0.00232999140637171,-0.0569631801484055,-0.00527812571022542,0.00350171247068956,-0.0080187847373589
0.0124035621864563,0.0122160227009282,2.27159444500858e-05,0.0379987248538024,0.0059475925993132,0.00522737834718715,0.00516074755018472,0.0126349736954789,0.0241351277220438
0.0235127703709536,0.0160683011356685,-0.000392966304749769,0.0133493085189594,-0.00198415173097408,0.011606863088275,0.00765502535647249,-0.00610038341284622,0.00284874804170651
-0.0453077523013071,-0.0350018263774785,-0.0123221969172219,-0.0200935258785147,-0.0336219533167131,-0.0218143094588027,-0.0329582481563079,-0.0241298297550702,-0.0414483286663491
0.0727660972624218,0.047614530671192,0.0481895923571816,0.0386786982594254,0.0310262737900507,0.0451298860372059,0.0365871308060729,0.0411538138435101,0.0304299214621124
-0.060025579848139,0.00121391774848623,-0.0352722438615147,-0.0189929895838019,0.00287465138828042,-0.0776644218432102,-0.00988931269586655,0.00735281858407755,-0.003706096200707
0.00468877947657615,0.019601038370847,0.00880884296089409,0.0125521932470069,0.0160861606458551,0.0462417428873731,0.0254832764831975,0.0158568410375578,0.0129601571916623
-0.124644238043754,-0.00678258144642063,-0.035743546635422,-0.0336239883189673,-0.010133403008779,-0.0935001426039692,-0.0181172841655981,-0.0357946180017123,-0.0218966743075869
-0.0330580201660158,0.0315568186520067,-0.0157223482134858,-0.0191154326077422,-0.00469010278607412,-0.0438928623084479,-0.0257081952929589,-0.0342734728059406,-0.04306575562566
-0.0834918304886551,-0.0229642098920842,-0.0409274131252265,-0.0318247582545222,-0.0138157351843875,-0.0924938955147328,-0.0186270783668682,-0.0248077158976787,-0.00906248117205018
0.0739827198359465,0.0528375991613834,0.0360498081848674,0.0114868161486306,-0.00437200035454014,0.105735525194878,0.0126682517010912,0.0109585704048344,0.0293291091494217
0.0579727459115414,0.00895709990246818,0.0123800764493142,0.0146629206286672,0.00743398533309056,0.0770180060759851,0.00319296284191194,0.0222976545469525,0.0157239010326001
-0.000975897197692261,-0.00828116312821932,-0.00109988822566218,0.0354292353693807,-0.00586353806070178,-0.0186397212351898,0.00615656718239992,0.00639806844420487,0.00113144943485404
-0.00933235102613109,-0.0311539551071228,-0.041001131905275,0.00109625201179086,-0.0190054420801756,0.0263848337048913,-0.0165686346601118,0.0038355115836321,-0.0270691878987922
-0.0675775733543924,0.0170055372144486,-0.0577236013622622,0.0209933105516836,-0.000333346031697336,-0.0458031501937317,0.00955970128587833,0.00377937834555725,0.0204869404842066
-0.0735590725589676,-0.0195647241218954,-0.0238390549200323,-0.0209376319993685,0.00556508652806988,-0.0388652777109987,-0.0122864872814158,-0.0114670913820197,-0.0171317440847793
0.00814417114072887,-0.00289912233481411,0.00588273432164078,0.0112920248879103,-0.0124729343155115,0.00107803145279686,0.0121278974733209,-0.0100643125548613,-0.0192583548240921
0.0347545398375432,0.0380367015445741,0.0391873052130416,0.0550909565172357,0.00922787991495891,0.0304697503638474,0.0304408849901963,0.0188541385446972,0.0118888754119627
0.0308269035537946,-0.0135814265026948,0.0122196566180214,-0.00421326469067722,-0.0120241153076818,0.0151769056179321,0.00411963113006901,-0.0281454087329553,-0.0201061799363538
0.0303498315155327,0.010768055527979,0.0202724680500365,0.0312782250893855,-0.0058117177286086,0.011979426390174,0.00917902944873233,-0.0129485817123596,-0.00744750596003947
0.00523766758834383,0.0221477653222009,0.0247733259112153,0.0337103384555939,0.00665828458006542,-0.0021513030412145,0.0298136420268305,0.00699595069883902,0.0202050577073591
-0.0570130385234788,-0.0370653742385147,-0.0261951185144609,-0.0221090775109483,0.00604290326068014,-0.00905559306423153,-0.00636059273156398,-0.0212129709742997,-0.00390092690722223
-0.042355447695959,0.0255456905574933,-0.0322394843765523,0.00336773279810489,-0.00622939946671373,-0.0268987168412102,0.00198615202819684,0.0181828744876724,0.0101810729533942
0.0998864382569021,-0.0115834289236757,-0.0108428802644051,0.0436931785202989,0.00659034332145588,0.0770833899511158,0.0175874353293319,0.030491924317189,0.00120045227867299
0.0148303964046283,-0.0209543219704809,-0.0161187962170626,-0.0181133867572628,-0.00609676118669203,0.00865801358661988,0.00727516326261625,-0.00259769753883873,-0.00491619183914007
-0.0226428595450972,-0.0163367388376906,0.00020266520618975,0.0208482909500425,0.00579363048180374,-0.0245996339416711,0.00948855597697854,0.0209436445858677,-0.00412312838728696
0.105731213122245,-0.00309373613954037,0.0422160877569842,0.0235908828150666,0.000844017481428965,0.0824981982086637,0.00847877063557794,0.00175767134921468,0.0179821880662482
-0.0153264418009916,0.0255098204589312,0.00490057811137137,-0.014823685686871,0.00568326121429992,-0.0577234235059741,0.0102892331578126,0.000740082771327449,0.00356125635675776
-0.0349216707702887,0.0311893201372137,-0.017284412295977,0.0150278293389831,0.00353941979004298,-0.0304098229554656,0.0178671869857829,0.00243234689650394,0.00256039303297246
0.120417502921858,0.0283760257624915,0.0277686750049082,0.0363334858001908,0.0223937337583836,0.162626525588215,0.0231882854963056,0.026820739340643,0.0475326983181136
-0.0647381592346647,0.0146661914320079,-0.0369028847260578,-0.0369155961353963,0.00147209363647948,-0.0548837456692158,-0.0118867580050866,0.0137827961721348,0.00367448736621065
-0.0134259241255405,-0.00754322418910621,-0.0162015434801734,0.0264991579496326,0.0252233354885934,0.0300704433758085,0.0119040573342693,0.0140648194979133,0.0182055729130856
-0.00186506642910791,-0.0216898251374391,0.0137614285345823,0.00038971206004564,-0.0139006907554889,-0.0251081816852815,0.00708819977038671,-0.0315427773938406,-0.0193629145437455
0.0945311005690582,0.0224509293280987,0.0160531687354068,0.032955564576344,0.0163551047017801,0.0772150458688285,0.0301408779775943,0.0247617995588123,0.0458335036569545
0.0360350894091131,0.0184434785092203,-0.000529584798670122,0.024917444473358,0.00734548229122949,0.0143779471188222,0.00896092258558371,0.00312886313533728,0.0183755876074678
0.00365057095527559,0.0352387844545186,0.0297940406981565,0.00674052908704,0.00856613133901233,0.0108455753884244,0.000479825369242881,0.00286965204863234,0.0159015966948867
0.0164439362981859,0.00869804311296011,0.00782110125330304,0.0166629466147477,0.00892866446937272,-0.000222359482440029,-0.00160076016925327,-0.0129690264415426,0.0159953337911282
0.0125427332790102,-0.0273520878428858,-0.00512097760280718,0.0321414000799604,-0.00119117886135349,0.04111876724794,0.00413603500364916,0.00134000751521909,0.0360813063616349
-0.00835145661683762,-0.0188024307899089,-0.0191674937886873,-0.0418477418466481,-0.00468892346501761,-0.0276406526096958,-0.00247502386708359,-0.015982683759431,-0.00375248138873883
0.0089306910095466,-0.0106820168558024,-0.00687906131413375,0.0118380319935688,0.00746129438496884,0.00617834168615702,-0.00173870469666601,0.000565327428212144,0.0138404246306383
0.00589920238304848,-0.00398723720654752,0.0181564587856744,-0.00847727998711187,0.0084145117665262,0.0402784732314995,-0.00839295669159764,-0.00344225364374787,9.99191409944759e-05
0.0236379129594193,0.000504903419831568,-0.0122533506117558,0.0101102917137693,0.00493377078630624,-0.0190547333080826,0.0110814322944235,0.0125693962797006,0.000768474021998421
0.0387111502142924,0.0129858849258645,0.0110482778130575,0.0314411956489069,-0.00667938189656979,0.0639767294560018,-0.00130665569182462,0.0132234319943823,-0.00952528308904581
0.036389731118768,-0.0212196950315734,-0.0033492357819344,0.0136451230737857,-0.0217622557766652,0.0653297469473089,-0.0143234814587851,0.00142069282426547,-0.0307937977749783
0.0362407822903064,-0.000983868495820419,0.0142676842565786,-0.00600865510117159,0.0157688495770154,0.00252991872199526,0.015824369284929,-0.0116957594445364,0.0156081627947881
-0.0497287495610345,-0.0216406661909521,-0.057387534576273,0.00758494571484253,0.00681603268023873,-0.014827159040994,0.0252126468106243,0.0258899177222687,0.0311034022298834
-0.0677797613581524,-0.0383532362695111,-0.0501422885725682,-0.036851697414019,-0.012954270209828,-0.0176940556466283,-0.00935701923867388,-0.0392401221635944,-0.0150761990923747
0.000944238481253297,-0.00159366238368434,0.0168417246497202,-0.00554912436220124,-0.00190426578318381,0.0113547041465293,-0.0129025818048459,0.0018050434391053,-0.00104513866696676
-0.110484499878372,0.0126822354267259,0.00315514634879372,-0.0659878180381305,-0.00762297790720267,-0.110590134821536,-0.0197305355247463,-0.0335385572434113,-0.0109843997401174
-0.0251673584088945,0.015293663177286,-0.00452820571612394,0.0369935446120205,-0.0144182745038376,0.0029953913548537,-0.00229573305862945,-0.00543685845771986,-0.00622999608275255
-0.0521321371830195,-0.00151791857466066,-0.0387574394176889,-0.0132804458431571,0.0101805680750692,-0.0493464508479044,0.00501627076369524,-0.00813314103303302,0.00531750054877572
0.0403164316941434,0.0473346327028984,0.0400694600544299,0.0122981497210342,-0.0288274803860039,0.0417084524596624,0.00426142233830785,0.000374373128147331,0.0285348637551795
-0.0554464261301716,0.00245673952429873,-0.0105701238845846,-0.0242173208309429,0.0143874893393196,-0.0575590557939815,-0.0032151696576473,0.00836028693351999,0.00756415472863627
0.0590928904546201,0.0211205636832002,0.0245472838670434,0.0286631902803116,0.0311871536704001,0.0759716346358738,0.0303449370249531,0.0334724065403484,0.0422371730578311
0.0980750818370202,0.0133497037604708,0.0168013897668404,0.0241213237055833,0.0136528880374086,0.116167296758632,0.0120358649128229,0.00898319201316281,0.0226343232601582
-0.0281331529641301,0.0059659910224848,0.00194717068896336,-0.0239753538434819,0.0043503640097735,-0.0710089909105295,-0.00918592333251066,0.00397117691850207,-0.013238734325472
0.00787347752937941,0.00750127297490101,0.0103106621487625,-0.00812096100197119,-0.00521628701851679,0.0065234205980062,-0.00342699223898665,-0.0155825545374138,-0.00512246329961138
0.0218072031762256,-0.00217221704169603,0.00918173950971127,-0.000728375998796574,0.0189824552306155,0.0308998812386808,0.000148437280240161,0.00320101648626618,0.0270733598281098
0.047491774565637,-0.00148060403593623,0.0109621142643973,-0.0218515874993487,0.027869524263002,0.0095161460772306,0.0235973280067221,0.00554406188564138,0.0214809309039772
-0.0639600881741758,-0.0317285065461123,0.0168141682738252,-0.0288122154808138,-0.00498686528968735,-0.0226251243785055,-0.0234723344251139,-0.0408931267373372,-0.0253656731417106
-0.016534457909536,0.0175676213030306,0.0170400490476278,-0.0143527872266686,0.0205178295122008,-0.0374375695019963,0.0166087765685535,-0.00132369210687921,0.0104560284740706
0.0544021709380063,-0.00167750232141062,0.000963138631120189,0.0253941542409216,0.000420892398067657,0.0138864421970185,0.00606094316621424,-0.0107334783006111,-0.012896496139646
0.0507016135979536,-0.0368528899829788,-0.0116301649346662,0.0390147477752016,-0.000660960483572554,0.0341466559265775,-0.00864450744111167,-0.00931061391748373,-0.00204286396568302
-0.0730719740490859,-0.03021990486008,-0.0293805859001475,-0.0170415393231698,0.0113411168518786,-0.0954523575183288,0.00145456005665392,-0.0234235924772463,-0.00678610898999944
-0.0672669643843402,-0.00788909422203388,-0.013564572534456,-0.0388055866639268,0.0065417716231446,-0.0492165248989525,-0.0123479487068014,-0.0179553667758719,-0.0208220227301775
0.010961837607911,0.0238689970342092,0.0102206386641325,0.038761058848603,0.0182736815349239,0.036812364730394,0.0221137012549867,0.00806877033914884,0.0128607542567335
0.0237281340450651,-0.000949181658253225,0.00711779931589832,0.0141877857560275,-0.0169263679836871,0.0121426281307917,-0.00814801631802769,-0.0177039802919042,-0.0104463111740585
0.00450198360122819,0.0415280478683498,0.0237782262339764,0.040961262258167,0.0271987807576404,0.0266436905721562,0.0279518051023783,0.0423966808873359,0.0168052912760318
-0.0282940242632227,0.014292151899466,-0.0215184354640766,-0.00269367071836498,-0.000199179015938379,0.00326536789028952,-0.015030561306799,-0.000142382207599795,-0.00979166962127388
-0.0135089501697088,-0.00451923179807263,-0.00758241285571424,0.0260621515339518,-0.00713191929230416,0.00394568001857582,0.00328635679506801,-0.0126606886868191,-0.0157763361632841
0.0213500062752575,-0.003241245139314,0.00600005241555472,0.0384401694192401,0.0189005010407228,0.0437180039461662,0.0285782683541777,0.00600964912300858,0.0291830193951191
0.0513930729246222,0.031725837049998,0.0209815568064714,-0.0153911880660379,-0.0151843572637934,0.0502801564129013,-0.013934215001034,0.0279858439667051,-0.0176460293002309
-0.0417573133369579,-0.0095654456419538,-0.00250109172860681,-0.00696642730319437,-0.0109254407309102,-0.0434881953606585,0.0123670494770077,-0.0248159167681515,-0.0286385752521618
-0.0696333916203719,-0.0486329475110071,-0.0464619937956018,-0.0570992088901778,-0.0220459005365769,-0.0284490408057367,-0.0380179561673157,-0.0175646671007676,-0.00733013016673688
0.0908429212277031,0.0789179381956998,0.0715924722978082,0.021414564592852,0.0251658335168305,0.0876362816507675,0.00540761955082655,0.00272359312352615,0.0419028234251528
0.0245609438893897,0.0317567243467352,0.0112216869837475,0.00206536970027365,0.0049307153926802,-0.0340059262646362,-0.0195839756422152,0.0108308638967237,0.0147406747684586
0.0226434246094514,0.024453078375067,-0.0144787414174299,0.0349247871348023,0.0094419099082307,-0.00925612556033448,0.0247938700154263,0.0137515505660822,0.0260490325482342
0.0230561427209433,0.00627775426139218,-0.00925620257976637,0.0198816801008267,-0.00288438421959971,0.0375222546546109,-0.00368866997265241,-0.00947691000163036,-0.0249908777874093
-0.0490136781040835,-0.00342994014035198,-0.0327370208684997,-0.0285829668216218,-0.000165714341820312,0.0308654252312994,-0.00967326862321685,-0.0340955317265805,-0.00879269121059039
0.00833309570317756,0.019535965865886,0.0179110275093263,-0.00504206534120179,0.0278530553341224,0.0105505968837241,-0.0101092793068931,0.0352843354311667,0.0321899892911332
-0.0208895105380698,-0.0474328350576063,-0.0288241071773288,0.00313428352710618,0.00658112774760753,-0.0432028478231803,-0.00541125769160541,-0.0137532788007538,-0.0131601937333664
0.0333986106510361,-0.015973030169428,-0.0165856411976877,0.0155701815067632,0.00134992462760428,-0.0396638774551191,0.0076548208045953,0.0211764804368629,-0.0026875659713794
-0.0155714081778035,0.000421441981265402,-0.0396321932113473,-0.0137958386304374,-0.0105648500920037,-0.0011787744155229,-0.00120833293981832,0.00813707616074163,0.00734723079270232
-0.0198994370661761,0.0153476093733589,-0.0205620114939238,0.0490512113481951,0.00244682824893046,-0.0291917249935806,0.0161214626927449,0.00893751282877918,0.0105482682964934
0.00676961382373764,-0.00909906682902973,-0.00680536056360913,0.0391655740056988,0.00260650977094712,-0.00926903848653589,0.00245094492300708,0.0107693541754369,0.00242259523756228
-0.0699514675525419,-0.0350364656801522,-0.0100688491454501,-0.00997764014313046,0.0140702840211971,-0.0362232875825401,-0.00712215977444879,-0.0112204732949199,0.0243657943921914
-0.0342415127322829,0.0196891858501059,0.0115988361122869,-8.37935627845598e-05,-0.00583634449293259,0.0119418098447355,-0.00219463000139182,-0.000120817560986909,-0.0129661058740412
-0.00582223715424061,0.0214103261704668,-0.00556454240997203,0.00412907890612238,-0.0105936127995175,-0.0495097905352444,-0.000804369542900179,0.000219594464843302,0.00973609359397482
-0.0357692526710397,-0.00238118838150202,0.037204792031977,0.0421796559098455,0.00122776087873654,0.00485815244274653,0.0331489657013282,0.012535277778129,-0.000945947303184751
0.0438110440944361,0.024186386145468,-0.00432319946215898,0.0142973591992313,0.0175003698024421,-0.00234971179161972,0.0326031652124307,0.0256190306277732,0.0305842046240481
0.0431451294931737,0.0123253154588223,0.0255192538353897,0.0613689320259887,0.0230816761629174,0.0801010127898232,-0.0024521142898374,0.0272536580010162,0.035223841099683
0.0948940778748293,0.0300388485505566,0.0286214262057761,0.0176754853086225,0.00819093271644099,0.118583181265595,0.00794273426004507,-0.00643795862520493,0.0160543666296698
-0.103220720290805,-0.0452304311269302,-0.0326286764097147,-0.0617310332250931,-0.0107947140568253,-0.128887835928969,-0.0385648547579342,-0.0217321069478371,-0.0232092797969344
-0.000624476170784522,-0.00168467080212579,-0.00787728368897146,-0.0259125448617266,-0.0205960851674461,-0.0296955009975387,0.0103432871060825,0.00487441059970881,-0.0134815435034885
0.0126305469784937,-0.0118047448977587,0.00168413656393297,-0.0417250608155853,0.00307375571612338,-0.00583438076493647,-0.0217443333511874,-0.0270607109297788,-0.00861175888962644
-0.00712969923878396,-0.0102617458657516,-0.043362088978173,-0.00393289705192151,-0.00679189223080469,-0.00938385187045378,-0.0484851195386217,0.00190449225029417,0.00262163744075885
-0.0142882118516577,0.00811819663836292,0.0103533682128844,0.0182737317881742,0.00911614509718226,-0.0384591970050068,-0.00456852188392889,0.0221715003574666,0.0171677691383702
-0.00856051350112958,0.0195274625196711,0.0228850289445293,-0.00706917476100961,0.00297624892667783,0.0137068105279327,0.013577297757531,-0.00301746962887814,0.01571950282731
-0.0379293726168022,0.00675407742180238,-0.0158221632213506,-0.000561444472354399,-0.00293326776842249,-0.0288056605711424,-0.0309839933375627,-0.0036318800792697,0.0073876336482583
0.079442532818031,-0.00517098642100717,0.014417570689155,0.0146901684787335,0.0139303789912704,-0.0163239228512782,0.0179699191788464,0.00910552380929811,0.0211572213331056
0.0974387660260405,0.0579773697988343,0.047302508053708,0.0805960516208143,0.00979168056971142,0.10799959508627,0.0139289520622047,0.0240235483880005,0.00824626935605572
0.00652205585975392,0.00208322732603057,-0.0122097612171648,0.0158847000346568,0.00690716552242627,0.0249402419443595,-0.0169535602802871,0.00574468749009731,0.00100030704913786
0.0698568414620413,0.026762285667451,0.0247423957571022,0.0426385313626335,-0.00156376281431402,0.0447606764098271,-0.000943688597563347,0.0356340841324379,0.00686412084462703
-0.038964947356328,-0.0190192178269534,-0.00286161932705705,-0.0115874241980678,0.00678870102671993,0.111533400182055,-0.0131915947867139,-0.0175341871460329,-0.0283591828018966
-0.00667416690987486,0.0217763246974182,-0.00256370399796287,0.0150357820443087,-0.00242019775170528,-0.0207848529783168,0.0182406613763536,0.000168752648554777,0.0307380732876062
0.00865910008380163,-0.00805137544451442,-0.0210171672965494,0.0306520377020484,0.0114696018920601,0.0161917405744343,0.0467805014296921,-0.00546491488817577,0.0291712915534744
-0.0371070903731214,-0.00162867170495656,-0.0295543805953985,-0.0442066209002417,-0.00204013020071307,-0.0240758831195041,0.00536003380153146,-0.0144576308247105,-0.0119246327312129
-0.0546791357079999,-0.00283442477551208,-0.0144536915829933,-0.0254836380761671,-0.0140435738858249,-0.0666017547722977,-0.0120591253899971,-0.0110077979871606,-0.0137327421824745
-0.00427320988668132,-0.0132969848097599,-0.0241899103288393,0.00479764835910033,-0.00424173009569274,-0.0848099834414823,-0.0153112014618658,-0.0202436700426249,-0.0177124419026366
-0.0172405708343031,0.000585081396495968,-0.0107909449083361,0.0252673728982219,-0.00330239599280029,0.038157511781173,0.00547080998729686,0.0279076032971326,-0.00660403802129784
0.0577968886604823,0.0135284292305711,0.0210710257887809,0.0196302081845989,-0.00248118783140958,0.0163829077050506,0.0148077220753402,0.0421307129569201,0.0144741547342546
0.0541190774622964,0.0387532412793511,0.0280173054034256,0.0599925638506346,0.0337397692849576,0.0864731357619958,0.0141639841587182,0.0176862023849308,0.050979217868514
0.0814534826739653,0.0475480082745283,0.036851975612858,0.0086348715363559,0.0145138194262279,0.0596610398038544,0.0167576221105098,0.0206302073517308,0.0228407240063336
-0.00320500284151472,-0.0054286265499731,-0.00391424263611932,0.012396918142568,-0.0137643435927228,-0.000416638861537632,0.00818522876667451,0.00921351487073526,-0.00749636766377959
-0.0123886991213603,-0.02276286507312,0.00633184762652956,-0.0289157417703113,0.00540568589764634,-0.0194019115799138,-0.00723964220183402,-0.0254124483146435,-0.00366409464782407
0.0118380384082899,0.0521758749928159,0.0391502452934467,0.022173356500728,-0.0160306241088315,0.00766723784843803,0.0115021462392142,0.0370623641029226,-0.0202470554340668
-0.136243578690803,-0.0249155905583581,-0.0432664955288199,-0.0764956222570811,0.00099498017362493,-0.115644677841092,-0.014800786491149,-0.00454155779535887,-0.0120817640876119
-0.0331181082173771,-0.012032593563753,-0.00128828555336334,-0.00104375349029814,-0.0158859034036721,-0.0217560757998187,0.0125563374714677,-0.00907994143033345,-0.00480487188881538
0.0108769865674392,0.0100505806728272,-0.0138625288219364,0.0196410523710741,0.000125726775831016,0.013147724057495,-0.00625415014185969,0.0290749964598197,-0.000456357441914609
0.0600848416018894,0.0250194793991508,0.000670085512729751,-0.0175717153738251,0.00754797845159939,0.059509469590085,-0.00759800258466685,0.00470100103506908,0.00104438134407821
-0.071905774467396,-0.0279238094644827,-0.0279912964118238,-0.0392941471611097,0.0116368596574653,-0.0475469596796576,0.00329632961581604,-0.0209377203327337,-0.00503456594771657
-0.0556538455109415,-0.0159666664897007,-0.032916010518915,-0.0385181579792091,-0.00266825357252149,-0.0609222045027026,-0.0175994056999676,0.00934501264965507,-0.00289516598282891
-0.00127165813341683,0.00416697497001592,0.00276394532382933,-0.0213441747101855,-0.0012548632716733,-0.0298234890391829,0.000232370686169672,0.0199746021106828,-0.00599650906149765
0.0269645088406118,-0.00161755140318447,-0.00424122191302145,-0.0057631464234256,0.00813551421874324,0.0536293603884172,-0.0074367561713511,-0.0214016902556393,0.0198786897735352
0.0459823640041449,0.0104171943779366,0.0415307872570944,0.0324303584909538,0.0156931032722856,0.0856910376153821,-0.0127754400095624,0.0025090070070229,0.0305033755466926
-0.049508445489035,-0.0213955888762631,-0.0380040582122682,-0.0132492021440793,0.00537872189743128,0.00335884060381064,0.00580040041863844,-0.0142746217352927,-0.0200381809642416
-0.0782440293327709,-0.0250910524408698,-0.0125932177076709,-0.0172756137926937,-0.01093607142273,-0.0653889029796239,-0.0088067590623355,-0.0147089425686383,-0.0489529902884076
-0.0173597640591545,-0.00317516141977579,0.00147499273671082,0.00906677620620987,-0.00228421510839967,0.00205429958708927,0.0106163151519779,0.0145844630177556,0.0274924113074594
-0.0441909129866221,-0.00404496883747374,-0.0263575524381777,-0.0245202549037054,-0.00604757666052221,-0.0574536421141566,-0.0149906026122736,-0.00990423006219178,-0.0185753043673855
-0.0331623337133222,-0.0665906631847192,-0.0154999602342248,0.0365884537736198,-0.00507136734590023,-0.0150832340387833,-0.00830229180155215,0.00152063581674303,0.0100411619566212
0.0398576959271852,0.000623954814733519,0.00495607731434563,-0.0118686026837201,-0.00600461586450867,-0.00205572764196695,-0.0206595685028514,-0.00719820003364459,0.00361037320381988
0.0274464899174563,0.00839923851223905,0.0013653374269938,0.0590019626327453,0.00340976779879651,0.0324204992389214,0.0415584814239735,0.0116114281317359,0.0653119473825222
-0.0218243467174365,-0.0335649270608606,-0.0382299234185761,0.0104520647602328,0.00418073356486657,0.0121407709805113,0.0219493548917826,-0.00792264258869481,-0.00243949870005468
-0.124512399350652,-0.0565003573774031,-0.0157663790779141,0.00160348372556081,-0.00764143062761366,-0.107394755226762,-0.00922583913060451,-0.00110058795534705,-0.013677430634034
0.0322732735356156,0.029542837827975,0.0309038244394248,0.0416956331989578,0.0329232029008847,0.00637362621981259,0.0213174917588174,0.0184998224287773,0.0375566422933044
0.0524570981387773,0.00739065049940565,0.00408031341331817,0.025737744372932,-0.0103828129059891,0.0353082542901859,-0.0105293038149897,0.0150872912933568,-0.00864872409781802
-0.066566247400651,-0.0185524772670867,-0.0235390438684154,-0.035220858869672,-0.023952162137208,-0.0413578937184063,-0.00492082648737975,-0.00890793504810562,-0.0166366745019128
-0.0443890873978637,-0.0118386731393147,-0.00638204064021486,-0.0273395855643385,-0.0250040502432976,0.00191718494142364,-0.0124439099758427,-0.0103707077168471,-0.00946269519978389
0.00372805620279304,0.0244669194930434,0.000873586912634018,-0.00385992533641795,-0.00606620880993513,0.0177198263068787,-0.00269762210783353,0.0122458967580213,0.00629765064209529
0.0830800728306381,0.0366338921015846,-0.000915243944319881,0.0285806116495092,0.00395286445706713,0.0573386054341282,0.00610444882896757,0.0140796402054477,0.028527880961124
0.0320260324998747,0.0459264229637559,0.0383026107655461,0.0463345066825583,-0.00280499994875436,0.0477117646874905,0.0118316772046015,0.0242002110539356,-0.00298634388293525
-0.00310855404444857,-0.0270900145655445,-0.0107488224041094,-0.0462737345570075,-0.0147731112416458,-0.0490984826665038,-0.000207788202341186,-0.0166242333578198,-0.0125316412448554
0.0508363896388639,0.0486509303948397,0.043355903685409,0.0633540074265317,0.0197748061312205,0.0170430181575515,0.030465248337645,0.0298742701631339,0.0353346684718889
0.0212341676847504,0.00794197467680228,-0.00603108936860987,-0.032130397538518,-0.00856995644342165,0.0103443384705709,-0.00755266800219984,-0.00670305469215873,-0.0167089883566864
0.0030765782063053,-0.0126057009594913,-0.0272345119717746,0.0176679657774353,0.0106971068303465,0.00715926772451102,0.000731474172992058,0.00405316411023377,-0.00354336041706123
0.058953742221337,0.0227011923990005,0.0292973899977949,0.0435855154951951,0.0132864613541554,0.0616638684474318,0.00305564730826758,0.00970777542924182,0.0150801900857016
-0.0215524655220035,-0.0152895743950312,-0.0127882945335602,0.0452112442104286,0.00382276226478616,0.023232661274352,0.0151683344200467,0.0117825645509815,-0.000135450132452439
0.0133557214752834,-0.0108178376781847,-0.0154256422282257,-0.019661488530175,-0.00176429687260318,-0.0328330163508959,0.00979919744404716,0.0178743406580308,0.0092096188525139
0.0153363387546034,0.0375701529982132,0.0248369066390264,0.0707019330384108,0.0316605868544542,0.0785305753081778,0.016642767370845,0.0407661172123575,0.0306604651250847
0.0374920621010752,0.0103616426937046,-0.0183632114834877,-0.00652271598445012,0.000331096279009889,-0.013716197557973,-0.00842006512786545,0.003957167408169,0.00713095737201884
0.0149928799242956,0.0455848346206058,0.00922504515196823,0.0373043805332684,-0.00691584548697372,0.0177843608635107,-0.00331257678914886,0.0245695357636446,-0.0103713620873079
-0.0145119359046008,-0.00805496975030833,-0.0106156132082715,0.00301654761206751,0.00153966501102229,-0.0274263377012414,0.0136280299974241,0.0131257054687467,-0.015761933163943
-0.0332643225302776,-0.0173084824186832,-0.0112812663879657,-0.0192633238367558,-0.00301380097479329,-0.0887170364223862,-0.00908378762188008,-0.0239474310082643,0.00105287556187664
0.0885180707396063,0.00196507497369355,0.0111364920918683,0.0675288246927485,0.019469053493539,0.0810517884592328,0.00870941482566865,0.0427496750869474,0.012055339872441
0.0925173364116048,0.0369462696373014,0.0465001625229843,0.0288732134412571,-0.00378628839384284,0.0545635089529018,-0.00359896122870742,-0.00314864778544524,0.00530158588763245
0.0217905375534488,0.0294764037685632,-0.00155472691116793,0.0179325808041645,0.00343562223410497,-0.0451646123191314,-0.0220582204578415,-0.00849314751390268,-0.0181765068927703
-0.0200498328445435,0.0169563017728949,0.00250744178197567,-0.0156025969412898,0.00066284726082408,-0.0446709537719411,-0.00470617743644153,-0.00579236491197572,-0.00174749227474308
-0.111662149809459,-0.0697163254270495,-0.059763712488,-0.0991525649383131,-0.0166719964118151,-0.128042803917917,-0.0306484246578227,-0.0315851650334915,-0.0437372138977184
-0.105151164724533,0.0206049316014164,-0.0243687153157027,-0.0575813302386864,-0.0177706040194877,-0.0680016853349211,-0.0150026674397102,-0.0319201455337323,-0.0134901301733765
-0.0296377011449566,-0.0285723340589706,-0.0256732241627828,-0.0175899247912478,-0.00562360952993773,-0.0446266366504269,-0.0083746819395603,-0.0163920016467175,-0.0338340379192647
-0.0761465981142209,-0.0321357781487732,-0.0365101218693059,-0.0443785084060623,0.0151253776131573,-0.0392252108797014,-0.00463711507572951,-0.0487872360318494,-0.00217341707590398
0.030818584070876,0.00134945447579077,-0.00857725680310738,0.010356119720317,0.0163626470741537,0.0158854726113447,0.00941395043729704,0.00938298299328889,0.0261849983794479
0.0187918444126448,0.0277907666889629,0.00814635513833721,0.00512637588812756,0.00224014848794736,-0.0052100735295464,-0.00165939920206748,-0.00227473149196249,0.0115219848802102
0.0165160592357543,0.020364839143232,-0.00801211968438895,-0.0292707190865148,-0.00681369545771644,-0.0142191846002262,-0.0108091419208154,0.00305270948080871,0.0140154701030345
-0.0136129380246671,0.0157332857128212,-0.001831658740251,0.0173053701981299,0.0118330782003372,0.0254666311655813,0.00192844153308489,0.0267461837826998,0.00393892174107022
0.0582197962599573,0.00978135836868507,0.00493532212289943,0.0248463096529329,0.00073548163904452,0.0423300086973678,-0.00101214008069383,0.0180583086941497,0.013336577797864
0.0773433027538565,0.0177942560032275,0.013582995736355,0.0409840432249894,-0.00198730734388772,0.0532057721916992,0.00745733118336808,0.0106177640648882,0.0213031628159144
-0.134137928313033,0.0188860261048355,-0.0461865088180761,-0.0401926062452435,0.00881475321184303,-0.0913570493027283,-0.0133559269189549,0.00710164091065356,0.0171098413475266
0.0310055727114307,0.0444688662315838,0.0337585895004938,-0.00474161397029935,-0.0182230306967557,0.00190401448319508,-0.00859774137685252,0.0150189507202308,-0.00926959135245941
-0.0204677841115771,-0.00896731520321364,-0.042180304289858,-0.0481616918795692,0.00722341239773196,0.00249371092942987,0.00911640125628247,-0.0304612694408436,0.0151026876875768
-0.0814489630298555,-0.0210325793774532,-0.00214289331167725,-0.0391409683513288,-0.00486723064733789,-0.0185769741524953,0.0107106361084994,-0.0309898762600076,-0.0500220510329249
0.0374595560826829,0.00501772213990134,-0.000676902666308726,-0.00972420235186162,0.0109576112222879,-0.0272812548661656,0.0101033320376209,0.00688670913596611,0.0229206570191709
-0.0762523796680522,-0.0301635239545512,-0.0266521520180009,-0.0589144981038791,-0.0164670932776602,-0.0494546940165069,-0.0136978705518809,-0.0423918823777526,-0.0235414730839178
-0.0340096161967561,-0.0710985672563737,-0.0434175709574548,0.00147122985703468,-0.020272821697182,-0.061870613336417,-0.0144353409603275,-0.0288376779274545,-0.0492947155619424
0.0425016191902781,0.00232047893750274,0.00395694484413589,0.025851664815097,-0.00455472866673448,0.0388264645228883,-0.000613668461655428,-0.0172377876781438,-0.0104944524177159
0.036393959864743,-0.0220956285129633,-0.0156631373632072,0.0300708989333251,0.0100500545369209,0.0334976562460836,-0.0107193481522264,0.0156397742053018,0.0200371833540219
-0.0288483830234475,-0.00788235409380535,-0.0215708586138129,-0.0235753724833513,0.0152455869540788,-0.00425943582940543,-0.0286262055114042,-0.00434371400311932,0.0222912557971474
0.0141791866459266,0.0193274721159837,0.00575895970672119,0.0346751468160852,0.0207234955567875,-0.0387791950034068,0.012635396568468,0.02137929681001,0.0177444486461962
-0.0621446262735533,0.00945346756104024,-0.0157024724080369,0.000785577492565574,-0.00680053505601532,-0.00983134738526842,-0.00865994316976814,-0.0284755947565604,-0.0215676553241554
-0.0307822811211725,0.00462342565766532,-0.0305094445191258,-0.00970123966740708,-0.0235967319559668,-0.0163693438527549,-0.00998322716011188,-0.00581188230509415,0.0020289423827363
-0.0447543806117968,-0.0176004248491614,-0.00258241725380351,-0.0196760980528719,-0.00502157208137214,-0.0362443911094001,-0.0108619458493792,-0.0273957009509453,-0.0122318045187212
0.0260181019379337,0.0320484021683643,0.0145911435293298,0.0152253449476845,-0.0106789053273721,0.0589420077447491,0.00785969988169206,-0.00497109514590203,-0.00962250769198678
0.0239526846944414,0.0255756399331345,-0.0131950306584413,0.00305715581300528,0.0158869361356127,0.0177544987189529,0.0158825739422474,0.0028138139835732,0.002000681776726
0.0191965528931946,-0.0144608886985133,-0.0133380548864772,0.00572350447363547,0.00940077941134434,0.00793459127390616,0.0130219017276593,0.00471747417914977,0.0175839198531058
0.0404900260360249,0.0409501885634451,0.0347754902712361,0.0193090893621577,-0.0118579349355949,-0.00748158842512638,-0.0025836745255314,-0.000208218163585197,-0.00558424662820104
-0.0798422634302477,-0.0315023419194636,-0.0527980989990004,-0.0520405604257085,-0.03561037820057,-0.117244586752447,-3.77206380119111e-05,-0.0159133776203294,-0.0296828122938066
0.0497727370659182,-0.0100380866954557,0.0139048222801616,0.00487229321238436,-0.0173425204257301,0.0784880160500298,-0.0128119768426698,-0.0110375533353925,-0.013132084766025
-0.0520424980819856,0.0111236443062705,-0.0127856979415184,0.000476303282621139,0.00115575683676044,-0.0323710537739584,-0.000622389658453743,-0.0149948883232882,0.0039255125254642
0.0165150072933697,-0.00229163741650705,0.0150774906299014,0.00879622187755874,0.0057848192973102,-0.084210809175178,0.0157670893604606,-0.00187841134371952,-0.0190654435904861
0.061513307699577,0.00526817340358601,0.0177808630435374,0.00212118332923892,-0.0216437714286293,0.0287681593001538,-0.0224847832493229,0.00844095670797164,0.00758566542650511
-0.110989514917673,-0.0206973705336067,-0.0460335716419415,-0.0636909668864773,-0.0135226382691518,-0.0793686771989889,-0.0297970269008334,-0.0207845108151453,-0.0408773386752022
-0.00752897950377726,-0.0108051683489589,0.0108519096807652,-0.0301740836202891,-0.013626959206983,-0.0209904688619008,-0.0102421895083627,-0.0406502883700894,-0.00382283047951219
-0.0546673670919145,-0.0360950057772208,-0.0202980712804698,-0.0348129263094144,-0.0100446741952189,-0.0664938395668164,-0.013970409163672,-0.00985799491455848,-0.016889791758527
-0.00315002916757332,0.00207287195069142,-0.00343091714397563,-0.000546590022880072,-0.00933495213541229,0.0406464543724879,-0.00123984981989682,0.00332393454759746,-0.0103677300811364
0.0149665206558881,-0.0171846407836807,-0.0158178652731365,0.031626574009756,0.0186605902854398,0.0137240093621526,0.0113809318871689,0.0182783805861265,0.0235639229032834
0.0295943389837919,0.0157521285339058,-0.0189960830400663,-0.00814324623745115,-0.00922803209306211,0.0183590419820508,0.0124249024292222,-0.014442375956219,0.0168032544246944
0.0211255709275051,-0.0065609018583066,-0.0237412949336404,0.0118519588557612,0.00508576239089168,0.00424266030090594,0.00322156496951642,0.0163310236414464,0.0109856840255116
0.0122827859743273,-0.0188012929107311,-0.00474939596943808,-0.0238700934562079,-0.00812404269668644,0.000642217240315083,-0.0352076084637221,-0.0376847381060392,-0.0219577702225437
-0.0959501894576011,-0.0295423934537713,-0.0553556280653934,-0.0328815435830753,-0.00299775186157982,-0.0749064377484579,-0.0194068756856154,-0.0204330541548093,-0.0139162754917168
0.0502992961630644,0.00229657971059513,0.00753710468530009,0.0234074372296146,-0.00897564061193245,0.0710137407992279,0.00900944200554547,0.017914832466721,-0.00939672822089012
-0.025121330067401,-0.0256950342799521,-0.0182742923169836,-0.00162238137842031,-0.00471362205460602,-0.0158811483547776,0.0157029372569364,0.00577680372232173,0.00932802108124035
-0.04657444640298,-0.0154124336565473,-0.0343581144368036,0.0619283318455435,0.00232910535633912,-0.0106860850447092,0.0123810637864167,0.0169245951601238,0.0124459816348742
-0.0521419240159489,0.00672752416897525,-0.0174693316907524,0.00652765962559906,-0.0182042615237028,-0.0626223912338915,-0.0134996825103805,-0.00613457627960541,-0.0108918606032113
0.0143439798841759,0.0033046622524048,-0.00230115836622967,0.0141737487278288,0.0138163573619607,0.00909047965587389,0.0252028911220048,0.00104671255180082,0.000548026399072389
-0.0195481142922101,-0.018143910633632,-0.0331603240495805,-0.00514575404982196,-0.00725466265182245,-0.055247733295567,-0.0127741885060089,0.00925616250975334,-0.0255319891073544
-0.126306874000115,-0.00417261543365789,-0.0183238975051977,-0.0406826255299542,-0.0025910230326969,-0.0909168888084998,-0.00813941554099297,-0.0331269869916116,-0.00254480654722719
-0.0232326433862447,0.0363882258628707,-0.00151161187734349,0.0052587665429155,0.0204878382129511,0.00668025327237483,0.00243439844250977,0.00660709706232167,0.0395431738647283
-0.00083340962174521,0.00559922199660435,0.00922021151987444,0.00118848737556243,0.00360000779190251,-0.014812267194041,-0.000463657808061905,0.0223998378377915,-0.00685794704514628
0.0121640948409826,-0.0177556676001568,-0.0143524960210543,-0.00370674520206659,-0.0186073323993995,0.0132783242584924,-0.00136483957633182,-0.00470870333428773,-0.0297000919870687
-0.0862414397792786,0.0213480660369565,-0.0639832683944406,-0.0176778445187565,-0.00794335193330662,-0.0793156900770019,-0.0268936532284991,-0.0370296691663665,-0.0302906385240009
-0.0286100161285746,-0.0233083812726487,-0.00741107383237923,0.0109598010068441,-0.00551570768665251,0.0430557711920539,0.00955780543348205,-0.00320598263479603,-0.0155481823875358
-0.0525513385632658,-0.0166812098389442,-0.0378471420705243,0.000447989666540258,0.0131274251321873,0.00327910626167097,0.00638973353817224,-0.0022075381780721,0.00461691426074489
-0.00772548105146076,0.0165721115095922,-0.0040062272584582,0.00944704559527146,0.00855255913253923,-0.0508537316571452,-0.000128283406747631,-0.00994530574824549,0.00169725705943242
-0.013631827289406,-0.0253080241346941,0.0121348517141758,-0.00915986589188143,-0.00974266980284439,-0.0116981602605614,0.00254188323088375,-0.0167784917827598,-0.0136427486629473
-0.0152450657826401,0.00673005039979589,-0.0182702602611876,-0.0182508924644154,0.00216155550401615,-0.0811862374295446,0.0112384577191712,0.0193807296220932,0.0116373980486101
-0.0688374903045705,0.0063833053023963,-0.0240418262210397,-0.0292657009179574,-0.0117116233932942,-0.0807602778844979,-0.00545055165238043,0.0014880937301155,-0.00487279583489107
0.0167971380284724,0.0354319057695494,-0.0203412488048753,-0.0133079827999328,0.00145056874053374,-0.0211802507982846,-0.0121419771238484,-0.0141712815213207,-0.00263504110026269
-0.0671111828299366,-0.0221771371946906,-0.0269956308660632,-0.0337436096626179,-0.00717006556604825,-0.068872238590622,-0.00352709955474494,0.00970525438735576,-0.00746282510682586
-0.00431665534790362,0.0159600236030965,0.0166770773924107,0.0314923464287821,0.0145695137757184,0.0143086553348368,0.00694491444280617,0.0232888649171095,0.0075040549578245
0.014009378303488,-0.0293277666545376,0.00741782983070955,0.00871754778053984,7.39830922754622e-05,0.031961284372253,0.02521132053678,0.00852961768225144,0.00420130672323792
-0.0651515535711383,-0.0330603370418005,-0.0385523836863456,0.0172145122191543,-0.00648508778101901,-0.0953703423815106,-0.00656155292947534,-0.00906431017166808,-0.00171016155326856
-0.000117912237409666,0.00708344327020208,-0.0196656835604945,-0.0295300492264126,-0.00414004534474798,0.0180715813271662,-0.000958642102342555,-0.00357659049975713,0.00157410200476937
-0.074842401125823,-0.0440892768947675,-0.0473113224456251,-0.0295843151982223,-0.00828483768952977,-0.0638358089262278,-0.0364047959585597,-0.0461366116060209,-0.014824335314416
-0.00722911493620229,-0.0437301571907092,-0.00726716251677774,-0.000922110665120483,0.00554689234813683,-0.0223326961257498,0.0102699632611122,0.0125403550928452,-0.00104998069414192
-0.0117671730196722,-0.043801341848934,-0.0465894090487633,0.0244085377357286,-0.00582949065952219,0.0059718025013361,-0.00703671208272786,0.0205059897921142,-0.0269500117659846
-0.0488452361348823,-0.0558066933060436,-0.0385153468750202,-0.043814274768932,-9.0731721864065e-05,0.00122496856693549,-0.0035246128860335,-0.00548676668559195,0.00239669550764518
-0.00528252256471411,0.0240433707120696,0.0334664024483719,0.0147025607245046,0.00181280198692112,-0.00737589146553006,0.0165403913274777,-0.0132299423821157,-0.01021508961231
0.0272199770377737,0.0355606816223014,0.0167413107683661,0.0258637980133648,0.0101202526872379,0.0235622214294536,0.0325160278224016,0.0343524705040095,0.0343207530788393
0.00124670714663552,0.0032335101243259,0.00905335990832776,0.0466827145382576,0.0148392053627452,0.0207297462569702,0.0297197512366308,0.00836032872532702,0.0381079324348699
-0.0702431757350247,-0.0142285808874492,-0.00496186971549317,0.00930127004715356,-0.00874244586213331,0.0130565858025913,-0.000223055527425631,0.00945956321556798,-0.0179177344176369
-0.0272397387558094,-0.000700477723421526,-0.00651675673122255,-0.0331747595648702,-0.00738861434555507,-0.0189221598786829,-0.000514653713629332,-0.0288625316091957,-0.00111323272863887
0.0177398965241703,0.0146003786978304,-0.00926224497168871,0.0105550939235831,0.01400731046971,0.0402928596846178,0.0155230938822074,0.0197987267875455,0.0107889855568221
0.00276682089254237,0.00976248601047359,0.00260066656109953,0.00312464784682053,-0.00107785475659023,-0.0154587133863566,0.00843663846946949,0.0108752576515986,-0.00286034127611043
-0.0382724410764693,-0.0157100803303404,-0.0118894253446884,-0.0198254668158294,-0.00995017455106779,-0.0450684115805616,0.000899302774930206,0.00312102770161785,-0.00912421432675347
-0.0318860763542944,-0.0183986264397732,-0.0434860374038588,-0.0190181460060734,-0.0139076491461285,0.019816946088525,-0.00282741782690648,-0.017128544372852,-0.00441519327918396
0.0492837227247155,0.0351059847210735,0.035512855082168,0.0443430404607416,-0.000491428106790127,0.0397108946139419,0.00543948699547068,0.032062847470936,0.00182760616813782
0.0835537079973702,0.0117156929232369,-0.00378754036214748,0.00757412402323541,0.020604451478966,0.0862980382162711,0.0222196104876727,0.0378753067587778,0.0352482260943845
0.0249204463670064,0.00951452870715592,-0.000740371472611934,0.0367561256433091,0.00815353147423648,0.0147652030045511,0.00625368405324227,0.00072390700274953,0.00170049582999628
-0.0354504628921331,-0.0269677475875766,0.0253492854367835,-0.0440619842981291,-0.00532887502058002,-0.0373084077521303,-0.00692560138700898,-0.0301035045193126,-0.0345272129447765
0.0128756456075621,-0.00880106871877422,-0.0127997427854908,0.0298389462100749,-0.00741503764020211,-0.0293212961690628,0.00504656294005225,0.00690820236352748,-0.00112000994847875
-0.00224236828930451,-0.0414572095175951,-0.0365245014047309,-0.0159294847324302,-0.00784359612711451,-0.0977717795350899,-0.00586675618105547,-0.00869549807960894,-0.00790952418219739
0.0247492817180356,0.0160898722142368,0.0318371773818124,-0.00730234501883666,0.00407371192959344,0.0184522726013327,0.0126705446408451,0.0205239548188414,0.00466167217595975
0.0105957944936047,-0.0184022385190441,-0.012849868521471,0.00051826057279782,-0.0192965019364137,-0.0195572496508142,-0.00589591866948174,-0.00574808735582608,-0.0183210467216173
0.0267305602478589,0.0426801537543728,0.0114826785241576,0.00574331689611025,0.00579158505464537,-0.0322729223891751,0.00967256270927649,0.00765479823979362,-0.00375741364645538
-0.0249797621824044,-0.014457235557161,0.00717688774421741,0.00716315684553742,0.009505047449504,0.00440542008505666,0.0413472209657769,-0.00358257554211721,-0.00189857501865912
0.00435824941306612,-0.0273329998694574,-0.023921129824957,0.0153418697450113,0.00562984208570769,0.0895284571900379,-0.00500027401893218,-0.0190863551634014,-0.0279471369923613
0.0381009952967143,0.0396820496958545,0.037763810685948,0.0389072064914658,0.00724920368852503,0.0223252940009263,0.0134619513284445,0.0248445290340891,0.0253377446983497
-0.0560790456896189,-0.0177819462885293,0.00432143125273908,-0.0144382599377631,-0.00635419257939367,-0.020421440490108,-0.00732130145890132,-0.0256208074492185,-0.0307822796272525
0.0668862888018433,0.0140556827984195,0.0203691502475618,0.0193436152993779,-0.00269466131608124,0.0209624895563749,-0.00948412790315813,0.0111567411627623,0.00129091065111294
0.0596985780180733,-0.00128886020546,0.00378762528539014,0.0496055697630666,0.00243495084436003,0.030557353355567,-0.0181662667182492,0.0331153771293381,-0.00768015665877174
-0.00147377943821762,0.0166495625588846,0.012686749334257,0.0305589288634379,0.0151865081686961,0.0186426939122576,0.00970069596291695,0.0363041708029046,0.00999267282091918
-0.0222526617178138,-5.4792232973492e-05,-0.00766273554025665,-0.013025178495065,0.00202414656437805,0.00177396054443225,-0.00888960665034776,-0.013356726976988,-0.0121940274400585
0.0286872721402201,0.0129731239503738,0.0120197009857672,0.0213183925421492,-0.0107911280770396,0.05826415978313,0.0130212510500122,0.0214013077406587,0.012378240115682
-0.0377071706559607,-0.0114108785674623,-0.030163881560496,-0.0467252467094212,0.0310813250718405,-0.0779237699559446,0.00752574358031947,0.00292041073728934,-0.000966270990996737
-0.0332384233232214,-0.0166038564471234,-0.0237114944025016,0.0240220443520883,-0.0206922545866263,-0.0435139133451394,-0.00627698325819973,-0.0173385399620164,-0.0258869223772695
-0.0188263154566066,0.0104380948954379,0.0189398762812938,-0.00206497315889209,0.00199399627892396,-0.0360032646454885,0.000188341168125782,-0.000609153308921156,-0.00512868678566218
-0.0463023797229108,-0.0195714205812166,0.0210183827495929,0.0340614599376861,0.0099279079698758,-0.043651242462547,0.000750440102096951,0.0378333255614994,0.0181539853538901
0.0192016334386704,-0.019292825640183,-0.0155873517080236,0.0042213861441754,-0.00566267972887313,-0.0225966146591527,0.00631714889428142,-0.00722940074996073,-0.00869079633678681
-0.0178165284951769,0.00558921888108441,-0.00322135712390128,0.0133298665976624,-0.00161390210583861,-0.0357435923337018,0.00574583801242415,0.00600948766782841,0.00737540417712221
0.0679745686338118,0.0498136055163167,0.0357319562214538,0.0258123959802768,0.0226585460304462,0.0458988833116839,0.0170279954903409,0.00321600443495471,0.0407234736233226
0.0490771810037897,0.0209879571571449,0.0237150560363468,0.0256714470928504,0.0108259247722278,0.00621021408102143,0.01224016649335,0.0249136431307641,0.014993353099323
-0.0133215727111518,0.0168269367338485,-0.0205672103418846,-0.0115937691295552,-0.0167285023219411,0.0108312687618657,-0.00452314359679756,0.00299065118012782,7.71204608191631e-05
0.0799319798967753,0.0649302015427439,0.0505741434502254,0.0638907527331108,0.00939151768356136,0.101164351582306,0.0188531469993162,0.0248418141301594,0.0275392901872382
0.0592077602319621,-0.0165374550527571,0.0100579974548237,-0.0119720428995315,-0.00563057829395124,-0.0151246179503893,-0.00745132163626936,-0.0228248300884033,-0.0165079108906945
-0.146833934193909,-0.0699090843341128,-0.0525495950961854,-0.0468623547885387,-0.038478785670365,-0.144597560362644,-0.0175793223442465,-0.0399569359082232,-0.0446399035048732
-0.0158560620825499,-0.00475346922752502,-0.0314223255445659,-0.012114112828319,-0.00303185413869315,-0.0376260779496055,-0.0191019257326625,-0.00281794013400104,0.000943770422370422
0.00932665041665027,-0.0188355711552151,-0.0438105307739584,-0.0162102027986136,0.00128455663160838,0.0172396500621706,-0.0260743052757929,-0.0121197556227046,0.00602787522965444
0.0252132928124559,0.00214521303080557,0.0248176011050619,0.0394174501616608,-0.00796894159398331,0.0784875698021366,0.0035231121774471,0.0233555010213314,0.000852813804697191
-0.00773986161143267,-0.00627396091221807,0.00410735045762385,-0.00196500941230261,-0.0156973636373266,-0.00258016401800034,-0.0278775471597973,0.0119695526358929,-0.0166571446457882
0.0274118699257636,-0.00814503756371749,0.00771178565936496,0.0173571544916828,-0.0187765638850604,-0.053515062679955,0.00549500530719901,-0.00203770674862631,-0.0305097155944262
0.00615856318018742,-0.0140794357532461,-0.00961828480829132,0.0298235724289372,-0.00404877612905012,-0.00788563257904184,0.00531587714049531,0.0274394265359983,-0.00208145623909205
0.0442965795587297,0.0451917435279419,0.0452248405388998,0.0404606142521504,0.0383531153424724,0.045625006070659,0.0270517780904836,0.0253320825365028,0.0441497204574957
0.00899745882663415,-0.015656506976891,-0.0355633340907733,0.00427436410826683,-0.00435795126995392,0.0043902604493982,-0.0208801304023344,0.000392908667244595,-0.00588502661606472
0.0585469327391106,-0.0454013320375678,-0.0186317090914178,0.0154943729105343,0.00543713393302766,-0.00365051313665437,0.00586008736487795,-0.00137087030539012,0.0188696372867088
-0.0138542972696886,-0.0135763018898899,-0.0411079405391452,-0.0231815050249083,0.00948536653734276,-0.02869221630816,0.0137017762785327,-0.0135248105776863,-0.0167712486145502
0.0205082815265925,-0.00936786131939188,0.00404636909488662,-0.0139485347016603,-0.00768250022341463,0.0534915249303244,0.00226238444697222,0.00933591039418695,0.0163174206531229
0.0927245998857021,0.0242110505275951,-0.0212141003042663,0.0651460693903885,0.013691361430095,0.0672608946859031,-0.00061770221230227,0.0159500856573651,0.0193160994083553
0.0307970008541116,0.00736784517400844,-0.0115199312113233,0.0127514400498208,0.0178147288855981,0.0497320000829989,0.00826244148309888,0.00841858104877259,0.0155926416841051
-0.0523507654841899,-0.000709328512452315,-0.0111466210008426,-0.0292683518462709,-0.0127357706488638,-0.0773050506766091,0.00885659603286628,-0.0118468491055137,-0.0186195378701185
0.0158780073262581,-0.00570956648377111,0.0213800886831405,0.00223125141893813,-0.0257478643073254,-0.00764510568554655,-0.0115281044146651,0.0106668127101691,-0.0122520429033387
0.0120015596895554,0.0111773472160847,0.0172512161428525,0.00928207333582072,0.00717729105238367,0.0159458606239064,0.00640818306758629,-0.0188556099361446,-9.10133048132567e-05
0.00153640487443958,0.0217018796303277,0.0183654158820168,0.0828969985145624,0.0125772980535379,0.0454585518263917,0.0213999143435617,0.0234236684934685,0.0290660511253059
-0.0508547613763839,-0.0240422806210938,-0.0470324642341425,-0.0307051748910674,-0.00193296358526501,-0.0317273191431095,0.00307182852515806,-0.00876792601656025,0.0081687634227367
0.0840664475258039,0.0239806074008824,0.0276563327190926,0.00236813032788655,0.0111374809979402,-0.00229310841272749,0.0351360114592078,0.00833366701921782,-0.0162037127111007
0.0516272114320583,-0.00506996638415248,0.0158289486575695,0.0031856467490958,0.00906497688159525,0.00844930534567383,0.0185618816871396,0.0121014326808453,0.00549821704122123
0.0153256123066238,0.0101185877290871,0.0143008558176672,-0.0286160213757122,-0.00667299436283449,0.0537448204013384,-0.0446665118933514,-0.00165431230636369,-0.0281517968865432
-0.0520421796322831,-0.0385518545213623,-0.0296074901980722,-0.0388111963957773,-0.0165363415447828,-0.0348509334610431,-0.00753578618537703,-0.020152103137351,-0.0161833689871176
-0.0256523550850517,-0.0265223132392873,0.0108831995245569,0.0138641109922546,0.00926182648453638,-0.0282845547143638,0.020438453958689,0.0129053810014248,0.0198752849350204
-0.022562765827262,0.00196979974057678,-0.039865169413559,-0.0055465153240001,-0.00238822075248887,-0.0568374555392331,0.00760347742541275,-0.0144472724194287,-0.0295227384579241
0.106167340681134,0.0699073549769997,0.0453834684551872,0.037486576730622,0.0117197849180644,0.0642573755243957,0.0169784956502411,0.0289659746422631,0.025920888754499
0.0544953006765091,0.005097716219483,0.0160536615009598,0.011660526355696,-0.00956446823119789,0.0180416169997617,-0.0130657773279421,0.0161832267782234,0.0094016554749772
-0.0236800786231958,-0.00183372903377123,-0.0292010615453023,-0.0217851171830434,-0.0119334141854308,-0.0168429655750744,-0.00311676671009745,-0.0108077706129627,-0.0152874215535244
-0.0409338911713303,-0.046354294164705,-0.031466924884047,0.0113580664796885,-0.0275879856528251,-0.0348075263481902,-0.0207438728953042,-0.0181022654806251,-0.0230255066814754
0.044304175338445,0.00283769782111803,0.00154483758133126,-0.0191119397999794,0.00693419988376738,0.0164689472464799,-0.0122620831026934,-0.00210756873591945,0.01199864158602
-0.0142562478490058,-0.0342607165127541,-0.0117220794521482,-0.00999815738038972,-0.00562792522781105,0.00470055791058832,0.00457677972850363,2.4290043238313e-07,-0.023929512024533
-0.0403201601802295,0.0237150277673966,-0.00428957339993028,-0.033575977330234,-0.0340794539194945,-0.046177220334277,-0.0246525773035175,-0.0402278108918455,-0.0361162157978066
-0.0478089191827324,0.0182939862425696,0.00336122521536264,0.0161857513148559,0.00234610053695708,0.0520576139842008,0.0335585479437105,-0.0125240759147225,0.00537858576073991
-0.0444404247042183,-0.00121390243357475,0.0105434851119695,-0.014934984836892,-0.0269095769526205,-0.0372748742723969,-0.0348749433011037,-0.0322908537472576,-0.0267896981899087
0.0274304089224593,0.0442017664980911,0.0323710507971128,0.0875438188944448,0.00485122602317548,0.0271982354667968,0.0259316199018143,0.0354255332754446,0.0214315731252104
0.0689136923028588,0.00546148692133259,0.00829102736937011,0.026098579152078,-0.00225003170992412,0.0126464394793964,0.00435395527915828,0.000777335013196593,0.0135193316034293
0.00310952641028057,0.00507841917302341,0.00254239570485691,0.0197078389547842,0.000430409240146285,-0.0255791217279933,0.0093328388225107,0.00318571654691793,-0.00979035601361435
-0.0406251832495805,-0.0150860679725941,0.00995038222912405,-0.032819818056705,-0.00612581808183529,-0.0368945133573193,-0.0308557129719036,-0.026779868270331,-0.0105879292988373
-0.0468654640442794,0.0025398512492705,-0.0123636977072177,-0.0184655344884221,0.00409292620198895,0.000641036306553481,0.000325655696299212,0.00430876345102165,0.00446208437875074
0.0425372027809561,-0.0634289856574166,0.0143807779117471,0.0364651937596676,0.00944671731104924,0.0144907445619772,0.00869091478008141,-0.00386844468645407,0.0134686921150662
-0.0632445415692821,-0.0189972438119683,-0.0301132992685089,-0.0129231955460842,-0.0218388767745332,-0.0687277287627149,-0.00273602253156359,-0.0211603315672107,-0.0380527141731473
0.0559846418940239,-0.00112169436769436,0.00473568720781534,0.045944798045912,-0.0220603561958026,0.0629048391042749,0.00358647032686871,0.0135490201598955,-0.0308033842923981
0.0772471329286851,-0.014587511082682,0.00325407343336828,0.0107048662796002,0.00347793280255298,-0.00892978547663655,0.00989782474026967,0.0137629252158007,0.00351877731002769
-0.0100100995124456,-0.00932730002472558,-0.00295029427310429,0.00620229842731866,-0.014059211795552,-0.00526915968917745,-0.00623778881504496,-0.00629875077372817,0.00313483291340424
-0.0193873196015303,-0.0312339072074564,-0.00563013272693108,0.0262517518743243,-0.00169112256560986,0.0131806564417059,0.00276223359218464,-0.00146412077297684,-0.0149639164130906
0.0466692613968127,0.0405490322950498,0.0376639025984757,-0.00496852813393696,-0.0206534311759763,0.0710578329710441,-0.025653830724488,-0.00316894242035572,-0.0123637019512032
0.0360194008598912,0.0192602374347447,0.0344635282594741,0.0382019429409933,0.00274355013961419,-0.0297023756535427,0.0100560123535268,-0.0143537060286577,0.00440698036629211
0.0835937641288672,0.0513941784698608,0.0566896294070735,0.0221064924155245,0.00890220568563295,0.0852535983376703,0.00878175035640296,-0.00530445286651097,0.00841857470969835
0.0535305778112661,0.000768194081126429,0.00545845474299366,0.0191887750781339,0.0264994646576953,0.0675142560245093,0.00602944498346029,0.0120188470450583,0.0147576173880284
0.0102613864731873,0.0552670433523679,-0.000660248843661788,0.0935775565846918,0.0355947073577713,0.0104273243153563,0.0653571446477133,0.0475303042962609,0.0483190348205765
-0.00568468472770004,0.0059972739283486,-0.0135791424845986,0.00439407249569611,0.0109404676279322,0.0275313309764374,0.0152993004818116,-0.00915927479325271,0.00396526907381697
0.0429457456155017,-0.0500620739047209,0.00391259953657156,0.0112653489069732,-0.03006964275201,0.0404413040903985,-0.0145122761209292,-0.0266312178907995,-0.022482748943496
-0.0260996426745881,-0.031645693320531,-0.00492704923993691,-0.00650960713000435,-0.0301453333791585,-0.00463400793911842,-0.0150184906418787,-0.013017871919998,-0.02984650727155
0.011703611779742,0.00586483708128102,0.0350903560409844,0.0156316601749704,-0.00700568465466714,0.0218385680593684,-0.0179360177639618,0.000687671344590856,-0.0118376028941031
-0.0236434396162823,-0.00348073745806958,-0.0346660469435801,0.00427714645208393,-0.00361067916891706,-0.0114463736673677,0.00393255160173278,-0.00816702118885244,-0.00526442792015329
-0.000164713844762391,-0.0163452791969968,-0.0119439196093654,0.00344661326853066,0.0114470569490903,0.00258108846484143,0.00692287657738715,0.00111638283357628,-0.02259135089869
-0.010730890785287,0.0103239453007839,0.00163158929061429,-0.0218911532518721,-0.00386173626692522,0.0186586001526953,0.0102962543069157,-0.00304355043369005,-0.00169233027214741
0.0111347206675987,0.0100922494240099,0.00421951867696772,0.014689833946655,0.00494978008218712,0.014964157922004,0.0274073807238953,0.0121285000058046,0.00723637674726307
0.00148638412687878,-0.0252807177543947,0.00878035375925504,-0.0200850813720113,-0.016244317851361,0.0101797039042216,-0.0338953859696803,0.00269778756455031,-0.0159512959993542
-0.0246248143467954,0.00231102440569761,-0.00331629325087362,-0.00580604386628242,0.0131662138232512,0.0332468192820262,0.00264675269611417,-0.00729617539589355,0.00484950413922455
-0.0468285966660807,-0.00113036985317267,0.00975622010888896,-0.0316767466219273,-0.0161973991624945,-0.00706730798689108,-0.0163079160984969,-0.0400675803378944,-0.0259403406400937
0.105651593688884,-0.0113209198703409,0.00680542665872392,-0.0168849138898774,-0.00598903754268029,0.0648889806559209,-0.021008270709916,-0.00491986681069331,-0.0147843488237457
-0.00997231481581681,-0.0255217077805135,-0.0514106456015586,-0.0208735950461474,-0.00247622943069525,-0.0399918661386499,-0.0402421705487214,-0.0116407635182885,0.019228837729937
0.0235337565382184,-0.0175543835711498,-0.00408540027699746,0.0330209028435946,-0.0105778846406948,0.0421773647178715,0.00722793437623754,0.00425706869114303,-0.000112101196553615
-0.0106427924598875,0.011109505267206,0.00475265347628433,-0.0420875820388419,-0.0033659003679132,0.0023052324577791,-0.00905187853543427,-0.00931177786526947,-0.00142572793480424
-0.135014775154023,-0.0637072300193242,-0.0111737995128741,-0.0799879392218743,-0.0117742123297206,-0.209195799516045,-0.00889399634168803,-0.012433126377691,-0.020424488224753
-0.0103530329924857,0.0186474027313864,0.00397313444688372,0.0145344351052366,-0.0269118868636199,0.00538930636463782,-0.00315025431842598,-0.00370845655567383,-0.0318523407871988
0.0220250607025794,0.0213089359279557,0.00791163192519259,0.0068277833333519,-0.00141406022532779,0.00113639922992349,0.00263826778287028,-0.014302539170669,0.0100238502458708
0.0199376886853641,-0.0110021046221839,-0.0160426949603153,0.0279705625403122,0.00400320176951304,0.0513428412065621,0.00794465748324687,0.0187653891260453,0.0148014331122113
0.0807278429189025,0.0158936478396032,0.0140835074576289,0.0361032897666418,0.00748367789044903,0.0815399342901239,0.0385170242046967,0.0232209229894658,0.0495331492655753
-0.028903488060173,-0.0214701351137094,-0.0202496494717347,-0.0472781907199985,-0.0013530676285512,-0.0314932114307306,0.00777612641742547,-0.00736953800175737,-0.00172150116689121
0.0221537652133258,-0.00205263306456352,-0.00659450638246737,-0.00602279213325756,-0.00712040222505104,0.071165841375281,-0.00960710547593579,0.0220019254724001,-0.0165329803988843
-0.00245373719950239,-0.00568869359360791,0.012085958979115,-0.00287649464664772,0.00782486703107728,-0.0290523878533785,0.000198639920487299,-0.000305494137988782,-0.00702566986535321
-0.0540548790019826,-0.0490437005868001,-0.022576013282883,-0.00637349291992084,-0.0214300478119952,-0.0559151444284978,-0.023798159418579,-0.0109333332528986,0.00841822020489412
-0.0209618179619847,0.0137202785480433,-0.0215315111511494,0.0131139648962622,0.00578795406589594,0.0585565427949908,0.023845565459938,0.00928667016794693,0.0202631965584151
-0.0579827632884416,0.00877071753934859,-0.0143611724126472,-0.0381743260901849,-0.00537095161084114,-0.0480952387140454,-0.0263961224192694,-0.0237592728699755,-0.0109806108330184
-0.0739331933302599,-0.0389453936205324,-0.0683135461294022,-0.0411631991882459,-0.00844184524882732,-0.0293542502656383,-0.00797702964419663,-0.0169273426505974,-0.0149331424991835
-0.0505850734446066,-0.00876278039999649,-0.00567719334511408,-0.00707718746396309,-0.00952025669880805,-0.00626396713475733,-0.00359870589207691,-0.000621401251900419,-0.00582460384109724
0.0158445101385319,-0.0239668450117246,-0.0224678353436436,-0.0123232520669319,0.00244874179142592,0.0198835366900794,-0.00431050897754847,-0.013258539173964,0.0059619384428913
-0.0764908198977436,-0.0379441198660745,-0.0472350004999264,-0.0424688598191027,-0.0291414755692308,-0.100198866125608,-0.0347964866010479,-0.00481530318109201,-0.0315589708935599
-0.0210046258131845,-0.00720974010476047,-0.0114205183189546,0.0212742768488239,0.00177841158638458,-0.0108110172020513,0.0159730067055825,-0.00128737931719366,0.00161533234932771
0.136498757039248,0.0435746532859899,0.0332413917461126,0.0179748165019814,0.0160405840277737,-0.0966613319843006,-0.000379299075517022,0.0262763725068185,0.0397999566766585
0.0478199986623902,-0.00510414473143656,-0.00785118531634398,-0.00165787604112768,0.00821938955720173,0.0461040634098047,0.00807078912657105,0.01834685439086,0.0136447660984006
-0.0170383960592759,-0.0418086783389343,-0.0238031137009709,0.0122622850079905,-0.00694891667032371,0.0276016407293109,0.00682668758745096,-0.0130933040819672,0.00118038024764175
-0.00357484529544912,0.0173925123819094,-0.00365396003770613,0.00332994568120216,-0.0060140511538951,-0.00851836765586747,-0.0119366191510986,0.001417866851511,-0.00236394426981685
-0.0581541135339146,-0.00633440246079143,-0.0353545943501029,-0.0387376534114896,0.00250233061210795,-0.0858820107454992,-0.0183223166909029,-0.00223509526823878,0.000708776439415276
-0.0410614971502849,-0.00340177020879763,0.0198882632680773,0.00491666569090364,-0.00354882881310093,-0.0284328129633731,-0.00243439910554288,0.00105644728176681,0.00141296208269517
0.0218933777641311,0.00943908078010114,-0.00195950426220774,0.00514684358209502,0.00384120469900907,0.0032986523062973,0.0135053232053557,0.0311118685351762,0.00896308027029458
-0.0618221330562461,-0.022466775172437,-0.0115819297682551,-0.0513212849295392,0.00642197784467953,-0.0344408889152972,-0.0152766673322997,-0.0238226673961133,0.00754708908763768
-0.0365398051624494,-0.00761221369420483,0.00610740774108802,-0.0101823794080253,-0.0154692621369681,-0.0297800494395419,0.00204815393413369,-0.0109417418795958,-0.0263544825932383
-0.0341925145593285,-0.00125108212427953,-0.0475332745144599,-0.0189667170672793,0.0156396999104452,-0.0613973792232476,-0.00107805172538952,-0.00663374834526583,0.000187045704434658
0.0289715497064302,0.0101722343243751,-0.000930529842269008,0.0429346092701612,0.00948293081677458,0.00350420538239685,0.00932658803582489,0.00881424016323353,0.0219241805055241
0.0365695103688135,-0.00987828181172714,-0.00653200334626418,0.014759171113604,0.031606156669574,0.0367550212271869,0.0446439795360256,0.0238548764696713,0.0274613199604489
-0.00181648306495428,0.0018736539628137,0.0124735622076612,0.00290731305656967,-0.00775622342893008,-0.0101735631807016,-0.000755589515967175,0.00320350300544095,0.00345827457116427
-0.0516988597088984,-0.0305379747788081,-0.00321650484172942,-0.0235381377830785,-0.00905093065546353,-0.0704861506958842,-0.0291525381192436,0.00717531761114283,-0.0129703464395254
-0.0122042920102512,0.0293381023961535,0.00222173045612123,-0.0118372923328975,-0.0214584170802611,-0.0304985121194794,-0.00820057457198345,0.0128721577041337,0.0102382151609625
-0.0326957607372915,0.00785237853529056,-0.0161078779344066,-0.00679719686096157,0.00928688808091486,-0.00150950358392421,-0.000467625723690311,0.00941257582067152,-0.010795181820531
0.109659986860891,0.0446350525745219,0.0445281385009159,0.00835965430041471,0.00821487267519084,0.0871743577656498,0.0224622373476687,0.0200726723107472,0.0140133553880045
0.0560726123344094,0.0402780412101459,0.0231804470213229,0.0313336586629798,0.0115890970379087,0.0948538281551826,0.0240539179813553,0.0220470868497911,0.0417257000410429
-0.0169147204315553,0.0388972716125226,0.0173711841903788,0.014315757573379,0.00853709684266114,-0.0428130955779749,-0.00488198167428077,-0.00769184250156903,-0.00973027884101351
-0.0329025401460858,-0.0333593347628493,-0.0182567296719055,-0.00233322632014729,-0.0158295404265359,-0.0428198160464099,-0.00862872772061473,-0.0169473327103731,-0.0143128415992361
0.0245130716748113,-0.00538188641765858,-0.02144866680382,-0.0135944761042361,-0.00714776655872727,-0.00573471773156911,0.00167048353221177,-0.0244308223422777,-0.0149237190296483
0.018090289210309,0.0353254144128288,0.0441372658469412,0.034425622071118,0.000967160531623865,0.0101000955761157,-0.00410124338800387,-0.000178410760639451,-0.0165296619880217
0.0518853372163391,0.023870558334322,0.0230206899209469,0.00366560904272461,-0.00315640171689065,0.0199425976963827,0.0215996399200162,0.0144039217711808,0.0233954715972639
0.033403524052196,0.0494381809474566,0.0287265188845265,0.0522995626050638,0.0254566014158906,0.0878047205177577,0.0268202942926881,0.0205344656389084,0.0354119472841142
0.041475320236604,0.036582175701902,0.0449757395699624,0.057718645978424,0.00724232674392961,0.0597327207725271,0.00655132920168619,0.0218056831473694,0.0384694701697518
0.0848975860199878,0.028964368558594,0.0518836321460602,0.0226528522182802,0.0124804728566915,0.113048817399998,0.0108539780958951,-0.00867247506698281,0.0259154001199666
-0.0234235795571139,-0.0408324934648237,-0.0305354137904937,0.00477158004000628,-0.00809049948196281,-0.0105203835256465,-0.000358723323206428,-0.0247629481058677,-0.0165215539977794
0.0251287154992237,0.00420583163678637,-0.0214648273568493,0.0235024555245119,-0.0194889722528761,0.0501688206772792,-0.0132325697965638,-0.000627500310734922,0.0154380894429001
-0.0162614991232572,0.00458441188880234,-0.0255960091966493,-0.0128449170059536,-0.0011913326328507,-0.0137941644760496,-0.000480481698047717,0.00677830542320631,0.0257020647830025
-0.0117726897323573,0.018692131533818,0.0188379271198977,0.0209117640056721,0.0226723609122995,-0.00444938292441932,0.0169181574294898,0.0166572983461426,0.0156486022728196
-0.0448978868490138,-0.0408295147614299,-0.0168037310844061,-0.0286532830067536,-0.0182037004626327,-0.0447116320639475,-0.0203900701633069,-0.0039232259219182,-0.0094942602754797
-4.61116374610056e-05,0.0318911004765597,0.0159160743793303,-0.027563662221733,-0.022474157684989,-0.00399698729516266,-0.00078284014380856,-0.021196842845407,-0.0141195916855668
0.0359939091117041,0.0104237708603614,0.00163049373236771,0.00349095815717004,-0.00949027965470067,0.0179640439890516,-0.000749822749984074,0.0217338943045438,-0.00014962484033928
-0.016758519271764,-0.00961945182824731,-0.00996377378533292,-0.00320342809937256,-0.0279723084594282,-0.0504840317605667,-0.0236810297310074,-0.0435824918421931,-0.0458932492177887
-0.0811155067865791,-0.0145805763839906,-0.0313715780398584,-0.0180657408299829,-0.0171003868124088,-0.059868248766087,-0.0193484064208998,0.0022737995226313,-0.0170869537233072
0.0378420270027362,0.0140749963255636,0.00297769531779855,0.0406520435716681,0.0392072653333043,0.0236789315483846,0.024634914256018,0.032681581242028,0.0425283256088658
-0.0983724445186636,-0.0382587257957876,-0.0749156380011859,-0.0697790274443938,-0.0249616358748495,-0.126850101542771,-0.0190869251457997,-0.020995886306835,-0.0143381285458895
0.107856719803949,0.0192991423073777,-0.00434881444546,0.0051314968206652,-0.00954764334431723,0.0903548095601478,-0.0135871051425249,-0.00594835295174588,0.00112346926812308
0.103988614117441,-0.00145656208250395,0.00724605016672491,-0.000139174206129779,0.00191150931534167,-0.0221328006442662,0.0140029788888636,-0.000411044121353486,0.0234984700713888
-0.0730463484823634,-0.0652877693844823,-0.075795556615349,-0.032566514622515,-0.0401561440312208,-0.0589825123969293,-0.00916096704119327,-0.0428828201498105,-0.0585313999740977
-0.081246354822873,-0.00375011056617444,0.0051411198624302,-0.0123468251985782,-0.0292645123870535,-0.152505624508864,-0.0387328894982565,-0.0078347537899581,-0.0424329935029424
-0.088256624205582,0.00869564291714437,-0.0225701938414508,-0.0567776965876212,-0.000963315611539818,-0.128506767192609,0.0134611198958336,-0.0289506686455125,-0.0190759545126559
-0.0444101476444833,0.00170786619732388,0.00220403540278994,0.032706607626511,0.0106674112138682,-0.0378090290669471,0.0128607081436816,0.0401968535496129,0.0056762527066876
-0.0173398459853061,-0.0290724532195138,-0.00907434283408174,-0.016379427102551,-0.0182894350383128,-0.0485958459715677,-0.0324235885561489,-0.0361785167143471,-0.0146162276810265
0.00912611752131193,0.0310052615262983,0.022117610424195,0.0135606499200949,0.0105851520782589,0.00661019800603334,-0.000941846467100176,0.00233159379976329,0.00465595305302511
0.0837160930597344,0.030313205703023,0.0355176843115751,0.015722874125636,-0.00664473500081234,0.0320478008261896,0.00574013304848026,0.0131787104604178,0.00796919292370674
0.00293330748762969,0.0105044497647729,0.0114045683729969,-0.00449878148509099,0.00543328377254164,-0.0269963094038109,0.0112524604205283,0.00031518307553838,-0.00367414304947294
0.0027342922978609,0.025070872661422,-0.0191254858922974,-0.00213266763654615,0.023019045566154,0.0349512268019098,0.0109790622789271,0.0141637746859116,0.02346372869907
0.0910053715202692,0.0464869588877795,0.0349757518757245,0.0394395506146107,0.00488811765467799,0.0438271401119009,0.00144015160542852,-0.00759006234804617,-0.000809064310125944
-0.0836334963864313,0.0148068940726947,-0.0338536555529919,-0.0482956218178593,-0.00882280218605498,-0.0795127805468892,-0.000431155113845499,-0.00241018123404134,-0.0250591070766553
-0.0413945227529792,0.0170768024794932,0.0089296233489793,-0.000981873166702382,-0.00344589072422272,-0.0160560743900539,-0.00092997647069331,0.0166098174076645,-0.00380719716193084
-0.00502173573549468,0.0253135037212366,0.0163976109880918,0.0140017227936729,0.010927407919437,0.038007705369334,0.00377520928733423,-0.034365677480642,0.00931723663377374
-0.00863395980586134,0.0210418525856773,0.00460387000170781,0.00666954041480847,0.0162057029417869,-0.0565040753643021,0.0298830076055557,0.0021298151345953,0.0230930163045332
-0.0751295039146105,-0.03172038896422,-0.0411743935737416,-0.0253163756875002,-0.00140873458408896,0.0827418717777501,0.00673035738759512,-0.0367330368652053,-0.0146910718483306
0.0586403835845028,0.0284970994768306,0.0154946943641506,-0.0160816577289693,0.0112787217325747,0.0521846910272822,-0.0297316490087801,0.0214551867387884,-0.0028061835435241
-0.060022449140546,-0.0106377441889566,-0.0159884593939758,4.71654544484479e-05,-0.00116538775811626,-0.0073218411419128,0.0072593016472743,0.0192882973993383,-0.00470978463877634
-0.0533621655264796,-0.0353662878054091,-0.021841264082458,-0.0511011211223898,-0.00425871361470819,-0.0864269668318135,-0.0405345580359238,-0.0233680318852139,-0.0210019203425493
-0.0139845788178181,0.00590654150141217,-0.00948279741852662,0.00412668115893959,0.00216816851206215,-0.0240342381246836,-0.0115724243740643,-0.0266363864903099,-0.0136920750911766
0.0894111327186145,0.000578829782519257,0.00527385325322008,0.0397747731310265,0.0128648303652597,0.0120740747041234,0.000592686126299402,0.0211860469730985,0.0336340870688535
0.0137864748185744,0.0188702146854971,-0.000562098295547251,-0.00214050536760544,-0.0211429993794134,-0.038624414457245,-0.00457844178379255,0.00282821544663167,-0.00760414067230977
0.108701494362729,0.0313426574761431,0.0189676942308884,-0.00326816483161967,0.0272783569058586,0.07256469290465,0.0282076965967904,0.021741890159929,0.0323262091678196
-0.0327519084784728,-0.0163109378163135,-0.00830773152361735,-0.0106526850233878,-0.0195801010029476,-0.06011682376538,-0.0215981658400951,-0.00691045295740704,-0.00986790188626391
-0.0233654544963093,-0.00437858654557804,-0.00616079337314922,0.0091608935355193,-0.0160602620300418,0.00462768978560794,-0.0360122153379372,-0.001419500652035,-0.0162857929416553
0.0676577691238302,0.0433007152227955,0.03170615373893,0.0525475073991026,0.0122372251226145,0.0661522174858958,0.0175239231715165,0.0274230879698519,0.0149495095516582
0.00476079089844037,-0.00711413947524775,0.000579222838999945,0.00801995646275001,-0.0188311527363771,0.00562313016681411,-0.00298810050059797,-0.0181626795947032,-0.0157442366344111
-0.0521148727049954,-0.0451248180933692,-0.0415445633408067,-0.0454796176345707,0.0186019226551758,-0.0494049268815619,-0.0075609947282234,-0.040309921372913,-0.00416848761126914
0.0115614833317611,-0.0241954616791525,-0.020579991894786,-0.00862007244613869,-0.0124456208003002,0.00348291928759525,-0.00850260463578727,0.0017721115206311,-0.0139745073131218
0.00582910621699993,0.013408923101242,-0.0189491164236872,0.000667200517173781,0.00997703919709271,-0.0248584667362392,0.000135962975063235,0.00398915367211235,0.0121057206148848
0.00126934757795478,0.0215021956500767,0.0393471117588608,-0.0209733797289933,-0.0133676912550642,0.00469973266829194,-0.0328011834973751,-0.016251296988019,-0.020549786562782
-0.00364379083023369,-0.00361835295115217,-0.00123732433644782,-0.000767998606195696,0.000813378902283899,0.00267828499163134,0.00259869086991333,0.00562304936850063,-0.00559054489631131
-0.0543615050002045,-0.00638957929982447,0.0137315833319329,-0.0537929391059631,-0.037403036945288,-0.106704302711903,-0.055987359433769,-0.0375560650324765,-0.0461713209717051
0.0510845941648263,0.0116521903129956,-0.00287509682124642,0.0267044933441931,0.0045719355893491,0.0391152792850972,0.0144345041082901,0.0324267421428129,0.012996890668169
-0.0409140108705308,-0.0336712976746389,-0.0319073293833876,0.0264059808422373,-0.0222912581531022,-0.0896263734041356,-0.00425958729592319,0.0113760792752429,-0.0132084899828808
0.0147391793950819,-0.0221905490549295,-0.00950536578528608,0.0102966212775663,-0.00336739413660924,0.0160177737925848,-0.00365561655105591,-0.0303034747079559,-0.0041008817549418
0.0227616862537652,0.0212173536840751,0.00550294344483395,0.0549310126163352,0.0086197530819309,0.0357253104769369,0.0119042811180793,0.0268477678526708,0.0261908121192058
-0.019216364973694,-0.0433744515717627,-0.0237633464336625,-0.0135052998143869,-0.0320926926408064,0.00116691699511893,0.00159186540355627,-0.0185726945636035,-0.0343737169812543
0.00355115420551717,-0.0265333799944354,-0.0394905652261505,-0.0252669015495852,-0.0232341750300558,0.014612741853106,-0.0255210938111726,-0.00414092816671165,-0.00515258345960818
0.0374018616661634,0.0209739948656886,0.0217041463318434,0.00610557420130754,0.0277253012472454,0.00101898021045485,0.0338503861720441,0.0495834725378016,0.0353241170837202
-0.0196009685015065,0.00761782149954322,0.0207858069418195,0.00323224906446437,-0.013074792720326,-0.0501155741227426,-0.00320583141598948,-0.00177145994980389,-0.0128030302029536
0.00210523612024198,-0.00226034031361813,0.0102979178562868,0.00592538242230081,0.00837507934182614,0.000260524530113371,0.0203386069502151,0.00672388857711624,0.043400697757835
0.0200197196638307,0.00869079728501842,0.0292895440752861,0.0180358100647436,0.0100646637220985,-0.00925621246439822,0.00221552773000032,-0.00342863698337824,0.0230400101599546
-0.0850176914523766,-0.0308940238475126,-0.0383104740656336,-0.0276103578114706,-0.0101494640524551,0.0551129620368713,-0.00129968591315962,-0.0122326702295741,-0.0341452394697637
0.026689123073489,0.0286460037021765,0.0104164056963759,0.0457801911117154,0.00584614266644548,0.0280493481156567,0.0198074729428079,0.0203365529467922,0.0212889596587785
-0.0214583793799796,-0.0177499784812516,-0.00894556226060214,-0.01932784990234,0.00203141907554518,-0.0298032394946111,-0.0197279194241441,-0.00242586658824333,-0.0218834955885432
-0.0684303634621469,-0.0212212935641738,0.0129828957401905,0.0224222942175099,-0.00600132926325188,-0.0537273005808568,-0.0184422072908445,0.0146786207679521,0.00509896357078659
0.0149411722545915,-0.0123136448860429,-0.00764520571194027,-0.0252680117595835,-0.0154293875054152,0.00554754003209909,-0.0018779596611265,-0.0241718466969481,-0.0146105112015282
0.047955445423231,0.00955710347942833,0.00969200914332662,0.0247271221790232,-0.00648991868526523,-0.00976983304775338,-0.00973595705593867,0.0167241206714267,-0.00625271910368621
0.101054681455148,0.0504467131457052,0.0314670624177406,0.0292336976228794,0.0142269853822346,0.087406223866958,0.00237994414163266,0.0235968348286589,0.0224707492277987
0.0316878268284299,0.0346003221612278,0.00880188924005702,0.0685738571197549,0.00684885695176299,0.0607284289586747,0.0198234481745028,0.00599958569964729,0.00859113090010854
0.0534558360849741,0.0165645106445668,0.00266326015386287,0.00717868426340424,0.000907824196523195,-0.0649033531946121,0.0131152214203176,0.0426309774208282,0.00914255515715996
-0.0511309477165211,-0.0399327088595082,-0.0145371017880039,-0.010231199315055,0.00145900154245042,-0.0810331148507996,0.00665253283163125,-0.00568356676732204,-0.0071153143103536
-0.0146557562595011,0.0162606517020335,0.0329013509651459,0.0266145935447798,0.0215157591320769,-0.0184880852639566,0.01153245170537,0.0104577319643271,0.00917874494619644
-0.00490678156773714,-0.0109894219171214,-0.0128109922459378,0.0528876318687575,0.00658117047591212,-0.0190166758763926,0.0117930579342924,0.0429260159090657,0.0120642590843069
0.00555763271723427,-0.00169258105753959,-0.00887026213429547,0.00645229157345231,0.0103474073972069,-0.057868115799635,0.0161761782924911,0.0203927718168168,0.0165856481401574
-0.0618243043859893,-0.0599529418338711,-0.00611508112329346,0.0306431300621615,-0.0252734374063062,-0.0331751161937347,-0.0150131669035669,-0.00878307877674358,-0.0180210261990773
0.0077101679930083,-0.0149141848797813,-0.00619391928726255,0.00872787043471552,-0.00629338453079909,0.0522956197256546,0.00923094384231436,-0.00937348060421287,0.0135084434675891
-0.0521801094199039,-0.0404280268710466,-0.0522089955266585,-0.0331345953492592,0.00312250802066611,-0.0747060034751099,0.00148316815732159,-0.0054131336985331,-0.00628700616273883
-0.00854437616360897,0.0227547282939707,0.0254672780020369,0.0116276832592257,-0.000329428327337499,-0.0104662274037804,0.00584204101930635,0.0271568317427919,0.0119723119903081
0.0675707483360076,0.0415017271497223,0.036787398557386,0.0523279467780665,0.0294312459791797,0.0850991544231566,-0.0221759665374903,0.0138874800779594,0.0412858647182871
0.0410097270412533,0.0312981311135299,0.00359243665507749,0.0246669022774571,-0.000419500288932394,0.0515389464678633,-0.000728413159080592,0.0155080089042392,0.0160299967858842
0.0292414876328153,0.0170722119239907,0.0198473256544642,0.0184212832564824,-0.0128527852253068,0.0158526985056833,-0.0436867745934777,0.000231660072310463,-0.0179610035047947
0.0639350761950409,0.0541356734319845,0.0311352058010598,0.0809146709941296,0.0189113720652001,0.0148280050620592,0.0123682014447854,0.0244724266385556,0.0331663872301951
0.0155226194959777,0.0248498102586516,0.0317912496921082,0.0414309528899649,0.0208806271699582,0.0235318305941957,0.0180248758751872,0.0224763296547822,0.0279190375321632
-0.0506612927220045,-0.00767596234321892,-0.0308465136739753,-0.00662538597142842,-0.00072441705644848,-0.0705368553601295,0.0149181408149612,-0.00289065650988838,-0.0174232826128031
0.0590112865632752,-0.000432133700256715,-0.0147910152157135,0.0134826872048177,0.00587595600833556,0.0507214515184268,0.0178079644591342,0.0210339387549235,-0.00427600696049555
-0.0806714245316945,-0.0054716466649313,-0.0370175673142081,-0.0318718043734548,0.0082069944612681,-0.114917021970525,-0.00487449992324767,-0.0160825358225678,0.00737805300552581
0.00334739521037357,0.00959513906647987,-0.00470133620904571,0.0296854500682021,0.00639583349676925,0.00799926695432297,-0.0127843386159086,-0.00192294774633283,0.0236082538560097
-0.00794395121789822,0.0156861705493533,0.0273010034280251,0.0231177770038246,-0.00908573904516948,-0.00589443650231678,0.0272228110559317,0.0051323400587471,0.000387745239793392
-0.0149707720226127,-0.0143647546481115,-0.0191931288965627,-0.0384941891774261,-0.0136669513441936,-0.0378474927407474,-0.00807993723292239,-0.0109000366520173,-0.0119203899472859
0.0440063918536336,0.0195692481312361,0.00984603153572855,0.0212656151313331,0.00084884405831745,0.00956077463511287,0.0215544416048049,0.00367278148338864,0.0103035060623556
0.0956756574855391,0.0666096690839722,0.0490904186886993,0.0471968062295184,0.0119053173296994,0.113371515037896,0.015307156079935,0.0430291584642555,0.0206363031662929
0.00458644440888475,0.0090224542191646,-0.0191515428751784,0.0186685771358322,0.0287673485601548,0.0493250225743873,0.0343511564610621,0.0186283989425392,0.0392720427231569
0.0242014204868746,0.0467212619180668,0.00960702703547741,0.00186114511662877,0.00201325370991728,0.0369016034148616,-0.0164292517813207,0.0138487356969592,-3.86943364712351e-05
-0.0873546718163714,-0.0384680150318455,-0.0241972322634954,-0.00546663559598878,0.00626741181594775,-0.024911188495373,0.00137844734820644,0.00462180274294192,0.00149048700448734
0.0214404953329957,0.0196606124313351,-0.0078228479283318,0.0512818499782268,-0.00282791046550659,0.0340094855149272,0.0102270059255087,0.0102430868188172,0.0144889373927315
0.0515120361395471,0.0505421016695518,0.0229545318146615,0.0106559352911077,0.00597534980315521,0.108803828738011,-0.0116824263426375,-0.00822393783673896,-0.00054049896514246
0.0456317828862709,0.0249715416479853,0.00189412141893755,0.0515566944693614,0.00394983394450696,-0.0190550675749291,-0.00424742040569359,0.00917577359949045,0.00672381436689609
0.00859666950077483,0.0151902443886816,-0.000595523548640174,0.0164748776864751,0.00604359646473996,-0.018537651025789,0.0121745882764063,0.0337116607804952,0.00165495031758918
-0.0757113925143026,-0.0299369037408006,-0.0274806270795426,-0.0441821549281818,-0.00835594729680404,-0.0180379368768814,-0.00409895784356566,-0.0176789365497027,-0.0075058471612895
0.0278358317034967,0.00526354486501337,0.0172509701889035,-0.0061914218311605,0.00301636642788556,-0.0113780413653496,0.00167506717797253,0.0042825832831267,-0.000985629717656941
-0.0317001228848266,0.0157567676082832,0.0298574778005826,-0.0587250829818684,-0.0205426274348234,-0.0568380389081818,0.0128880366298837,-0.0171068034881614,-0.0344861336986262
0.000410134158620295,-0.00878832275839843,-0.0218273534080214,-0.0277786975873487,-0.0103748537235191,0.00616567709473974,-0.0239453579607352,0.00433902569310707,-0.015047669228924
-0.0166784791406907,-0.032526196271079,-0.0105019643042817,-0.00933585491273013,0.00378588596807469,0.00442807806379688,-0.0147852312461743,-0.0151492670486228,-0.0258531970601347
0.0306333450532598,0.035224195049422,0.0238808558498587,0.0366457425779635,0.022098724621334,0.0206300041649733,0.0123250811002637,0.00752710562507791,0.00954494533968524
-0.0345243619288783,-0.00567271760134077,0.00479298429707802,-0.0110626354942473,0.00357753398200661,-0.0276495751543261,-0.00677628207414967,-0.00760198271846826,-0.00675080035675561
-0.0327409063749661,0.0122471490499316,0.000417331471522861,-0.000226115720507898,0.0207459737743165,-0.0354333026117679,-0.00481514442725226,-0.0152402589211445,0.0200582242199201
-0.0410206404175807,-0.034876586920263,-0.0100024569097845,-0.00968258330313298,-0.00546439436399666,-0.0966460506874981,-0.0218623378538919,-0.0123042040983083,-0.0223396498472508
-0.0183155731086021,-0.0141632269776035,-0.030189861089937,-0.0193213814657418,-0.000937078096776143,0.0171653101078123,-0.000634649599282291,0.00160408190127717,-0.00559210334161644
-0.125635763199545,-0.0685149947647809,-0.0690218961887997,-0.0700702420596603,-0.0160320910694389,-0.109007170196332,-0.0203119761977248,-0.0364789551155108,-0.0579733035084514
0.0151922903384414,-0.0172690345586393,-0.0157237014441943,0.010821604401044,-0.0038198378204935,0.0221030291523777,-0.000294921561695495,0.0138140323927258,0.0122713925706191
-0.129401377490871,-0.0495356461896974,-0.0458804555069001,-0.052383827921689,-0.0239811021974744,-0.123137047031768,-0.0228783683771418,-0.0395365522617065,-0.041805266937302
-0.0248013941314178,-0.00188225712995177,-0.0116054911645488,0.00839022382357888,-0.000411538917844202,0.0315638104779061,0.0101952566369551,-0.0337729144542814,-0.020608510864509
0.0835258955404991,0.0335722209250911,0.0163839390744385,0.0357805185010282,0.0292202489713947,0.107867366913645,0.0292581405373189,0.0548391415156046,0.0258785822713601
0.0915177879733912,-0.0316285373316249,0.0360495179458435,0.0446140018484685,-0.00521553852071721,0.0664815211760056,0.0204415712315222,0.0216766164779044,0.00806809199178454
-0.0200587916572914,-0.018818083976482,-0.00191998719230065,-0.000384753025994337,-0.00457185096364064,0.0243829008144409,0.00533931408524518,-0.0223095234911018,0.00318502975788535
0.00316119379170943,-0.00995053883546318,-0.00634795301735789,-0.019533574580911,-0.0210055231568316,-0.0258893727571461,-0.020294253034513,-0.00863193558528234,-0.0143045701852915
-0.0810411882766572,0.0187454422219033,-0.0363320964278272,-0.00169223609737382,0.0244262605094537,-0.0621459423617768,0.0257449201441711,0.0165910120682806,0.020379797393023
0.00681831337269249,-0.0188290527361556,0.000617302940659716,-0.0134917751083248,-0.0179310156841543,-0.0236404496849007,-0.0216965725911543,0.0114726540737409,-0.00265788659218617
0.0311138798495005,0.0167417261180278,0.0174723092873953,0.0212256665782413,-0.00253863122297085,0.0292900519384533,0.00288313597922135,-0.0115845266500001,0.0140200859891717
0.0731842759841594,0.00645693069418373,0.0183587988779439,0.000860785108231954,-0.0127372270412819,0.0549969915238879,0.00323176044243618,-0.0178449911819716,-0.0123610624494636
-0.018426797449987,0.0118991884059173,0.000203252557780909,-2.14954028629138e-06,0.0042860150528988,-0.0138020335725741,-0.00335029111188517,0.0103054587181045,0.0105092191505407
-0.0262340489156329,-0.0342354944356127,-0.0369917531612469,-0.0139725375887303,-0.00418267945164225,-0.00980076763225831,-0.0316133273886118,-0.0039308529796817,-0.012227606532991
0.0302690136285763,0.0211620691812357,0.0190698126440647,0.0125465463647287,0.00735080024469206,0.0460213691104598,-0.0263452447267304,-0.00256507954795853,0.00451402177346857
0.00184240056211953,0.00757319334535392,0.000463953986301601,-0.0110651214094918,0.0172545738382904,0.0122606294403488,0.00263109176919649,-0.0100690391217242,0.0316978928216884
-0.0173068407865938,-0.0550745668477319,-0.036732954544199,-0.0141994945708991,-0.0135579715939804,-0.0468375666666075,0.015528706212418,-0.025178708122489,-0.0306358182828812
0.0750286936484221,0.0220227228992785,0.0162430148573819,0.0175156536432703,0.00327611446402555,0.0892039203448507,0.000216234241029733,0.0207247266792715,0.0166677003961516
-0.0310316986273669,-0.0332576467235026,-0.0244174866704421,-0.00408410354610659,-0.0200174471443972,-0.0164255122166166,-0.0211859074508312,-0.0253546278732965,-0.0394703668382868
0.0669850036484108,0.0527425622501019,0.0517455334005223,0.00423632413654038,0.0129413220234134,0.0699961718885117,-0.0115847241461238,0.0119373862664961,0.0167391610029739
-0.0579551371979449,0.0123932987499541,0.00046505238529394,-0.0205808632779244,0.011379442639521,-0.0749530974611143,0.00248951880889547,-0.0149228935541247,-0.00951994932089521
0.0635069550122926,-0.00766375177145875,-0.00448797355727518,0.00887566636272263,0.0066230741888606,0.029016352808865,-0.00855458913644489,0.0224068351694966,0.0287288341080863
0.0368400126597808,0.011520970148944,0.0161618599562378,-0.0115333599888387,0.00403580359634346,-0.0350597832781153,-0.0122630629158322,0.00597917046129799,0.00320298402630277
0.0113635876768689,0.0134361124617133,0.0383460712089817,0.0304266226186903,-0.0040968150449406,-0.00625644058266893,-0.0353068045674267,-0.00361008605477652,-0.00844088175421427
-0.0265009395759769,0.0254061933159107,-0.0152936196953782,0.050686775451477,0.0276414724784778,-0.0290632848916014,0.0281914574015727,0.0170445981778773,0.0171978540988038
-0.00849069359871041,0.0474482499857914,-0.0125665138719248,-0.00363379978790438,-0.00574786935291124,-0.021826822207758,0.0040430052867368,0.0138740110254498,-0.0145943372449175
0.0412197150748217,0.0276794155294686,0.00340105809100193,0.0706445714383474,0.01794553533636,0.0247380174999084,0.0464671659610438,0.0341015687980028,0.0197737016611291
-0.0266463837143173,0.0038556923338162,0.000726501977895548,0.0108727624835193,-0.0160865103939734,-0.037708521711661,-0.0177642443858874,-0.00528635134711913,-0.0135411130077439
0.0530082486498477,0.082028539676251,0.0537903441837327,0.0616375365661517,0.0299455497796965,0.0406312040736509,0.0112176596459482,0.0244650650531402,0.0415898942941592
0.0308985058967822,0.0526379770465313,0.0520309217470194,0.0170879452886065,-0.00365207390028433,0.0269660264839424,0.00569046918052114,0.0112024874632525,0.00167968053369799
0.0383136039513188,-0.0303647387195049,0.0163760312899211,0.0109977512919653,-0.0042866432271545,0.0181766402247194,0.0218600357179387,0.00294816849469149,-0.0025138253803439
-0.0240871003551708,0.00829272672425702,-0.0126770742221816,0.00579238515028335,-0.0114789124321188,0.00311805101548807,-0.00215993089296391,-0.0140389150783708,-0.00880806660856026
-0.0591740733433189,0.0044720726871374,0.00557954881163645,0.0139245634032936,-0.0172577979928378,-0.103600693623265,0.00281028715670423,-0.0134883157065916,-0.0143315282298427
-0.0877928499179814,0.00192514620734238,-0.0471837050752418,-0.036885860867556,-0.0137122975770971,-0.111068147705428,-0.00365634733059628,-0.000687166987746459,-0.0131223428332337
0.0176248194629365,-0.0105876939800052,0.0268078775746922,0.0602884624377864,-0.00696046420117662,0.023329800402513,0.00414971977951663,-0.000369906646510252,0.00798206179318495
0.037029397260626,-0.00256718473035154,0.000422426778600282,0.0203414722008718,-0.0170764097203354,0.0380284076492598,-0.00748024884121852,-0.0252349923233913,-0.0117237213942329
0.0763815076861972,0.0522941718790666,0.0414034752662533,0.0193572971597573,0.0108280073151274,0.056784890487105,0.0116759296930555,0.0135824078173888,0.0127363209541268
0.0117395125661638,-0.00590818097982074,0.00585222420669062,-0.00523685119779055,-0.0184510006005479,-0.0334592520659853,-0.00697608282136466,0.00424243563049859,-0.0120951118057455
0.0118045922803797,-0.000265706493354912,0.000945113597125947,0.000461706596108174,-0.00633111518332256,-0.0438960158171952,0.00987797239049253,-0.0277219665310455,-0.00969029319241111
-0.0436756723736613,-0.0496021999588488,-0.0349564649163357,-0.0100243793243149,0.011242154566206,-0.0596929808862035,0.0105398670577539,-0.012027656916682,-0.00184464519353728
0.00116814928720213,0.00243588211128029,0.0171304833420971,0.013407831028302,0.00430303925825891,0.00484885825281065,-0.00647603388523859,-0.00403103501130145,0.00903391388225725
0.0297968231738868,-0.0372011351733177,-0.0230341092959986,-0.0130560128431986,-0.00323544565568026,0.0267164753875248,0.00563530483648218,-0.0301002449734626,-0.00381565380060398
0.000214212178001179,0.0109345784569267,-0.018782965271261,-0.000909204116233101,-0.00713888364152884,0.0162732116070936,-0.00755383826814329,-0.00378102602902194,0.000583955314320525
-0.0368584455849017,-0.0466332806804439,0.00147921537327331,-0.00717361752712499,-0.0352563347729517,-0.0353770574942711,-0.0179887023476817,0.0115471191901484,-0.0255727738310958
0.0260600956874298,0.00499713819814376,0.0171445387975193,-0.000376167862268899,0.00127442468954957,-0.0152275127405719,-0.00458856847362743,0.0157693464634919,0.00725374241976675
-0.00455458300953945,0.0316136549956216,0.0145007439994894,0.0370748775476062,-0.00359078754672147,0.0330645227173124,-0.00978319146130925,0.00787526459838525,0.000574133631170294
0.0174132659841156,0.0189158258674059,-0.0265359522834639,0.00768372160706927,0.00293504719502151,0.0178716997792125,-0.00532997956986069,0.0146057386784525,0.0117438360704285
0.00770359219006514,0.0123930810189498,0.00730294539357065,0.0157703699843962,0.00784905246068018,-0.00757432145501656,0.00813577155534425,0.00124268846150839,0.0116290328781271
0.0462819690306833,0.0344587187517807,0.00884655795820289,0.0533542369915677,0.0155878632611771,0.0844496416448424,0.0206051513420064,0.00514767767937438,0.0193081741375528
0.0586257143458965,0.0465198044072719,0.0291314977514999,0.0651930342342767,0.0168111786880062,0.0670995101590216,0.00108402458485513,-0.0172759355377522,0.0238589203018929
0.0843109215630664,0.0648627087892408,0.0490311898611901,0.0600371855200747,0.00928360936719664,0.104956462383539,0.0185092498107512,0.018759594361222,0.0433811353547765
-0.0370370914897321,-0.0313816842242866,-0.0138662088457443,0.0377708304937759,-0.0166678426168009,0.0423398492367437,0.0254771057459148,0.0061508709489779,-0.0205342371798668
-0.0135658158598759,-0.0127189829493488,-0.0254661472719124,0.0042275827660885,0.00596487354960732,-0.0406360335383702,-0.0158165009700607,0.00421575575787747,-0.0160450247604149
0.118874599794529,-0.0331830368659328,0.0179819699737243,0.00338821887585439,0.00642369816453898,-0.0368994980454146,0.0249643651823696,0.0161501162284637,0.0258791118526337
-0.0225832003500666,-0.00382569564098535,-0.0541315671637939,-0.0437948755710158,-0.00196077541528889,-0.0115565538467026,-0.0114823052806905,-0.011306523108903,-0.0171871823838229
-0.0166958243853849,0.0401354872034351,0.00634937105109031,0.00907384126143249,0.000855499261139394,0.034148500553831,0.00520441839856128,-0.000577192712845168,0.00518416229754138
0.00319089452916939,0.0120430811371582,0.0209880202195592,-0.00276911526420467,-0.00519470677703484,0.0153127190016082,0.000574385056895945,0.0138081837144077,0.0111115831844463
0.108888810702992,0.0459966868529712,0.0331041883958578,0.0236204673783232,0.0166672666319112,0.107044608203484,0.0243907078619482,0.0217744790691462,0.0344182540600528
-0.0441102511684706,-0.0201687719874642,-0.0114301783780965,0.0262006142000251,-0.00563376602836048,-0.0572508826580161,0.0107164586674364,0.0147670433353404,-0.0059040677734002
-0.0922445886286241,-0.028617369409855,-0.0415010804972474,-0.0453460036340231,-0.00104453582462964,-0.101875976298525,-0.00274344422177954,-0.0223587643493235,-0.00307277725767444
-0.00277059580624835,0.0113720880333985,0.0173780329594912,0.0454353166173043,0.0100960102366849,-0.030537406588169,0.014460138441105,0.0205231290744737,0.0165797888086304
0.0963909698198364,0.0224046168951265,0.0221807214069167,0.037069647098102,0.00661499438950107,0.0779539609375585,0.0101193454291899,0.0420140953861364,0.0138888259351509
-0.0205310125063563,0.0242808808524216,-0.00162217349122138,0.00116441709023196,-0.00586952650467539,-0.0228753142973726,0.00153612219358083,-8.62889562542812e-05,-0.0161254179219389
0.0447067028738701,0.015172637822847,0.0148071811337008,0.0321931903037641,-0.0116368357182897,0.0485013554829907,0.0130582901381488,0.0101864239645742,0.000307156241698809
-0.0752281173026305,-0.0460570692161744,-0.056340836009364,-0.0395056181128066,0.000164816198794771,-0.0769364936734556,-0.0144779384306097,-0.0535821295882351,-0.00999672549941841
0.0416897479993341,0.0495804783754781,0.032125013570802,0.0242059368116141,0.0235518000108125,0.0414643179957456,0.020300704592075,0.0192191286136027,0.0443518015579712
-0.00607422389489774,-0.00453364088648532,-0.00420789826468959,0.00415656632598268,-0.00896211116504128,0.0520129580588615,-0.00100314835075255,-0.0089797870687764,0.00674933022518166
0.0746160130163886,0.041107648443619,0.0319987388786697,0.0144831805465862,0.00529189310808585,0.0317239789912798,0.00101969642529812,0.00107004824817324,0.0213301467920022
-0.00190217118416774,0.0251163016727448,0.0235539644083171,-0.00638953939273704,-0.0220734669053859,0.0108387240740944,-0.00209896980791662,0.00148868445244075,-0.0132792570866349
-0.039801443032405,-0.0314111239736425,-0.0257179774810645,-0.0118449116774264,-0.0129578805641207,-0.0428406115616239,-0.0511754583131658,-0.0422601421622365,-0.0119993323365229
0.0250327524223352,0.00069982750965803,0.00702292995834483,0.0495132276585315,0.0179003411421065,-0.000826565709492109,0.010749337938873,-0.00764519155246475,0.0273109772626162
-0.0316529760220936,-0.011565905528132,-0.0137460804503742,-0.00923102336420425,0.00557716166992178,-0.0121923579726294,0.00433850784776741,0.0216782172346462,0.00307794558673847
-0.00706940035794892,-0.0199238873558365,0.00255039580258409,-0.00372141567220727,-0.0198905427750823,-0.00839178820282609,-0.0140089952981587,-0.00852177988289049,-0.0187887730303277
0.0406191363607956,0.0498342765821039,0.0116216119791698,0.0296812781646907,0.0301836810763048,0.0799035679933342,0.0239793022162854,0.0379594175856517,0.0445704973602139
-0.0282188796372616,-0.0649243388664827,-0.0214982431914903,-0.0526565375065852,0.00117801576095456,-0.0474112404767254,-0.00433028721463718,-0.0184134086551143,0.00569766960224787
-0.00358754586370059,-0.00915154288326359,-0.00240625744852839,-0.0015115440169894,-0.0115718012558321,-0.0213236127953392,-0.0190621111241193,-0.0446805753328776,-0.0616527375748032
-0.0315101965839167,0.0242754323618503,0.0151494546501774,0.0165343389569985,0.0281860456236116,-0.0371224151812972,-0.00731483312378434,0.00348908830656012,0.00143769353063732
0.0417504605737936,0.00223213148532236,-0.0014670781777259,0.0203638799636743,-0.0200520421964782,-0.0107395972809194,-0.00742749676633678,0.0131959112949836,-0.0162386967127921
-0.000635795017892466,0.0111333859311251,-0.0037316164315922,-0.0185586599694073,-0.0309489662603815,0.00121735010276017,-0.00630906480672378,0.000487559515964744,-0.0106051473084365
-0.0312523466616093,-0.0127769115008258,-0.0077218922018056,-0.0152671057746088,-0.0051652693342648,-0.0188128594708872,-0.0124808249826782,-0.0267701799391973,-0.054284715659796
0.0129653025032035,-0.0405327297221146,-0.0379206189963943,-0.0108185189248188,-0.00234502381410893,0.0230446547416479,-0.0172543164295454,-0.0143984384787894,0.002827501074061
-0.0410129245001161,-0.0280981288609667,-0.0128863364222677,-0.0106129955586024,-0.00760966829929376,-0.0520712389821921,0.00262230060231776,-0.0198254183007252,-0.0183908177730861
-0.0258665422888749,-0.0116207918806885,-0.0204400176632314,-0.0112624653751635,0.00679421499310755,0.00870315648889211,-0.0096102495734482,-0.0215913647594376,0.000735589369285582
0.00423772780821613,0.0207658225779287,0.0133236463425681,0.0226998674749725,0.00112368319668393,-0.0384127381748588,0.0201892723642136,-0.000538788714144651,0.00312139355211086
-0.0114976394197419,0.0097191870033265,0.0143107342426062,0.0300396107353667,0.00104846379315861,-0.0255951148097532,0.00270464404841402,0.0248314618840383,-0.00460914077274001
-0.0208951350176439,-0.0185876740383257,-0.0351056952863981,-0.0184986242365624,0.00186525628530109,-0.0532066568982698,-0.0176766470766951,-0.0170052801640488,-0.00884377842583921
0.0209571389575195,-0.000119555394162942,-0.00323848521121225,0.0179550500178463,-0.0114435638743669,-0.00686200969858404,-0.0120137645945182,0.00806463839310807,-0.00875888917470179
0.0562005580359973,0.0175042936090179,0.0092737532869369,-0.00533576948069052,-0.0156167260280667,0.00790771114428849,-0.00317425880460223,0.0054014208741527,-0.0194255053785142
-0.0022434093205116,-0.0196364265316903,-0.00725263828398097,0.00474546868948519,0.0140522223836105,0.0102123890239273,0.00602623899974394,-0.000160702275332751,-0.00959603175385213
-0.11252797100008,0.012813815369911,-0.044507233122719,-0.0643655307176266,-0.00858252453385733,-0.104729159231078,-0.0285415784766898,-0.00731618745602021,-0.011939996785257
0.00447207122402577,0.0304302060356644,0.0227380243386071,-0.0213250763787183,0.0133890203010413,0.0254377834313181,-0.0317498135170537,-0.0126571278851567,0.0206641586327672
-0.0232787943342489,-0.0310389311736807,-0.0136515234959056,0.00866320195686386,-0.0154776208549488,-0.0084612008469846,-0.0275849722985455,0.00868937430204425,-0.017727202321761
-0.0448841772626936,-0.0276382556310328,-0.0329352010560132,0.0228061019211283,0.0101223335988148,-0.00866821034406198,0.0274663555293964,0.00103899138646208,0.0222683932786026
0.0923393000373681,0.026078029849054,0.0411195620211458,0.0512665743565097,0.00768099064750042,0.0400446466581431,0.00473029955240043,0.00309355676913002,0.0316702064210567
-0.00930200061181956,-0.026230998416716,-0.0157771013769762,-0.0177029981214131,0.00373737971102342,-0.0109488973257305,0.0296393024871933,-0.00212450476622491,0.00189231190221566
-0.0833129235712609,-0.0292940038086158,-0.0187156915278193,-0.042156664244479,0.00758130383278423,-0.0706050351290159,-0.0215678079899555,-0.0315879726594682,0.00123890938102247
-0.0343103943305659,-0.0160091694275585,-0.0162237247756014,-0.0272024435779923,-0.00218534228462203,0.0242463674831529,-0.0158168104880038,-0.0254537349028553,-0.00735170054616144
-0.0796632163861589,-0.0175301174075865,-0.0142218746168278,-0.0481175882123648,0.00241773052813788,-0.0960130714376645,-0.0140031847436728,-0.0177401833030294,-0.00778582149022566
-0.0212956907947706,0.0135746982010636,-0.00445593100472949,-0.0187278402151828,0.00124204623362008,-0.00108883688233243,0.0188819735400495,-0.00643879324770661,0.0156073594369263
-0.0474377156763252,-0.0221098065092966,-0.0299917825666673,-0.0257916068674906,-0.0148556970490446,-0.139735497749715,-0.0382370390812558,-0.0107022470364914,-0.0168739654126286
-0.00134767032653757,-0.0271593200600933,-0.0430245710205203,0.00737230847767953,0.00195432742329781,0.00436585288276806,-0.00250796872822945,0.00444562284978532,0.00346637219426094
-0.108439436196842,-0.0639519183618115,-0.0293758348752549,-0.0362037426056385,-0.0565139635447326,-0.0860576863473399,-0.0160492686130277,-0.0600389865898324,-0.0701005022002616
0.0724505648315776,0.0232716381242695,0.00508516201811946,0.074056623127423,0.0151545774406836,0.132696124288469,0.0130930701136943,0.0278594845750118,0.0260160425647309
-0.0116257210589455,-0.0120679901138436,-0.0133691525240084,0.0200327638224548,0.0290732096685685,-0.00818812301706449,0.00348815851126301,0.0122927630690059,0.0246401782715513
-0.101215976383421,-0.0289815336906235,-0.0603172454830955,-0.0724032424650622,-0.0115586225910022,-0.0826180502281312,-0.0127671016728733,-0.0369631250132774,-0.0158223877869786
-0.0479791667621056,0.0130004235824368,-0.0229893237996738,0.0275651386272326,0.00708022060887313,-0.00552511594391015,-0.0140452042001995,0.00273616242777489,0.00099916162609021
-0.0715453226855735,0.0291148804679581,-0.0109757293021699,-0.048383020290027,0.0117445036387374,-0.0910645566197225,0.0187716806872815,-0.00938041100308429,0.0143365096554357
0.0214963106120455,0.0187810482467937,0.00887027609879819,0.00732835312557412,0.00793309217607371,-0.0121421277157935,0.0156924526721069,-0.00291153949024313,-0.00748179174447696
-0.0697257911982816,0.0137008035634692,-0.0423337215112585,-0.0105697273270345,-0.00447741946717294,-0.103604063540691,-0.00450053544542444,0.0150531225228323,0.00458584767804521
0.0367576341205523,0.00801568298341063,0.00225674342863158,0.0268424220402489,0.00506354172285316,0.0688263471442594,0.00535337827629173,-0.00392056220565064,0.0148661762788722
0.0527694675749839,0.0335705958341871,0.0235682701742359,0.00696482683319061,0.0252526961528991,0.0794149384296523,0.0223162195963138,0.0178049693269669,0.0219930351688192
0.0176831352698568,0.00632314747334717,0.00582242077862577,0.0188481833466898,0.0135778350258267,-0.0156227802477371,-0.00801927108293454,-0.00404953528059489,0.000412329689099249
0.0435553604765767,0.0480754986902326,0.0114915867544476,-0.0022001899059812,-0.00264910602079785,0.0509809560213313,-0.00789723444060143,0.0150574316755233,0.0134321936878569
0.0500966104841632,0.026881333638241,0.0187169801676363,-0.00473170930513107,0.00841056103916203,0.0116157932588184,0.00276260417088111,0.0184177806203794,-1.34265969161612e-05
0.0242025479760818,0.0273215773209166,-0.00440064638696084,0.0085307303797735,0.0094518013859347,0.0569772880416484,0.00437063097477533,0.0397868038453154,0.00133581149432592
-0.0486857054834501,-0.0384009223296822,-0.0109190595719222,-0.089599846096442,0.00917641361649827,-0.0826415893133157,-0.00445882851275392,-0.0118760903916603,-0.00277330231701039
0.00267685824798817,0.0241434692780751,0.000692802445418082,0.002366817235722,0.0172632042335101,0.0201825797255489,0.0285681884368394,0.00978539415800019,0.0359261725284702
-0.0484649078655559,-0.00811045990943992,-0.000886885338042449,-0.0100920281434536,-0.00227534953260717,-0.00813971991186653,0.00345091111691455,-0.00918478272284083,-0.0316848493400958
-0.00243611690340204,-0.0139952566084194,-0.0054852153322516,0.0268497726592833,-0.0033743989059943,-0.00870674286509817,0.00717331352888768,0.00227889128393735,0.00263848642228196
-0.0659914721774941,0.00299182209246636,-0.0387612147837824,-0.0370882662461919,0.00211201094623525,-0.022833410949383,0.0120633185925729,-0.0159329978336511,-0.00724918789684533
0.0544196632643337,0.00607496063579059,-0.000395895117190091,0.0420372531378497,0.00198088364436291,0.0440467751661217,0.0137438935218169,0.00896881903892835,0.00119109032899835
0.0226894673613373,-0.0115290109184433,0.0344354727902282,0.00581522975592816,0.00880162150115823,0.0127759335278686,0.00607783579721231,0.0115218108618436,0.0140244820113764
-0.0294697897823197,-0.00321833563315872,0.010831424167563,-0.00343876026527768,0.0114143410200643,-0.0133840573773122,-0.00118589053356086,-0.0164787148349759,0.00915238624748273
-0.00978219609142023,-0.0307194422642255,-0.00924211142766572,0.0251009925293246,-0.0175282035589376,-0.0111839481283732,-0.0142725507141049,0.00289389450501878,-0.0173375893647871
-0.182626319927697,-0.0654525938254349,-0.0508478205058291,-0.0943817133328426,-0.016975655239344,-0.188724351965599,-0.00643661242568059,-0.0274607431554447,-0.0319305147250694
0.070404274846027,0.0121436820542876,0.012726175534467,-0.00517545149318231,-0.0205752840360043,0.0182731214100816,-0.00642961405283854,-0.0104240090469372,-0.00563966595448026
-0.0545356345447201,-0.0106683385915713,-0.0258149928915526,-0.0305239882192742,0.000903800401071886,-0.108551932719692,-0.00558613794694228,0.0209706515688383,-0.0058504062054773
0.0103095152124494,-0.0294774813828637,-0.0309183342832499,0.00291260063040366,-0.00150923554835407,0.0160019080567216,-0.00170590135714329,-0.0203005640734977,-0.0244294811907242
-0.028012119642279,0.0176573239294263,-0.011453034431374,-0.0083690566153204,0.00523113151687016,-0.0562696854596669,0.00576536120344771,0.00116770079550836,0.00879622353563595
0.164042512315259,0.00328720950287985,0.00572270075867387,0.0111055788575106,0.0208900987415181,0.0748918229855004,-0.00379737095426056,0.0089111456646086,0.0139618033691852
0.00404878076642851,-0.0160040501147775,-0.0228182270015651,-0.0115988878850656,-0.00373806375299298,-0.00320189466647131,0.00336728526987287,0.0204366191808716,-0.00406379918187423
-0.0201580506370424,-0.00173140302736633,0.000228496251284182,-0.0436655214411604,-0.0146747116044214,-0.0782384009763678,-0.0337917958628114,-0.000366415557136437,-0.00977901743197254
-0.0790450646084435,-0.0252219052391434,-0.0291721568168568,-0.0183372108261553,-0.0226066047425166,-0.114291085980137,-0.030508980731227,-0.0226898766771854,-0.040240136535782
-0.0624370189855727,0.0128464501648328,-0.0255460921405955,-0.0335698813743231,-0.0016748646456996,-0.0554745425124074,0.0162890546332017,0.00580758689305521,0.000781989510842195
0.150128521332775,0.0272767428762895,0.0473306563849326,0.0121657764138235,-0.00284356099383893,0.00323581851755029,-0.0242297828772311,-0.00135563881548683,-0.00202827566977847
0.0888154865545396,0.0811360796222262,0.0486598840513541,0.0729825589194817,0.00866415070929888,0.0636321833104982,0.0122715983145381,0.0272494241895463,0.0393013186345866
0.0928162339631538,0.0300731168873887,0.0329604145542396,0.053856859239677,0.0229454819176629,0.0873824953028046,0.0206187931588191,0.0245760751581424,0.0118791177067138
-0.0906439935399708,-0.0145527856788844,-0.0311963022525042,-0.0471105657935064,-0.00220550482389515,-0.124413039267073,-0.0224905760040792,-0.00822533445065698,-0.00872564524298461
0.0315754671877219,-0.0170831548302344,-0.0185054339369334,0.0263217186694484,0.00363388935089919,0.0324088547953223,0.010061948904831,4.21144585831057e-05,0.017070443056534
0.0132047322653251,-0.00483557484746049,-0.0071636665054074,0.00708921747902798,0.00761809868465959,0.0510228596223711,2.73883696289466e-05,0.0146842492941426,0.00869559585507212
0.0104816964572767,-0.000661808574308675,0.0105359161796351,0.0182219738231681,-0.0198978744695173,-0.00717038092088958,-0.0104369453681776,-0.018295098202502,-0.0125726626091476
0.0323837177788592,0.00731987040432687,-0.00381172589799077,-0.0155288452067474,-0.0180545306911606,0.0180660634612333,-0.0030473002134723,-0.00107465325209527,-0.0284850333196152
-0.00971331277399654,-0.0483591166033036,-0.0290119095373339,0.00318321542484147,0.00799177041243856,0.0142509957815147,-0.00903458792566007,-0.0136944199988542,-0.000152620665530803
-0.00740981660185829,-0.0250454322025617,-0.0287583210276332,-0.012028074110038,0.00840890372875567,0.0411234567910783,-0.00307522875246451,0.0030587613434244,0.0140879180616145
-0.00950805696015106,0.0147229567353859,0.0223686653206931,0.0201240538096517,-0.00570009801439016,0.0438082559017649,0.0103143229007728,-0.023767330598472,0.0144518581149918
0.00836188707114159,0.0222988153665343,0.0109813161803202,-0.0136398120759816,-0.0128433438637771,0.0158768592926438,-0.0159911946558853,0.0242741083597636,-0.00496583863312368
-0.0136689209564058,0.00644010187568303,-0.020997684670458,0.00307877641168595,0.00210000783911769,-0.0415358793216321,-0.00682847770431807,0.0184659531310263,-0.00571809028686344
0.0900825353801705,0.0420156056894374,0.0341418814886525,0.0432837295873346,-0.00307326044506373,0.103902963715874,0.0125150263260864,0.00818038368249784,0.00648127558265179
-0.0038136878684279,-0.0058677267927565,0.0107041516231916,-0.0150195621654774,4.86176579039164e-05,-0.0656424887782023,-0.0182886843368335,-0.0233321481209079,-0.0139529401746148
-0.063108884027961,-0.0175133315285297,-0.0130787963379078,-0.0244629171935991,-0.00702813863045616,-0.0590707025945241,0.0078596935604453,-0.00899659260600732,-0.000484598897088949
0.0285065960941098,-0.00318309726983196,-0.0115425803394802,0.00721291318538839,0.0300109349605997,0.0496692257369938,0.00955519700044561,-0.00101134008437117,0.0386310480651798
0.0820995972839856,0.00848175098423225,0.0164721829049737,0.0236554703467256,0.004967739875884,0.0651797954793539,0.00757243749068125,0.0373704374182599,0.0231132017886479
-0.0137668185144474,0.0037081336045762,-0.0160792880478825,0.00217245843525379,-0.0081021493192978,-0.0569922539802765,0.00493023270872667,0.00628277028470163,-0.0135394046498988
-0.0273591985899887,0.0302541761272506,-0.017275424941976,-0.0121133112887824,0.00930154070431748,-0.0123721048289032,-0.000165029757732813,-0.00428633060236168,-0.00277369009907569
0.0446172246057969,0.0308429269226791,0.0217601601060243,0.0276080145778012,0.00643728990215257,0.0886167616104392,-0.00487417948711628,0.0205099341427896,-0.000384575669413728
0.113411705413171,0.0226431675523532,0.0258078184281953,0.00993332636169683,0.00423796300467166,0.195408138052088,-0.00195746623577534,0.00600924373838707,0.0103208899922574
-0.00734001771424265,-0.0132329143267109,-0.0161500442720954,-0.0111781397791771,-0.00588424639581537,-0.00819002796758001,-0.00940498809094271,-0.0172975472626113,-0.0178905583268214
0.0787073819978077,0.0503647684328174,0.0300596285036518,0.00503885433371128,0.00119087746689576,0.0969727244695682,0.017985489225667,0.0418026265093997,0.0221516040429082
-0.0623587503118991,-0.0144356728964928,-0.017879232011345,-0.010768493898013,-0.00104162650971357,-0.0774165695239186,-0.00404283419762187,-0.0159021150199623,-0.0143502639345383
0.0318995856466841,0.00207159224964912,0.0227553719917889,0.0412612423513958,-0.00668569280301286,0.0183139898820005,0.00325540907016454,-0.00637438968359419,0.00278323010728344
0.0333272909968814,0.00303630788367795,0.00657104133116583,-0.0033565906361198,0.00552420779718397,0.0329016128681733,0.00303008563865951,0.00364547987504975,-0.0149991443038368
0.020734153986349,0.0200888082187159,0.0165599282141348,-0.0101361464475366,-0.00422874009887159,-0.0135691022205402,0.00858264246174066,-0.0131018645304923,-0.00486010719588695
0.0243708005376573,0.00220500940125272,0.012031301508731,-0.00800218464500195,0.0135943937930693,-0.104787433650442,0.0107682258814155,0.00421391863174838,0.00888893452198325
-0.0241796471459815,-0.00929110549836644,-0.0038027839172811,0.0247395627822444,-0.0225941069254843,-0.0345726285014776,-0.0213669821662063,0.00246190771188034,-0.036144013506684
0.0377432702074712,0.0240034178891262,0.0232926896029771,0.0116978069470848,0.0201189273798842,0.0204314565177907,0.00545180657561348,0.00779425821875784,0.0172032931624459
0.0450657021048289,0.0116658909245327,0.0220431360558344,0.0439495591412188,0.0136996676571886,0.063729257558781,0.00712829643240877,0.0153677505487549,0.0385222191089183
0.0458762273342029,0.0420719288319059,-0.00743951713600472,0.0456615840968227,0.0370712712197037,-0.0369472756400056,0.0358354995574728,0.0723773814192325,0.0825455176817558
-0.102828329095593,-0.00201801309520058,-0.038120045167251,-0.0210077884627214,0.000512175038317315,-0.0763734751374996,0.00944742978755419,-0.00964124890667561,-0.0298628615447501
0.0418005042713203,-0.014980166864352,-0.00205401896256152,0.0272962588441222,0.0100481007607543,0.0458894349536698,0.00897567304014536,-0.00896596453969759,0.0157766602266507
-0.0464482617860977,-0.00574521411108954,0.011227205365283,-0.0138429463909893,-0.013668342139315,-0.0665552662848984,-0.00390476795832296,0.0136868331152764,-0.00949197935146276
-0.00823756642256773,-0.0391883941494919,-0.0104653236614492,-0.0210500316339853,-0.0108583361887367,-0.0290399189915341,-0.00949038358570314,-0.00297063569429681,-0.014788889804014
0.0578238316577668,-0.0156354757450054,-0.00527530293962009,0.00702968314609381,0.00355209513812577,0.0359473458405135,-0.0107330248640983,0.018433605477364,0.00392287343737583
-0.021614251857443,-0.00686103933621786,-0.0130452675172525,-0.0148035974985307,-0.023255017545058,-0.0565975189221083,-0.00136169637222879,-0.00806191043810804,-0.0250313571905304
-0.0969773974900183,-0.0468848522448597,-0.0363244571927231,-0.0567768600568189,-0.00953558237753026,-0.0628521200596332,-0.0186873101928261,-0.0258410797280051,-0.0187030046821772
0.00112184923661664,0.00871081540383171,0.00693181687940205,0.0147172851190585,-0.00359286232060435,-0.0267457410192534,0.00604914366216522,0.00417986115942201,0.00193112843762253
-0.00120483122806183,0.0130805459803128,0.00243703394912232,-0.0243403987150921,0.00320270040090814,-0.00707691556768232,-0.010803298281333,-0.00649519860020715,-0.00419128721593833
-0.0832588357332216,-0.0187331106709056,-0.0189985637467552,-0.0491925637214668,-0.0309634390979876,-0.106941425529326,-0.00370607069111056,-0.0342630350385923,-0.0244102978859739
-0.00259399748685617,-0.0170511180552045,-0.030940567456635,0.0187081668878383,0.00382910695356374,-0.0391943552105534,0.0243671636490646,-0.00585423171203105,-0.0171135210151446
0.0138151541760886,0.00537766132926598,-0.0248507623380097,-0.0224587141999694,-0.0020724190169192,-0.0109739758730026,5.51903541931392e-05,0.0156117438793483,0.016493679015912
0.0230282672923613,-0.0153162333539657,-0.0108028124844904,-0.00671231565694818,0.0162776014052167,-0.00150320651536023,0.0223718805484641,-0.0142249567072816,0.029056520674999
0.00453578902762009,0.0268982108357174,0.0143206023961362,-0.000231771142713249,0.0171620352036166,0.00101538517891268,-0.00750753421111195,-0.00787025813560273,0.0240269162747001
0.0181159782903247,0.00775599533184926,0.0129231189706295,-0.0128174540537442,0.0108310392244887,0.0329605233076983,0.00240827686944818,0.010236947350856,0.0122433319250122
0.0508691456664304,-0.0180160502173061,0.00585442995992925,0.0331828887715261,0.0194997268132035,0.0147593211944342,0.00824208576125826,0.0217996135976552,0.0123491346935718
-0.110262361444195,-0.0753472549533034,-0.0449382773165472,-0.0721133285282807,0.0128047545333412,-0.118260730078178,-0.00799693083609167,-0.0251710202426185,-0.00776299569868744
-0.0972883395294789,-0.0211720182980499,-0.0420339090893515,-0.0457953131538685,-0.039370889938819,-0.0760195752346185,-0.0237590339183437,-0.0237284147527232,-0.0323239361329909
-0.0639062780090678,-0.0102165631057496,-0.0192645782834721,-0.0367320469741468,-0.0277699308404292,-0.0417507585753525,-0.023390254538724,-0.0582207260460729,-0.0245641663700203
-0.00755028396405918,-0.0330432170649924,-0.0362834297102414,0.00516842933830621,-0.0188567803312155,0.00527842234752407,-0.0173193625266376,-0.0134030223371818,-0.0184273795286908
0.134267193228986,-0.0172554580704938,0.0135462457258866,0.0393329404906624,0.00832444768545845,0.116919128546352,0.0428154390788567,0.0277212614864908,0.0184405542149358
-0.129496463535276,0.00112153387830749,-0.0396462020910927,-0.0431865736549084,-0.0170457078214162,-0.109255603419183,-0.030881973231269,-0.0361266859280667,-0.017075573575078
-0.02295586397678,-0.013325942348036,-0.0353891401967997,-0.03496609122897,-0.0158566460550666,-0.0219730400649126,-0.0161329190065119,0.0025371287830304,-0.00164469942888021
0.0218415003135446,-0.0390731981415356,-0.0411193800745452,0.00579902693038686,0.0109736645349694,0.0229096797623001,-0.0168851220902127,-0.0216108494656314,-0.00244978245495244
-0.0426561426169726,0.00360989060053838,-0.00709258039935737,-0.0019194503764365,-0.0040907006110739,-0.0233242233390882,0.00186678132821134,0.000375526400873548,0.00637365758139264
0.0416958130795052,0.0253655698405649,0.0315535709793506,0.00301175245840309,0.00363668226421803,0.0215531015105307,-0.0059834989915107,-0.0193481763311745,-0.00422921048295415
-0.00838285422906567,0.0273829373734903,0.0317687134976058,0.0232337701808082,0.00492459149320934,-0.0209422826264473,0.0159580341771772,0.00391321383154196,0.0107930008571604
0.0747605024004895,0.042016712873469,0.0260081248568037,0.107283394008021,0.0210265513394507,0.119533369976064,0.035651217760569,0.0699821749698959,0.0366679902913444
-0.104001608041332,-0.0725897020154908,-0.0671732062539825,-0.0596199502740905,-0.0231526194059536,-0.0834456507841719,-0.0176229350129248,-0.0195241478896375,-0.0331968021354327
0.0385800913119568,0.0372322784633015,0.0191210988256066,0.0330484583723775,-0.00114886072746785,-0.00467554214651697,-0.00256127917452358,0.00887362628122391,-0.00708646234228907
-0.07337618320459,-0.0241929452082506,-0.0487000027960939,-0.0505486634281141,-0.00422662401001951,-0.0571522260645526,-0.0276250040318414,-0.00931209290453165,-0.0023942284319368
-0.045742517412449,-0.00300922191490892,0.000716355377970458,-0.0229884065542927,-0.00297457839728302,-0.0688548246180269,-0.00852585489395343,0.0132780832555717,0.00736175361895195
0.0381206041590754,0.0243617672637139,-0.000666659202883107,0.0418447007403557,0.0146745858935487,0.0162799196830974,0.0376274954855947,0.0250835030552546,0.0497890290941775
-0.0387096637856326,-0.0176900473122409,-0.0335432524788578,-0.0210599066952095,-0.0123849357571397,-0.0327444159331937,-0.0169019777509493,-0.0119861670976873,-0.00324638848144055
0.00281330564560088,0.0151969174792227,-0.00373011092529824,0.0417961989656404,0.00349657646856954,0.0583532032430436,0.0158350791565301,0.0296473077469557,0.0294758481652562
-0.0896837371454784,-0.0461430045337605,-0.068802021309438,-0.0686165883072401,0.00398674942678623,-0.111568558322974,-0.001360173193045,-0.0102336674365795,-0.00454044593500351
0.0522481178791121,0.0605598731683959,0.0601605771865159,0.0626351618790667,0.020281084251978,0.068979183096165,0.00117539499383205,0.00704632376355813,0.0444551400456738
-0.0430456834818263,0.00403375274407707,-0.028477235697506,0.0129156979877233,0.000411998997076085,-0.034445231271768,-0.00650912699978017,-0.00534301043621114,0.00164798425646784
0.165597703673126,0.0714737641822994,0.0681383446214391,0.0717954274648313,-0.00537269418920979,0.152311568757188,0.0299503937549844,0.0201180148210945,0.0255441786198288
0.0493928174788492,0.00786701112667286,0.00665018657189127,0.0285237245858118,0.0112568441996312,0.0339772075252048,-0.0181851147682325,0.0177453276789476,0.00774571415618052
-0.054306278790167,-0.0486708076855874,-0.0535056661283119,-0.00659652235668843,0.00990249405416768,-0.00316331838979505,0.0100226085166764,-0.0195860221570256,0.00608729580726299
-0.0276244295279763,-0.0288841662157015,-0.0456316404008048,0.00924720053531498,-0.0102932294622063,-0.0463134756144744,-0.0151163465783827,-0.00416066870165053,0.00307832359693132
0.0144305489127408,0.0372680916395085,0.00816404436157139,-0.0253420391490673,-0.00840565414466422,0.0281457668426006,-0.00383694114329845,0.00531245061950875,-0.00307019416914294
-0.0172672883538889,-0.0273302726503169,-0.048714262226918,-0.00534847111155765,-0.00853175830605913,-0.0451176628193439,0.00624710068679917,0.0237173148420429,-0.00953716583531739
-0.050291773164689,0.0266937754899273,0.00133357902310733,-0.000152978116544593,-0.00181507931732271,-0.0360383570303656,-0.000916033674861011,-0.00148032167072433,0.00287377110882044
-0.0150486554103576,0.00540839024107302,-0.00315560968341942,0.00807980510214098,0.0151949862687576,-0.0250625001013892,0.0150284564422448,0.0098917527818273,0.0164265913897168
0.035023223258781,-0.0308949860569514,-0.0275090809694822,-0.00120006724899791,-0.00648612569561067,0.0453498226200119,-0.0116560937328987,0.0129603813988596,-0.0065350342980694
0.0140372889483919,0.0286237866023274,-0.00825063451605897,0.0104995379317694,0.00397985266481796,0.0155846759585892,0.0181903083672574,0.0270006717303642,0.0213833281783078
0.0338839306922621,0.0118668781137256,0.0132823643099301,0.0170918260770788,0.000229139833803694,0.0155406284094134,0.00202364788304912,-0.015132473534511,0.00561395107360207
0.0126699024022407,0.0149394179643902,0.00923321343368009,0.0356965324829726,0.0252837257472883,0.0513699187474745,0.00497703581300304,0.0602631467053322,0.0368717046670686
0.0149538981578269,0.0067183986437327,0.00561858229963974,0.0900522595495306,0.0238092906047824,-0.0253428647313308,0.034030097165636,0.0392204925346701,0.0228335618501707
0.0176570482339183,0.0195593694174708,-0.00735518805410728,-0.0264178424489898,-0.0163694974694461,0.0147463507636615,-0.0462301205462623,-0.0125502928851885,0.00564470392019743
-0.0165733123743856,0.00477625500909875,0.00559219076791716,0.0155047400568183,-0.0211395330870422,-0.0221479801236204,0.014146120757481,0.0110940190708877,-0.0155624109831743
-0.0178702984139507,-0.019650962723436,0.0036937242379566,-0.00518264182215021,-0.023202629484045,-0.0458705663336283,-0.0197147462344518,-0.00675036516816378,-0.0262618085343461
0.00411690878871933,-0.00968167966912731,-0.00202134156344142,-0.00799395874563337,-0.004966531504477,0.0108468889962734,-0.000739845078559669,-0.003705389776509,-0.0160709367425021
-0.0840475421937501,-0.0174267637681228,-0.0340291378642643,-0.0187545947029349,-0.00746041528483869,-0.0780739025971433,-0.00207692460179094,-0.0212517091013546,-0.0229015793825811
0.0235296707452308,-0.0153448173328691,0.00537543720899413,0.0169210165112903,0.0061506073750895,0.0256943183440267,0.0183538629348228,-0.00534687764679411,0.0167871647733067
-0.000813509389362509,-0.024506648281604,0.0108090849911473,0.00149313506980493,-0.00629205833144462,0.0137147984216796,-0.00206228724971575,-0.00148789238510572,-0.0220385488392918
-0.112398184961375,0.0239186142277318,-0.0638843431646489,-0.0589303068234436,-0.00437978707109468,-0.0556053649627118,-0.0201916754983746,-0.0284517367941971,-0.00403274463063348
0.0221272188408514,-0.00690582630758485,-0.0171783819300795,-0.0268018733012858,-0.0193090602416381,-0.0280154254158053,-0.0107121862248315,0.0197130998588731,0.00866870864079476
-0.0735004389128872,-0.0463435361757356,-0.021304043286093,-0.0704397715394918,-0.00843467155562105,-0.162617228091556,-0.00868556470132453,-0.0202305017546974,-0.0238590672622435
-0.0157083435293137,-0.00374212024142045,-0.0111863583058141,0.01819839294527,0.00637985125365997,0.0349909104534172,0.0108516890284844,-0.00246152923637644,-0.000428765473608442
0.0241187686405335,0.0258750998508652,0.0212836257765395,-0.0138765777272468,-0.00530875642932873,-0.00279436534901301,-0.00316172797796058,-0.00451775679260131,0.00763489420900508
0.00903046840603406,-0.00958420887587953,-0.0122809581332928,-0.0131979336426713,-0.020374857105625,-0.0213225645954941,-0.0404109670898308,0.0035597868201499,-0.0221234814780768
0.107573317334512,0.0473161190727596,0.0547766418763152,0.0260854833621602,0.00748780009003617,0.112029766257555,0.0253257387695714,0.0237220119904467,0.0217292063004257
0.0331783706514713,0.0160005642693367,0.00525847142720292,0.00879021458017118,-0.0110007946417076,0.00928674422517165,0.00175391448565861,0.0273586739431415,0.00700370927331116
0.0761603176162328,0.0445374551986888,0.0555682139280413,-0.0158687282743059,0.0120712210788629,0.0564692129554954,0.019274806080152,0.00294974057733392,0.0104554780557541
-0.0332268655143437,-0.00316165077777083,0.0012802702742453,-0.0197749051932453,0.00927444587804476,0.016880005929021,0.0199432032492378,6.45523654596422e-05,-0.00884156522579663
0.0202910825603071,0.011753674848122,-0.0213805070183788,-0.0163790351040583,0.00139743861481978,0.00649268806932841,-0.0230610522419375,0.0180657250981965,-0.000369699064581777
-0.056332795937068,0.00808487925909442,0.00220506228591092,0.013745440123893,0.0141007841000878,-0.0344819529519843,0.00418761948605881,0.0202051639387684,-0.015714702198975
0.0120928487691224,0.00316340467071636,-0.00467164738246232,-0.00969843766041938,0.00196675447299569,0.0175037033083851,0.000901002856358261,0.00814015817619927,-0.0078708359038565
-0.0982996340398473,-0.00291688517592069,-0.036535740283849,-0.0372628690393174,0.00434047778249824,-0.104792601028263,0.00165038625934641,-0.0180089637420249,-0.023451735588844
-0.00609990688310338,-0.00137677396789905,-0.00696367270744529,-0.0112382480253563,-0.0256082770538138,-0.025260016830044,-0.00399268572814942,0.00297471949430277,-0.00453421338666562
-0.0278388485430884,-0.0391990633766178,-0.0138744867034598,-0.0458829725281048,-0.001261549692801,-0.0409479554621519,-0.00977613312051293,-0.0487101352334026,-0.0284581920921198
-0.0676506127350937,0.00334812498573423,-0.0352526737985915,-0.0224754649449452,-0.00856413247755684,-0.100522764050745,-0.0122679526149674,-0.0128246912269347,-0.00563348870789276
0.0487618013216815,-0.011284892339472,-0.0217607490005758,0.00389194344798126,-0.0218974788025094,0.0393211783511403,-0.0231214053207347,-0.019617085269805,-0.0132298179695468
-0.00917343460191629,-0.00158303013923385,-0.033663189516993,0.0189104279951715,-0.010752102825452,-0.0249017446230639,0.00128817088496442,-0.00203980896621645,-0.00598502128570287
0.0327671176385543,-0.0252727752956216,-0.00133253459869216,0.0381074225618316,0.00546553057083889,0.0663118813333836,0.012364828587153,0.00412418233793182,0.00475440246246344
-0.0500890417672809,-0.00505358105601191,-0.0130773074937101,-0.0313465376278723,-0.00957907505183318,-0.0559082588611631,-0.0268875390747026,-0.00611312617267293,-0.0115259358319758
-0.0363765584791687,-0.0190949575320113,-0.0348008891875801,-0.00619869923744513,-0.0142295126352113,0.0278002639422412,-0.00426000966879562,-0.0122735735299985,-0.0189873997708682
0.0714298035624454,-0.00747309904464607,0.0132506268956693,0.0259293583373641,0.0120167506806904,0.0933006634556906,-0.00208041118562576,-0.000444025570379484,0.0117235722102096
-0.0757922315041657,-0.0325797605549679,-0.0364495406431863,-0.0416987150107405,0.00827882750074819,-0.0739649039941221,0.0260143932333681,0.010032168824428,0.0127133222042053
-0.0706346557391167,-0.000422844276019748,0.00312941566828396,-0.0377818846084617,0.0196982906098017,-0.0971094228689566,-0.0337472774740896,-0.0197654679745184,-0.00810211514930271
0.00626137828906539,-0.0100449063959553,-0.0137906474291566,0.00778348533362984,0.0123650440115293,-0.0448159874620261,0.0139397154495891,0.0355601876559612,0.00863893175155207
-0.0115459488012757,-0.0185620525636446,-0.019024235683446,-0.0276124464253426,-0.00978988568216362,0.00881833134977317,-0.00922979549115481,-0.00478178030145076,-0.0149302958395267
-0.112344386768386,-0.0424685763937641,-0.0251281890252613,0.0237879505752522,-0.0215860110344471,-0.103717882165539,-0.0361922400009618,0.00578522271129144,-0.0260612332483002
0.00703283238165023,0.0228612033831405,-0.0182095126262089,-0.0239307053004317,0.0107897385858562,-0.00539614109885842,-0.000562384986958549,0.00990301372982754,0.00617059721419345
-0.120401631509953,-0.0687399803692602,-0.056285952079102,-0.0702463836067877,-0.0199222519030735,-0.137684480268627,-0.0267227194438733,-0.0244919433572364,-0.0195157108990933
0.020647302387226,-0.00685421301181063,0.0104215715563431,0.0194001389353891,0.00118312136685965,0.0524899462042838,0.00575078436626322,0.00633133419190938,0.00104004959711646
0.00315522411891014,-0.00668190853773136,-0.0430028269724177,-0.0267293959825205,0.00151050480617802,-0.0541821621738347,-0.0100449707441084,0.00436420288133582,-0.00430032170422542
-0.050910334157864,0.00957768578471659,-0.0304433426787041,-0.0479407291168259,-0.00418020318334695,-0.120527721656546,0.00713395062362007,-0.0108719189579414,-0.0140412816749754
-0.0279152872754631,-0.0118044799588094,0.00803999239168205,0.0302463566540462,0.004079717157008,0.0162629567774836,-0.00624451509938133,0.00696674705286807,0.00807437450240141
-0.0266717994946467,0.0102655627210115,0.00992708723336497,0.0278276343873332,0.00485232930445266,0.0239564690299144,0.0196099656904258,0.0121942872809665,0.00550588842976205
0.0599003694409572,0.0173775278760092,0.0132988540663917,0.0352010476811231,0.0192151179851975,0.0541281543452442,0.0324468428958817,0.026416829542509,0.0256019427341592
-0.0288489902467236,-0.0163213973663815,-7.52120345330447e-06,-0.0217967774211872,0.00268734601978147,-0.00757772281519849,0.00816307280617173,-0.00383001383151898,-0.0202323492761609
0.0273521204131204,0.0188774388921166,0.0224928441156797,0.012159203928528,-5.07457782623417e-06,0.0290765799051078,0.0093586934791356,0.00175767696161698,0.0139269568659892
0.00605628134305994,0.00344409681919457,0.0125878747140536,-0.00887453999277806,0.000152138783469806,0.0339910201188742,-0.00795006411441428,-0.00774924284428172,-0.000916856056962162
0.0251658158360459,0.014250618458218,-0.0039086438747707,-0.000327709485194972,0.00446960026657141,0.00481879956904437,-0.0169941389887804,0.00379937767440092,-0.000753596034402922
0.0435197987112732,-0.0124093178841314,0.0043044514788439,0.00296851800910432,0.00270082777094641,0.0637745978114646,0.004562746758622,-0.0248270299543764,-0.00545797940097331
-0.026815713428311,0.00630626132450734,-0.0113564860789425,-0.0217904308826143,0.00302278690681929,-0.0392126185047911,0.0036608137741474,0.00756886638039736,0.00442606731517244
0.0234370069461389,0.0156278563582515,-0.0033127546979964,0.00257305768908674,0.0121857504980737,0.0228762339339958,-0.00279427522520589,0.00943312202433879,0.0163189430583784
-0.0334278665685986,-0.00222418832095891,-0.030861568668177,0.000428432892511539,-0.00541030020040324,-0.0471690330478582,-0.00236045918544491,0.0224583117355151,-0.00937358283035244
-0.0269489271002265,-0.0138980920157583,-0.00740432151066301,-0.00671639907209515,-0.00750290008195078,-0.041195193352217,0.00404053709657208,-0.00198625435605502,-0.00748841392200349
-0.0238174189847989,0.0162449674146494,0.00266057129216703,0.0145935890005783,0.0113260603695461,-0.0241740915488246,-0.0030884951803399,-0.00258976270082512,0.0108345173872009
0.0351125065948427,0.027090529820772,0.0155157586364349,0.0687763320393186,0.0228544583471732,0.0848413277309419,0.0159835761769554,0.0431808447586778,0.0115215236428264
0.0586715602699749,0.0424237015622516,0.035496866012934,0.0374302065955001,0.0018141810448628,0.0468164190643942,0.00219294495637473,-0.00305802987451639,0.033858065357787
0.0216520932975146,0.0169445458452485,0.0202098855589629,0.0254150374986226,0.00822056141655006,0.023339015723906,-0.00303471696401921,0.0302205220159411,0.0195163033578504
-0.0321051200800639,-0.00198428854856227,0.0191384520797303,-0.0188156872188068,0.00580814383613229,-0.096558269275455,-0.00241995964016969,-0.0118587256406022,-0.00743896281174565
0.0100970998876802,0.00816082384737486,-0.0056726011226388,0.0282152379642634,0.0054114664954623,-0.010564451233837,0.0167378089968621,-0.0237359696183313,0.000747280088846918
-0.124631113531177,-0.0408538431930276,-0.0314127626032386,-0.0878115475987389,0.00171418098317035,-0.148591686697507,-0.00857051812895572,-0.0242166566689803,-0.023073212133789
0.0222102426044273,-0.0143116997946212,-0.0010058991610136,-0.00838649069858517,-0.0155112853786977,-0.02294884399205,0.00462196874748835,0.0168184666932852,0.0105436991988156
-0.0151389332581135,-0.0199447175595284,0.00295706222657115,0.0269527465945186,-0.0107635943082521,-0.0350316657594085,-0.00747414475396634,-0.00964578943703007,-0.0111416142104644
-0.00743913679749147,-0.0320404527652617,0.00265733563918538,0.00474816805652642,0.0146301241375904,-0.00155965588398949,-0.00419762546130953,-0.000345478620382141,-0.00550583000384712
0.0217908075130358,-0.00336398976047957,0.0169756135669352,0.0100521677194187,-0.0188203303005834,0.0162840981534898,0.00470375008065914,-0.0129057757407661,0.00230354429479262
-0.041708667267065,-0.0197709162960737,-0.00954792036112876,0.00150758521577167,0.0272104999269014,0.0546859235503514,0.00855552222075037,0.0109332124407913,-0.00558452092741234
0.0772571487099771,0.0103384115311957,0.0238098141117895,0.0168329542915629,0.0059174736640493,0.0679090194874842,-0.0116553484284768,0.0212493623537538,0.0145996447174541
-0.0548058196254686,-0.0397315986689564,-0.00457613746552775,-0.015746358530102,-0.000102940432759635,-0.0694441015173766,-0.0238235591834632,-0.0145777423248656,-0.00241515627028859
0.0629022867388672,0.0331267440760795,0.0281476442395436,0.0410301094854421,0.0087466476602857,0.0588691072286701,0.0156899864205856,0.0250018841713914,-0.00329071175495458
-0.0378034718561311,-0.0127820011184872,-0.00736218472996214,-0.0311381554094394,0.00980988548813613,-0.111189183786533,0.0118712698078158,0.00743866510187829,0.00426554870066116
0.00845851755196716,0.00958008210788077,-0.00544021442505334,0.0508675036170976,0.0224724247978666,0.0413490176776216,0.0191858003698045,0.0144810171852479,0.0349946392892209
-0.0758498123887009,-0.0214601445025247,-0.00158696029189702,-0.0168295342165479,-0.00730088517303239,-0.0711725150612117,-0.0197618606383078,-0.0274670812554837,-0.0262792227949073
0.0546418767648273,0.022401568925334,0.013374467445811,0.0226575630465679,0.00431758678259037,-0.00456031864313142,0.00889901584684134,0.0256012302026405,0.0109674888733284
-0.0301537736939299,-0.0135017927984055,-0.0152833679901577,-0.0230652699539101,0.00612416289682044,-0.0474284670793669,0.0165526721204989,0.00906177351561141,0.0175924570404135
0.0232330391321983,0.037855869661807,0.0209652291178037,-0.0190531875414772,-0.00504114360050002,-0.0299911763391737,0.0232736903258505,0.0239777134361705,0.00101273391179375
-0.0186587464677528,-0.0193046076585481,-0.00887217208286836,0.0124663559667527,-0.0067610137876337,-0.00979969453430301,-0.0144214825465304,-0.0123531175251168,-0.00802719274815178
0.11350523619666,0.0307892431598846,0.0345824926761706,0.0221072268379683,0.00804493453246924,0.121902441844632,-0.00314303326447358,-0.0116847238052603,0.0172553496677237
-0.0756163005320149,-0.0439463233228149,-0.0268497628762899,-0.0651359124561836,-0.00521923594771808,-0.0653769340373217,-0.0105206123027434,-0.025447070421098,-0.0408586487748614
0.0295042403241406,-0.000520226824504816,-0.00240993649317304,0.012971179030695,-0.0117029487872779,-0.00341425030225124,0.014509663429721,0.0076935463425385,-0.00642506933373629
0.127896719128762,0.0628214691749752,0.0414315864574538,0.0424589958305131,0.0370297275259391,0.0862708571430336,0.0305356863935986,0.0398940787187209,0.045605214138531
0.0892786549938797,0.0138920380007758,0.025583470663044,0.0350082149532833,0.0210110784690209,0.0992347149888805,0.0242904348074853,0.00662203018884767,0.0318493893147827
0.0394004414060599,-0.00829994257740858,-0.00768896284360298,-0.00986350127742955,0.00216802071332618,0.00571923982614779,-0.00354997173035029,0.00235487013847107,0.000802922847463
-0.18110064035707,-0.0737559956548457,-0.0494930759503755,-0.105941655660415,-0.0112799396046399,-0.205973735053153,0.00477478408736627,-0.0654512754762857,-0.0301752118901633
0.125642203330338,0.0334744721381329,0.0397251468408202,0.0344114387783687,0.0246452118933975,0.0754159706810228,0.0366211697691311,0.0361481924871421,0.0417285243808554
-0.0102940964116138,-0.00227108116210178,-0.00559300283246988,0.00613607631391439,0.000483921209158374,0.00280911273526732,0.0044877886336093,-0.0152782393211034,-0.00354083580386685
0.0662980745682673,0.0509394272812967,0.020060631264436,-0.0070253677460954,-0.00926200017259507,0.0439050150374931,0.00364993722641082,-0.00331939214312394,-0.0113952114096106
-0.0135443121781812,-0.0114231318787476,-0.0010559957145759,-0.0298244395843158,0.00923048854334129,-0.0550130156878059,0.00472977283870248,-2.043958352495e-05,0.0132158929395934
-0.0336044306518251,-0.00238933464520517,-0.0310191060270174,0.00314838401413587,-0.0187924880332844,-0.0220212510571215,-0.00747043480705249,0.00145801499640711,-0.0112592636082682
-0.00140534297952927,-0.00891277316815116,0.00539170676194692,0.0106874681457043,-0.00661780416201749,0.00263630765097538,0.00219978500032728,-0.000408708541401408,-0.00804101254175413
0.0143128779276982,-0.00397062019791703,0.00697441857155322,-0.0183746278024181,0.00651733143331934,0.00554123364478498,-0.00780480790376481,0.00702373987541099,0.0101357671319508
0.0944177822527046,0.0343875207443641,0.055994838571631,0.0309368353708654,0.000219668701713583,0.0557347050688432,0.00750249250153325,0.0351333492747191,0.0131851598932611
-0.087434448091906,-0.0343814215655369,-0.00494676603257235,-0.00409239198909462,0.00429360316735449,-0.0550127807806907,-0.00400600862680594,0.00589849667906465,-0.00803596103154212
0.00744363986144937,0.00713239534655977,-0.00267353980365815,-0.0378442253107464,-0.00743510100859831,-0.00616212153808539,-0.0100832265895455,-0.00813359875612478,-0.0170910791209461
-0.0559224682875367,-0.0380426126304249,-0.0434038693008521,-0.0228120260535177,0.00170780561729322,-0.0212715855656059,0.0320817010549483,-0.0232952852857583,0.0201453704269886
-0.0212463654773805,-0.0178003264637588,-0.00840482839798903,-0.0119754623093542,-0.00668111313768158,-0.0729831828860951,-0.0167997913730643,-0.0164165575055498,-0.00660061727933652
-0.0224959562919642,-0.0304199118282439,-0.00180931610792818,-0.00371473415883115,-0.0270824493727497,-0.0465084711669222,-0.0398996220411257,-0.0373361535221042,-0.0321881982789486
-0.0643881602872255,-0.0376817656465248,-0.0289198428622642,0.0424489394503479,-0.0047155886563382,-0.0522747996349249,-0.0193717097721228,0.00549408869375219,-0.0200832200643498
0.0760488386363725,0.0345573498931301,0.0116505901070309,0.0141288632417044,-0.0270650017790433,0.0607205346315713,0.00559077916769548,0.0171070252827821,-0.0114161587263007
0.0876098075600227,0.0485037575434619,0.0257401680660469,0.0366065408859167,0.0260358437586232,0.0384693111872074,0.0483850721990545,0.0286294303747304,0.0566258115746588
0.00707417035863243,0.0252664590936485,0.00554909168039994,-0.0169635823428124,0.00980510484362886,-0.0328093684931574,0.00362089217358446,0.012266131607865,0.00728720689121386
0.0177480613283985,0.00527029385308836,0.0213493605184044,0.0178810143868053,-0.0101971258767286,-0.0120672680454761,-0.00768422473142785,-0.00751062675867519,0.0102037029614159
-0.0868106517882762,-0.0286606187980783,-0.0182107984243331,-0.0549811826353788,0.00201990874020203,-0.103071244670129,-0.00841456678092137,-0.0181338787049243,-0.0113289522624608
-0.00903172616441969,-0.0235906596969658,-0.00289510112089902,-0.0190323526083201,0.0176123289727366,0.0300049344286198,-0.00121003986314689,-0.0222417130583249,-0.000251066949867066
-0.038838555929444,0.0161222188576733,-0.0343708200650168,-0.00867099489902075,0.00306871198048576,-0.0704856999396679,0.000262734372586548,0.000923100612424941,-0.0174202200467494
-0.0504152111444282,-0.0357732401633759,0.0189535889960775,-0.0163224502691327,-0.0210075135821135,-0.0243637999773183,-0.0416442465086503,-0.038971124291871,-0.010397714677898
-0.0102785654622259,0.00797531781640916,0.0299346589769988,0.0174987798780687,0.00420931454374025,-0.00206489847131956,-0.00112773199896375,-0.0010524062373064,0.000308855469804487
-0.0689787653302519,0.0221159359281093,-0.0358555299234002,-0.0334611364660355,0.000960370639538129,-0.0545110627183907,0.00038452580475767,-0.010576683963217,-0.0163543353303407
0.104626213594382,0.0534809222852853,0.0297250408374324,0.0280494246242642,0.0235429579203703,0.101668641795269,0.00448755490364507,0.0330634734833761,0.0371796518610715
0.0330557366634153,0.0218378865903553,0.0187605270105449,-0.0230262796834808,0.0140627048169431,-0.044043407478923,0.004500756267197,0.0188328715380642,0.0200735210337733
0.0655456317740136,0.0440118357886647,0.0540560127296933,-0.00125967655452958,-0.0287421521825395,0.000673156626198694,-0.0160675333678534,-0.0021555592976048,0.00347885231740077
0.0229605453196153,0.0136257366816982,0.042022573182734,0.0291221560459382,0.0128861629047236,0.0196019977121316,-0.00660620041609971,0.00226642429000602,-0.00857305108430943
-0.0339250139913553,0.0094104163339757,-0.0257110973343314,0.0089562719913102,0.00751029711348526,-0.095668147877264,-0.00363089102139003,0.000833610689925605,9.76107041422313e-05
0.0275296309840601,-0.00969733685134736,0.00405819233957723,0.0375024547443752,0.0209013347259243,0.0431102032450295,0.0326655665289577,0.045396479553872,0.0328709479145095
-0.0363546101956729,-0.0176601705542453,-0.0194285713141851,-0.0163558120093092,0.00696536139772627,-0.0389213577596243,-0.00556317524729167,-0.0349194835189093,0.000195225376722149
-0.112219639456392,-0.0664578843784354,-0.0255612441430953,-0.0398798791337325,0.000293278841467046,-0.0149927244522471,-0.0135118056320532,-0.00576248600864578,-0.0292776078208916
-0.0150349408654957,0.0155944161302238,0.00861901377613416,-0.0143315606740775,0.00127445360140834,-0.0317240183513244,0.00138977212515178,0.0129896311383416,0.00634650331859078
0.0088893277770566,-0.0127056778795984,-0.0043958798693335,-0.0373921680056922,-0.0339151176903798,-0.0410214506416823,-0.0194268445138441,-0.0353382139274591,-0.061158435052459
-0.0564609377202592,-0.00103199981472863,-0.0140249837726576,-0.0331745672315611,0.00973147359394492,-0.0445243160250006,-0.0104697074626967,-0.00754161050806841,-0.0104414042288735
0.0293311670404198,0.0298302175559383,-0.000210089139543966,-0.0193979118509705,0.0193512712794731,0.0112066312545298,0.00827620300301251,0.010623127837293,0.0134207059611346
0.00253118614577052,0.0203536021811435,-0.0126695376716723,0.0578286463856673,0.0242101664704384,-0.00196220844348452,0.0304143035948541,0.00653501650282553,0.0437323396903845
-0.0784251629688518,-0.0222328326246059,-0.0167934459952421,0.00211380907609415,-0.0263366982416306,-0.0388805465937807,-0.0249962960710239,-0.0126832955301064,-0.0122372736711803
0.00467698836295694,-0.00343127906320808,0.00236464046553522,0.0186920564358251,-0.0189669190075426,0.0205803953702382,0.00120951817162555,0.0232284702763506,0.00505176280946664
0.0586717159605133,-0.0103974090909664,0.00482770637235373,-0.00292382490138472,0.00105652724331747,0.0306706018285771,-0.00714404767164313,0.0185517990580456,-0.000921056413674828
-0.0758205987800974,-0.0819777827223114,-0.0398701529731177,0.0157897046405782,0.00542087187810011,-0.0727207192977855,-0.000284533716489362,-0.0122854086315102,0.00571415541315693
-0.0343090311513356,-0.00294816270552484,-0.0227860295010314,-0.00456297028016731,-0.000152675724387646,-0.00364393834844074,-0.00272622764917383,-0.0107809097714382,0.00325122213766856
0.0444288044966149,0.00631507791054407,-0.00774076805385937,-0.00657790412368912,0.00600944142068272,0.0386332538590256,0.0240428838704274,0.0125469393207616,0.00249972513361774
-0.109377788211893,-0.0600664612953245,-0.0284678760415373,-0.0602792016178755,-0.0274233094297663,-0.0815297019180877,-0.0615024252627909,-0.0122398055424217,-0.0278887607575193
0.0392392872770356,0.0125089734039287,0.0194725401424965,0.0315764290169762,-0.00637190813351561,0.00282017146395373,0.00313015437013692,0.0157181943232417,-0.00531703145769061
0.0441636809313309,0.0403616979431646,0.0115091658946041,0.0226455468186883,0.00375901279800473,0.0434116609244132,-0.000448578869048042,0.0391665041094778,0.0205657292779834
0.0601084334546537,-0.0158888908885909,0.0040380646427191,0.0202600390996014,0.00318399926810409,0.0500831374955414,0.00396650961800089,0.00015067208564006,0.0151833860021357
0.00698395366158032,0.0148888441071799,0.0135098071393619,0.0408691631198714,-0.00107999882600391,0.0406923696336571,-0.0078361689404901,0.00970979090485025,0.00644100117326217
-0.00572785944161483,0.0110207610177499,-0.00594870024762922,-0.0124406470451508,-0.00252250688529245,0.0117587321639441,-0.00616930914100149,-0.0204662827946605,-0.0273137446555634
0.0553466181696513,0.0372353654850831,0.0227018182093544,0.0441709568624052,0.0109202227550588,0.0924515309551478,-0.00772351853289121,0.0039014411184955,0.0152211650473298
0.0483266516687219,-0.0121438718478998,-0.00170344668037137,0.00055835663952242,0.00169863261531837,0.0822230660689759,-0.0158191816149059,-0.0299326624402768,-0.01429824410089
-0.0196649429878793,-0.02096834792267,-0.0234924118387379,-0.0380170776882304,-0.00871242236973598,-0.0524546605440008,-0.00567975772351532,-0.0133909897842168,-0.0135922495890429
0.0281905168407523,0.0100844401176418,0.0536808620426366,0.0594747839842518,6.51646938298043e-05,0.0419476961539587,-0.00933439857544629,-0.000322475424231897,0.0101578698353621
-0.0369327999624647,-0.0511880388631281,-0.0233837027058917,-0.0319778053868145,-0.0133761877160722,-0.0782480716866935,-0.028202523592506,-0.0229502053608937,-0.011785571688377
0.0446403191154021,-0.0132459906006787,-0.00874648894726615,0.0237064661514536,0.0127168527786094,0.0498418032783626,0.00182578843998056,0.0153210435925593,0.00795587097256026
-0.0385523758578699,0.00368712186014577,-0.013511197180114,0.00331362644694073,-0.00869148229470931,-0.065220881487357,-0.0183502006158314,0.00552666055994986,0.00711340092886114
-0.0240705975718024,0.0158017798880246,-0.0113388155701509,0.0265777666828625,-0.0148235279131619,0.0245717822638898,0.0032737475958248,0.024377780865922,-0.013852993445346
-0.0746348937168557,-0.0296105592161931,-0.0251420854200568,-0.0464857136072358,-0.00865480903499739,-0.0734403535970953,-0.00240001691982611,-0.0249743379950206,-0.00687872148898674
0.0629620076095809,0.019642031978536,0.0139686467902836,-0.0252932678371444,0.0147082918227973,0.0907228516833415,0.0166060525704282,-0.00151984230850442,-6.19789606784844e-05
-0.0655028947923541,-0.00881525137945999,-0.0147462239511028,0.00659729793083128,0.0136396826434821,-0.0524556394365068,0.00746385341674129,-0.00770393318010478,0.00871573988428039
0.0173297995804024,0.0139271225100541,-0.00323048873949163,0.0288255063395882,0.00204908225133258,-0.0614566469849175,0.0220583329831417,0.0279113623492701,0.0158567876882975
0.089464478979972,0.0565845314343055,0.0263555245973438,0.016312360059322,0.00162757404391604,0.090981576869562,0.00457486651359067,0.00547630255142983,0.024868133564124
0.0242292907552752,0.00920099515255015,-0.0179165809399061,0.0396685560584661,-0.0108036914093729,0.0608760585069048,0.00831938910456136,0.00512717784222157,0.0132382075006784
0.0105123487837199,0.00924140310345485,0.0041906371162764,-0.000940255044781636,-0.00912164017543526,-0.0307767435796644,-0.0202843422996502,0.0157414245468982,0.00491962717118397
-0.0695749814339256,-0.0537374468891251,-0.0433278258943528,-0.0641043997605455,0.00424474136832308,-0.0958262499687195,0.0125510295301861,-0.0380048820587463,-0.0227087062584971
-0.00179847419997543,-0.0217282382072063,0.00697526604693347,-0.00158768664320902,-0.0129794707593956,0.00524602717343675,0.00438080060534341,0.0123221071578555,-0.0225758933148343
0.0237691994226472,0.00355196001849194,-0.00793241558952199,0.0485798406669584,0.0166740038051117,0.0501726073079179,0.0281701030814158,0.0222761975185855,0.0190999994236108
-0.0691636007329535,-0.0249227255260888,-0.032283129382971,-0.0432355110981914,-0.0174985862010971,-0.0842445102245117,0.0202175855057965,-0.0477523818308697,-0.0492344405047938
0.0389064071948162,-0.0234813232234256,-0.0184775950082828,0.0200263216788349,0.00158616710712362,0.0425821447290509,0.0177693229126067,-0.00934595032464579,-0.00519708371640239
0.0489549746622511,0.00557346895351269,0.0274641514833151,0.0544423909326065,-0.00248573237319263,0.117190780153226,0.0400095724995513,0.00975977494811459,0.0400512277394565
0.0579678875885101,-0.00998897301422407,0.00261575446869243,0.0303711996594044,0.0331639315588038,-0.03047998298203,0.0212119564188567,0.0193931678917218,-0.00306625270780693
0.0694560832567469,0.0272673171201312,0.0153066202846276,0.0168746361632436,-0.00112540217192596,0.0227703428214995,0.0184236005047051,0.0175798804156674,0.00197809897657794
0.0171606024350884,-0.00600412508317823,0.0155767684392446,0.0177234992339136,0.00160884443127927,0.066691304910125,0.012060766158004,0.000722021095980378,0.011628292570672
-0.0122896219404211,0.0121879890517623,0.00241188998620647,0.00981558637290697,0.000120772217039663,-0.00497406153797769,0.00659485433996788,0.00211743697413005,0.00705696139335474
-0.0381489835783997,-0.038223257823281,-0.0532345510380147,-0.0147883021696935,-0.0113382642950214,-0.0579780819009815,-0.0241928887567184,-0.00594438206694001,-0.00948162608485888
-0.0289715541091075,0.000587112074029727,5.62198538795388e-05,-0.031893136403748,-0.0143733179939526,-0.0170481753693794,-0.0152506154262447,-0.0076132529772968,-0.00668059964272444
-0.0506251008831158,-0.0267661867261553,-0.0214688032944305,-0.0314356700452722,0.0122997000791887,-0.00375386572541214,0.00185630465116507,0.00172020436858165,0.0048851534456527
-0.0189432060131457,0.0172498438615523,0.0123140722088558,-0.0144754922426851,-0.011746909629977,-0.01229514571403,-0.0103456895580984,0.00802042785897369,0.00454544872957379
0.0460840303083569,0.00770865531017527,-0.0110190797706014,-0.0107947485336127,0.0170133912089979,-0.0278696871624976,0.0108445563437989,0.0370634987648439,0.0277878072478534
0.115874953307965,0.036683310022993,0.019784518106197,-0.0297198054405785,-0.0119094578789213,0.00611088622576715,-0.024027383994494,-0.00222899832364067,-0.0124464485291875
-0.00306772464245926,-0.00995060467767629,-0.00553527893816451,0.00556622040617546,-0.00780781824113951,-0.0216384561163016,-0.0267063763073885,-0.0159720377879852,0.00860802559541434
0.0705060593110947,0.0393241379929153,0.0481946404178983,0.00711772562883672,-0.00477571154249331,0.0466563321351088,-0.0207400137590097,-0.0178161185418435,-0.0162375635168415
-0.0257245383068456,0.0212388879594691,-0.0109922718984227,-0.0135728347252081,0.00341316060625448,-0.0269622205085237,-0.0048298571144934,0.0138582644369697,0.000943305074566304
-0.0432401761197745,-0.0265382977540626,-0.021120663872107,-0.00698640300575734,0.00888762413491689,-0.0383422991136252,0.00429528696648506,-0.0126087144473753,0.00708783943197498
0.0594903892976552,-0.00965508536504942,-0.00570944552585151,0.000582925954034458,0.0130195765834476,0.0627408732447649,0.0186374627082875,0.0080502261319147,0.00763818019243277
0.145586308566734,0.0251867922610329,0.0289512682827723,0.0373131136911214,0.0148900959962303,0.0940869850228187,0.0212058082036867,0.0255705053901679,0.0224104421837848
0.0140560340265717,-0.0291369003607689,0.000460814936443444,0.0144646740829951,-0.0131976842176643,-0.0272402194601923,-0.00254261521480904,-0.0309326227609819,-0.0113348901690605
0.00887318450319937,-0.0448495241044198,-0.0167505329667467,0.00221986217157902,-0.00134859098034866,-0.000530965208675739,-0.00611011159135837,-0.00863965616406486,-0.0101367277713955
0.0214266081349204,-0.0124130333381558,-0.0246403603519957,0.028615875077322,-0.00137072205891381,0.0341285297798273,-0.00334362929393938,0.008667422267599,0.0193476916739623
0.017196384140024,0.0127332175350391,0.0177562789764012,0.0271755540873353,0.00716518698733317,-0.0352392537958636,-0.0049322696400858,0.0146721655279399,0.00658103016057443
0.0195660627839087,0.0115402737365378,0.00511977522227878,0.00659867492186815,-0.00560426993568449,0.0267729656747139,-0.0218144022655107,0.0225946814771212,0.0191233597032227
-0.033997670912859,-0.0404144710457903,-0.0182092845823916,-0.0318495645055271,-0.00404217939366933,-0.0565084257722454,-0.00363381748176802,-0.00719019857154405,-0.00904760662001759
-0.0204777772728377,-0.00410695369988532,-0.0249649081143316,-0.025658846725486,-0.0116635820484122,-0.0689653560883323,-0.00087802124177161,0.00493693989953369,-0.0132365621779936
0.0143408702145309,0.0146904468986972,-0.00404952063596189,-0.0103430628458211,0.020304210276137,0.0136236259517674,0.0170809088181508,0.0125088081706619,0.0236037246477436
0.0876802457956923,0.00486346905043577,0.0181762809538978,0.0200408385687486,0.0121524095269537,-0.0104567633170658,0.0013047500566324,0.00365670750952707,-0.00176539980065214
-0.077079587103884,-0.0390387627106309,-0.0380579700889542,-0.0212862953519722,-0.00841426061431899,-0.0832526427134937,-0.0262634679800471,-0.0110230143448809,-0.0207643180283696
0.0873671733864777,0.0469626690015348,0.0413947299523693,0.125678360467261,0.0131043363090482,0.0483045979929724,0.00447928508150391,0.0344153261985961,0.0441943144219069
-0.0515836358847667,-0.0117990897892994,-0.0184289174587199,-0.0248985092363799,0.00560996449692208,-0.054860058929891,0.00115929085163364,0.00692669557000322,0.0079405263839133
-0.0178695945603463,0.00822373366142729,-0.0114722800068478,-0.025135552358772,0.00371258561515788,-0.0365124836952282,-0.00920206794400951,0.000777505751885802,0.0126815674656664
0.0647988821749849,0.00856130072368336,0.00768970741522197,0.0203611747157453,-0.00993892005984105,0.0366011350982143,-0.000459230904760559,0.0221462799117373,-0.00035446920840574
-0.0399166478912363,-0.0129711361865528,-0.015458562224841,-0.0333944742466746,0.000175248546263997,-0.0503257030668382,-0.0166270554804947,0.0181547884721055,0.0188432999740933
0.0328546079828425,-0.0340410467189529,-0.0142807881872719,0.00610427203811684,-0.00349208603833223,-0.0779145141021582,0.00464864806266787,-0.0115039085731753,0.00330814597290827
-0.0629517091769034,-0.0267420690641839,-0.0179494038090848,-0.0424521913355191,-0.0102265386986596,-0.0460301675669831,0.000165207511650426,-0.0326578199163597,-0.0165410999430006
0.030002289233351,0.0153756884984905,0.0264203034489427,0.0389513803126593,0.00526106996068,0.0627348603358022,-0.0211961032728314,0.0105240618022721,0.011193332668723
0.00679457679462205,0.00874716223269452,0.00837902380910681,0.00872587413616465,0.0115835441568934,-0.00496750343443495,-0.00339321280674898,0.00495956800301582,-0.00425637238373715
-0.017647930648226,-0.0106635851592655,-0.00914915833511456,0.0336588253231188,-0.00539290303356736,0.0416730182978875,-0.00926817682263312,0.00212406619165379,-0.009735033799474
0.000429716366258738,-0.00506349751221697,0.00375309391354458,0.0153370778624301,0.00824921569952889,0.0182079014303444,-0.00252552476513891,0.0114448857411983,0.0210832786194201
-0.0525978726116362,-0.0119866891981064,-0.0179533706326384,-0.0396764564898106,0.00101092038740452,-0.059518475982052,0.00895236204757485,-0.0106976950298976,-0.01066890447125
0.0204318511588078,0.0029308697470045,0.0027987458792915,0.0038830840671599,-0.0125616606436617,0.00731944947750863,-0.0117536651727915,0.0029625149227866,-0.0259095927377856
0.0229828673194298,0.0099600179929153,-0.015475821055112,0.00476852100816939,0.0145194611467869,-0.0136516115528987,0.0246508634102006,0.0129334507697462,0.0078269494532604
-0.0896114634638489,-0.0150131819494879,-0.0131389980166326,-0.0449106499415817,0.00389205552084441,-0.0633314713196148,-0.00814743798865315,-0.000920415616766469,0.000523276988905426
-0.0288602724135413,0.00520821298728717,-0.00181402451992749,0.00622752431835335,0.00175149739201854,-0.0194181428893295,0.000182856723627846,-0.00230523731891764,0.00123793451170458
-0.00934318653744668,0.00776953658594529,0.0184335865409181,-0.0134468431380219,0.0070314841135719,0.0284613931955593,0.00353578817361289,-0.0294058676595647,0.00316129487509559
-0.0684375205072268,-0.0458866814852733,-0.0210276825525762,-0.0192363739102668,-0.0113602476566845,-0.0290330273608769,-0.0141927402053646,-0.0269913169433613,-0.0354256652715099
0.0796018641295125,0.0367870337394801,0.0306040265009676,0.0481132138408968,0.00575242435852519,0.122958754824984,-0.00208077297115326,0.0218072965545655,0.00593772363152704
-0.0301324129679366,0.00811184924844048,-0.0200562629465939,0.0055339400802343,0.0137459520627722,0.00899119593180526,-0.00649372032091149,-0.004680678091862,0.00204563981873822
0.146092669268048,0.0531303861820292,0.0473684191417768,0.0168503954668474,0.0105469165494342,0.0632188849126371,-0.000430515450552889,0.00690692832753605,0.00611670533786041
0.0176781443169662,0.0458136481251777,0.0183908276279542,0.0329369298237034,-0.0192302789425983,-0.0274813598679908,0.0002820109796887,0.00947488614914882,-0.0107795473733881
-0.00650860598313623,0.0212458613964915,-0.00136501319027665,0.0244826669793707,-0.00529416620167402,-0.0310364532286077,0.0156278431089468,0.00799655337525806,-0.0166831377579125
0.0414590660899393,-0.0103838707246639,0.0159919142654659,-0.00665396987332685,0.0178680524690046,0.0282116847218484,0.0228475946697394,0.0143504605255135,0.0270996758924512
-0.081433012713945,-0.0245296385805056,-0.0418882377540314,-0.0394592052774329,-0.0142787913188843,-0.11263639494442,-0.0104882391221995,-0.0218749551776844,0.00173901758390329
0.0160336756752575,0.00643141584455268,0.00526394669721029,0.0371103590660036,0.00330659731809977,-0.0133754970883783,0.0129171540889465,0.0258646701342129,0.00117933103066486
0.0163213902074038,0.00658118649244276,0.0120182023398771,0.0576509677261251,-0.00141356972516712,-0.0023470810991587,0.0132640959782014,0.0263141710246018,0.00820688871917056
-0.0600932352858348,-0.0186251826531902,0.00490556902543858,-0.0217986425420382,-0.0396157077950171,-0.072377541284691,-0.011251975717964,-0.0511815146082076,-0.0320961657304549
-0.0547982395389219,-0.0179980108389464,-0.0143207402147355,-0.0233394924194534,-0.0216071680161718,0.000720146220251218,-0.00927673999372509,-0.0121788938638287,-0.0270218239897921
0.120353981764672,0.0202301157363464,0.0283247559054583,0.102225747959368,0.0160027730465866,0.145674271141379,0.00696546171313113,0.0389263676727813,0.0207340307146016
-0.0389626476488321,-0.0290395426488117,-0.0320489681449328,-0.0521795185785167,-0.0173465776320982,-0.0218717973607707,-0.0280035615877532,-0.0247921789727425,-0.033102267453193
-0.0364305825861017,-0.00858362658262263,0.00427904002147512,-0.014416304412497,-0.00517433804507374,-0.0354861417818853,-0.00751678549576139,-0.0014912323223123,0.00482232044835496
-0.0831745834995337,-0.010038957614331,-0.0125706474575012,0.0241574908579953,-0.00235022645059542,-0.095431085108033,0.000354248104181003,-0.00901415974780156,-0.00567508008034441
0.0666879269031202,0.0337395166407477,0.017379458419631,0.0808714552598789,0.0253049468775641,-0.0199600781624436,0.0297493818211446,0.0331831504080696,0.0398126335143945
-0.0132659925988992,-0.020786834792395,-0.0265096648715964,-0.00166293406382911,-0.000338453064857231,-0.00201672817728809,-0.00408878089957429,0.00622985461748962,0.013133855985276
0.0719280285898535,0.0245406736639917,0.0109824722083842,0.0122586187892042,0.0203318004665685,0.0492194276983194,0.0363768846610913,0.0295960762267408,0.0256648734438854
0.0498248403338157,0.0306412112967984,0.0414050546621191,0.060606536151749,0.0144077612318396,0.12921889640701,1.12526086707362e-05,0.0019298357867265,0.0224792763050631
-0.135515202439954,-0.096655096390808,-0.0223927439472491,-0.0602889165053505,-0.0211192302228692,-0.100559170146999,-0.0175790945690863,-0.0508550646561278,-0.0514691330404167
0.00587513844654863,0.029217111796094,0.0228591978037204,0.0563261198460821,0.0180638232991507,0.0269893311604133,0.0159382626568094,0.0281198807122526,0.032640431650889
-0.0391937284067671,-0.0488996630580947,-0.00652147721829253,-0.00558349983119185,-0.012496722472811,-0.0498567455965773,-0.00297447290386133,-0.0135374273693315,-0.0123263171710032
-0.0130626686039496,-0.000319150379629734,-0.0186482957629955,0.0294321780526715,0.0149565563084136,-0.0274713827668701,0.0101848984133598,-0.00453042996171531,-0.0105373891672427
-0.0388617518542284,0.00592933928442674,-0.0066810554730533,-0.0103945875258162,0.00557784519943431,-0.0324863936016391,-0.0203622831389297,0.00370345380821691,0.00534257185073051
-0.0295138570799939,-0.00565413993882573,-0.0102922948326607,0.0126855339009483,0.00978420541939873,0.0053316928390644,-0.00406184618286684,0.00551268643564705,0.01461859273553
0.00362231144478049,0.00217725163637279,0.0168135977521435,-0.010626460658554,-0.00963073156985062,0.0108330086209648,-0.00860569385301304,-0.000231860933208389,-0.00628998994511794
-0.0776203734003684,-0.0149394711857726,-0.0432512643304766,-0.0434111707531759,-0.017875531099005,-0.0211951940953707,-0.00606670517470439,-0.0358228726299503,-0.0113737476995465
-0.0405038348581707,-0.0188839571072575,-0.00972377171975094,-0.0223238757290809,0.0141731054071535,-0.0445510870986774,-0.010492549831011,-0.0231246149082986,0.00113844056956448
0.0580764860700368,0.0362603990011857,0.038942828170856,0.0324471343974568,-0.00133293145995452,0.0259593094086558,-0.00475992493888588,-0.00533332804189785,-0.00379610752559129
-0.0239264060525254,0.00805762239722329,-0.0201190631086351,-0.0299978208974766,-0.00320325614137743,0.011688323613458,-0.0119681299083606,-0.0267745622607149,-0.0262302353357971
0.0310362603595101,0.0143678156244614,0.0125627561914218,-0.0134516009269481,0.0171584734900932,0.0219000907242045,0.00529902169646862,0.00554628986676725,0.0231176362109693
-0.00167641567165121,0.0129669759776015,0.0109097597311288,-0.00742478295331465,-0.0350874195966584,0.0259934386848012,-0.0104596505814918,0.000634205787778207,-0.00689069530404518
-0.0171873786155927,-0.0114644687379237,-0.0062368200461119,-0.00273172008360219,-0.0272749809634668,-0.0670892375425951,-0.0147313351655111,0.00298164444881053,-0.0443590806609257
-0.0468581760662451,-0.0249649175542819,-0.00657207843242087,-0.0213672578952537,-0.0273957330912974,-0.125219918048701,-0.0106567668269923,-0.00775890008538884,-0.0319546122703751
0.0678366743663215,0.044502969835378,0.0432203254690662,0.0264396454766656,0.0334736844590242,0.0725728022280382,0.00998176531435301,0.0277319373732139,0.0372674948448405
0.0531064440926084,0.0267501445474092,0.0147458800274587,-0.0074560554530167,-0.0243267043336376,-0.00901305592418421,-0.0150232696715076,-0.0306188383082695,-0.0178044968182056
-0.170122752814971,-0.0455818223831851,-0.0606390216028174,-0.0893344861499779,0.000592926050148488,-0.150266001507898,-0.000810686155008191,-0.0143984410393675,-0.00966132450129491
-0.0155351934028145,0.00744648876432198,-0.0186641279417573,-0.00505439155775416,0.0039382758866309,-0.0329528485368085,0.0126642098013468,0.0187127970572491,0.00533109275704097
-0.0724223754481397,-0.00731302176279229,-0.0239040959824916,-0.0378333313612415,-0.0132790451828616,-0.121733243448543,-0.0171919848951487,-0.00995637655716108,-0.00361206950563427
0.0141618019926708,-0.0462111231457766,-0.0356880231555036,0.0211801036441402,0.0002112881389613,-0.0168749750225941,0.0248512010645713,0.00443768823649672,0.00464289236854832
-0.0237549294223388,-0.0189247313000101,-0.0329288083039314,0.00629598140469096,-0.00729125613185545,0.00499907057949189,-0.0186763651470639,-0.0128343802099731,-0.0166818797894355
-0.0405298406768657,-0.0405724951916151,-0.0400638100319055,-0.00928096823609596,-0.0133516372855079,-0.000254560383190581,-0.0168065765887281,-0.00806652341913516,-0.00924029379918492
0.0118836421766046,0.0371889672072821,0.0458391705271066,0.0235979995531809,0.00303466610547738,0.0260440212110651,-0.0141752736046065,-0.00174335478094667,0.0248857533508325
-0.0815405688969758,-0.0437167709571257,-0.057597222950543,-0.0619864996756831,-0.00419787584526051,-0.0813890795695344,0.000129940766259772,-0.0300479240854975,-0.000315523782488638
-0.0247812873994855,-0.0190662203152182,-0.0100246420861336,-0.0234097050157673,-8.35666724638671e-05,-0.0479359212078564,0.0147905176057478,0.00577364593019625,0.00520020479328977
0.0782756595058171,-0.0246743388543528,0.0174399181583204,0.0193677693781212,0.0102805420961329,0.130247938626087,0.00638404629521672,0.0130556463091831,-2.16099511661178e-05
0.0291835762607977,-0.0163391992318129,-0.0163542652706779,-0.032972661785935,0.019014571878778,-0.00319806986440701,0.00473890192736007,0.0276031763497718,0.0163521128893201
0.0409638538039087,0.0246305885327871,0.0198895118243188,0.0474330897621341,0.00456096526850185,0.013748160315344,0.00148415629706987,0.00817075004901097,0.00150685647777804
-0.0982141496611829,-0.0393527506598032,-0.0418483834425452,-0.0432608707059366,-0.0161754038138733,-0.103152788900329,-0.0161762684425285,-0.021338081411159,-0.0207354729458079
-0.00122510877148536,0.00673435095227719,-0.00779929662638963,0.0246833214828203,0.0172911229147591,-0.00680503699140286,0.00550126607755375,-0.00142011449253556,0.0127068368132306
-0.115484974388463,-0.0709809259375394,-0.0113377086092498,-0.0579430708882873,-0.0254773130337589,-0.107130067872263,-0.0285052601059191,-0.0516909911253537,-0.08695605895057
-0.0197054907861009,-0.00999252402243695,-0.000119434502206671,0.00562091936518963,0.00574518437747546,-0.0244294710960047,-0.0030693137290509,-0.000865134068691406,0.00821985484187068
-0.016008368697226,0.00688574500750686,-0.00988136584619627,-0.0209722055644651,-0.020995274824536,-0.0163558185831531,-0.0173123985746733,-0.026971868033197,-0.0321614101479503
0.0117181464267053,-0.0253602394479044,-0.0141613361500223,-0.0207608586666925,0.00682974222131608,0.035740509766711,0.00257229424450363,0.00653596106206791,0.0098996543958739
-0.0499104251723697,-0.0133129156191468,0.000264004023119564,-0.0399069652563011,-0.00619729248566299,-0.0641321893163004,-0.0194537658984656,-0.0322921956308991,-0.0206989015315463
0.0243722092539812,0.0200090036847467,0.00651453748928641,0.0325479494715041,0.00428298837123166,0.0103248193287379,-0.0155837354383758,0.02618668714224,0.0258397214969161
-0.00365944443083146,-0.0262490010227185,-0.029487289079931,-0.00368576680159322,-0.00734169588041048,-0.0136729622515838,0.00955626696149859,-0.0104147616276366,-0.0179701023146074
0.0262347379931531,-0.0258396379853834,-0.0143399713477071,-0.0235875643069658,0.00582432214152326,0.00986618834696006,0.0110330665576382,-0.00837841165068498,0.00728288602418991
-0.00682525273599852,0.0253594347705868,0.0150509965199836,0.0235657832243916,-0.0102469073428986,0.0326400251926566,-0.0174423532256938,-0.00683839244024527,-0.0172749149887901
0.0119871113781388,-0.0170560776541348,-0.0197371123275906,0.041860607832164,0.00837755680373235,-0.0208322642408176,0.00636764994165467,0.00446683200927069,0.00381810721481951
0.0275518453072657,0.0173260752564736,0.0192236889850428,0.0204168200948822,0.00869224087362943,0.0934192782321724,0.00214721874184575,-0.00332602998992865,0.0113051838689363
0.00267301434976306,0.00732239400661378,0.0156216008425987,0.0262111759977481,-0.00938916681341591,-0.0166938162331733,-0.0165806177919856,0.00647891470654578,-0.0302945902267991
-0.0237771388800211,0.00548723514224674,-0.0173378968599798,-0.0306265767290411,0.0131770209656966,-0.0208913522328179,0.00925698412962951,0.0111286055453029,0.00777165823341209
-0.000939400726328092,0.0197587194055707,0.0111476967199932,0.0386030177008778,0.00924283039983978,0.0282076797435416,0.00761352463194855,0.0263020782849646,0.000375485466567967
-0.0368267716975487,-0.0576989497203214,-0.0119181152909628,-0.037194606721173,0.000635530920162867,-0.0621254214913102,0.0004505648941808,-0.00884029137632409,-0.0067988244765307
-0.104548123315216,-0.0345344045929962,0.00377752287515192,-0.0704477170053818,-0.0359599828883165,-0.130253335346024,0.00915587228229007,-0.0502032069988118,-0.0731127095340278
-0.0237040694303679,-0.0105247301057505,0.00500374890996769,-0.0155468708707056,-0.00654545923512324,-0.0322299008956889,-0.00198993297552574,-0.0254628519182044,-0.0193557286012593
-0.00669730698922505,-0.0209894054086404,-0.0211645123825604,-0.00987500167810203,0.0147866462026253,-0.00393176462446147,0.00541561782711431,0.0131835041423236,0.000983422685863765
-0.0252296575567089,0.00445794629087942,-0.027525600459404,0.00366462341655393,0.00426345715580346,0.037094349323375,-0.00104148974754952,-0.0106586533604761,0.00457067968621462
-0.0129886987553183,0.0201462898293337,0.00341511990094276,0.0114502967741788,0.00404817253848237,-0.0121900465087755,0.0106119927844716,0.00811827607788945,0.00985956941503679
-0.0343461974493596,0.00184513835844489,0.00587355793245205,0.0193727246606296,-0.0179767295376022,-0.0451925064805904,-0.015185016159862,0.0211607833860065,0.0127493359264685
0.105933877145791,0.0343560748060882,0.0361598980831605,0.0183876261244465,0.00374891999199121,0.0995232326375753,-0.00410028663757609,-0.00322197121258955,0.0223220633401532
0.011496558262887,-0.0229022891499365,0.00084743026476741,-0.00445870099239108,-0.00954029250827278,0.0288607676715219,-0.0229901411889087,0.00820855642696638,-0.00419100165463182
0.0895001097793271,0.0403451002995987,0.0331301483515691,0.0181737458211814,0.0268411792699884,0.0983145950672848,0.0159347539790968,0.0133263130314033,0.0393554045631509
0.104046485982655,0.00315800216216152,0.0241420414407027,0.0143078656221516,-0.00619772382688084,0.139776450840994,-0.000710033172330553,0.0044404638492023,-0.00345510450151367
0.143902932182544,0.0318311614104071,0.0377962544591938,0.0305921489791604,0.02599431923145,0.150003627022015,0.00910316628435908,0.0274824050963516,0.0265223922664067
0.0528859278582254,0.0311546764815373,0.0191338515730227,0.0287581200738602,0.0155024949854274,0.010066617870377,0.00362088593419904,-0.00424692878950296,0.00564710261139181
-0.041915195183064,-0.0136163181398723,-0.0310156496962426,0.00273314164287959,-0.0127143908223015,-0.0923894769441516,-0.000242645797765982,-0.0350657984100915,-0.010145481748921
-0.00413628258853423,-0.00661703238266915,-0.0133063241676278,0.0172046826113272,0.0130987456470403,0.0729365865128907,-0.00226476114093249,-0.00627345630532407,0.00158589380813058
0.00859867828120886,0.00530491858964029,0.0134768625993314,-0.00454006366399563,0.00127585127694892,0.00722218181834375,-0.0122599126695464,-0.0105400952335821,0.00933052300925228
-0.0233948875970426,0.0130702769837782,-0.011538340668208,-0.0286029505840838,0.000888536727190479,-0.0518391680752148,-0.00770346030390997,-0.02649809573469,-0.00810919167125149
0.0341753744868742,-0.00464721445493168,-0.0135635371172422,0.033466569383196,0.000154101372081775,0.0266333610448297,0.00477123651161423,0.0201693420322919,0.0117577270091459
-0.0757680378566414,-0.0300837704268597,-0.0521679883402683,-0.0423801671475154,-0.00891265517544834,-0.0682689896338546,-0.0175403210005597,-0.0252881854049727,-0.0223769306612708
-0.0253183601152482,0.0084157460074794,-0.0105707498051379,-0.0486171162152509,-0.00112169143153247,-0.0240903132679007,-0.00575149432330898,-0.00447667300194075,-0.0249528148562002
-0.0982439416699295,-0.0285489474283091,-0.00785542803695208,-0.0242571534777588,-0.000573236632949622,-0.075986787726682,-0.0128537893208173,0.00423777441471634,-0.0176945667347321
-0.0201022637338951,-0.0197304269898828,-0.0158036741492188,-0.0218881274837458,-0.00864768377521482,-0.0534165014671345,-0.00218348473153744,0.00866419348628798,0.0114073143253812
0.0913953734853017,0.0798332668100275,0.0666518979590563,0.0446236309558433,0.0248645117096876,0.0666437725997969,0.0205599269694713,0.0278223954987806,0.0182888218290482
0.152404379299911,0.0780734931766211,0.0576469670023106,0.0578867340600136,0.00714833843988197,-0.0385161179022657,0.0376654520871088,0.0354915086525265,0.0461954952943681
0.0112690021649682,0.0205934150784558,0.0184884556452631,-0.0169475205769179,0.0097275663935684,0.0116364766889269,-0.000324169878244985,-0.0130939887090173,0.00184727709212821
0.0512052895051336,0.0133152895173731,0.000286895520306119,0.0347307116257098,-0.00378454194640953,0.0236147470797149,0.000776691334561691,0.0379335899486671,-0.000581639692430557
-0.0340562235307331,-0.000820606672267524,-0.0138263317635426,0.00656936424803585,0.00918358913574289,-0.00340986135248123,-0.00697500827043825,-0.0236241483732245,0.00981867777538873
-0.00998321340580839,-0.0484696083006246,-0.0383260580079386,-0.0205701413653834,-0.0235602042299965,0.000184597591725718,-0.0260099409493061,-0.00393205482643338,-0.0221953743910185
-0.0143485626118041,-0.00111338311936551,-0.0280609786278546,0.00985772904458537,0.000881200524089664,-0.0212236581103641,0.00511223594101204,-0.00436790798587837,0.00350475125539477
0.0225656209551409,0.0204773000484448,0.0019304542033367,0.0413411529682483,0.0115679928541601,0.0440680995720941,0.01009301619209,0.0174109065358736,0.0210012598204346
-0.0657958922618487,-0.0126079061458178,-0.0591682733920747,-0.0180982120713051,-0.0274516914002218,-0.0746465194426992,-0.00495089578606716,-0.0104605459877301,-0.0128421426862776
0.0264863538981837,0.0197774380161291,0.00848020448635589,0.0122861162580866,0.00392336277141594,0.0352078853581675,-0.00626883125907414,0.0106632469316445,0.00544668207540478
-0.0428125521630374,-0.0048684265970941,0.00419977196178196,-0.025674297677688,0.0035886573683046,-0.0377769167242952,0.00166564890913923,0.00291090835961397,0.00105055316130462
-0.0389805182114156,-0.0171366959612092,0.00511221628012827,0.00232157579252163,-0.0120905545930359,-0.060363579327772,-0.0153311193852711,-0.0153846701473557,-0.0166865112602885
-0.00398790809830425,-0.0158353361651888,-0.0243797427260104,-0.00473257252098594,0.00118176766533144,0.00140495555950444,0.0247987137015169,0.0167227917184963,0.0101372155623897
0.0186974313438346,-0.010827075569275,0.0249328515584284,-0.0150306696543895,-0.0193959223815557,0.0393394523217566,-0.012488086431211,-0.0133260341567895,-0.026447075016881
-0.0155988933840812,0.0144839807007149,-0.0191226925052515,-0.00241019386436414,-0.00135612846921136,-0.0104234265139872,-0.00217740564702933,0.00684424513828896,-0.00349678097405527
-0.00448298531747923,-0.0334119817534071,-0.0318329740167729,-0.0218796403494331,0.0114393328552023,0.013382138584138,0.00298827551444302,0.0100713774744732,0.0141706744398309
0.076375823643013,0.0206628439454579,0.0109045829414078,0.0218139243443599,-0.000550809029830144,0.0841855659811619,-0.00189493342353229,0.0155181259571491,0.0196959245365328
-0.0496368877267413,-0.024280134741306,-0.0378707571683324,0.0028748033474023,-0.0152821406670068,0.0635866192546855,-0.00220256517850259,-0.00933142795176693,-0.00815366816224083
0.00975794895746432,-0.04023205648151,0.00405186374418963,0.0117205078904568,0.00631649750907582,0.00337566245352958,0.000668272545754414,0.00597500976025174,0.00498540868707111
-0.0228736517730851,-0.0246380207784027,-0.0095820205924982,0.00886910101165368,0.01364840525657,-0.0190064519928373,0.017204108339558,0.0189438501649652,0.0216606586197032
-0.0876837699506768,-0.0357643749842951,-0.0529136983878241,-0.0499192450095022,-0.010448879505742,-0.0903842095452171,0.00324523140219617,-0.0328299660922425,-0.0130258508885791
0.0380435346831887,0.0310792088424379,0.0172883390285333,0.0393126452844985,0.033700751026556,0.0600851384390776,0.0381510113523269,0.0318743928589725,0.0426470356584857
-0.0478222284440741,-0.0264510890120249,-0.0275217738146385,-0.022231635754131,-0.00304739269100271,-0.00550150115016468,-0.00363783724737259,0.0068034077063822,0.00210913567143469
-0.000425291317873906,0.0333550237100125,0.0310976298160002,0.0214751610834598,0.0160735694014712,-0.0180696467832721,0.0353564631307555,0.0529537825777977,0.0450476882735993
0.0446839257358147,-0.022765755269838,0.000199482371708737,0.000425182275572151,0.00543155770706714,-0.0300164687539514,-0.00544715263417651,0.0172876919666699,-0.00402853175943532
0.0026959616774612,0.00811022073249763,-0.0130330390628435,0.00263543303859115,0.00449021239667472,0.00881655981529416,-0.0136063280492062,0.0161540482331862,0.0153039224355586
-0.0866753718266252,0.00968009469402119,-0.0612573556922775,-0.0453657938929283,-0.0121623996525172,-0.0826409991664386,-0.00120721804214897,-0.000325584110998725,-0.0121366189334533
-0.000878095550931066,-0.0156765160865343,-0.0194958676638935,-0.0346246908455668,-0.00726853599598663,-0.00517544123263786,-0.00564040794142926,-0.00109504028233498,0.000173592191476778
-0.0717695462783994,-0.0258743853342823,-0.0367415616978354,0.0124158346584259,-0.00235942843687851,-0.0576526039431391,-0.00531294394967982,0.00351903163470773,-0.00808196049468682
0.0125176279032255,0.0122905446695557,3.77832010366006e-05,0.0382651165176075,0.00603664419682232,0.00537003154960771,0.00520758088966856,0.0126936556546125,0.0243401905927478
0.0237120284077211,0.016163663320812,-0.000379600391030879,0.0134421875182664,-0.00200863827488681,0.0118348704446887,0.0077213686292713,-0.00612655030653887,0.00287623285597867
-0.0456362528493621,-0.0351827454977767,-0.0123576560650924,-0.020236058348017,-0.0340993159293868,-0.0220334598312637,-0.0332095768990077,-0.0242376485665985,-0.0417903847935408
0.0733430604529534,0.0478805529643525,0.0484018014734418,0.0389498764056282,0.031474311599563,0.0458064138273581,0.0368797774387302,0.0413416521809558,0.0306874975950427
-0.0604669458545802,0.00122892007095493,-0.0354016350903328,-0.0191277751362056,0.00291971568371942,-0.078630817375189,-0.00996019907110194,0.00738757867190325,-0.00373329407641131
0.00474368343974215,0.0197155121052003,0.00885987089312228,0.0126394611765478,0.0163203397367313,0.0469331467380002,0.0256890701370758,0.015930114218324,0.0130719947428302
-0.125581140124004,-0.00681083891875004,-0.0358748668559506,-0.0338617646903147,-0.0102745411750251,-0.0946784117594872,-0.0182525287186946,-0.0359552644105725,-0.022075624033728
-0.0332925821468361,0.0317359712650803,-0.0157717238159749,-0.0192510800635291,-0.00475332338907666,-0.0444074121177534,-0.025902815016504,-0.0344272302388343,-0.0434213048662965
-0.0841131503046322,-0.0230800074127519,-0.0410799503553726,-0.032049869449612,-0.0140095837172197,-0.0936587016128886,-0.0187663104673205,-0.0249186047260321,-0.0091343637920368
0.0745454416379241,0.0531215401092093,0.0362105165065679,0.0115621930277115,-0.00442792431237315,0.107101980338936,0.0127682703304079,0.0110066646050079,0.029564502970509
0.0584176292719569,0.00901199313957263,0.0124449883781089,0.0147594239328417,0.00753915493300756,0.0780314782474674,0.00322275498500165,0.0223940902093824,0.0158517353584049
-0.000964894383802671,-0.0083162502867502,-0.00108953255490995,0.0356638695176751,-0.00593981416209664,-0.0188020313029849,0.00620832419880299,0.0064267200394346,0.00114391935643155
-0.00938285433965792,-0.0313084338115352,-0.041152264977178,0.00110251420138434,-0.01926104044488,0.0267759454412512,-0.0166853063953718,0.00385323833306277,-0.0272796654170629
-0.0680567798163443,0.0171024417361175,-0.0579424137924425,0.0211319215728311,-0.000334162249219354,-0.0462993410490499,0.0096366807681923,0.00379686578440731,0.0206524302515913
-0.074082304735627,-0.0196587092842785,-0.0239207294493407,-0.0210779321168431,0.00564475486400594,-0.0392761913234546,-0.0123714217083593,-0.0115146036055446,-0.0172636585680818
0.00822230052490602,-0.00290611628238435,0.00592135013748159,0.0113661060781987,-0.0126393961231606,0.00115808323135405,0.0122239112454456,-0.0101058443677218,-0.0194070817791936
0.0350285299015334,0.0382433846723431,0.039360711646466,0.0554563741084718,0.00935752734062192,0.0309110720789673,0.030672626209235,0.0189358936035823,0.0119863909497998
0.0310719849799016,-0.0136441800098919,0.0122839192939492,-0.00424231969785831,-0.0121844529463992,0.015430254487097,0.00415629131261824,-0.0282640249573514,-0.02026160959239
0.0305914015414484,0.0108324016028416,0.0203693221510196,0.0314852480528796,-0.00588728673769609,0.0121934732667856,0.00925318756634433,-0.0130024099141407,-0.00750285919150759
0.00529440419258113,0.0222715112790398,0.0248883959325518,0.0339335390546706,0.00675286968518797,-0.00211094480597548,0.0300407344093025,0.0070271512214851,0.0203683189774694
-0.0574144866876233,-0.0372507094063226,-0.0262863285296939,-0.0222571697070548,0.00612909144167152,-0.00910009929119614,-0.00640160715161662,-0.0213020324150771,-0.00392824173974602
-0.042649011383319,0.0256871730262109,-0.0323551572143242,0.00338910414704286,-0.00631066777435865,-0.0271625428097149,0.00200699984417974,0.0182617677734486,0.0102650870167292
0.100639819570494,-0.0116357532703292,-0.0108719565358418,0.04398278175952,0.00668400136302296,0.0780976657921109,0.017723912686868,0.0306232942810009,0.00121346772009778
0.014957738508873,-0.0210555605646028,-0.0161692252322981,-0.0182349009040842,-0.00617621963508523,0.00883123513428517,0.0073352107990645,-0.00260739723162186,-0.00495153311144466
-0.0227913323860998,-0.0164138745418388,0.000218292585203513,0.0209859373474598,0.00587641731708271,-0.0248352006057172,0.00956500816296099,0.0210343077519824,-0.00415219989114143
0.106527613816422,-0.0031017459334934,0.0424017523117024,0.0237467720511446,0.000859266477105816,0.0835790304644649,0.00854773875670242,0.00176653972578137,0.0181278758648891
-0.0154210635071421,0.0256511156926788,0.00493521893403249,-0.0149233178006293,0.0057645420526686,-0.058366133059173,0.010371619595072,0.000744612903357471,0.00359293574605597
-0.0351605195223229,0.031360261259712,-0.0173395588051462,0.0151267598984898,0.00359144775182659,-0.0307168058787235,0.018005737734024,0.00244409159024897,0.00258415983813166
0.121321999326277,0.0285322820330168,0.027895867835319,0.0365741347314095,0.0227030302444953,0.164692259606206,0.0233662737811554,0.0269364580889109,0.0479120053264524
-0.0651964667159937,0.0147508850215975,-0.0370374313278905,-0.0371621765294141,0.00149591277826968,-0.0554915511654235,-0.0119687298223476,0.0138429307806537,0.00370706193257065
-0.0135065574240837,-0.00757445944924234,-0.0162523073910223,0.0266743920961719,0.0255712421019571,0.0305068569870277,0.0119984121061592,0.0141261564451562,0.0183530267384695
-0.00186060818031315,-0.0217949029156967,0.0138319310863963,0.000391274573208433,-0.0140866344065522,-0.0253499991920098,0.00714686161935809,-0.0316758774836735,-0.0195124681227822
0.0952450649135686,0.0225762577423549,0.0161329464428148,0.0331737446624235,0.0165820036427483,0.0782309399658088,0.0303703956825373,0.024868740511757,0.0461993772419621
0.0363185047205503,0.0185478888060577,-0.000516920989753162,0.0250821575707674,0.00744944426052062,0.0146214755454616,0.00903346419536691,0.0031435772588042,0.0185243855280365
0.00369562602931601,0.0354308629967635,0.0299294306103888,0.00678433519169905,0.0086867491558603,0.0110456854728152,0.000489508984330111,0.00288326108787841,0.0160308358397568
0.0165831545633383,0.00875158412377758,0.00786756204864154,0.0167727534482758,0.00905422907790055,-0.000158291530895528,-0.00160649689795025,-0.0130229418045169,0.016125313998882
0.0126532374634173,-0.027486721536233,-0.00512689612823875,0.0323541646057664,-0.00120370027199876,0.0416909819423312,0.00417281676417022,0.00134709528232793,0.0363700814259899
-0.00839474023912237,-0.0188924369286815,-0.0192302615255309,-0.0421271292870255,-0.00474917186239772,-0.0279135981226826,-0.00248724023650149,-0.0160494471266763,-0.00377862264678233
0.00901460942723728,-0.0107296360059781,-0.00689209517487428,0.011915745047447,0.00756683661894133,0.00632108420968332,-0.00174546380680153,0.000569112532802787,0.0139533686460979
0.00596080809135898,-0.00399991090308556,0.0182447489511998,-0.00853469785210334,0.00853306072296704,0.0408403594055707,-0.00844903405925734,-0.0034555538986714,0.000104234032761091
0.0238300811545589,0.000515677827669911,-0.0122881353539553,0.0101765123952045,0.00500482477172595,-0.0192221445196965,0.0111696901475926,0.0126243578491656,0.000778074347471886
0.0390142621745996,0.013061807640805,0.0111077996720848,0.0316493026401274,-0.00676679024812705,0.0648299040555232,-0.00131021265330391,0.0132811818880559,-0.00959706272556311
0.0366757567046863,-0.0213223188216971,-0.00334798369480913,0.0137348563161002,-0.0220554710704573,0.066199552236064,-0.0144235131503785,0.00142812457381354,-0.0310337211609614
0.0365257115660183,-0.000980865189150602,0.0143402357319967,-0.00604965246769871,0.0159877490229565,0.00262781645312253,0.0159477796072406,-0.0117442465394332,0.0157350821219882
-0.0500765830682611,-0.0217454873690264,-0.0576049868733419,0.00763436860721974,0.00691277026998709,-0.0149426067899772,0.0254056387311491,0.0260016681360955,0.0313528231842991
-0.0682604559873791,-0.0385452938277865,-0.0503304178320705,-0.0370978527743015,-0.0131272998817572,-0.017844742013604,-0.00942024179485399,-0.039406038034402,-0.0151918629325401
0.000969374097423698,-0.00159384208305106,0.0169246938091075,-0.00558706507810616,-0.00192651731821361,0.0115610722151741,-0.012992082441243,0.00181411377520125,-0.00104987632616709
-0.111279514809324,0.0127565731500684,0.00318272304124896,-0.0664277774982948,-0.00772326169690237,-0.111882658477172,-0.0198706418160206,-0.0336801658613635,-0.0110677148010986
-0.025334412355228,0.0153816320479053,-0.00453172516879902,0.0372385840420824,-0.0146112806238605,0.00309901046855996,-0.00230662060697629,-0.00545866223128056,-0.00627572397466116
-0.0524976603787603,-0.00151770290600852,-0.0388994917932198,-0.0133698128220105,0.0103232150019344,-0.0498861943789415,0.00505957642711763,-0.00816643975986449,0.00536306438124188
0.040631359030837,0.0475898492312035,0.040246436754418,0.0123789233299932,-0.029217101198042,0.0422879153024071,0.00429913341212599,0.000377344144935681,0.028763978463665
-0.055836343534564,0.00247770213872045,-0.0105980962534667,-0.0243794363832894,0.0145875400214969,-0.058199745012369,-0.00323287164749741,0.00839730397606902,0.00762748006740096
0.0595460184310421,0.0212389478463531,0.0246614390485871,0.0288528188736399,0.0316164370289253,0.0769722452749995,0.0305759671217706,0.0336164830743816,0.042574614920164
0.0988151309978778,0.0134275255392914,0.0168841956824558,0.0242807412637963,0.013842915029876,0.117661974599106,0.0121311965819069,0.0090228646619336,0.0228167897180556
-0.0283220360908253,0.00600527125032433,0.00196985844933342,-0.0241358599092804,0.00441345736609084,-0.0718150007493623,-0.00924787780446915,0.0039894820445091,-0.0133398716121859
0.00794961452347193,0.00754856707729648,0.0103671987217384,-0.00817600874771869,-0.00528373133102916,0.00667040467803928,-0.003446264160457,-0.0156476120498086,-0.00515943530435233
0.0219858967717923,-0.00217541668436747,0.00923370709483809,-0.000734250647657786,0.0192452045660653,0.0313464899312088,0.000155664799116077,0.00321603821821777,0.0272909202389029
0.0478595146817669,-0.00148019359261617,0.0110212874013835,-0.0219979669547452,0.0282535383201173,0.00969991540780658,0.0237783479266651,0.005569072628991,0.0216542789199788
-0.0644126688078769,-0.0318859842978012,0.0168970259067515,-0.0290048947939697,-0.00505117912554998,-0.0228364212491861,-0.0236401732101248,-0.0410660897961901,-0.0255626830830134
-0.0166379709940413,0.0176674597948205,0.0171238208676517,-0.0144492870753806,0.0208015291445629,-0.0378309343601361,0.0167380005571415,-0.00132796038344464,0.0105422162694629
0.0548207737440406,-0.00167811964902058,0.000981843806360078,0.025562038258324,0.000430367820333915,0.0141239292637614,0.00611199146135769,-0.0107778629409342,-0.0129949277737732
0.0510929791385232,-0.0370371160241105,-0.0116624275130894,0.0392732315983855,-0.000666247024794709,0.0346331725295302,-0.00870244918731525,-0.00934893251719806,-0.0020554894005527
-0.0735916210275706,-0.030369508003038,-0.0294846881732513,-0.0171559238857252,0.0114995995536079,-0.0965588143480471,0.00147146795726086,-0.0235220783719398,-0.00683623337647908
-0.0677438846666181,-0.00792213485678031,-0.0136046640681264,-0.0390647386668383,0.00663476690025524,-0.0497546714380111,-0.0124333386575824,-0.0180305402034349,-0.0209831116667586
0.0110607059031508,0.0240017274873486,0.010276810893093,0.0390178552146713,0.0185267596002825,0.0373316470403597,0.0222837252153136,0.00810454457070297,0.0129659532344064
0.0239209662957602,-0.000945997293006794,0.00716141370007002,0.0142811286159033,-0.0171535972268382,0.0123586810106131,-0.00820227830021191,-0.0177780819935612,-0.0105253722365646
0.00455330534002391,0.0417529551479927,0.0238892688771945,0.041232693669403,0.0275736424694561,0.0270379840619991,0.0281650984052576,0.0425788039219597,0.0169416748123881
-0.0284840914532566,0.0143748930751111,-0.0215907179573589,-0.00271261787536968,-0.000198164514495189,0.00337230543549431,-0.0151358335492554,-0.000141614253091052,-0.00986555524549165
-0.0135901945660401,-0.00453468240338252,-0.00759829332838011,0.0262344788544202,-0.00722550255047427,0.00406097965788517,0.00331684113121509,-0.0127132895258209,-0.0158975351183355
0.021525334757892,-0.00325002490168762,0.00603914304244726,0.03869483133207,0.0191621321051217,0.0443221673020128,0.0287962047147599,0.00603664478573795,0.0294172582658297
0.0517895278232284,0.0318995786869096,0.0210812807390975,-0.0154945950230292,-0.0153878166403759,0.0509649788282792,-0.0140313616285475,0.0281065298587563,-0.0177820095984574
-0.0420464745673843,-0.00960723650656502,-0.00249640702374505,-0.00701379546224736,-0.0110707868728509,-0.0439559318207703,0.0124648357338705,-0.0249203385031045,-0.0288614599684836
-0.0701277295511033,-0.0488786631717769,-0.0466352281264923,-0.0574800441821886,-0.0223429861843336,-0.0287319226668897,-0.038293600415582,-0.017638174874089,-0.00738455545348136
0.0915297394127109,0.0793380134640447,0.0718970292720546,0.0215559776603434,0.0255129555114887,0.0887802689430196,0.00545382571159714,0.00273657947561982,0.0422376219998983
0.0247599058823714,0.0319306272093558,0.0112819106662358,0.00207807814891853,0.00500172768702535,-0.0343571108903637,-0.0197229956989984,0.0108784136508675,0.0148607359444658
0.0228282730576716,0.0245888576197256,-0.0145225327852375,0.0351560658557458,0.00957447778916052,-0.00930309664355213,0.0249837581548129,0.013811551966463,0.0262584948745084
0.0232440289042213,0.00631866183298041,-0.00927885723220912,0.0200128969138809,-0.00292000954400349,0.0380502626157937,-0.00370988132921887,-0.00951593756476488,-0.0251849246870007
-0.049356248460571,-0.00343970485409904,-0.032854707341314,-0.0287741212464572,-0.000164243212395752,0.0313116104059093,-0.0097388350744885,-0.034239514871489,-0.0088586791523377
0.00841261563153154,0.019646078735216,0.0179983243627499,-0.00507663326364462,0.0282368446714713,0.01074708122353,-0.0101780772689637,0.0354361366889067,0.0324480005408892
-0.021025078179134,-0.0476722863637152,-0.0289259572637594,0.00315410204660547,0.00667466004198015,-0.0436670769182729,-0.00544523607665171,-0.0138105376353302,-0.0132607100970946
0.0336626206499143,-0.0160482673847431,-0.0166379596329509,0.0156727196183888,0.0013720767641306,-0.0400846071004437,0.00771768218825592,0.0212681362427148,-0.00270528826487446
-0.0156678329135039,0.00043178073655284,-0.039777785899842,-0.0138886338362847,-0.0107052759477057,-0.00112646229095974,-0.0012111611782484,0.00817314159776306,0.00740884118312786
-0.0200277174552116,0.0154358598326776,-0.0206304231378255,0.0493764544978471,0.00248394771741394,-0.0294837355984535,0.0162470749348525,0.00897699073531681,0.0106351853176836
0.00683762603390584,-0.00913842328652997,-0.00681809614187931,0.0394250610764397,0.00264580810574208,-0.00931616828969925,0.00247523757030973,0.0108166416976551,0.00244527264657274
-0.070448146622136,-0.0352112103380889,-0.0100947927498154,-0.0100450379211408,0.0142660064130829,-0.0366017270273913,-0.00716881857941074,-0.0112669341214537,0.024561949443417
-0.0344753553073181,0.0198000984980896,0.0116605861967854,-8.53806566750003e-05,-0.00591224953606127,0.0121553943555008,-0.00220476822034489,-0.000119957670785897,-0.0130650878259462
-0.00584690492610312,0.0215302228377043,-0.00557225613566277,0.00415551448440874,-0.0107344311245149,-0.0500515417650712,-0.00080420379029194,0.00022190561996942,0.00981658975777461
-0.0360143398923401,-0.0023854788141097,0.0373701748167282,0.0424591916836359,0.00124824608177218,0.00498466778726158,0.0334007779699768,0.0125900938915559,-0.000949900779377139
0.0441516928770895,0.0243207733083206,-0.00432588921131767,0.0143914309063961,0.0177428959713702,-0.0023117923084962,0.0328509322587029,0.0257296261795238,0.0308295209273658
0.0434808769350006,0.0123977901290332,0.0256373427842452,0.0617761086903784,0.0234003596745945,0.0811523799086307,-0.00246416086399788,0.0273712223940309,0.0355058372504039
0.095610713846429,0.0302037844341076,0.0287520703000205,0.0177920272237593,0.00830643092002056,0.120107554083936,0.00800772952591384,-0.0064640303489241,0.0161848135368129
-0.103962271520286,-0.0454583863109136,-0.03274592438967,-0.0621426779222962,-0.0109382764235202,-0.130405266788513,-0.0388445523672021,-0.0218233816001716,-0.0233892418123399
-0.00061088678765138,-0.00168532554781724,-0.00789435756604575,-0.0260859364988897,-0.0208733879760504,-0.0299937037929923,0.0104260741663636,0.00489656644561186,-0.0135846003810248
0.0127416974993373,-0.0118582244709495,0.00170575976976263,-0.0420036322212165,0.00311942965678848,-0.00583929328298791,-0.0218993649864194,-0.0271747028055719,-0.00867631642406532
-0.0071639903426501,-0.010307171282725,-0.0435227773409393,-0.00396008714377754,-0.00688083579428793,-0.00943239290866773,-0.048838341591138,0.00191398656251485,0.00264588842944056
-0.0143751918589653,0.0081687109628432,0.0104100776263024,0.0183942530464079,0.00924426789289938,-0.0388651192540335,-0.00459625429848602,0.0222673981918044,0.0173070183373161
-0.00860533584780945,0.0196375310031801,0.022992456630069,-0.00711722636309312,0.00302059237990781,0.0139420896420923,0.0136840538184248,-0.00302895891916249,0.0158473023819642
-0.0381903590000374,0.00679747130807021,-0.0158713917003349,-0.000566208746411725,-0.00296956011250626,-0.0290929258438411,-0.0312075050861104,-0.00364598876096392,0.00744956345391911
0.0800454405601023,-0.00518983905926692,0.0144907287865554,0.0147868530268397,0.0141241923685585,-0.0164577681553152,0.0181092313308873,0.00914571799030479,0.0213280101792833
0.098174131702474,0.058288139354311,0.0475087584233679,0.0811311208984475,0.00992902109747865,0.109393879170463,0.0140383144231861,0.0241273419843632,0.00831498732861329
0.00658824596547587,0.00210224027909053,-0.0122443695438975,0.015989330222334,0.00700514662662267,0.025313597401297,-0.0170730849073339,0.00577055355253301,0.00101174019063111
0.0703891955020255,0.0269101185271057,0.0248573405975863,0.0429211194282932,-0.00158136816086528,0.0453776558318569,-0.000944555413757902,0.0357873764597766,0.00692191188427641
-0.0392335558952271,-0.0191103555520887,-0.0028583937533701,-0.0116655297416656,0.00688506567401173,0.112971120226786,-0.0132832374545036,-0.0176075649753867,-0.0285798587088655
-0.0067051051525825,0.0218981318061079,-0.0025592726981512,0.0151347655026525,-0.00244948921703528,-0.0209735300514273,0.0183819801451306,0.000170847051806374,0.0309846060394818
0.00874101950689161,-0.00808526315582402,-0.0210874210519118,0.030854895468517,0.0116298377817728,0.0164575633435255,0.047133344376171,-0.00548683827359021,0.0294054377066964
-0.0373620245005205,-0.00162903414620239,-0.0296591862522625,-0.0445016988451172,-0.00206423561588219,-0.024305012071388,0.00540588727859846,-0.0145178924949969,-0.0120153810475403
-0.0550634056136518,-0.00284108101434843,-0.0144973815688416,-0.0256541767633929,-0.0142314671878887,-0.0673535928246864,-0.0121423747150958,-0.0110533521235918,-0.0138377849762052
-0.00428647633084597,-0.0133582535863888,-0.0242730048439325,0.00482853104627653,-0.00429587650610006,-0.0857856289423616,-0.0154185536801706,-0.0203285991016494,-0.0178489472428863
-0.0173492811319341,0.000596274317849777,-0.0108198109864409,0.0254344136069245,-0.00334372511911507,0.0386933280404179,0.00551748448654055,0.028027955628878,-0.00665272299859455
0.0582404776562412,0.0136071839217437,0.0211711118212346,0.019759752287377,-0.00251131151093897,0.0166510802154876,0.0149235974757805,0.0423117021011424,0.014592108867127
0.0545355966113459,0.0389636646058111,0.0281455044934599,0.0603905853567666,0.0342038832744692,0.087602826182305,0.0142750884695793,0.0177629782284685,0.0513857722294944
0.0820711916392118,0.0478043385820071,0.0370159304752024,0.00869127819748552,0.0147155938918901,0.0604611678656223,0.0168879492738461,0.0207195342534669,0.0230248222187689
-0.00321040694598649,-0.00544882401982606,-0.00391527725081233,0.0124783487272885,-0.013948426776552,-0.000354958905713097,0.00825202129037712,0.00925416944569925,-0.00755210718409737
-0.0124616981177729,-0.0228735439120978,0.00637228109856923,-0.0291091097070355,0.00548317920005772,-0.0195735901524336,-0.00728717173255339,-0.025519413218593,-0.00368953714160311
0.0119433558168949,0.0524563618685939,0.0393235017375658,0.0223198168078503,-0.016245630859812,0.00782828122138806,0.0115935222307839,0.0372217455589263,-0.0204035988178242
-0.137228188540377,-0.025037506207594,-0.0434267970047497,-0.0770054762500371,0.00101228906652822,-0.11699932969146,-0.0149043557482752,-0.00455954466954435,-0.0121737546465601
-0.0333436821819882,-0.012087262462868,-0.00127869236630245,-0.00105172592876051,-0.0160989354298062,-0.0219566907118891,0.0126555266439497,-0.00911727661329283,-0.00483933309243092
0.0109752303323443,0.0101111816678514,-0.0139038262474987,0.0197706686058916,0.000131174641104602,0.0133761311294199,-0.00629437565835795,0.0292003256919747,-0.00045644033869936
0.0605452706506212,0.025158215147498,0.000687604640236388,-0.0176896264968859,0.0076547034961447,0.0603077346181977,-0.00764818811784307,0.0047224175909361,0.00105616292632135
-0.0724168378503105,-0.0280614274340075,-0.0280897759375653,-0.0395565489112548,0.0117993777918972,-0.0480645846655982,0.00332688786592705,-0.0210256083084999,-0.00507084305718467
-0.0560452895871883,-0.0160418704878395,-0.033034421400568,-0.0387753980989897,-0.00270092977808016,-0.0616042320492202,-0.0177237170364376,0.00938622783382142,-0.00291452951196406
-0.00126283221300035,0.00419686468235703,0.00278993874328802,-0.0214871790189679,-0.00126825366086073,-0.0301232650067203,0.000240220280874948,0.0200611339969118,-0.00604039106130776
0.0271811618273068,-0.00161785579860798,-0.0042435798817614,-0.00580251074522046,0.00825025623277664,0.0543553497294666,-0.0074857466202199,-0.0214915562557533,0.0200393708574449
0.046338994383989,0.0104797090255239,0.0417136782562573,0.0326450450751377,0.0159109691542332,0.08681111483312,-0.0128639983294066,0.00252107852273986,0.0307480528348119
-0.0498546574890289,-0.0214991307982025,-0.0381430614952801,-0.0133383612998991,0.00545584727404292,0.00346692707403701,0.00584951769068105,-0.0143341031902745,-0.0201930730367983
-0.0788017442642191,-0.0252138839671624,-0.0126293779636371,-0.0173915553433072,-0.0110815626212557,-0.0661258331972062,-0.00886590334298553,-0.0147702756461946,-0.0493364758723893
-0.0174693516563942,-0.00318359623792745,0.00149576949339309,0.00912605575823858,-0.00231165108039079,0.00214635121934714,0.0107011257706528,0.0146480153403574,0.0277132846382188
-0.0444979862755851,-0.00405794388194818,-0.0264494198577342,-0.0246843854760352,-0.00612636398237701,-0.0580930356344756,-0.0150955786992509,-0.00994507940178727,-0.0187186312902533
-0.0333882331914879,-0.0669301146446326,-0.0155478846898135,0.0368307986697622,-0.00513683421864031,-0.0152018293477472,-0.00835769720271599,0.00152849364923908,0.0101240699173469
0.0401692468244091,0.000635350647804505,0.00499094275397806,-0.0119485785361357,-0.00608281698308856,-0.0020141946364286,-0.0208065603595803,-0.00722751286404321,0.00364244089906934
0.02766669043641,0.00845121982089032,0.00138567038552698,0.0593933949783006,0.00346002664946209,0.0328857986915966,0.0418726211581854,0.0116623056340499,0.0658318128475525
-0.02196679504669,-0.0337319905720993,-0.0383698408256807,0.010520558806008,0.00424151230107544,0.0123568010330675,0.0221181607923983,-0.00795504390595823,-0.00245525983350936
-0.125410664032041,-0.0567871393945189,-0.015815381786713,0.00161311985731312,-0.00774196620606356,-0.108648002697599,-0.00928808944011336,-0.00110390508093895,-0.0137820361479977
0.0325290006995224,0.0297051846315835,0.0310437058803531,0.041971949409409,0.0333761747810096,0.00651876909397163,0.0214816145802927,0.0185800669459881,0.0378570810078454
0.0528613845974854,0.00743736717389591,0.00411163445186938,0.025907913841343,-0.0105207548506722,0.0358090487435903,-0.0106012148056731,0.0151529873035617,-0.00871357387028089
-0.067038010185626,-0.018641178696862,-0.0236195041897683,-0.0354561664166777,-0.0242752588670863,-0.0417994454582068,-0.00495117002174015,-0.00894453692316023,-0.0167646750844499
-0.0446976193127987,-0.0118923298113578,-0.00639306295353723,-0.0275224694171068,-0.0253415000650607,0.00200755122144024,-0.0125300111474466,-0.0104135457719026,-0.00953398003153804
0.00377368159261628,0.0246027709856582,0.000891929653195501,-0.00388663004390099,-0.00614525036886228,0.01800443162616,-0.00271148827310679,0.0122994791649613,0.00635096330489415
0.0837097540108317,0.0368332528356497,-0.0009041409792459,0.028769690956355,0.00401053390225636,0.0581101871655517,0.00615581956808835,0.0141410403372181,0.0287569404653232
0.0322799398920267,0.0461742889098568,0.0384724366540855,0.0466416791868707,-0.00283954206884482,0.0483650175741002,0.0119254955282358,0.0243047578091504,-0.0030064282425665
-0.00311324825545077,-0.0272232802871222,-0.010777518003562,-0.0465825622768366,-0.0149709591354965,-0.0496351782829417,-0.000203200863022642,-0.0166937318177152,-0.0126271884241475
0.0512287471734677,0.0489130177422572,0.0435461813154142,0.0637743881737903,0.0200483671539739,0.0173193044520792,0.0306971701266176,0.0300030069067843,0.035617540797095
0.0214086435589395,0.00799156915676037,-0.00604069130817047,-0.0323451483311009,-0.00868316182607841,0.0105382875736981,-0.00760251753628636,-0.00673025658929882,-0.0168375606351251
0.00311740851325204,-0.0126633613682566,-0.0273299286313893,0.01778445767507,0.0108468019671625,0.00731406735462306,0.000743022893356096,0.00407181876894422,-0.00356784841511977
0.0594058460230143,0.022827827138035,0.02943076985997,0.0438744025946136,0.0134714884271225,0.0624886143881063,0.00308442173173147,0.00975053716540458,0.0152029353879529
-0.0216929127201801,-0.0153612441035231,-0.0128252443065546,0.0455109451341848,0.00387865645583057,0.0235850279091592,0.0152868825134503,0.011834171652322,-0.000132996013416352
0.0134722095084157,-0.0108661657867578,-0.015473265903181,-0.0197933001518901,-0.00178463852137898,-0.0331697840896283,0.00987795196181419,0.0179519185839161,0.00928595283393586
0.0154674047536104,0.0377744008328956,0.0249522339849685,0.0711711898226539,0.0320963302441867,0.0795626393079303,0.0167722432836375,0.0409412887303189,0.0309063843255379
0.0377862011895922,0.0104238673722551,-0.0184227241203337,-0.00656713271857437,0.000339346426515199,-0.0138179898625193,-0.00847634341079586,0.00397541280799299,0.00719085795692197
0.0151214179583292,0.0458309175416881,0.00927718800415624,0.0375514875438673,-0.00700648040190861,0.0180697594128597,-0.00333100071588981,0.0246756570460691,-0.0104498306204037
-0.0146005625912761,-0.0080888762231983,-0.0106437696820338,0.00303558299014135,0.0015644061692722,-0.0276966489506924,0.0137351620623637,0.0131830387288464,-0.0158830182523541
-0.033490972678201,-0.0173906904361913,-0.0113121169004375,-0.0193924869950392,-0.00305119220050157,-0.0897407056808017,-0.00914498511089246,-0.0240481501627394,0.00106472429735781
0.089187777294097,0.001983471194349,0.0111963709726738,0.0679769749812199,0.0197384424986821,0.0821148420897007,0.00878009237552712,0.0429333030275727,0.0121541714381696
0.0932164788187962,0.0371472609216256,0.0467031656311811,0.0290642390410774,-0.00383422026816314,0.0553009804326329,-0.00361950770529347,-0.00316069632229881,0.00534702390262448
0.0219691084847923,0.0296384037992434,-0.00154621206843658,0.0180508328358174,0.00348623387047415,-0.0456529545508918,-0.0222155784800471,-0.00852798104191288,-0.0183166810189501
-0.0201792201937917,0.017052949295091,0.00253239707754044,-0.0157074101220988,0.000675624175289942,-0.0451532281723995,-0.00473493009068805,-0.00581568430193232,-0.00175778257223557
-0.112465832614153,-0.0700720922387293,-0.0599907816778748,-0.0998131256241423,-0.016895754735842,-0.129549848019818,-0.0308694493255419,-0.0317184458328471,-0.0440794648110305
-0.105906924631971,0.0207206242649305,-0.0244525334922623,-0.0579653724467855,-0.0180093529264929,-0.0687707307111509,-0.0151077329456436,-0.032054854442008,-0.0135932549350547
-0.0298376582192873,-0.028713337201322,-0.0257623219615814,-0.0177079570374945,-0.00569661178858459,-0.0451083663245382,-0.00843062386315688,-0.016460510042481,-0.0340979967108549
-0.0766888752924758,-0.0322953817793788,-0.0366430788770796,-0.044674729691322,0.0153354968360223,-0.0396405486305828,-0.00466535587149917,-0.048993853729977,-0.00218707463218793
0.0310636042629731,0.00136463727663333,-0.00859716361889911,0.0104239755705569,0.016589648931357,0.0161475308708496,0.00948984968130771,0.00942436005489708,0.0263955356188036
0.0189483440196936,0.0279439680204325,0.00819413230469812,0.00515944516505919,0.00227444779563339,-0.00520731234072797,-0.00166557053632546,-0.00228305429656228,0.0116165998699572
0.0166558083484024,0.0204792785705971,-0.00802973927115438,-0.0294664482181329,-0.00690293652786169,-0.0143271593977869,-0.0108831269429269,0.00306709894145718,0.014129797985797
-0.0136949478043043,0.0158235493279636,-0.00182426469899738,0.0174194502266357,0.011998273751463,0.0258464567647087,0.00194886162540149,0.0268615846812502,0.00397358686184519
0.0586664979886089,0.00984055407540401,0.00497010356189777,0.0250105495844043,0.000749249655033971,0.0429171114329424,-0.00101351422782138,0.0181366709235786,0.0134455385217365
0.0779307595026651,0.0178952774842752,0.0136527761330286,0.041255626167887,-0.00201069198722452,0.0539265549750301,0.00751872886472144,0.0106644053190731,0.02147510544027
-0.135107039913817,0.0189927464144433,-0.046358628203202,-0.0404609842561381,0.00893876349274174,-0.0924131684252941,-0.0134487875409825,0.00713329201813711,0.0172486325833239
0.0312519691987109,0.0447091240137306,0.0339100247772873,-0.00477418338689278,-0.018467952999612,0.00199421887779684,-0.00865533651448127,0.0150843553768136,-0.00933934955175215
-0.020600247713553,-0.00900598394273467,-0.0423362097209209,-0.0484830776840602,0.00732570871419595,0.00259116361047473,0.00919009520251564,-0.0305897587812337,0.0152256108504447
-0.0820302672809339,-0.0211342264600887,-0.0021367589023292,-0.0394023512053162,-0.00492991205955744,-0.0187385129610573,0.0107961457907545,-0.0311206191886308,-0.0504139883534122
0.0377534559166848,0.00505205258776178,-0.000664835083850436,-0.00978991434322772,0.0111108609610166,-0.027549782821935,0.0101843406612167,0.0069174439334423,0.0231053871627346
-0.0767954354318006,-0.0303128328000979,-0.0267452117441459,-0.0593074081156725,-0.0166880556830956,-0.0499957680244301,-0.0137932655029601,-0.0425712350213652,-0.0237240613393615
-0.0342417519403825,-0.0714615491027959,-0.0435784838674845,0.00147998627860606,-0.0205457135515556,-0.0625642983025032,-0.0145362017031362,-0.0289592454753188,-0.0496809027435499
0.0428326301939584,0.00234073029804189,0.00398776658408678,0.0260225920456354,-0.00461314596605475,0.0393705032517102,-0.000612089320278304,-0.0173099018795441,-0.010573894073288
0.0366800165755611,-0.0222028245062762,-0.0157117222310277,0.0302698911516848,0.0101909205967961,0.0339761956336134,-0.010792667664194,0.0157078255937278,0.0201991174499677
-0.0290425304682451,-0.00791535954638733,-0.0216433532746308,-0.0237332180018357,0.0154573464423919,-0.00424498982478349,-0.0288322424202124,-0.00436085741780707,0.0224710100463926
0.0143017356416093,0.0194364966883042,0.005797074580609,0.0349047650099501,0.021010001517711,-0.0391890505255072,0.0127351716906417,0.0214718172747641,0.0178882569342989
-0.0625838445368912,0.00951095174122401,-0.015751216473074,0.00078977317521629,-0.00688959655149501,-0.0098853888393219,-0.00871799931849833,-0.0285956186497767,-0.0217346390522594
-0.0309906626639799,0.0046556979542256,-0.030618115520976,-0.0097667989183844,-0.0239149788144372,-0.0165037474515405,-0.0100510908816035,-0.00583528490276938,0.00204850766718255
-0.0450656011996332,-0.0176841567496356,-0.00257806169048218,-0.0198080068524313,-0.00508635949400323,-0.0366230899494175,-0.0109363222299408,-0.0275111209762487,-0.0123249812611443
0.026227789072278,0.032223827532744,0.0146650041125962,0.0153255893174699,-0.0108208874752916,0.0597332977842439,0.00792407973491068,-0.00499091324943185,-0.00969505596277498
0.0241471697085138,0.0257172787317946,-0.0132336265782558,0.00307646130376613,0.0161074468814783,0.0180395302161026,0.0160064156507285,0.00282718497063791,0.0020200236396345
0.0193560312818991,-0.0145282328281058,-0.013377229655486,0.00576054565779253,0.00953278606356775,0.00809892083625365,0.0131245414484371,0.0047389609643107,0.0177264590392723
0.0408062310816522,0.0411720795293918,0.0349310411597682,0.0194364974858486,-0.0120160050307055,-0.00750674768712307,-0.0025966961636944,-0.000207730884864859,-0.00562486938060615
-0.0804117418671325,-0.0316586391355876,-0.0529969768830303,-0.0523877472157474,-0.0360925521606226,-0.118618903971576,-3.18728360687942e-05,-0.0159798455174938,-0.0299139524964239
0.0501572657831765,-0.0100823446548613,0.0139759051766853,0.00490367241310772,-0.0175754281000795,0.0795195569303099,-0.0129008059567288,-0.0110832343266055,-0.0132323789070341
-0.0524073615057606,0.0111898464857126,-0.0128226372055576,0.000478441772735889,0.00117525953925769,-0.0327021432741581,-0.000620875154579067,-0.0150574404619021,0.00396007163621342
0.0166547486633912,-0.00229546041041482,0.015153319562385,0.00885370178924377,0.00586748590331772,-0.0851790898924652,0.0158900751502976,-0.00188504453254015,-0.0192126454358838
0.0619842507078924,0.0053038111585547,0.0178676330939349,0.00213426303218571,-0.0219353699946302,0.0291885658147203,-0.0226453027588926,0.00847831766673189,0.00764916082366112
-0.111788246918089,-0.0207972678909748,-0.0462050720580829,-0.0641156484317898,-0.0137034233657622,-0.0802774405836165,-0.0300117413996761,-0.0208717456189251,-0.0411969801044944
-0.00756620943592603,-0.0108534303260863,0.010910636796575,-0.0303758216421295,-0.0138091677705929,-0.0211816732740024,-0.0103119725397618,-0.0408222161458791,-0.00384952790050683
-0.055051550376852,-0.0362752758095273,-0.0203654147027002,-0.0350455204202811,-0.0101780022119022,-0.0672443511734957,-0.0140678240456843,-0.00989864714170501,-0.0170197934250706
-0.00315502864852135,0.00209183085069694,-0.00342999563853749,-0.000551255489918895,-0.009458595941505,0.0412128636070805,-0.00124291164695704,0.00333948031118583,-0.010446169900467
0.015094864677419,-0.0172662023718303,-0.0158670763574185,0.0318359140781876,0.0189189477496385,0.0139594998767332,0.0114714094936708,0.0183576810392185,0.0237537385518414
0.0298303483471499,0.0158424905049263,-0.0190581570414842,-0.00819844221741482,-0.00935021696717974,0.0186515042561131,0.0125231174655779,-0.0145025725910369,0.016939621858195
0.0212992474954184,-0.00658700958605682,-0.0238225738076802,0.0119297645466458,0.00515889031312435,0.00436161028976042,0.00325156909843053,0.0164020220058458,0.0110760591499984
0.0123913768648454,-0.0188912931099947,-0.00475381062568581,-0.0240298993637776,-0.00823116355291637,0.000716912184405637,-0.0354624237064317,-0.0378440229704295,-0.0221278381049813
-0.0966382272943214,-0.0296884601183569,-0.0555648568085733,-0.0331012907574663,-0.00303492409593789,-0.0757603532703899,-0.0195445831589145,-0.0205187906075171,-0.0140227692555421
0.0506877005208261,0.00231670632179679,0.00758241608667349,0.0235621062446816,-0.00909438158541215,0.0719534112123917,0.00908234321897014,0.0179925830197089,-0.00946749153361316
-0.02528804523067,-0.0258210184745119,-0.0183334450792224,-0.00163420266342169,-0.00477420746608842,-0.0160095512716324,0.0158254475808661,0.00580280670460109,0.00940529112213694
-0.0468990632472616,-0.0154847446665984,-0.0344823618169464,0.0623392294575467,0.00236461848714798,-0.0107506325539185,0.0124789539109,0.016998124074152,0.0125479015201965
-0.052507519245857,0.00677077945240412,-0.0175252266076854,0.00657004979109109,-0.0184489277197889,-0.063325316719532,-0.0135936085827824,-0.00615935460554878,-0.0109744440720864
0.0144677418099024,0.00333005085930658,-0.00229566448891293,0.0142669982179094,0.0140086149055885,0.0092690168841184,0.0253958107378492,0.00105254992626538,0.000555883918786873
-0.0196738088351746,-0.0182304794246806,-0.033279723719583,-0.00518101167619281,-0.00734992075231393,-0.0558600127657902,-0.0128627375502839,0.00929699890268482,-0.0257303139025844
-0.127218346579101,-0.00418625676865161,-0.0183832510300878,-0.0409542629914677,-0.00262264542176311,-0.0919675976740368,-0.00819361377817068,-0.0332668409786302,-0.00256140021913287
-0.023385457221744,0.0365863042667315,-0.00150292253898343,0.00529271643988625,0.0207711286117918,0.0068291650698882,0.00245856845490366,0.00663663980086832,0.0398593176189387
-0.000821358054499067,0.00563658776113648,0.00927233480933465,0.0011953630851191,0.00365286248150324,-0.0149275318990647,-0.000460966856664521,0.0224967091341435,-0.00690863936597043
0.0122718121274432,-0.0178402098377358,-0.0143957764471357,-0.00373243100458145,-0.0188574985277327,0.0135083366100021,-0.00136882777002204,-0.00472740279333987,-0.0299313687987749
-0.0868580181659703,0.0214676377183508,-0.0642274150163716,-0.0177964615787426,-0.00804800725055525,-0.0802238021674927,-0.0270868492560591,-0.0371861613016417,-0.0305265840542527
-0.0288024091180842,-0.0234219076005743,-0.00742626085990669,0.0110316723507683,-0.0055872376165771,0.0436517946774223,0.00963477086460938,-0.00321827560501134,-0.0156675776138419
-0.0529199472129606,-0.0167601436150282,-0.0379855102808393,0.000449939823590708,0.0133102821440103,0.00338621267282649,0.00644321867644216,-0.00221557452011402,0.00465693942692271
-0.00776415729677987,0.0166667536329944,-0.00400763415430426,0.00950885457692502,0.00867299175561473,-0.0514120020135097,-0.00012310681442417,-0.00998633020416449,0.00171420011967888
-0.0137139760999705,-0.0254319882112221,0.0121987711667845,-0.00922182409869028,-0.00987187694700492,-0.0117751477481923,0.00256684987112957,-0.0168486478864061,-0.0137470799896092
-0.0153390885357111,0.00677331886966056,-0.0183293967048467,-0.0183733212549585,0.00219478240455798,-0.0821173414561462,0.0113278793726204,0.0194647296755804,0.0117329254670414
-0.069325970151389,0.00642476382998354,-0.0241243214085389,-0.0294613966703328,-0.0118676970564666,-0.081686146205822,-0.00548482126620467,0.00149581282723992,-0.00490779402884845
0.0169389559694051,0.0356249923676699,-0.020408766975647,-0.0133975329457626,0.00147409417350878,-0.0213737879255406,-0.0122258405079201,-0.0142303224101165,-0.00265234814478996
-0.0675869565109969,-0.0222847586475418,-0.027090080723497,-0.0339690910232014,-0.0072641693329768,-0.0696519844202826,-0.00354711342563086,0.00974800537566184,-0.00751829944777517
-0.00433024156432197,0.016051470746129,0.016759380189647,0.0317007936585326,0.0147720481949451,0.0145513320576858,0.00700251432678276,0.0233895263669219,0.00756690516229064
0.0141306774563832,-0.0294727130087837,0.00746265850160836,0.00877450437744479,7.87249111167046e-05,0.0324209393600281,0.0254043026275726,0.00856735662578435,0.00423804619642333
-0.0656129037647536,-0.0332247666908301,-0.0386936061581147,0.0173279878896174,-0.00656984497483713,-0.0964757911176443,-0.00660405677415457,-0.00910157871450986,-0.00172015672307716
-0.000100594384465001,0.00712855638243224,-0.0197304675763418,-0.0297275033386822,-0.00419280425912304,0.01836051026271,-0.000959619747041975,-0.00359046346760641,0.0015900714308452
-0.0753750790042084,-0.0443112754745902,-0.0474879941885646,-0.0297821302702763,-0.00839415260546388,-0.0645536492024616,-0.0366684842047593,-0.0463319290034337,-0.0149380079802749
-0.00726413777085737,-0.0439502812352035,-0.00728176710488058,-0.000929273974648199,0.00562631242312685,-0.0225403985984082,0.0103522068787536,0.0125951928521841,-0.00105475663324174
-0.0118355973885708,-0.0440218374635627,-0.046763159056037,0.0245698657492594,-0.00590530218158134,0.00611200633706316,-0.00708273758867012,0.0205947871221147,-0.0271595471064816
-0.0491865667055189,-0.0560898545310026,-0.0386564194510081,-0.0441067429535789,-8.82374489817908e-05,0.00130682643114777,-0.00354460832687379,-0.00550878323089715,0.0024191681596351
-0.00530321786751338,0.0241770113620482,0.0336166551825848,0.0147993277018425,0.00184127011963676,-0.00739975154750928,0.0166691084760884,-0.0132849700975459,-0.0102923226928943
0.0274385103507181,0.0357544404054418,0.0168238735316125,0.0260348059500343,0.0102620766061247,0.0239186388711119,0.0327631490463868,0.0345002989794119,0.0345956096333935
0.0012740690272782,0.0032585273308944,0.00910480791415082,0.0469922032091907,0.0150454197438488,0.0210513481735829,0.0299461477437177,0.00839734594604538,0.0384127295163591
-0.0707420018685538,-0.0142947124152435,-0.00496714429777161,0.00936210937676414,-0.00885800487580993,0.0132838726436217,-0.000218581342503824,0.00950126675856377,-0.018055862751016
-0.0274220460730451,-0.00069599517178518,-0.00652832426895765,-0.0333964571176302,-0.0074857002269266,-0.0190879415566661,-0.000512340720446541,-0.0289842051147637,-0.00111850872307394
0.0178886534640312,0.0146847287576892,-0.00928492407896504,0.0106242732862035,0.0142021735827756,0.0408549226905722,0.0156442712896988,0.0198845088715692,0.0108778056306377
0.00280537128827324,0.00982158320713641,0.00262599915699323,0.00314440227287484,-0.0010888298513498,-0.0155819239204622,0.00850529432634251,0.0109229966678556,-0.00287942948951017
-0.0385359525514271,-0.0157839449984034,-0.0119227372046321,-0.0199583691683409,-0.0100822131130384,-0.0455555713556298,0.00091209536375859,0.00313570842059471,-0.00919282321033003
-0.0321025821770468,-0.0184865247980159,-0.043647227412027,-0.0191456783203127,-0.0140936877449526,0.0201273282714452,-0.00284224597839602,-0.0172001928416541,-0.00444657377765963
0.0496646521426783,0.0352973700744203,0.035671390241495,0.0446369663724982,-0.000494401366050716,0.040265804364083,0.00548592934309485,0.0322009146883701,0.00184557973701175
0.0841868752813002,0.011784985481837,-0.00378806218603428,0.00762347493320192,0.0208893330745437,0.0874255764154249,0.0223904193985569,0.0380381540005736,0.0355304150269945
0.0251220544112497,0.00957233161470078,-0.000728560761789276,0.0369995858387804,0.00826851933506871,0.0150134914083016,0.00630616085525758,0.000728368173274692,0.00171746449518198
-0.0356932037204344,-0.0271003750992006,0.0254666864877077,-0.044356100166864,-0.00539785560480168,-0.037700185011487,-0.00697080339154052,-0.030230468614874,-0.0347966518110003
0.0129886001313738,-0.00883886968383235,-0.0128367388919736,0.03003639555355,-0.00751248406940545,-0.0296148994051965,0.00509009311516367,0.00693902879221797,-0.00112533952197995
-0.00224068710082315,-0.041665469215286,-0.0366575166095151,-0.0160364722656501,-0.0079468902689263,-0.0989067456686497,-0.00590411051156065,-0.00873119428066328,-0.00796853001834159
0.024949629936649,0.0161819971418803,0.0319808362988096,-0.007351947594453,0.00413303034758421,0.0187458808247019,0.0127705802643774,0.0206128287384192,0.00470205118742455
0.0106919685964407,-0.0184901557316414,-0.0128870674973717,0.00052067814930712,-0.0195560718346267,-0.0197308375698133,-0.0059334891389482,-0.00577121797905491,-0.0184623635448369
0.0269454912993586,0.0429110748036891,0.0115439584944159,0.00578048986612699,0.00587434397991778,-0.0326028057020381,0.00975037866859012,0.00768880760071399,-0.00378359389773926
-0.0251454353615314,-0.0145245606180628,0.00722074127171185,0.00720977413406605,0.00963847684690694,0.00452637064478871,0.0416597949345669,-0.00359647402575734,-0.00191005973990036
0.00440851322304745,-0.0274675339272788,-0.0240031365287035,0.0154428892002568,0.00571039401607119,0.0906957022624527,-0.00503120638188275,-0.0191663502883575,-0.0281645553645005
0.0383996163249976,0.0398973212224284,0.0379314559370091,0.0391649749846315,0.00735185192908098,0.0226665076807702,0.0135678524946186,0.0249518226842849,0.0255415837543676
-0.0564736193728622,-0.0178666256957739,0.00435372814600381,-0.0145353283234485,-0.00643716369839516,-0.0206056506585452,-0.00736943621050387,-0.0257286606423026,-0.0310221119535365
0.0673967786403174,0.0141371896511383,0.0204663956417747,0.0194712530784944,-0.00272769785727597,0.0212869522501087,-0.00954829253034087,0.0112056802163733,0.00130464123462156
0.0601561640453883,-0.0012874488964671,0.00381776175340143,0.0499345003265302,0.00247190824476977,0.0309997518476988,-0.0182947793680601,0.0332579315542149,-0.00773734917057412
-0.00146644119415068,0.0167446089617693,0.0127529024328507,0.0307611672998697,0.0153974615225638,0.0189386427096887,0.00977872043297665,0.0364603198838474,0.0100751974382283
-0.0223982625801308,-4.69393280838584e-05,-0.00767894109575547,-0.0131128475176508,0.00205549850966086,0.00186256637386166,-0.00894936495924378,-0.0134122952080923,-0.0122869055260054
0.0289166052064307,0.0130489800554927,0.0120831543991091,0.0214591659041026,-0.0109346415127722,0.059047118016961,0.0131238859482663,0.0214939220437299,0.0124796244528854
-0.0379665215629046,-0.0114623022346627,-0.0302711539962226,-0.0470370777428148,0.0315091643912228,-0.0788147731833792,0.00758764830291703,0.00293423617401523,-0.000970385141365114
-0.0334648828448383,-0.0166823864534779,-0.0237926526675113,0.0241808015359848,-0.0209708696341483,-0.0439819659192781,-0.00631737800326231,-0.0174110836965842,-0.0260880531893604
-0.0189466973332101,0.0105007186396801,0.0190313371025351,-0.00207973842201382,0.00202493682130662,-0.0363789996662551,0.000195864436279071,-0.000610375320911831,-0.00516570799178343
-0.0466249940708904,-0.0196654406978208,0.0211182557245721,0.0342869960838888,0.0100671073307076,-0.0441209830251182,0.000762129389210864,0.037995993826542,0.0183010313404683
0.0193611492217869,-0.0193853915451319,-0.0156356298553252,0.00424843572050956,-0.00573621510330676,-0.0228075611010431,0.00637009606853038,-0.00725884659712078,-0.00875597872222774
-0.0179294780222709,0.00562653243129017,-0.00321958748489557,0.0134175028553311,-0.00163219160677296,-0.0361161355779041,0.00579455089298853,0.00603648264223239,0.00743723729953263
0.0684930685540005,0.0500817618027706,0.0358913781292687,0.0259830620071607,0.0229714558998172,0.0465298530667212,0.0171603265369062,0.00323109006442631,0.0410489485428651
0.0494565902097505,0.0211056491399049,0.0238258430164615,0.0258411755730853,0.0109773776394958,0.0063533483658498,0.0123370123518528,0.0250212314323139,0.0151154118892956
-0.0134014379504774,0.0169229089955862,-0.0206356430266197,-0.0116719168775958,-0.0169530316733381,0.0110312029955659,-0.00455053968834611,0.00300477607011411,8.12551117168617e-05
0.0805384901232266,0.0652772635338326,0.0507936348178565,0.0643147037374517,0.00952339795881643,0.102474619893398,0.0189990052300351,0.0249490962060143,0.0277605341311191
0.0596617336860601,-0.0166156384566886,0.0101135114405323,-0.0120527068029808,-0.0057036756419043,-0.0152437219319886,-0.00750042003766991,-0.0229207633034395,-0.016634893499165
-0.147896492389555,-0.0702658573099686,-0.0527474672325466,-0.0471750978207602,-0.0390000992648887,-0.146308088167852,-0.0177034848321141,-0.0401259077422943,-0.0449892908645894
-0.0159545819604833,-0.00477014250686751,-0.0315346911683225,-0.0121957217352238,-0.00306949170117314,-0.0380217598697422,-0.0192373730570639,-0.00282857877819928,0.000954756598922894
0.00941348322006544,-0.0189257502802786,-0.0439730340751847,-0.0163190575780891,0.00130581681694006,0.0175183532686157,-0.0262614286728958,-0.012170050323488,0.00607905511308289
0.0254170562986076,0.00216454953724382,0.0249328503174392,0.0396786126315503,-0.00807394608406589,0.079519105197336,0.00355535123567674,0.023456446558172,0.000863080900159135
-0.00777864370219437,-0.00629857086378242,0.00413878092079163,-0.00197910974874524,-0.0159078230242468,-0.00254507715114731,-0.0280780353569831,0.0120219569160298,-0.0167853070603476
0.027631815630694,-0.00817941417315603,0.00775780403145571,0.0174715789726478,-0.0190290391896733,-0.0541060449335955,0.00554185913103376,-0.00204501905515234,-0.0307473930951794
0.00622207786550696,-0.0141447887723148,-0.00964240488382443,0.0300209195109667,-0.00410028966815039,-0.00791575817207535,0.0053614033486849,0.0275577829085512,-0.00209438677517108
0.0446408020350509,0.0454357745896242,0.0454226821502434,0.0407287155139332,0.0388801787839993,0.0462526094484596,0.0272584008067988,0.0254414547539743,0.0445022824584729
0.00908186867645015,-0.0157300920024209,-0.0356924592488648,0.00430176607697253,-0.00441368352697693,0.00451102467363116,-0.021028756962493,0.000395958705852736,-0.00592802726253863
0.0589960422950993,-0.0456301792912177,-0.018692308394671,0.0155964067677691,0.00551505634623401,-0.00362858252511823,0.00590964700913425,-0.00137533971487546,0.0190223410449308
-0.0139380835292517,-0.0136390286476003,-0.0412595058881002,-0.0233367306637854,0.00961852738722721,-0.0289780871744337,0.0138094549170145,-0.0135810953928584,-0.0169003131075772
0.0206774146504415,-0.00940862083209231,0.00407755275362713,-0.0140423455926437,-0.00778359619957108,0.0542158200592268,0.00228527957068799,0.00937708677307294,0.0164499472019556
0.0934252678172258,0.0243455664337473,-0.021285151089016,0.0655783703572371,0.0138819133948833,0.0681544367837617,-0.000616152967231047,0.0160194599841483,0.0194723327884732
0.0310418621869477,0.00741444280911532,-0.0115517476506356,0.0128352288002013,0.0180615445077288,0.0504100848045682,0.00832980627196902,0.00845584661428317,0.0157194383051461
-0.0527178978529633,-0.000704892160221168,-0.0111769265750552,-0.0294640652317686,-0.0129058188779407,-0.0781884488818443,0.00892836442218872,-0.0118959803348971,-0.0187632144923947
0.0160130601762511,-0.0057312304056876,0.021481425558265,0.00224506325940333,-0.0260954635276265,-0.00767227482898221,-0.0116074180563494,0.0107136630714745,-0.0123453796455514
0.0121080806662011,0.011243829714319,0.0173358426006159,0.00934278497508403,0.00727895803964068,0.0162086611460035,0.00646180494528891,-0.0189346213342357,-8.82078789311599e-05
0.00156589902143882,0.02182329815018,0.0184545517409504,0.0834473729506061,0.0127526485402254,0.0460841092226541,0.0215646480433541,0.0235249046459568,0.0292993652730753
-0.0512108826845855,-0.0241596377615329,-0.0472080073791286,-0.0309104455611631,-0.0019556067039507,-0.0320504961435349,0.00310072287636473,-0.00880393099673083,0.00823686865207142
0.0847033887338666,0.0241139204385277,0.0277830708765957,0.00238285264281346,0.0112931850732113,-0.00225449318604561,0.0354025507977772,0.00837057057415476,-0.0163282904021026
0.0520253896636916,-0.00508829171737767,0.0159078188990665,0.00320580692022172,0.00919240148318349,0.00861996154446672,0.0187055811932288,0.0121543991998841,0.00554520957470759
0.0154565993556013,0.0101795437077786,0.0143735415453842,-0.0288073956688062,-0.00676031555601617,0.0544722289255145,-0.0449914321810148,-0.00165999010275402,-0.0283708332504641
-0.0524070407121682,-0.0387449488284592,-0.0297125108006915,-0.0390703857128202,-0.0167582488480026,-0.0352125045394026,-0.00758551059919607,-0.0202366418228638,-0.0163077858455424
-0.025822978759403,-0.0266526156698508,0.0109420532769591,0.0139553008717437,0.00939193711368035,-0.0285654147856386,0.0205960617559913,0.0129617749610671,0.0200359391010977
-0.0227106491533201,0.00198822062360063,-0.0400117050058456,-0.00558443868542236,-0.00241707588927281,-0.0574692751682289,0.00766595827554404,-0.0145074899291417,-0.0297526131553871
0.106966951411262,0.0702803967454218,0.0455819520671401,0.0377348956517044,0.0118834345738796,0.0651139997005693,0.0171104598267414,0.0290908390860797,0.0261293380068342
0.0549145889466985,0.00513246422095175,0.0161334412026938,0.0117370586991833,-0.00969124380158451,0.01833017762712,-0.0131564874945525,0.0162535950461885,0.00947950765163811
-0.0238361857227112,-0.0018351618345737,-0.029304437245506,-0.0219310544992825,-0.012092514200551,-0.0169831907214222,-0.00313373938252585,-0.0108524719807189,-0.0154047552675438
-0.0412169917557367,-0.046588115696162,-0.0315794710107301,0.0114325869573967,-0.0279606934665195,-0.0351685638856242,-0.020891489577444,-0.0181780651755394,-0.023204015830936
0.0446484537220929,0.00286064896409436,0.00156589701482004,-0.0192400960003578,0.00703254987384634,0.0167381773166932,-0.0123468366570803,-0.00211517888225156,0.0120970249087656
-0.0143429925912045,-0.0344314119102246,-0.0117547140279954,-0.0100656916324609,-0.00570098637447819,0.00482513617320599,0.00461682808636116,1.61890283902766e-06,-0.0241151680222885
-0.0405987435115866,0.0238469545307722,-0.00429212705732818,-0.033800343654478,-0.0345407383032245,-0.046678009093391,-0.0248291635063092,-0.0403979375363611,-0.0363982169374926
-0.0481426221347868,0.0183976162187173,0.00338963595242354,0.0162923839987861,0.00238184556827664,0.0527642841175012,0.0338133958476977,-0.0125760943379768,0.00542463251816477
-0.0447493344778683,-0.00121209985952468,0.0106009639685467,-0.0150353572767858,-0.0272730278288583,-0.037666239353135,-0.0351272929825192,-0.0324271430809792,-0.0269979661299234
0.027650491080234,0.0444406300713404,0.0325168704123396,0.0881251024845469,0.00492115367912824,0.0275993451758446,0.0261299405204545,0.0355779364962862,0.0216045309305127
0.0694391044685087,0.00549813373543777,0.00833939005474075,0.0262711487773416,-0.00227700124688625,0.0128686849842392,0.0043923521646063,0.000782023961214019,0.0136297371348283
0.00315059922636737,0.0051130664476456,0.00256749246631439,0.019837899432468,0.000440014520434529,-0.0258267278202709,0.00940813690451109,0.00320067305125226,-0.00986423125276666
-0.0409060116466261,-0.0151566754169605,0.0100054606733335,-0.0330391546527547,-0.00620567301373605,-0.037281203210859,-0.031078273965338,-0.0268926628408874,-0.0106681099600951
-0.047192222869896,0.00256124769080587,-0.012398929047369,-0.0185893910086481,0.00415250680016372,0.000715716735131469,0.000334196676626225,0.00432850779614157,0.00450088549720956
0.0428684756910511,-0.0637519337727486,0.0144537871010229,0.0367067187698558,0.0095793507893501,0.01473565944462,0.00876145521610452,-0.00388356190454205,0.0135786973028789
-0.0636918555550059,-0.0190882668369996,-0.0302203669870393,-0.0130101862109063,-0.0221331375675721,-0.0695056983418433,-0.00275017330312889,-0.0212491685925168,-0.038350024802117
0.0564148921838178,-0.00111941048539218,0.00476966068223779,0.0462493783337617,-0.0223576390921106,0.063744838504328,0.00361917896658277,0.0136081581205255,-0.0310433834670767
0.077833881837345,-0.0146555161566053,0.00328205050458442,0.0107750418797437,0.0035291217697933,-0.00897274533268876,0.00997731023822767,0.0138229751092691,0.00355012087022375
-0.0100655912679134,-0.00936784781532065,-0.0029474275856129,0.00624252439480428,-0.0142473184780637,-0.00526712476115399,-0.00627789306890846,-0.00632422901820214,0.00316314110176603
-0.0195118306450181,-0.0313888032463536,-0.0056381119104582,0.0264253403552532,-0.00171046574549358,0.0134094683038505,0.00278883336803646,-0.00146898773343743,-0.0150786925734638
0.0470309475574248,0.0407688293029407,0.0378311435004505,-0.00500260691053756,-0.0209315164751561,0.0719980453455733,-0.0258378377574646,-0.00318107747851166,-0.0124579214429283
0.0363027006986736,0.019368911055046,0.0346178165719962,0.0384550202479389,0.00278471840048971,-0.0300006629492103,0.010136670265372,-0.0144135246405328,0.0044453458457135
0.0842272262385185,0.051670585041128,0.0569338714352561,0.0222525079642655,0.00902740926207763,0.0863682987463625,0.00885296402397017,-0.00532569216062961,0.0084886548868406
0.0539427654178619,0.000780342815242786,0.0054953534099596,0.0193153829099184,0.026864784149021,0.0684109123272567,0.00608025982854958,0.0120714614800711,0.0148778125083012
0.0103550992278562,0.0555636655285223,-0.000648113859673329,0.0941989746565619,0.0360841321160287,0.0106222934435787,0.0658476691359883,0.0477343133014931,0.0487045584157253
-0.00570834007045723,0.00603671744690026,-0.0136192929859279,0.00442227072607897,0.0110934834410337,0.0279365349473418,0.0154188192354736,-0.00919694819495367,0.00400014249025254
0.0432800255293034,-0.0503152493285823,0.00394324180171664,0.0113392526572195,-0.0304762129624413,0.0410051917089665,-0.0146137070717892,-0.0267433787261599,-0.022656967181134
-0.026273558526224,-0.0318027388032153,-0.0049321828964121,-0.00655393666824658,-0.0305529363938586,-0.00462416600827399,-0.0151236734221143,-0.0130719955239399,-0.0300789416071959
0.0118079397660976,0.00590358930513121,0.0352471812576469,0.0157346072229162,-0.00709754543176483,0.0221737991204154,-0.0180628239143448,0.00069197803308914,-0.0119276631735203
-0.0237992770411876,-0.0034907673239806,-0.0347915405914769,0.00430456692804548,-0.00365621484222835,-0.01152026630618,0.00396782523679884,-0.00820046435559221,-0.0053025222629579
-0.000147740466362099,-0.0164224594801671,-0.0119774520190833,0.00346850930497821,0.0116069852113699,0.00267961515168946,0.00698031312683376,0.00112251723055648,-0.0227664277172028
-0.0107916877911371,0.0103859732062418,0.0016529998265541,-0.0220377958859241,-0.00391069763311693,0.0189547444625594,0.0103786927817054,-0.00305515091322264,-0.00170218447214642
0.0112348614365117,0.0101530679218481,0.00425140310855947,0.0147865162695615,0.00502105251564656,0.0152148917911125,0.0276166390034961,0.0121815819198834,0.00729711075233124
0.00151551010544963,-0.025404539296904,0.00883069685165473,-0.0202197105970197,-0.0164622404694418,0.0103716293924823,-0.0341404756223552,0.00271066390084027,-0.0160738781446884
-0.024787874998258,0.00233122641541117,-0.00331490783838226,-0.00584569352806496,0.013349600109665,0.0337222754931563,0.00267249658063878,-0.00732590592072118,0.00489136810490637
-0.0471550841362028,-0.00112813125522509,0.00981051273807671,-0.0318884798745747,-0.0164146815715563,-0.00708737509799678,-0.0164226555076032,-0.0402370238779211,-0.0261418937640918
0.106447408359,-0.0113718739705586,0.00684777680491718,-0.0169982566304445,-0.00606702609389363,0.0657533682414578,-0.0211578469871417,-0.00493946651451801,-0.0148977053660497
-0.010027528464038,-0.0256467872443028,-0.051603908169273,-0.021013469210413,-0.00250628545247603,-0.0404166272749958,-0.0405342996517443,-0.0116890161512604,0.0193843812402633
0.0237251581093515,-0.0176378751450666,-0.00408712760273585,0.0332395175388054,-0.0107184883537886,0.0427625912215402,0.00728763187388613,0.00427659264806826,-0.000109462486459523
-0.0107029410343648,0.0111756336436016,0.00478669561677104,-0.0423685648190095,-0.00340809601617628,0.00240036844527832,-0.00911283952896317,-0.00935010142719568,-0.00143347444099956
-0.135990340623235,-0.0640316305163564,-0.0112042150842529,-0.0805210229836316,-0.0119311400236119,-0.211700340146146,-0.00895378718495878,-0.012484757059435,-0.0205824343493762
-0.0104110488461837,0.018752877473183,0.00400402170956901,0.0146300837650493,-0.0272753692587661,0.00552235041692419,-0.00316747518561656,-0.00372289170278601,-0.0321006327590317
0.0222053577980336,0.0214283033577568,0.00795845911724023,0.00687216982518347,-0.00142962286885515,0.00121716843923741,0.00266394878111755,-0.0143621396449324,0.0101066213443851
0.0201026220665094,-0.0110513945685299,-0.0160928159777259,0.0281555839967662,0.00406155807109563,0.0520407256707829,0.00800966700316211,0.0188467658230964,0.0149219746290359
0.0813402109474131,0.0159847485140008,0.014155313530725,0.0363424075079106,0.00758952554902801,0.0826089879920368,0.0388086220558384,0.0233212947851854,0.0499282713568145
-0.0290980410953657,-0.0215740661525758,-0.0203167969207,-0.0475936997590414,-0.00136779802353353,-0.0318135108832774,0.00783988686253691,-0.0073995812904377,-0.00173158598495123
0.0223350096144434,-0.00205520850202618,-0.00660638858942738,-0.00606388353477354,-0.00721382833197705,0.0721073813410771,-0.00967218155636805,0.0220971003649375,-0.0166601612008424
-0.00245361175265372,-0.00571024856307881,0.0121496805525204,-0.00289665788959999,0.00793537024099977,-0.0293426857880958,0.000206239518259835,-0.000305421572025325,-0.0070776881623575
-0.0544345541820141,-0.0492915602991024,-0.0226525760164905,-0.00641691707023217,-0.0217187301032615,-0.0565356274195285,-0.0239684130686939,-0.0109785699268174,0.00848829757940686
-0.0210979178084221,0.0138000346555105,-0.0216038465644931,0.0132001650452793,0.00587066344605527,0.059343094870763,0.0240284252017955,0.00932763662295296,0.0204269174602651
-0.0583913489317342,0.0088246378966018,-0.014404487953914,-0.0384292791508671,-0.00544050633328409,-0.0486196029020236,-0.0265856309771341,-0.0238591898574126,-0.0110638959398135
-0.0744591791534183,-0.0391405421255365,-0.0685752182979648,-0.0414380332711103,-0.00855330254465161,-0.0296482585588704,-0.00803002435173906,-0.0169981333441734,-0.0150476753684127
-0.0509392097648415,-0.00880038150744335,-0.00568536299288137,-0.00712529236396856,-0.00964642899952835,-0.00627415993740333,-0.0036192504762252,-0.000622675480054747,-0.00586712679967962
0.0159793164386918,-0.0240838083928873,-0.0225439602583316,-0.0124062521007617,0.00248588737033988,0.0201947373750569,-0.004336329119025,-0.013313688804949,0.00601259704598034
-0.0770356306565473,-0.0381340419159303,-0.0474113633518662,-0.042752378736389,-0.0295353808690297,-0.101363664928065,-0.0350482547974609,-0.00483445710299196,-0.0318049435537424
-0.0211410407388654,-0.00723923464253994,-0.0114519324133395,0.0214147567673795,0.00180641045951264,-0.0108771003217737,0.016097518660143,-0.00129149278290046,0.00163162773256737
0.137521616529859,0.0438102434496833,0.0333907338145908,0.0180933494719069,0.0162631913106201,-0.0977826489904499,-0.000375982895964884,0.0263897704778154,0.040118130493872
0.0481901546110646,-0.00512264846901753,-0.00786815356780382,-0.00166993342520502,0.00833527605650195,0.046737555147352,0.00813673347625711,0.018426446765575,0.0137561632846758
-0.0171456182869996,-0.0420187726358271,-0.0238846427685909,0.0123428200564178,-0.007040002844029,0.0280077089164266,0.00688341122831216,-0.0131477492728173,0.00119323700442839
-0.00358297155665898,0.0174914368390327,-0.00365394123386687,0.00335106568239645,-0.00609238101770439,-0.0085562705470494,-0.0120189605162579,0.00142528655320287,-0.00237910808816154
-0.0585639603688857,-0.00635932790553765,-0.0354828746944704,-0.0389963535442633,0.00254020741448836,-0.0868708331292034,-0.0184519859113913,-0.00224324909331703,0.00071790481019337
-0.0413455369548153,-0.00341138788095577,0.0199835624113338,0.00494834004307732,-0.00359352053368094,-0.0287154953591052,-0.00244631438289919,0.00106232615791487,0.00142765757539642
0.0220727056317577,0.00949648986407374,-0.00195262763872588,0.00518004900354147,0.00389735053844787,0.00340599896874005,0.0136115458239479,0.0312458814822872,0.00903746517712367
-0.0622589776681139,-0.0225759084794572,-0.011613997128794,-0.0516636873304035,0.0065133385267229,-0.0347974199084722,-0.0153837635995079,-0.0239228546508889,0.00761027950955901
-0.0367905638923455,-0.00764380906620098,0.00614693285760893,-0.0102511390457511,-0.0156766090618548,-0.0300792914668408,0.00206946127974762,-0.0109870144016752,-0.0265593098236722
-0.034425996492406,-0.00124947362101683,-0.0477108445442,-0.019093907292765,0.0158568370995261,-0.0620852474060908,-0.00107991437933488,-0.00666065477143926,0.000192049397806426
0.029202975144904,0.0102334703279079,-0.000919488742445643,0.043219166750799,0.00961605843106969,0.00361407861182901,0.0094018397898672,0.00885319252636447,0.0221010327460121
0.0368568591865341,-0.00992170562057846,-0.00654363259026369,0.0148563146450359,0.0320411573553628,0.0372735986963153,0.0449809875641639,0.0239579509738152,0.0276819474905147
-0.00181166722732492,0.00189157298349177,0.0125388524930227,0.00292562184152642,-0.00785832536374,-0.0102318109991083,-0.000755062228218374,0.00321853533806992,0.00348913981129353
-0.0520611938462088,-0.0306892381851625,-0.00321471556451511,-0.0236957356283169,-0.00917069896721862,-0.0712857340153375,-0.0293624759634411,0.00720728282154609,-0.0130693619163188
-0.0122759337123492,0.0294993805204454,0.00224552941773448,-0.0119170599189335,-0.0217474864723148,-0.0308065851704958,-0.00825522609179047,0.0129284100242262,0.0103226809768141
-0.0329182260916647,0.00790150534073607,-0.0161582627610511,-0.00684343935356251,0.00941734067741593,-0.00146125663520358,-0.00046496418065993,0.00945407904419278,-0.0108770009702586
0.110485304564977,0.0448761778172046,0.0447231604122766,0.00841423030504165,0.00833069754129818,0.0883126672949518,0.0226348444973291,0.0201596222957234,0.0141276665523398
0.0565035101143021,0.0404964236970384,0.023289070326081,0.0315410503527698,0.0117509634478243,0.0960865303189833,0.0242383219363438,0.0221424542770158,0.0420590983210164
-0.0170210323677758,0.039108446749437,0.0174562961841146,0.014409951660609,0.00865731848163474,-0.043272534011816,-0.00491203730873937,-0.00772325985808565,-0.00980367912452329
-0.0331265274619184,-0.0335253251220958,-0.0183158113544182,-0.00234977591698758,-0.0160418033756312,-0.04327933708526,-0.00868655251478228,-0.0170182086267686,-0.0144224705190991
0.024711681313243,-0.00540183991306991,-0.02152066692863,-0.0136859319113473,-0.00724156605403304,-0.00573840523594064,0.00168899175838215,-0.0245336023196231,-0.0150381773991993
0.0182416251505021,0.0355179451466843,0.044330705814292,0.0346535805066636,0.000984089823431251,0.010291042554214,-0.00412551254910815,-0.000177796405214646,-0.0166568165554236
0.0522854153348985,0.0240032969371458,0.0231286666550497,0.0036889617686005,-0.00319573874039083,0.0202545243329817,0.0217658538939884,0.0144667043995333,0.0235839555104086
0.0336675702152515,0.0497043775903445,0.0288575883109909,0.0526464127421236,0.0258076909602798,0.0889507781856477,0.0270252013574829,0.0206233843688435,0.0356954305569785
0.0417987773573206,0.0367812664863733,0.0451725730171848,0.0581015421145002,0.0073448811480622,0.0605337299048809,0.00660601201274549,0.0219000214078799,0.0387771254814096
0.0855406446686747,0.0291236958646099,0.0521084232904278,0.0228025019766385,0.0126545021563259,0.114505164279173,0.0109405501630815,-0.00870807311495159,0.0261238059804805
-0.0235777987428605,-0.0410374922656662,-0.0306441898954583,0.00480228932911131,-0.00819716263851892,-0.0105828943054811,-0.00035525464563468,-0.024867144021649,-0.0166486444653652
0.0253318564697592,0.00423592417340525,-0.0215368928868233,0.0236577565707045,-0.0197511684229533,0.0508522746033125,-0.0133245161522945,-0.000628800540761955,0.0155636642111833
-0.0163630031452782,0.00461648054104235,-0.0256847944902063,-0.0129313869871127,-0.00120385614171955,-0.0138969151152762,-0.000477915437590729,0.00680857806748537,0.0259087840657755
-0.0118411547059957,0.0187978397513037,0.0189289753313963,0.021049832605433,0.0229854592867666,-0.00443727166500823,0.0170496744068291,0.0167296877043934,0.0157758413047835
-0.0452101636878739,-0.0410344980140174,-0.0168569321754049,-0.0288449051522284,-0.0184483590029986,-0.0451944064638792,-0.0205350646222031,-0.00393857668664835,-0.00956579465311225
-2.82653095268672e-05,0.0320657047565624,0.0159952972369856,-0.0277480365603299,-0.0227770869335677,-0.0039793153898847,-0.000782514825189062,-0.0212858355277799,-0.0142276928182031
0.0362770213232054,0.0104863198359137,0.0016518998343524,0.00351314916154892,-0.00961604291641196,0.0182516511234637,-0.000749252721616184,0.0218279265105624,-0.000147282783126355
-0.0168636815183394,-0.0096615245946952,-0.00998929212757049,-0.00322576599846193,-0.0283502603865647,-0.0510377579302306,-0.0238504152697103,-0.0437669203633427,-0.0462525452265412
-0.0816943566948696,-0.0146485452601293,-0.031483738277768,-0.0181869380514261,-0.0173299905554937,-0.0605373215574485,-0.019485680546881,0.00228486828772162,-0.0172185141048105
0.0381387419429572,0.0141566039911549,0.00300455382853224,0.0409214181596922,0.0397459837153433,0.0240367835389166,0.0248236242883712,0.0328222862823117,0.0428680692530729
-0.0990783109141816,-0.0384502900276877,-0.0752040302269935,-0.0702442048097118,-0.0252985069493826,-0.128342485477544,-0.0192222612927454,-0.0210840222592636,-0.0144479573782563
0.108668764895555,0.0194080190035821,-0.00435160786385465,0.00516460016039241,-0.00967418933786392,0.0915322117883666,-0.0136816791512972,-0.00597233735925085,0.00113587610042635
0.104772188735076,-0.00145602614484157,0.00729018360911973,-0.0001411296742411,0.00194132431693654,-0.022338046090572,0.0141128899026619,-0.000411421542397183,0.0236877682656379
-0.0735658068486205,-0.0656204199910029,-0.0760875100572376,-0.0327841663256206,-0.0407003453060384,-0.0596406981107822,-0.00922273654859031,-0.0430642657887197,-0.0589906101557889
-0.0818261678138487,-0.00376154650755824,0.00517673420825382,-0.012429982033295,-0.0296600965334343,-0.154313354721359,-0.0390138325037918,-0.00786678041443385,-0.0427649335642489
-0.088888034983218,0.00874917139940438,-0.0226467330225523,-0.0571563932832416,-0.000972727811098087,-0.130019514124729,0.0135670148998113,-0.0290727179021695,-0.0192232394548702
-0.0447188345694547,0.00172491983796315,0.002227762748793,0.0329231317310618,0.0108167011517762,-0.0382069597408485,0.0129621531716987,0.0403695981486519,0.0057246527472224
-0.0174492869792601,-0.0292160668870586,-0.0090962614618054,-0.0164894075076486,-0.0185352634333764,-0.0491263634013047,-0.0326577699228257,-0.03633138016554,-0.0147282550981086
0.00921147433957059,0.031175241898482,0.0222219322052437,0.0136498212741702,0.0107333195841088,0.00675824871537069,-0.000942699630270373,0.00234290895687536,0.00469628685048281
0.0843504555487767,0.0304795736777935,0.0356762390158114,0.0158264278994337,-0.00673167059288554,0.0325085192357372,0.00578880364647386,0.0132362696945708,0.00803572039679072
0.00297308327704319,0.0105674198685865,0.0114655322150111,-0.00452973565812385,0.00551115365002018,-0.0272613349366897,0.0113419858555643,0.000317901749751414,-0.00369966498349285
0.00277260327290804,0.0252098766726484,-0.0191880836143308,-0.00214788318155262,0.0233368744786537,0.0354476328322202,0.0110665614125901,0.0142255335048352,0.0236527522364054
0.091693385390504,0.0467377507228822,0.0351321132651765,0.0397008600896026,0.00495854869970196,0.0444326449209572,0.00145695271721703,-0.00762104578931987,-0.000811935622376426
-0.0842308794898236,0.0148923221028282,-0.0339758612817135,-0.0486178984812081,-0.00893945766778185,-0.0804233151857777,-0.000428223267416665,-0.00241908149608939,-0.025253693380558
-0.0416810137306475,0.0171740789920484,0.00898057056686828,-0.000989433997162112,-0.00348917784688061,-0.016186627419934,-0.000930741658905533,0.0166820043423363,-0.00383377098968573
-0.00504051156524044,0.025453774219621,0.0164787827258903,0.0140938280225886,0.0110802455318393,0.0385416802747926,0.00380931677347973,-0.0345108123270998,0.0093944214154287
-0.00867932274043529,0.0211598258921399,0.00463730998411568,0.00671287432566035,0.0164305632845652,-0.0571317972324622,0.0301106140938171,0.00214027005682384,0.0232791090790528
-0.0756642949597855,-0.031877824343703,-0.0413262278721331,-0.025485801799133,-0.00142422455884329,0.0838256991606859,0.00678636707328788,-0.0368882643798982,-0.0148036909653552
0.0590901809680943,0.0286539877287045,0.0155722118080755,-0.0161896574680007,0.0114363530482342,0.0528929231350772,-0.0299458789567343,0.0215480307420296,-0.00282484359894695
-0.06044604751298,-0.0106851322443826,-0.0160383609086189,4.6449457804744e-05,-0.00117755724722878,-0.00734503686135359,0.00731923162471957,0.0193719033902406,-0.00474349410551772
-0.0537367421175448,-0.035542754070985,-0.0219148531311975,-0.0514420590644464,-0.00431309176650278,-0.0874224875733555,-0.040828854180622,-0.0234662809106656,-0.0211644315062822
-0.0140693239905354,0.00594551141426133,-0.00950636914803837,0.00415310078818316,0.0022014856475934,-0.0242628551948133,-0.0116520664949184,-0.0267485693607531,-0.0137967963806879
0.0900874124900462,0.000589990071658441,0.00531000479905078,0.0400383123983401,0.013044104251847,0.0122892849557141,0.000603206213447674,0.0212777435635802,0.0339035150074816
0.0139061333317405,0.0189768524625571,-0.000549566075604614,-0.00215577304667714,-0.021427764873347,-0.0390323674857123,-0.00460624772008833,0.00284164783087574,-0.00766073222004993
0.109519757260682,0.031514398989864,0.0190592676372345,-0.00329093333862299,0.0276543044401687,0.0735234269312905,0.0284228864498198,0.0218359564543569,0.0325852973390793
-0.0329747870978738,-0.0163879388441253,-0.00832654751379854,-0.0107245729827467,-0.0198435406316355,-0.0607889519300763,-0.0217521141489128,-0.00693853904724611,-0.0099423901843898
-0.023519245863334,-0.00439330300989929,-0.00617092025215227,0.00922079912574044,-0.016275673192674,0.00475137238564226,-0.0362729939570049,-0.0014241773853251,-0.0164110195391712
0.0681739373000248,0.0435348754828343,0.0318492823756303,0.0528960067851564,0.0124079352887234,0.0670321322167083,0.0176599298061287,0.0275413746868516,0.0150712217251133
0.00481401754031166,-0.00714313499624977,0.000596374226116013,0.00807227290665815,-0.0190843729099493,0.00575904827728111,-0.00300411955821592,-0.0182387368506849,-0.0158651818183262
-0.0524802688287501,-0.0453522219977644,-0.0416978957942616,-0.0457831631441379,0.0188594795951714,-0.0499453891739969,-0.0076109059761763,-0.0404803980757464,-0.00419791771421273
0.0116647652080549,-0.0243136183950583,-0.0206484763091595,-0.00867844012062432,-0.0126117099129913,0.00359253087781733,-0.00855949466361563,0.00178104145940094,-0.014081461443688
0.00589019599549033,0.0134870539935563,-0.01901100034131,0.000670608794271832,0.0101169089571947,-0.0250972148578774,0.000143098040122311,0.00400753543769143,0.0122049504786168
0.00129687609929004,0.0216225718582115,0.0395211649630566,-0.0211139176288635,-0.0135463620880779,0.00482430078739834,-0.0330381634242155,-0.0163192055232592,-0.0207087232658574
-0.0036524245522558,-0.00362910114329427,-0.00122752489860162,-0.000774136811892804,0.000828209832256668,0.00277800637495744,0.00262407854227112,0.00564839685601526,-0.00563121744130564
-0.0547434370439851,-0.00641479275698803,0.0138019650939217,-0.0541517821551574,-0.0379096718679961,-0.107949063447514,-0.0563961846403948,-0.0377148013301174,-0.0465328153487036
0.0514787785627758,0.0117211514002646,-0.00287192579381893,0.0268810933157106,0.00463805230644245,0.0396628679965226,0.0145476133886879,0.0325663607377945,0.0131031659074895
-0.0411969651296731,-0.0338389164198879,-0.0320216579198981,0.0265805952046378,-0.0225916917238881,-0.0906612198282931,-0.00428503002929887,0.0114259534242243,-0.0133093881651138
0.014865850113458,-0.0222982405150946,-0.00952902885373457,0.0103640813633086,-0.0034096101674579,0.0162814582393671,-0.00367658293085269,-0.0304312913283954,-0.00412977738228441
0.0229474051448686,0.0213362430722938,0.00554002216695257,0.0552953663122043,0.0087411025714717,0.0362312311994985,0.0119986375485519,0.0269636018305091,0.0264013953205864
-0.0193396177373735,-0.0435927189017919,-0.0238447145547704,-0.0135961624495104,-0.0325268675182866,0.00124806131522952,0.00160979094828958,-0.0186504998199436,-0.034641942345397
0.0035954775410231,-0.0266637401913183,-0.03963558471634,-0.0254359985751708,-0.0235474747721543,0.0148591562721917,-0.025704117059153,-0.00415720705268315,-0.00518979358707237
0.0376953368511207,0.0210916139679904,0.0218067947365698,0.00614515679036262,0.0281073473705234,0.00109830615740486,0.0341073970468522,0.049796234732781,0.0356069059921953
-0.0197270520680686,0.00766572396267314,0.0208847386334876,0.00325271921919789,-0.0132494669309255,-0.050664771374998,-0.00322346419508424,-0.00177763717704002,-0.0129007229179191
0.00213891704404883,-0.00226399994270804,0.0103544028504251,0.00596376643361842,0.00849309023988256,0.000330527877172176,0.0204954747273798,0.00675392922823973,0.0437473381659311
0.0201852568187677,0.00874430047401685,0.0294228921833592,0.018154748744224,0.0102057291253981,-0.00930318461580198,0.00223807557326502,-0.0034418791869402,0.0232256838806744
-0.0856252626666402,-0.0310471457610734,-0.0384507174781834,-0.0277950427541062,-0.0102842219345782,0.0558571871495353,-0.00130319121784272,-0.0122834463146683,-0.0344116585457843
0.0269037491343576,0.0288036692052784,0.0104733702357753,0.0460836764872009,0.0059296460344116,0.0284609193228425,0.0199604041988164,0.0204246279234915,0.021460789996398
-0.0215981340745706,-0.0178344910227313,-0.00896695968620347,-0.0194574422672505,0.00206287025478682,-0.0301027665637528,-0.019868006326083,-0.00243483372103232,-0.0220529762736314
-0.068915846727406,-0.0213239256983282,0.0130502474057041,0.0225704103782288,-0.00607948553591179,-0.05432089156838,-0.0185727650853585,0.0147425745095107,0.00514279970259199
0.0150693297039195,-0.0123697808186478,-0.00766134032052935,-0.0254371161699289,-0.015636190337972,0.00568252902224972,-0.00188575086505769,-0.0242735225938204,-0.0147224934255016
0.0483265983026492,0.00961512861904183,0.0097460418972038,0.0248905693137666,-0.00657474179713312,-0.0098231183949293,-0.00980198812506235,0.0167967949106145,-0.00629862663832001
0.10181666140597,0.0507181741314127,0.0316092234014738,0.0294271210474904,0.0144248459759125,0.0885473833912522,0.00240371056377538,0.0236988092342329,0.0226519225088324
0.0319392449205095,0.0347890680539102,0.00885231949108628,0.0690289586276929,0.00694604243115143,0.0615416768932004,0.0199764978315865,0.0060265384593878,0.00866257526489048
0.0538674735689658,0.0166591130929251,0.00268884607921855,0.00722540483532059,0.000923943839600003,-0.0656343152501907,0.0132185527837681,0.0428140993224582,0.00921835894917489
-0.0514891018430181,-0.0401330109589122,-0.0145811293525312,-0.0103002836870947,0.00148264204163834,-0.0819623367627662,0.00670796571748301,-0.00570642232251585,-0.00716804131472762
-0.0147454415092051,0.0163536680655398,0.0330493168169174,0.0267905955317567,0.0218130755887436,-0.0186485314898351,0.0116240523071266,0.0105036909600816,0.00925483484595847
-0.00492471129866703,-0.0110386456622025,-0.0128480338813579,0.0532383936533488,0.00667470335331566,-0.0191836193029825,0.0118865900296444,0.0431103956364394,0.0121631611631742
0.0056167243654161,-0.00169327709323285,-0.00889135480441558,0.00649418041491103,0.0104923308591015,-0.0585126038461541,0.0163021960614771,0.020481086469168,0.0167202952308354
-0.0622611649795266,-0.0602577456734179,-0.00612502299518715,0.0308459285778756,-0.0256145630360576,-0.0335160888715826,-0.0151183102267009,-0.0088191483570684,-0.0181599711323778
0.00778510297756919,-0.0149838951276803,-0.00620418023382155,0.00878489569459476,-0.00637552591942929,0.0530052153196732,0.00930548672555198,-0.00941206722094919,0.0136187629200112
-0.0525459857063905,-0.0406309144345757,-0.0524054891847779,-0.0333560257425798,0.00316884719017318,-0.0755574553480993,0.00150028808802253,-0.00543483632728031,-0.0063331847625952
-0.00858907973441117,0.0228816424800122,0.0255851565937406,0.0117039971410025,-0.000330191087490498,-0.0105280725206515,0.0058914669123433,0.0272739833403066,0.0120704871576178
0.0680862760118448,0.0417264970403097,0.0369510920627767,0.0526749857175125,0.029836569845923,0.0862119564759422,-0.0223341972395227,0.0139480609811718,0.0416157857662392
0.0413297572496712,0.0314696402082584,0.00362178315356445,0.024829948848791,-0.000421492087738391,0.052239241370736,-0.000727684452664671,0.0155754985429464,0.0161602510309176
0.0294748998992949,0.0171694644747349,0.0199424591145704,0.0185427859796087,-0.0130244301270315,0.0161143539204581,-0.044004433518557,0.000234022666256566,-0.0180994739131451
0.0644238441808783,0.0544263900761915,0.0312760236911241,0.0814518596253186,0.0191731514655411,0.0150770654007687,0.012465996239504,0.0245781339195453,0.0334321176466568
0.0156550565798071,0.0249876603669339,0.0319347227300656,0.0417055085321612,0.0211692772034964,0.0238878744852236,0.0181645953410035,0.022573527055627,0.0281432836669996
-0.0510159900400841,-0.00770789047082098,-0.0309565488657349,-0.00667048563327212,-0.000730569467353834,-0.0713370619187643,0.0150348345883517,-0.002901605162893,-0.017557501929421
0.059463813909401,-0.000426250444771741,-0.0148360704213968,0.0135713399759954,0.00595986618158169,0.0514116981369709,0.0179460762772262,0.0211249868685446,-0.00430628708549221
-0.0812470058549711,-0.00549206869145552,-0.0371525780606453,-0.0320848350875058,0.0083227118285572,-0.116262729798565,-0.00490450010640619,-0.0161497248851056,0.00743990706893499
0.00339021881561416,0.00965336274449397,-0.00470555635731418,0.0298818784047287,0.00648683743722989,0.00816439148136892,-0.0128729628881333,-0.00192977080541097,0.0237984199743922
-0.00798423547232854,0.0157761882324641,0.027426303492999,0.0232705192922674,-0.00920598232000564,-0.00590008719878165,0.0274307013899809,0.00515559552495922,0.000394335615304914
-0.015062775887373,-0.0144315969765728,-0.0192560003840907,-0.0387512698644491,-0.013849705603507,-0.0382458961930201,-0.00813369464421662,-0.0109451313738741,-0.0120111047211865
0.0443484784572113,0.0196795347275477,0.00990068765068914,0.0214060374349308,0.000864158912996953,0.00974509252007329,0.0217203205896377,0.00368981447211515,0.0103884880523325
0.0963980461287995,0.0669654975704757,0.0493039051095144,0.0475097144729734,0.0120714985891486,0.114831828372913,0.0154267330556799,0.0432139779151444,0.0208029737590323
0.004638387805779,0.00907768859314939,-0.0192142460553132,0.0187917247782775,0.0291636134969586,0.0499981049094285,0.0346118788151008,0.0187091916148399,0.0395860429799292
0.024397736274581,0.0469732767696257,0.00966071584885351,0.00187249512905224,0.00204445702138623,0.0374219826070469,-0.0165448904747428,0.0139091514228074,-3.54752894390432e-05
-0.0879794439408522,-0.0386606717130388,-0.0242803564120013,-0.00550402762316151,0.00635666343296813,-0.0251505846494258,0.0013947911363994,0.00464288165590925,0.00150579539052974
0.0216164898435446,0.0197713759316047,-0.00783970149241004,0.0516219306183406,-0.00286276520131175,0.0344943160801879,0.0103089311631216,0.010288130726539,0.0146070083937378
0.0519093666448168,0.0508140605648862,0.0230622407929648,0.0107257854180592,0.00606061621216592,0.110207998104559,-0.0117628837475262,-0.00825762365393896,-0.000541247064524112
0.0459858328788659,0.0251100271705524,0.00191659447773128,0.0518986032865994,0.00400746203812563,-0.0192224828952024,-0.00427277296367074,0.00921626727360773,0.00678049617735911
0.00867812941514578,0.0152776734332466,-0.000583126607741425,0.0165834335460033,0.00612979410455258,-0.018698706491967,0.0122709480993046,0.0338567573175263,0.00167155891093439
-0.076250466442515,-0.030085029672706,-0.027577039818869,-0.0444770701332831,-0.00846623250864813,-0.0181928500789944,-0.004123210065265,-0.0177529314833788,-0.00756166162422918
0.0280588979004033,0.0052991584599068,0.0173355956512394,-0.00623363490317054,0.00306125728742016,-0.011451094093897,0.00169360937601867,0.00430221601538774,-0.000989896913451085
-0.0319152600315807,0.0158471537943739,0.0299931244561382,-0.0591167330652142,-0.0208192008086675,-0.0574698657076892,0.0129896842040805,-0.0171783592699224,-0.0347552478022338
0.000431338599055634,-0.00882605719201106,-0.0219008861573297,-0.0279645022720104,-0.0105126870645621,0.00630826395074105,-0.0241167025787928,0.00435889905402891,-0.0151631075188672
-0.016783052266737,-0.0326878378086969,-0.0105296608169771,-0.00939898374188142,0.00384127697929226,0.00454930712532622,-0.0148886852149739,-0.0152124773438594,-0.0260540612479991
0.0308770018279488,0.0354161974377968,0.0239923138567622,0.0368884685407997,0.0224039956857051,0.0209503800961526,0.0124225563068067,0.00756057059919972,0.00962393033147068
-0.0347602863629272,-0.00569418917922504,0.0048271896648965,-0.0111372503122373,0.00363008201479036,-0.0279226303392631,-0.00682037739256074,-0.00763301697937868,-0.00680064560169341
-0.0329637040154262,0.0123192157066214,0.000433827650154939,-0.000228649495599541,0.0210327864521996,-0.0358020319127129,-0.00484470469475396,-0.0153038571383787,0.0202203246598788
-0.0413043795037132,-0.0350504970420262,-0.0100281318107795,-0.00974801845797781,-0.00553522411979557,-0.0977671798627436,-0.0220182440842636,-0.0123552851508737,-0.0225127367779337
-0.0184321957609487,-0.0142290173706411,-0.0302972386702946,-0.0194509308046933,-0.000946132283482995,0.0174430995606019,-0.000633225960454426,0.00161229548611577,-0.00563278820730363
-0.126542296192044,-0.0688644908629852,-0.0692864351993427,-0.0705373564909011,-0.0162471178372066,-0.110280236754836,-0.0204563918600398,-0.0366330994136794,-0.0584281015140371
0.0153222960958171,-0.0173510366659553,-0.0157725314276149,0.010892556505611,-0.00386822747924981,0.022441510851558,-0.000290980014790412,0.01387430016937,0.0123719321968912
-0.13033562658845,-0.0497860737628045,-0.0460513362297727,-0.0527332980166652,-0.0243045938166396,-0.124583791751914,-0.0230418049587892,-0.0397037318910522,-0.0421322443437195
-0.0249657544656112,-0.0018839432380211,-0.0116376538830242,0.0084450031668382,-0.00041342208314622,0.0320185798933527,0.0102769465634331,-0.0339155221979232,-0.0207679118277559
0.0841588581160023,0.0337556003283646,0.0164650554791209,0.0360174892716894,0.029622693768185,0.10926002570795,0.0294811157980565,0.0550743099931671,0.0260866970588393
0.0922095733898229,-0.0317854932633685,0.0362102250928855,0.0449097301081948,-0.00528297261992112,0.0673654835613154,0.0205992021326181,0.0217704044936638,0.00813540133705709
-0.0201882449462181,-0.018908171821858,-0.00191295063490836,-0.000388342005400724,-0.00463050189798288,0.0247494056820932,0.00538501399729775,-0.0224032598202069,0.00321373479039761
0.00320264689596759,-0.0099943398119892,-0.00635883737088634,-0.0196645353601917,-0.0212884127774254,-0.0261407923170864,-0.0204385373408877,-0.0086673608029061,-0.01441413371335
-0.0816194911773491,0.0188514287108596,-0.0364643329291191,-0.00170452203349,0.024763290975109,-0.0628430115497871,0.0259418570300139,0.0166631188309038,0.02054444011296
0.00688668402685197,-0.0189191978363335,0.000634608445972867,-0.0135825477814551,-0.018171953420322,-0.0238642264826703,-0.0218512502455835,0.011522939946184,-0.00267537424766476
0.0313610735113682,0.016837253596848,0.0175578305557117,0.0213658231569173,-0.00256953872187464,0.0297168733252122,0.00291063182799973,-0.0116325395305889,0.0141344503640171
0.0737411209883599,0.00649877353206198,0.0184479079564675,0.000865481047744128,-0.0129072951429423,0.0557397911785854,0.00326184013550978,-0.0179196940496957,-0.0124552610739243
-0.0185442387484547,0.0119694387754117,0.000218882313930351,-3.1935644079339e-06,0.00434823036288653,-0.0139048809352354,-0.00336899455985293,0.0103507685334408,0.0105958274585973
-0.0264089540394596,-0.0344060581787236,-0.0371266594323665,-0.0140665081391956,-0.00423602011159474,-0.00985443321358847,-0.031841503471907,-0.00394623626054105,-0.0123207500871511
0.0305099888094352,0.0212806699950528,0.0191617993451512,0.0126289722282402,0.00745483477785595,0.0466538444064588,-0.0265343762025212,-0.00257464018177047,0.00455323349644841
0.00187414693358405,0.00762086285815913,0.000480638856077031,-0.0111397527629903,0.0174937461029031,0.0124781327397849,0.00265671958212847,-0.0101105910851675,0.0319520136753968
-0.0174160388519086,-0.0553539065143205,-0.0368668134027717,-0.0142949747661866,-0.0137392388164508,-0.0473464721091421,0.0156499252159215,-0.02528467653126,-0.0308744927210872
0.0755991141465099,0.0221458161588784,0.016323560912057,0.0176311324095948,0.00332454960494143,0.0903671763547058,0.000223964239819864,0.0208144565414626,0.0168029961721834
-0.0312419159614359,-0.0334231062908709,-0.0245015022349532,-0.00411229941491144,-0.020286854393897,-0.0165606062119493,-0.0213368002899396,-0.0254613462736795,-0.0397788850874443
0.0674962200591913,0.0530260071236504,0.0519697656301614,0.00426347307559347,0.0131216396443975,0.0709233347971999,-0.0116644574272355,0.0119896534130417,0.0168750217293348
-0.0583635195045259,0.012466128279783,0.000481741700521587,-0.0207187902846538,0.0115384482994893,-0.0758075865034819,0.00251409734811195,-0.0149851387603291,-0.00959168678992743
0.0639925718916251,-0.00769561616224023,-0.00449133018192417,0.00893367471356182,0.00671717884556156,0.0294398100076537,-0.0086118644495003,0.0225037362972919,0.0289594822994175
0.0371293524594079,0.0115892462923613,0.016242077559924,-0.0116111059147118,0.00409460475229163,-0.035423921445538,-0.0123478237321436,0.00600603618557235,0.00323183100093253
0.011465412978925,0.0135143852772253,0.0385160729910953,0.0306279809965514,-0.00414898407864132,-0.00626654087228417,-0.0355623550060668,-0.00362410182288095,-0.00850408837521747
-0.0266778090989733,0.0255469476360344,-0.0153407090473184,0.0510228978473034,0.0280223747519359,-0.0293537167678659,0.0284065268971506,0.0171186386959539,0.0173373411421937
-0.00853500204895736,0.0477040595743165,-0.0126025660518396,-0.00365900038099433,-0.00582256714613673,-0.0220283067032095,0.00407909755375212,0.0139345345065914,-0.0147061916014893
0.0415412908611861,0.0278320356294437,0.00342963004010562,0.0711134466716829,0.0181941358222951,0.0251088873039164,0.0468176866090366,0.0342483276142336,0.0199335527343338
-0.0268243237518989,0.00388395721106171,0.000744249434726901,0.0109440548751908,-0.0163022797174948,-0.0381052169938531,-0.0178897774309383,-0.00530751346975677,-0.0136446408274191
0.053416591749597,0.0824648516821016,0.0540228521935705,0.0620464999015194,0.0303578913602658,0.0411974258583529,0.0113069271536373,0.0245707409497782,0.0419222189266394
0.0311441143386452,0.0529208760055651,0.0522563090034445,0.0172005790765704,-0.00369817440780129,0.0273642819834504,0.0057387716927507,0.01125162154523,0.00169648463816953
0.0386137898461434,-0.0305150978671689,0.0164571156901329,0.0110698750689757,-0.00434140248059995,0.0184668604975058,0.0220281796258885,0.00296211226995027,-0.00253017412261348
-0.0242462032625996,0.00834415206199606,-0.0127135738631353,0.0058298845065392,-0.0116318107368201,0.00322317780718861,-0.00216981193807286,-0.0140973916546237,-0.00887417610449706
-0.059591427403159,0.00450355495049396,0.00561693757181968,0.0140161553927704,-0.0174895496232534,-0.104807306176322,0.00283724308349108,-0.0135444449346447,-0.0144413048817021
-0.0884208471710518,0.00194333400756782,-0.047359860323787,-0.0371322434721394,-0.0138956705891502,-0.112366546882831,-0.00367731912659515,-0.000688721592322491,-0.0132225599568709
0.017772729399447,-0.0106348207830304,0.0269311818554077,0.0606884521661151,-0.00705170794180412,0.0236833610282799,0.00418660296530697,-0.000370108687808767,0.00804869100444846
0.0373201309904571,-0.00257244602789071,0.000438943579013977,0.0204757474030379,-0.0173056862942056,0.0385626370179357,-0.00752956163776735,-0.0253412006863367,-0.011812881353968
0.0769618853209229,0.0525752762416881,0.0415858510069573,0.019485025946207,0.0109794885988491,0.0575496662006706,0.0117685936877151,0.0136416881182787,0.0128405361921091
0.0118441047935946,-0.00593088163095419,0.005890716541666,-0.0052727147730793,-0.0186990335697927,-0.0338037172156023,-0.00702165897108662,0.00426189720288376,-0.0121872078885352
0.011909663514968,-0.00025895452007077,0.000963745821254351,0.000463747993760705,-0.00641377140952855,-0.0443687650249761,0.00995731075195803,-0.0278387775112997,-0.0097633773590232
-0.043978953329723,-0.0498529749297459,-0.035083133946976,-0.0100920879963202,0.0113992869201453,-0.0603598993627378,0.0106241110782895,-0.0120775589767489,-0.00185570355858309
0.00119493295730107,0.00245673585404412,0.0172146211687705,0.0134959858802783,0.00436548686480213,0.0049752593572767,-0.00651790390206607,-0.00404684539419475,0.0091088587825452
0.0300343228845442,-0.0373871789869215,-0.0231125260407182,-0.0131438869659472,-0.00327586123963741,0.0271116635159463,0.00568319849594698,-0.030227195172733,-0.0038422944845054
0.000233974571061993,0.0109997937492391,-0.0188441767401523,-0.000916281575550285,-0.00723256192876503,0.0165400357818831,-0.00760369647570314,-0.0037957705586568,0.000592096879376833
-0.0371115496084865,-0.0468685584675003,0.0015000092198557,-0.00722236384888437,-0.0357336777839532,-0.0357450954552475,-0.0181158989719857,0.0115977225267332,-0.0257714210605189
0.0262700919089731,0.00503136120181335,0.0172287335095831,-0.00037969973592845,0.00129554662377403,-0.0153478814591685,-0.00461644946429409,0.015837950252125,0.00731461371365504
-0.00456992044835104,0.0317868110639281,0.0145742387168061,0.0373204579781869,-0.00363605179736008,0.0335377382201474,-0.00984957261013683,0.00791021386468237,0.000582197548367533
0.0175596188205102,0.019022701726005,-0.0266285417247933,0.00773380152490056,0.00297882844754131,0.0181581718596683,-0.00536335555882365,0.0146693817047245,0.0118402049621991
0.00777847877464896,0.0124659094122649,0.0073473091029396,0.0158742396853646,0.00795988568259857,-0.00760062055017261,0.00820219752492676,0.00124936133220206,0.0117244941635373
0.0466408045977174,0.0346467255020806,0.00889716899294874,0.0537081024833064,0.0158042931353016,0.0855544601754349,0.0207639946237006,0.00517099853384884,0.0194643448623905
0.0590754037592799,0.0467707676896274,0.0292642062127912,0.0656256475961559,0.017044300792629,0.0679910685900533,0.00109818624684142,-0.0173482123733911,0.0240510681287633
0.0849496621769051,0.065209418481223,0.0492444365704575,0.0604355038351948,0.00941401722540378,0.106313341634016,0.018652559233562,0.0188409463536847,0.0437276211072304
-0.0372915104033421,-0.0315373516306015,-0.0139075211651386,0.0380210401794325,-0.0168915442619841,0.0429270729278516,0.0256720577145239,0.00617846867704908,-0.0206930509532697
-0.0136474788055652,-0.0127772346681694,-0.0255544069868907,0.00425467356035787,0.00604999700935479,-0.0410687124938929,-0.0159275982360871,0.00423510358703267,-0.0161683479027369
0.119767739946848,-0.0333481069842893,0.018069553946253,0.00340972649159019,0.00651508232047551,-0.0372862491685233,0.0251555169535748,0.0162203433375512,0.0260872308268548
-0.0227312340806371,-0.00383752612182614,-0.0543358418745251,-0.0440872147184399,-0.00198379802847547,-0.0116318007712754,-0.0115612794802428,-0.0113533507881545,-0.017319535148952
-0.0168005251778854,0.0403531255860115,0.00638987544412237,0.00913316780793538,0.000870904926559186,0.0346350398301214,0.00524911852578156,-0.000578278468509535,0.00522867198993988
0.00323256624019306,0.0121140825988515,0.0210877703109803,-0.00278856425405411,-0.00526185662553806,0.0155677372284808,0.000584769504928882,0.0138684265566165,0.0112029536373306
0.109708452308101,0.0462449195629705,0.0332529751734609,0.0237765534013971,0.0168984250457645,0.108427154013655,0.0245776079487446,0.0218686842985625,0.0346938814338579
-0.0444167307610922,-0.0202659101627599,-0.0114616315687767,0.026373862529598,-0.00570690687318799,-0.0578877839492797,0.0108020115038223,0.0148313740452812,-0.00594721895467335
-0.0929053520782155,-0.028758607628019,-0.0416542369664701,-0.0456486603862488,-0.00105505628007048,-0.103061389393314,-0.00275764999950174,-0.0224527106050029,-0.00309354493872809
-0.00277280253836454,0.0114395870409967,0.0174631726716391,0.0457365079986159,0.0102375033655207,-0.0308459577126959,0.0145734377113962,0.0206119994736887,0.0167143895768459
0.0971186233867688,0.0225297035674488,0.0222852986114137,0.0373151927374155,0.00670898879673543,0.0789789374499229,0.0102004727366843,0.0421945873593504,0.0140021525996549
-0.0206639414891966,0.02441576125935,-0.00161393161901437,0.00117113269199519,-0.00594588431883619,-0.0230896863912611,0.00155363459526111,-8.5281861638739e-05,-0.0162493766332139
0.045053943986732,0.0152599749645471,0.0148819160666836,0.0324062993214754,-0.0117918888980428,0.0491643136684795,0.0131611995531012,0.010231226303824,0.000313109500020653
-0.075763634173345,-0.0462893392909438,-0.0565540520967331,-0.0397694264996818,0.000170797442168437,-0.0778153617399279,-0.0145791148862906,-0.0538091891635879,-0.0100722322459717
0.0420147833757997,0.0498474177833909,0.0322698374215197,0.0243659171889843,0.0238768983975575,0.0420407800462414,0.0204572914543809,0.0193024397199973,0.0447059611634089
-0.00610074636839521,-0.00454916670444707,-0.00421012136560154,0.00418318474174192,-0.0090806675282062,0.0527190793013888,-0.00100445585531032,-0.00901669526766649,0.00680621375786865
0.0751833960552793,0.0413303613196555,0.032143051669095,0.0145784882775659,0.00536783369937242,0.0321807171268561,0.00103338131653068,0.00107598510877542,0.0215023027451672
-0.00189798603803583,0.0252555428146151,0.0236640994166619,-0.00643307027902262,-0.0223709286983067,0.0110387499451766,-0.00210839903748062,0.00149640606796794,-0.0133807147365289
-0.0400762084424713,-0.0315669450497494,-0.0258072564059743,-0.0119247299448906,-0.0131309594996042,-0.043300388209698,-0.0515486199202123,-0.0424389331630764,-0.0120906712099205
0.0252351870744544,0.000711619383507317,0.00706616038623209,0.0498415439920267,0.0181483249498806,-0.000769924392163134,0.0108351344613077,-0.00767641002386269,0.0275304162195592
-0.0318677661531152,-0.0116181384060534,-0.0137869065848344,-0.00929345488762417,0.00565699477207158,-0.0122754199187371,0.00437679024395353,0.0217720120748477,0.00310580403761065
-0.00710324764309436,-0.0200197472807655,0.00257552494212315,-0.00374719905796929,-0.0201582184049709,-0.00842813523566885,-0.0141066961628658,-0.00855673547813005,-0.0189337875849795
0.040936291699005,0.0501025407675191,0.0116834542424018,0.0298776787510574,0.0305992719762277,0.080952508208519,0.0241631531535163,0.0381226234137594,0.0449263859219386
-0.0284083937392232,-0.0652550924360608,-0.0215704439623898,-0.0530078215779762,0.00119782218813732,-0.0479271972625862,-0.00435625394331702,-0.0184905348342347,0.00574623895959555
-0.0035957656050858,-0.0091911732556074,-0.00240118892934812,-0.00152262804752432,-0.0117259670354806,-0.0215189120645012,-0.0191972633609407,-0.0448696852692943,-0.0621366242990402
-0.0317239358133839,0.0244102843287128,0.015225574836218,0.0166432903337666,0.028574378638367,-0.0375119063026954,-0.00736291993505983,0.00350533816353956,0.00145258454420348
0.042075942813895,0.00225192168926548,-0.00145820860209768,0.0204983042150689,-0.0203219214980512,-0.0108048025387361,-0.00747641858875119,0.0132535438607641,-0.0163635509788772
-0.000622288945032643,0.0111996389599629,-0.00373191191954566,-0.0186831359303698,-0.0313675349058545,0.0012991143241992,-0.0063496973254795,0.000491013075736816,-0.010685464091127
-0.0314641880345813,-0.0128354655954699,-0.00773833717678142,-0.0153696873761209,-0.00523201750665962,-0.0189772976768703,-0.0125671997513468,-0.0268829332058805,-0.0547103525791345
0.0130789169299549,-0.0407361638142555,-0.0380592845833141,-0.0108915099579333,-0.00237328952543771,0.0233947104837731,-0.0173760701229444,-0.0144584477967236,0.00285337957099579
-0.0412966067946702,-0.0282366567439923,-0.0129236829914488,-0.0106846195164117,-0.00770977047839804,-0.0526444743970963,0.00264786325916121,-0.0199085642438876,-0.0185326861894174
-0.026038742448386,-0.0116733112547441,-0.0205079355723892,-0.0113384093972265,0.00689065487888313,0.00887693291303434,-0.00967534895648622,-0.0216820393912499,0.000744929716622882
0.00428710454129421,0.0208823550611912,0.0133923770975851,0.0228498299636913,0.00114274825196335,-0.0388180893726084,0.0203450333420604,-0.000539710743582948,0.00314959549212237
-0.0115640799366047,0.00977805818755485,0.0143834599503908,0.0302383948347005,0.00106650247405081,-0.0258429174818787,0.00273081699703529,0.0249386998255779,-0.0046420545733408
-0.0210307440566461,-0.0186765591884326,-0.0352329682837975,-0.0186227008591464,0.00189444016084151,-0.0537938483652087,-0.0178015308907497,-0.0170764031254974,-0.00891017025079363
0.0211295758131794,-0.000112040540436355,-0.00323678489318576,0.0180734515074792,-0.0115959798453537,-0.00687955337443855,-0.0120966777262484,0.0081003950091025,-0.00882460988570273
0.0566323975364793,0.0176038015425055,0.00932609327121273,-0.0053722910285703,-0.0158260851087772,0.00807171030803796,-0.00319165758201201,0.00542582350180386,-0.0195755537856005
-0.00224173579434723,-0.0197307859667707,-0.0072671840894526,0.00477600429428785,0.0142476983231005,0.0104047162631423,0.00607703008355538,-0.000160012424033381,-0.00966837071225654
-0.113338026520948,0.0128888399150826,-0.0446725561251859,-0.0647946992445038,-0.00869590140904813,-0.10594964238149,-0.0287469881688109,-0.00734600329746046,-0.0120308665660915
0.00452317279832094,0.0305971847295196,0.0228448570655243,-0.0214679536515445,0.0135754467985097,0.0258172544469264,-0.0319790011728044,-0.0127097135435356,0.0208310494441088
-0.0234319478552353,-0.0311928094754295,-0.0136919669384425,0.00871979706283543,-0.0156850818351676,-0.00849840106917731,-0.0277832920653257,0.00872779432956148,-0.0178638243543256
-0.0451963531946882,-0.0277743830648311,-0.0330536896058144,0.022956771047202,0.0102641859118957,-0.008707955034923,0.0276760509031511,0.00104479584359239,0.0224479667822881
0.0930371320408711,0.0262222910258108,0.0413007887051101,0.0516065533881028,0.0077895306534076,0.0406036587399716,0.0047714857286357,0.00310812037238313,0.0319241083927567
-0.009352280536755,-0.0263597802403052,-0.0158261474811792,-0.0178217824950708,0.00379210885073545,-0.0110166752066095,0.0298651027451231,-0.00213218711525518,0.00191079701902325
-0.0839079471579466,-0.0294387739273427,-0.0187766307256925,-0.0424381065372514,0.00768848360464842,-0.0714060797230461,-0.0217215313003403,-0.0317212654284628,0.00125222885502679
-0.0345447438958206,-0.0160845952828043,-0.0162745784588278,-0.0273844152063927,-0.0022114291295374,0.0246111941438216,-0.0159279100480349,-0.0255608758222591,-0.00740629636312524
-0.0802313769805074,-0.0176134823168275,-0.0142646263905569,-0.0484386806534518,0.00245445295604475,-0.0971264203134957,-0.0141008425432206,-0.0178144393475304,-0.0078438493627107
-0.0214342480502258,0.0136536944073043,-0.00445915794641512,-0.0188534415087067,0.0012627263613916,-0.00103541928561201,0.0190280454198398,-0.00646486852963839,0.0157342724129728
-0.0477686864538675,-0.0222170765090055,-0.0300983584814948,-0.0259641940640277,-0.0150546718324143,-0.141386263243741,-0.0385143070713907,-0.0107464985298199,-0.0170038419598971
-0.00133940387976042,-0.0272929475429348,-0.0431838933769776,0.00742031697557089,0.00198472668117837,0.00448631710004753,-0.00252042926981687,0.00446595066208626,0.00349730145224614
-0.109219398816137,-0.064277596084619,-0.0294799179199597,-0.0364455879790143,-0.057281368490314,-0.0870486680574083,-0.0161620910458448,-0.0602935734244527,-0.0706511749149499
0.073002009491019,0.0234012504795497,0.00512054989075363,0.0745481942307709,0.0153650950973793,0.134393967125561,0.0131962373018407,0.0279796317641407,0.0262252440801492
-0.0116931042969412,-0.0121228437760971,-0.0134084531517103,0.0201649855958142,0.0294736481030738,-0.00822196668802621,0.00352013850898343,0.0123465452792083,0.0248385025355757
-0.10194277206746,-0.0291246727758298,-0.0605465549376626,-0.0728858752643598,-0.0117126085467834,-0.0835667534608385,-0.0128555981927982,-0.0371193334535359,-0.0159439508150644
-0.0483141227898695,0.0130764221863498,-0.0230675592880509,0.0277474633342613,0.00718056306266796,-0.00552622711633049,-0.0141431734286472,0.00274920236607881,0.00101058571214499
-0.072053733030049,0.0292749934170013,-0.0110053432416613,-0.0487058782998922,0.0119084905833451,-0.0921170805523181,0.0189169351271372,-0.00941902716591191,0.0144533755994998
0.0216727159405963,0.0188872205923065,0.00892098312585781,0.00737606924660587,0.0080450721261945,-0.0122245722539247,0.0158148852891125,-0.00292257717281962,-0.00753741603109086
-0.0702208092189565,0.0137804580152873,-0.0424902478541502,-0.0106410634784889,-0.00453478187668277,-0.104810717515275,-0.00452776397574561,0.0151186728626895,0.00462562723931008
0.0370463675882311,0.00806566220645904,0.00228068409512383,0.0270199394690741,0.00513636644240842,0.0697391310874838,0.00539918242566449,-0.00393590161426615,0.0149872296395635
0.0531760531709504,0.0337539667548008,0.0236784630810304,0.00701012489428954,0.0256010033947234,0.0804578726275637,0.0224877445295101,0.0178822515048411,0.022170431757675
0.0178314744290404,0.00636429198871353,0.00586079249284647,0.0189725256718616,0.0137668379143375,-0.0157480074187323,-0.00807257886460694,-0.00406542453494364,0.0004191144233399
0.0438941273474167,0.0483345823955575,0.0115529027781913,-0.00221585458739875,-0.00268152095658108,0.0516743923538076,-0.00794963774276831,0.0151230003864181,0.0135419103279035
0.0504835230116045,0.0270297879052551,0.0188075388813286,-0.00476421283907862,0.00852905608763248,0.0118253705187092,0.00278920669329191,0.0184976753720417,-1.00077892268641e-05
0.0243988720624633,0.0274723295747217,-0.00440364958014672,0.00858644432743683,0.00958450423681764,0.0577444286203835,0.0044091514528152,0.0399578002959101,0.00134989705307581
-0.0490258618583363,-0.0385932287999595,-0.0109484441570716,-0.0901968651701102,0.00930535878066931,-0.0835905818779889,-0.00448574793045845,-0.0119253462842452,-0.00279170242138378
0.00271474649037118,0.0242776324231888,0.000710413513139072,0.00238153081638231,0.0175024942605111,0.0204974561145157,0.0287860500897069,0.00982848680297354,0.0362137211421415
-0.0488034391005565,-0.00814465603021748,-0.000875667599712075,-0.0101601867936379,-0.00230266453315349,-0.00817296863338697,0.00348261505406678,-0.00922256487147409,-0.0319318171649285
-0.00243586176563431,-0.0140601702286495,-0.00549260800454004,0.0270273389820614,-0.00341671051744515,-0.00874696118057,0.00723260620191919,0.00228998175652925,0.00266287061494945
-0.0664590044361194,0.00301557773430016,-0.0389032824390156,-0.0373359951862303,0.00214456180758042,-0.0230472679859551,0.0121588537357136,-0.0159995493768834,-0.00730297327351848
0.0548383948193894,0.0061148096639147,-0.000382690237956087,0.0423158416942186,0.00201164526386621,0.0446549796315793,0.013851884313949,0.00900843041197503,0.00120403175710609
0.0228746546986871,-0.011581051213645,0.0345896475563534,0.00585288106715054,0.00892545259888244,0.0129997707159613,0.00612900929277294,0.0115723063024483,0.0141388811401135
-0.0296685109762306,-0.00322699581234557,0.0108900683741835,-0.00346266351821683,0.0115738228710454,-0.0134817671624809,-0.00118855243919019,-0.0165475929115941,0.00922826776172756
-0.00983601040605727,-0.0308716528957211,-0.0092647090502461,0.025266926529346,-0.017763644893528,-0.0112546151491768,-0.0143722049304263,0.00290760689615603,-0.017471131211246
-0.183952321335342,-0.0657861047836267,-0.0510388052017614,-0.0950105398488076,-0.0172035570107851,-0.190977266667312,-0.00647819026876774,-0.0275764404725676,-0.032179424721208
0.0709406581678284,0.0122152086332917,0.0127924881992022,-0.00521090665739128,-0.0208523030116142,0.0185645275866874,-0.0064711400272026,-0.0104670743394137,-0.00568072683871786
-0.054918848236694,-0.0107158863438558,-0.0259046644582754,-0.0307280536939257,0.000919865139158797,-0.109819403701605,-0.00562141246406701,0.0210614298727394,-0.00589313315133175
0.0104035822097708,-0.0296232092190063,-0.031028660148152,0.00293094458660028,-0.00152609686628288,0.0162653974889352,-0.00171241734400253,-0.0203857356865602,-0.0246190898241698
-0.028200111925673,0.0177576306515592,-0.0114845801253188,-0.00842575461326345,0.00530624301169985,-0.0568945263113667,0.00581421878093118,0.00117405397429568,0.00886928931334845
0.165268102504361,0.00331250700980802,0.00576066888495709,0.0111784198687936,0.0211788780153586,0.0758791610600779,-0.00381938795254425,0.00895051116107363,0.0140757069756884
0.00409676678987476,-0.0160794492482017,-0.0228957700251403,-0.0116770696814209,-0.00378533759848186,-0.00317444983622771,0.00339836941068087,0.0205251207659299,-0.00409240164333443
-0.0202882345032667,-0.00173230170622602,0.000244228173981528,-0.0439570001665322,-0.0148712168278622,-0.0791332715083698,-0.0340361177532236,-0.000366602715013761,-0.00985280303103202
-0.0796086754113633,-0.0253454197917095,-0.0292754155335326,-0.0184602137786678,-0.0229113412411018,-0.115629100081375,-0.03072897190465,-0.0227852345507608,-0.0405547403985835
-0.0628783893511981,0.0129216450573157,-0.0256346754093063,-0.0337942071502297,-0.00169398598505011,-0.0560896098206481,0.0164159089897475,0.00583372111199067,0.000791696686512
0.151251700173736,0.0274272611029737,0.0475370206768214,0.0122456695181339,-0.00287862928227379,0.00334239285500778,-0.0244032355220495,-0.00136004328917267,-0.00204078577309783
0.0894873821829347,0.0815677331593781,0.0488716280077536,0.0734669856932972,0.00878610600778588,0.0644811229020398,0.0123686771312537,0.0273669705327225,0.0396155503396565
0.0935175763502969,0.0302382316450235,0.0331086194488043,0.054214068012892,0.0232623070486766,0.0885233631661418,0.0207777375473898,0.024682224319705,0.0119765561024857
-0.0912929761064883,-0.0146206094929228,-0.0313077531123617,-0.0474249598454714,-0.00223186678816698,-0.125875467916263,-0.0226511384468849,-0.00825902622198503,-0.0087911031354762
0.0318260582775204,-0.017164186681355,-0.0185655221780229,0.0264957725469868,0.00368720635690664,0.0328740111196758,0.010142650815666,4.36689703228312e-05,0.0172089228189413
0.0133201089704016,-0.00485267670224312,-0.00717785222333968,0.00713534294668049,0.00772578052502972,0.0517168110152743,3.37187296129104e-05,0.014748227031571,0.00876786609460248
0.0105770307626932,-0.000657124177200436,0.0105933644031479,0.0183421508040716,-0.0201656501409248,-0.00719171495865716,-0.0105081718405007,-0.0183717199934188,-0.0126685340934559
0.0326402578471195,0.00736621762042408,-0.00381234560583842,-0.0156331678147477,-0.0182971537988374,0.0183549245736232,-0.00306375803215418,-0.00107785981130786,-0.0287067041704359
-0.00976662008576067,-0.0486034029197498,-0.0291145196994961,0.00320335942358073,0.00810455103148345,0.0144929637787789,-0.009095420769136,-0.0137514279030631,-0.000150302292589577
-0.00744616945758455,-0.0251680256000426,-0.028859904863651,-0.0121091107150716,0.00852737616310167,0.0416957291272481,-0.00309189356464158,0.00307317660473584,0.014202818700471
-0.0095598535245936,0.0148079466288692,0.0224740031738196,0.0202568828146335,-0.00577414396412841,0.0444135285945092,0.0103968952916759,-0.0238672819380995,0.0145696359761677
0.00844161891301569,0.0224233497753609,0.0110405670315072,-0.0137315694433901,-0.0130148599374175,0.0161388116810661,-0.0161035866712226,0.024378970158396,-0.00500157240101213
-0.0137513427880215,0.00648185687038683,-0.0210678595755265,0.00309822571571282,0.00213239491716845,-0.0419796187813063,-0.00687295987275108,0.0185460532546196,-0.00575977117496548
0.0907637568862778,0.0422430579265136,0.0342948680289036,0.0435706093039933,-0.00311146299969119,0.105246893829284,0.0126139093193452,0.00821663375073835,0.00653603993996042
-0.00382357208606614,-0.00589021628086554,0.0107622807310014,-0.0151204971865484,5.30133634959221e-05,-0.0663825359596357,-0.0184181042897708,-0.0234302441645476,-0.0140597238005837
-0.0635551995315304,-0.0175966088187318,-0.0131169218329298,-0.0246266663739296,-0.00712030579373296,-0.0597299723030622,0.00792407336681374,-0.0090335724512697,-0.000484905064009556
0.0287345993278172,-0.0031915735115845,-0.0115744884445876,0.00725986143708067,0.030424168726853,0.0503465388642216,0.0096321430990661,-0.00101427672309728,0.038939980772724
0.0827220618558979,0.00853416299201263,0.0165536564510363,0.0238117891982832,0.00503925737207175,0.0660477576313574,0.00763468828708212,0.0375311322708624,0.0232994541447384
-0.0138499609028689,0.00373562825382293,-0.0161295571652308,0.00218587920370809,-0.00820897143875572,-0.0576259763228613,0.00497290069762832,0.00631093033391618,-0.0136429189637088
-0.0275423851691617,0.0304202359790638,-0.0173305350774294,-0.0121949148641041,0.00943219323696083,-0.0124573761434239,-0.000160125512474407,-0.00430322937670043,-0.00279209326916059
0.0449638071304742,0.0310120599396604,0.0218630352103001,0.0277906244818578,0.00652885951836544,0.0897728005262763,-0.00490417729534946,0.0205987482885821,-0.000384091076811005
0.114264636945329,0.022769499412922,0.0259270752587751,0.00999836992654843,0.00429952264086722,0.197876809070501,-0.00196584670589699,0.00603623767285646,0.010406009415393
-0.00737585682821154,-0.0132938486678225,-0.0162005997547954,-0.0112535228945072,-0.00596080506399177,-0.00822389505334621,-0.00946856617020959,-0.0173699162346492,-0.0180284718125784
0.0793048787987134,0.0506358016829884,0.0301960933057075,0.00507134144542287,0.0012108593930181,0.0982314711644628,0.018124916775739,0.0419822169358402,0.0223302542390531
-0.0627995445954789,-0.0145028854044806,-0.017936785881265,-0.0108411521807446,-0.00105210726733477,-0.0783013384692258,-0.00406667045665162,-0.0159685349017347,-0.014460188706362
0.0321525623502423,0.00209054446986296,0.0228622749283147,0.0415346691336937,-0.00677318726736057,0.0186058983956864,0.00328566403599807,-0.00640019039639634,0.0028087586086282
0.0335907760606824,0.00306029573272928,0.00661244287054001,-0.00337994732312376,0.00560331833977952,0.0333728259555987,0.00305867061077628,0.00366239646992536,-0.0151141989674212
0.0209049496025153,0.0202018068180955,0.0166417568839566,-0.0102045985584846,-0.00428270925980068,-0.0136690864946211,0.00865238043310166,-0.013156346216759,-0.00489500507652348
0.0245683630157899,0.00222465803316793,0.0120948018718342,-0.00805644232863903,0.0137836226271976,-0.106008633084098,0.0108541623925994,0.00423325862875749,0.00896273325040205
-0.0243394312268871,-0.0093314643605413,-0.00380336743504822,0.0249030926678777,-0.0228986728904213,-0.0349307787790532,-0.021519217047884,0.00247377843106295,-0.0364262344083547
0.0380392582666302,0.0241368499931039,0.0234017671771191,0.011774587269071,0.0203971839628145,0.0207493919895971,0.00549834023030365,0.00782886213380841,0.0173428232057616
0.0454155855648987,0.0117349235263414,0.0221471564234184,0.0442408677418401,0.0138903329610669,0.0645793903438076,0.00718725545941082,0.0154346422296453,0.038830291440972
0.0462320765147872,0.0422996750648813,-0.00745481927957659,0.0459642805366068,0.0375808438022984,-0.0373346140240575,0.0361072231803452,0.0726873199709666,0.0832016275987182
-0.103566992202511,-0.00202040782312571,-0.0382595178739148,-0.0211485552384174,0.000522896019037369,-0.0772454228305367,0.00952357716512202,-0.00968097708926722,-0.0300954251733371
0.0421263548487691,-0.0150502215254361,-0.00204752485999166,0.0274767950493454,0.0101889401612075,0.0465202885736927,0.00904832397351854,-0.00900281380955432,0.015904911653924
-0.0467719498719271,-0.00576706410671914,0.0112874513818244,-0.013936054942503,-0.0138511153761318,-0.0673065329214762,-0.00392758093384161,0.0137465586083471,-0.00956349569665994
-0.00828001177721599,-0.0393848110702115,-0.0104928718817408,-0.0211910793976649,-0.0110027666841803,-0.0293300636645472,-0.00955459457712982,-0.00298192531934784,-0.0149022822462132
0.0582676189624565,-0.0157089509915766,-0.00528184605221496,0.00707541261051874,0.00360429605598203,0.0364559957230115,-0.0108064457415685,0.0185135676945038,0.00395741168413089
-0.0217551538224739,-0.00688871372349516,-0.0130832573140708,-0.0149030959921235,-0.0235686016848327,-0.0572263893569209,-0.0013656612699348,-0.00809490549040346,-0.0252257241105237
-0.0976729959008077,-0.0471214431867773,-0.0364566627764205,-0.0571555511881056,-0.00966196379828303,-0.0635578692698252,-0.0188196845774015,-0.0259498719990533,-0.0188473411729464
0.0011482921237867,0.00876442308353477,0.00697467855345607,0.0148141500383314,-0.00363815488168778,-0.0270076866769923,0.00610010450480765,0.00419905596057647,0.00194992042860075
-0.0011955134406118,0.0131569628076308,0.00246170428934856,-0.0245033329419238,0.00325013380144169,-0.00709710077089803,-0.0108772399930744,-0.00652151435281406,-0.00422089756705966
-0.0838534612164143,-0.0188227549720776,-0.0190606477881159,-0.0495208065537684,-0.0313822052264122,-0.108189100873146,-0.00372741101380494,-0.0344077322936471,-0.0245997548608369
-0.00259490439981976,-0.0171319826805619,-0.0310509833038757,0.018831577868576,0.00388508771836107,-0.039609313697273,0.0245538892369759,-0.00587781485623291,-0.017245291431252
0.0139350237783427,0.00541387059000948,-0.0249365314604636,-0.0226091320668361,-0.00209696501540054,-0.0110420620082307,6.17267697090342e-05,0.0156796757672108,0.0166275990208666
0.0232159483037209,-0.0153880422170621,-0.0108317265931771,-0.00675799354709043,0.0165034428079063,-0.00145488216587351,0.0225438180150564,-0.0142842264273431,0.029289759477326
0.00458735958498236,0.0270467531984349,0.0143933680424179,-0.000234342535853776,0.0173999447716376,0.00109466693733391,-0.00755704923428221,-0.00790243612433008,0.0242203922372291
0.0182675033102233,0.00780461903563291,0.0129902287069582,-0.0129037413601814,0.0109825618788404,0.0334324604960453,0.00243225328074788,0.0102819650844305,0.0123436497105853
0.0512617442956955,-0.0181019516017356,0.00589293122205286,0.0334025809450107,0.0197695343580876,0.0150075373015908,0.00830929968287352,0.0218939259820981,0.0124502889303251
-0.111055741366432,-0.0757324141269436,-0.0451053448457124,-0.0725940329133502,0.0129832086807085,-0.119647537279127,-0.00805007304212194,-0.0252769558759598,-0.00782084311596767
-0.0979862265714377,-0.021274393224855,-0.042189222028184,-0.0461009585684554,-0.0399043763628118,-0.0768871729474502,-0.0239289975882328,-0.0238282001839877,-0.0325759564239303
-0.064358462583036,-0.0102617526774633,-0.0193277389417274,-0.0369774064582006,-0.0281451213098173,-0.0421971392352435,-0.0235574849853406,-0.0584675611635046,-0.024754839792022
-0.00758767070373368,-0.0332075573510575,-0.0364154692470703,0.00520177834125778,-0.019110350195236,0.00541010346278897,-0.0174415983118133,-0.0134587879374368,-0.0185695369934472
0.135273627708359,-0.0173373893111701,0.0136158773875224,0.0395935408294114,0.00844176771077667,0.118423047568774,0.0431388948055149,0.0278408193946749,0.0185898657458403
-0.130431412496036,0.00113552697775738,-0.0397918514764762,-0.0434748665737069,-0.0172745654655793,-0.110531723608368,-0.0311047288536768,-0.0362793284111491,-0.017207043987873
-0.0231066406288073,-0.0133873622774083,-0.0355175603554896,-0.035199704143601,-0.0160692788624906,-0.0221763218052322,-0.0162463614176002,0.00254932018918617,-0.00165417707091571
0.0220204463468249,-0.039269013761396,-0.041270991721711,0.00583657046562697,0.0111271333223504,0.0232580764520108,-0.0170041394848485,-0.0217016071658094,-0.00246562488929402
-0.0429519195134886,0.0036368724403242,-0.00710647841683654,-0.00193324766883111,-0.00414278621286718,-0.0235441132232603,0.00188674442342815,0.000378502334363218,0.00642757113672902
0.0420208930968676,0.025506112114012,0.031696082081465,0.0030307559406576,0.00369003737973662,0.0218848237437238,-0.00602171856607254,-0.0194292876678053,-0.00425912064628156
-0.00842636894764772,0.0275340099148903,0.0319120953268344,0.0233872840185436,0.00499552022648816,-0.0211328947547741,0.0160824351622384,0.00393127184584706,0.0108818526749725
0.0753289489266741,0.0422441708898314,0.0261281923697161,0.107995978900596,0.0213171925191962,0.121069422091428,0.0359215755714578,0.0702819021341215,0.0369614035374036
-0.104748906850165,-0.072960467296667,-0.0674302632267341,-0.0600175527267417,-0.0234648063154612,-0.0844045265148295,-0.0177474207378485,-0.0196060094387497,-0.0334557230945475
0.0388822386375383,0.0374347626583252,0.0192132930926788,0.0332672563580998,-0.00116080470401101,-0.00466621073567709,-0.00257413482863771,0.00891283182280784,-0.00713896124995952
-0.0738980692581014,-0.0243110887886655,-0.0488822948210864,-0.050885926599341,-0.00428056429675794,-0.0577879147128479,-0.0278236204954304,-0.0093504178095521,-0.00240963166956599
-0.0460610109978048,-0.00301679056097161,0.000734061769373442,-0.0231423477642725,-0.00301143442798747,-0.0696343564028816,-0.00858291724200962,0.0133360661417733,0.00742347882334051
0.0384193695147507,0.0244970698820494,-0.000654550162969448,0.04212200850013,0.0148785540296822,0.0165468263105736,0.0379125005586936,0.0251918155138021,0.0501861741096515
-0.0389763933571912,-0.0177742470246212,-0.0336642019409186,-0.0212010201446191,-0.0125501968178779,-0.0330800946349978,-0.0170211200719957,-0.0120358922758744,-0.00326852869097324
0.00285219818372889,0.0152843813560285,-0.00373040032015043,0.0420731841072147,0.00354801983002713,0.0591372559594807,0.0159585688554878,0.0297750768908478,0.0297124020696252
-0.0903256519230312,-0.0463757231742503,-0.0690656704400039,-0.069074033501431,0.00404488123492174,-0.112873108325125,-0.00136412680164694,-0.0102759212533091,-0.00457281665077885
0.0526508661774064,0.0608841228914806,0.06041886687189,0.0630507610970312,0.0205615534775568,0.0698938456309347,0.00119023385129628,0.00707773903966898,0.0448101166202813
-0.0433443275215779,0.00406294706219105,-0.028577681921952,0.0130005793290569,0.000421353068220621,-0.0348018156392574,-0.0065512422875632,-0.00536441411126893,0.00166453777781328
0.166834740559568,0.0718549823035112,0.0684289220129962,0.0722719578221685,-0.00544227268926492,0.154250515913504,0.0301784996784151,0.0202051581129749,0.0257496496926606
0.0497745498685014,0.00791621431141246,0.00669190842873511,0.0287124254982132,0.0114141769947173,0.0344616413437718,-0.0183137671111274,0.0178223555889779,0.00781047486000708
-0.0546878043516787,-0.0489167209691387,-0.0537074076856392,-0.0066414300270537,0.0100413466402187,-0.00313539939711577,0.0101030188546351,-0.0196681474922183,0.00613894545545226
-0.0278095682902406,-0.0290267970615394,-0.0458015141165034,0.00930768021192961,-0.0104299490340986,-0.0468159391628915,-0.0152222546218456,-0.00417703174665223,0.00310618503626094
0.0145549480137346,0.0374707627723785,0.00821189311994686,-0.0255116359657893,-0.00851661761016525,0.0285585231858948,-0.00385925141763702,0.00533647394384467,-0.00309094142892142
-0.0173761953008639,-0.0274647924725824,-0.0488966119628323,-0.00538507714659922,-0.0086444424722745,-0.0456054279687342,0.00629952869592809,0.0238198028852217,-0.00960903941396189
-0.050643750702651,0.0268412507397191,0.00135378344868666,-0.000155025403826603,-0.00183611389635503,-0.0364145233911194,-0.000916695525478566,-0.00148525769982196,0.00290001540549476
-0.0151412325213379,0.00544475990078694,-0.00315357395066532,0.00813251963994213,0.0154060553069347,-0.0253037561104057,0.0151459678243641,0.00993529886125223,0.0165599810160729
0.0352991909172246,-0.0310481129930592,-0.0276056088676981,-0.0012090794362894,-0.00657089705185103,0.045974043565228,-0.0117363559725864,0.0130170098394885,-0.00658317374856642
0.0141587935324086,0.0287813361364694,-0.00826921942261694,0.0105683477538073,0.00403789036612056,0.0158430369594211,0.018331253942673,0.0271171575771664,0.0215559045706913
0.0341515127992266,0.0119369598297501,0.0133509279878606,0.0172044856787989,0.000235998777988216,0.0157984479973614,0.00204477360107527,-0.015195612234633,0.00566185857244603
0.0127813425913763,0.0150255377435812,0.00928538934462571,0.035932944605664,0.0256324563902489,0.052068136036785,0.0050200506850031,0.0605214391264929,0.0371667284298687
0.0150821492738037,0.00676160629368654,0.00565612903657551,0.0906502284797827,0.0241379024699414,-0.0255875668576832,0.0342884399757344,0.0393890746529866,0.0230176034403261
0.0178051953843158,0.019669604448809,-0.00737014890011174,-0.0265945951631245,-0.0165891281727786,0.0149944074440517,-0.0465666295826341,-0.0126024230782006,0.00569285454363235
-0.0166771114399679,0.00480932504528524,0.00562963069276184,0.0156068428729746,-0.0214242512831571,-0.0223534121493351,0.0142570926730221,0.0111426907239221,-0.0156819186973271
-0.017983643704552,-0.019745398034623,0.00372348066863858,-0.005218144814114,-0.0235154987848087,-0.046367585838154,-0.0198547355027631,-0.00677776876215712,-0.0264659031060132
0.00416539625582885,-0.00972407725285708,-0.00201471520855032,-0.00804816171323452,-0.00503056788431954,0.0110470152269477,-0.000739201100276871,-0.00371981184914467,-0.0161944647387073
-0.0846479728044588,-0.0175095891913754,-0.0341520538068838,-0.018880373958703,-0.00755848089539718,-0.0789667511882304,-0.002086190442419,-0.0213409356928341,-0.0230791087926944
0.023721042243643,-0.0154167753988014,0.00541199988650342,0.0170325399427365,0.00623826518677785,0.0260769425726852,0.0184960207015243,-0.00536829780877555,0.0169234050059025
-0.000801311350149467,-0.0246264293313278,0.0108676387864127,0.0015020371978037,-0.00637418162398544,0.0139501757194765,-0.00207144460501749,-0.00149286069012608,-0.0222092553379985
-0.113207285216194,0.0240516036730153,-0.0641280894153257,-0.059323321989753,-0.0044358172792575,-0.0562220402823269,-0.0203351995471956,-0.0285716589747202,-0.00406110158229854
0.0223082678523215,-0.00693373447418178,-0.0172330993120112,-0.0269811804650886,-0.0195688014988652,-0.0282929774694405,-0.0107854526558848,0.019798516893049,0.00874076631649129
-0.0740232395274773,-0.046577301552573,-0.0213754580890463,-0.0709093439619368,-0.00854603096586498,-0.164549245638042,-0.00874381074507109,-0.0203153746738886,-0.024044166340692
-0.0158057761522531,-0.00375351447485598,-0.0112168247052748,0.0183184130737609,0.00647063711521797,0.0354878042575222,0.0109382441301552,-0.00247064840830167,-0.000428630234943931
0.0243144760846654,0.0260183017723194,0.0213845722459508,-0.0139699099835885,-0.00537746249386798,-0.00276191134965239,-0.0031790338826424,-0.00453564219692714,0.00769877879704694
0.00911512121673254,-0.00962609768093922,-0.0123158546089504,-0.0132867517769153,-0.0206491412407786,-0.0215178509806498,-0.0407043472352384,0.0035763380832644,-0.0222948594337492
0.108383276494843,0.0475712389634998,0.0550131416407845,0.0262579658784429,0.00759370399633683,0.113473587413321,0.0255195688757194,0.0238245200587897,0.0219045171218547
0.0334407596147101,0.0160922230267981,0.0052945607195419,0.00884765453324683,-0.0111471689933974,0.00946769385021112,0.00177304106371148,0.0274766860464068,0.00706260386542424
0.0767390672225022,0.0447780710019648,0.0558079173514337,-0.0159753116751147,0.0122396661073783,0.0572301085012435,0.0194237894541856,0.00296369105478953,0.0105416614996718
-0.0334532399668534,-0.00317001507298693,0.00130025894808277,-0.0199074712261114,0.00940472869975703,0.0171542885497371,0.0200971404758966,6.62025358270653e-05,-0.0089079395537251
0.0204586170314777,0.0118231656650166,-0.021452231286172,-0.016489012901708,0.00142023908325552,0.00663929439878763,-0.0232258427924301,0.0181441189456831,-0.000369096861127863
-0.0567292373019107,0.00813521967330527,0.00222879378792639,0.013835840642948,0.0142969226678314,-0.0348389886860345,0.00422478356705551,0.020292678769984,-0.015835413890764
0.0122000416620946,0.00318805594038966,-0.00467574737379247,-0.00976397827334777,0.00199732329889888,0.0177856521398921,0.00091380804540884,0.00817623675265349,-0.00792953587979952
-0.0990049645273498,-0.00292397184208256,-0.0366688009747457,-0.0375117593809575,0.00440343624050495,-0.106013863977029,0.00166874553376692,-0.0180843656673823,-0.0236336144012864
-0.00612661839146869,-0.00137582155172568,-0.00697704900832703,-0.0113140309614002,-0.0259539715956002,-0.0255037006268413,-0.00401615030977144,0.00298877646337241,-0.00456653482941641
-0.0280255654967165,-0.0393955359886374,-0.0139158325250889,-0.0461892010246449,-0.00127503131870484,-0.0413844684232311,-0.0098424619561625,-0.0489164242307911,-0.028679650742667
-0.0681303567898509,0.00337374045968947,-0.0353805416490065,-0.0226259942323779,-0.00867725839176376,-0.10169154406244,-0.0123527496714816,-0.0128779912513824,-0.00567450075630811
0.0491388892340278,-0.0113356583829536,-0.0218340121878098,0.0039168016774981,-0.0221925392246033,0.0398712978823096,-0.0232866431805093,-0.0196993430351195,-0.0133308847657004
-0.00922276824059815,-0.00158315434034297,-0.0337846243895248,0.0190351843517179,-0.0108950837587077,-0.0251410246972386,0.00130384558550246,-0.00204713023504235,-0.00602881246592714
0.0330264796503215,-0.0253965553800338,-0.00132312049684353,0.0383598711496269,0.00554384045829213,0.0671937585811971,0.012462598383801,0.00414313976580165,0.00479551457721692
-0.05043952713842,-0.00507182086099645,-0.0131154269630658,-0.0315560744365355,-0.0097060499333799,-0.0565286572178625,-0.0270806897869647,-0.00613781305123645,-0.0116135321467399
-0.0366261156621517,-0.0191864906037435,-0.0349269285704574,-0.00624096071642028,-0.014419943085418,0.0282087735175503,-0.00428545553260492,-0.0123245239964915,-0.0191339846206436
0.0719737350980223,-0.00750396826510458,0.0133190621255954,0.0261008023602148,0.0121844524565486,0.0945142748097924,-0.00208970286721079,-0.000444543599910893,0.0118197809007867
-0.076331900432759,-0.0327416816877774,-0.03658225246597,-0.0419771111725546,0.00839552503523383,-0.0748072466019033,0.0262133273298995,0.0100763135339308,0.0128173556196154
-0.0711363632885559,-0.00041691253153872,0.00315688822325225,-0.0380342272746751,0.0199708075725422,-0.0982362476089668,-0.0339912694146651,-0.0198483583338616,-0.00816264356320095
0.00632564972591097,-0.0100891999528772,-0.0138316539355728,0.00783422884767136,0.0125374982759378,-0.0453000445520977,0.014049157583851,0.0357131649434181,0.00871075401834119
-0.0116127448903748,-0.0186508039746141,-0.019086423624545,-0.0277971452607657,-0.00991973709052902,0.00899352345208006,-0.00929207512338973,-0.0048007913066036,-0.015044806203751
-0.113153091051591,-0.0426821152307446,-0.0252150809519881,0.0239451506426646,-0.0218768214555492,-0.104925935148038,-0.0364543528800934,0.00581126158590852,-0.0262637421201126
0.00710278196315964,0.0229886733485336,-0.0182684032113863,-0.0240909143784874,0.0109406976899047,-0.00539566696984637,-0.00056042575603661,0.00994660781760005,0.00622290542322272
-0.121269639647624,-0.0690906508487619,-0.0564989460396381,-0.0707146696749266,-0.0201903602063852,-0.139310035567988,-0.0269146485887819,-0.0245949839093514,-0.0196664724492776
0.020817458748317,-0.00688185176699613,0.0104785570030664,0.019528152691546,0.00120299746041687,0.0532019303729489,0.00579953390692892,0.0063597012816801,0.00105179693361246
0.00319663328449965,-0.00670864789692088,-0.0431620613261296,-0.0269082210505183,0.00153484807125176,-0.0547813441177541,-0.0101132920806676,0.00438418357915358,-0.00433079405572394
-0.0512668644992092,0.00963581835997889,-0.0305517461524746,-0.0482606451481136,-0.00423351005443334,-0.121942393709706,0.00719295155688874,-0.0109168938067618,-0.0141487637075478
-0.0281025668421935,-0.0118579581490701,0.0080873390855905,0.0304465159607108,0.00413911751677601,0.0165296549044684,-0.00628466920537296,0.00699782307278255,0.00814173351568824
-0.0268499266003622,0.010327285880706,0.00998207139781699,0.0280117051317005,0.00492227201476097,0.0243177323877315,0.019761433113453,0.0122476496632946,0.00555294161139672
0.0603594407165872,0.0174763741169127,0.0133674844818419,0.0354341639983343,0.0194810420213359,0.0548602746397668,0.0326934513529887,0.026530826318348,0.0258078704761525
-0.0290431421608753,-0.0163984529910196,7.2555068622842e-06,-0.0219427922975788,0.00272774737123803,-0.00760406371836111,0.00822970112007785,-0.00384496720888579,-0.0203887763965794
0.0275716263428527,0.0189841143781365,0.0225986845465612,0.0122390533147809,-1.41150680673898e-06,0.0295007773885769,0.00943418318396821,0.0017665453621108,0.0140405849844394
0.00611904320190118,0.00347021324754,0.0126536276462207,-0.00893460030350932,0.00015794704256314,0.0344756237156993,-0.0080028589658432,-0.00778090491337529,-0.000920579544775543
0.0253692298767247,0.0143331428373407,-0.00390965583009656,-0.000330919029321648,0.00453432061053117,0.00494483120553851,-0.0171139643665647,0.00381695037558683,-0.000756028827838423
0.04385830383634,-0.0124659532112637,0.00433667965138506,0.00298723390971271,0.00274141308190599,0.0646252878987116,0.00460269111055625,-0.0249314990677302,-0.00549760391512182
-0.0269948997858244,0.00634731769744597,-0.0113876410213568,-0.0219364035438732,0.00306776537426916,-0.0396278014758007,0.00369407341332479,0.00760250939147098,0.00446458369140999
0.0236276964098566,0.0157175696525746,-0.00331135496423577,0.00258914311488523,0.0123557582890807,0.0232242195224604,-0.0028088577389638,0.0094747128416654,0.0164514816429799
-0.0336557204520617,-0.00222765924364629,-0.0309716647906712,0.000430252964193516,-0.00548039183729388,-0.0476820127277278,-0.00237182645409588,0.022555432321288,-0.00944416316119802
-0.027129093952247,-0.0139624984556261,-0.00741948121012139,-0.00676210412380113,-0.00760154540074356,-0.041634745251479,0.00407661107049627,-0.00199334730766117,-0.00754409056195636
-0.0239745369525549,0.0163379019092121,0.00268614633513274,0.0146896311330702,0.0114843376244478,-0.0244044276350425,-0.00310525831718319,-0.00259942856533186,0.0109236974246901
0.0353891314067101,0.0272400760513578,0.0155933613319092,0.0692327803452755,0.0231700414547594,0.0859509606926981,0.01610816646758,0.0433663108876568,0.0116161349861419
0.0591215871237732,0.0426532839807752,0.035655336461128,0.0376781505605807,0.00184266799492721,0.0474586667608197,0.00221532542650024,-0.00306969208366783,0.0341292640147683
0.021829645235608,0.0170411320037783,0.0203064863754148,0.0255830604247362,0.00833646390595874,0.0236926896203048,-0.00305108152143934,0.0303507349212166,0.0196741195021257
-0.0323232381335047,-0.00198650724088313,0.0192307165790792,-0.0189418728423341,0.00589112870721662,-0.0976783194806255,-0.00243176789884497,-0.0119079075027409,-0.00749424850314304
0.0101896034414287,0.00821156067763341,-0.00568075218471389,0.0284018869229134,0.00548903867456324,-0.010627503674341,0.0168679893145061,-0.023835787257951,0.000756712860194547
-0.125530251986259,-0.0410589534353179,-0.0315250895237562,-0.0883966714861831,0.00174130342491335,-0.150351308527192,-0.00862791150038273,-0.0243185236024076,-0.0232520984310542
0.0223919026968997,-0.0143782651870188,-0.000995163096707835,-0.0084433046624407,-0.015719205713861,-0.0231641198802424,0.00466235202558594,0.0168915431540808,0.010630580097821
-0.0152321748424363,-0.0200406862140879,0.00298383723083606,0.0271309978667821,-0.0109067320436501,-0.0353954583187967,-0.00752341230982587,-0.00968553697708247,-0.0112261721711452
-0.00747570545907576,-0.0321995588158207,0.00268289758678153,0.00477872161665012,0.0148334855897383,-0.00151202538503547,-0.00422260896204442,-0.000345576518657439,-0.00554583281332561
0.0219693804313667,-0.00337341022601191,0.0170591246029886,0.0101180017787448,-0.0190734028012096,0.0165510561408656,0.00474473948441187,-0.0129594214495668,0.00232528051575162
-0.0419974704471228,-0.0198659777416864,-0.00957175565691437,0.00151658346149209,0.0275855215476581,0.0554248996958692,0.00862505918934948,0.0109811985333747,-0.00562514584836088
0.0778439713379362,0.0104005149475756,0.0239209845978065,0.0169438919614574,0.006001950348813,0.068810528047143,-0.0117356051443106,0.0213413288741564,0.0147185909438792
-0.055191021964582,-0.0399308510121014,-0.00457985090809464,-0.0158521279667446,-0.000100612748650695,-0.0702308764317906,-0.0239940010849619,-0.0146385160616892,-0.00243072495836228
0.0633834530696019,0.033307798176447,0.0282763708383176,0.0413019988462824,0.00886972863583938,0.0596595012074445,0.0158124007588684,0.0251098486674276,-0.00331320237360175
-0.0380635315701851,-0.0128405817799501,-0.00737717389298838,-0.0313463061266323,0.00994747442337692,-0.112489070685613,0.0119653815736286,0.00747175303106767,0.00430279605543193
0.00853896062456041,0.00963822719148605,-0.00544742496918608,0.0512048281585326,0.0227827950290979,0.0419240625078881,0.0193341240744196,0.0145441284913845,0.0352748234256867
-0.0763899051307076,-0.0215640233923349,-0.00157857590445089,-0.0169425085893463,-0.00739677398328303,-0.0719805348661755,-0.0199021990969268,-0.0275828055935741,-0.02648345503952
0.0550622438811097,0.022526639687844,0.0134434038845438,0.0228072441398403,0.00438023289119118,-0.00454957095623485,0.00897109863232902,0.0257117498665531,0.0110577201513288
-0.0303575292244724,-0.0135641306330835,-0.0153304158512863,-0.0232197224344935,0.00621145987162487,-0.0479446356069656,0.0166814802887033,0.00910178117774721,0.0177350637195247
0.0234222273286786,0.0380616088821576,0.0210648869688325,-0.0191809529407355,-0.00510619806797349,-0.0302930134444218,0.0234523115920453,0.0240813116262229,0.00102426529706715
-0.0187778949839153,-0.0193972350633519,-0.00889327248295288,0.0125482484295381,-0.00684953601245028,-0.00985334692559037,-0.0145222405771453,-0.0124044071083312,-0.00808712884360962
0.11435885614479,0.0309580959580174,0.0347372624627598,0.0222532472718511,0.00815844057990842,0.123467613537734,-0.00316020061253103,-0.0117331638523591,0.0173952912572198
-0.0761546745533411,-0.0441675757126683,-0.0269436223752264,-0.0655702053145163,-0.00528672049858997,-0.0661137171379886,-0.0105924588759326,-0.0255541829280842,-0.0411781424463075
0.0297395865330368,-0.000514803398073297,-0.00240488286386184,0.0130564294140756,-0.0118589040848023,-0.00338941565303513,0.0146233297564663,0.0077277208966899,-0.00647233942773683
0.128856264915902,0.0631575239913617,0.0416140759700733,0.0427403896835784,0.0375387332417251,0.0873980612445243,0.030768130237069,0.0400655325099772,0.0459692829216445
0.0899539596876068,0.013972690659333,0.0257018195109352,0.0352400486092326,0.021301508520292,0.100521265065193,0.0244765917164871,0.00665163659119319,0.0321047078632411
0.0397086267662492,-0.00833512776102847,-0.00770527454652604,-0.00993013984042927,0.00220133583213261,0.00585633927380148,-0.00357015511928985,0.00236628452866361,0.000812795517045296
-0.182415412283407,-0.074132848763021,-0.0496785777095694,-0.106647375193346,-0.0114301229102278,-0.208438671499925,0.00481629996252983,-0.0657289363048588,-0.0304102448852763
0.126585155172391,0.033657341311663,0.0399007300326663,0.0346393028712144,0.0249852299670634,0.0764097513459532,0.036898716418522,0.0363036765919924,0.0420619449893786
-0.0103516784735471,-0.00227479685634132,-0.00560083174348872,0.00617586179320852,0.000494256664266278,0.00291044219503111,0.00452717743037135,-0.0153419994586522,-0.00356530384294213
0.0668042349650498,0.0512134601394009,0.0201566280173015,-0.00707312795801055,-0.00938464854369861,0.044511477050499,0.00368311625361519,-0.00333216860754369,-0.011481774248608
-0.0136258168500126,-0.0114746195058607,-0.00104546240158063,-0.0300238518865264,0.00936017156393369,-0.0556224101135878,0.0047709551111779,-1.91517559219369e-05,0.0133238995580724
-0.0338335841024518,-0.00239366759973224,-0.031129839736405,0.00316829632553808,-0.0190451806240908,-0.022225125385515,-0.00751967486649056,0.00146560586007351,-0.0113447516767239
-0.00139750102161022,-0.00895115720880868,0.00542833528576594,0.010757528019059,-0.00670437228078101,0.00273551306750002,0.00222221616571492,-0.00040907600526085,-0.00810105789316836
0.0144364109332468,-0.00398320715688713,0.007017452663634,-0.0184978796406179,0.00660999322221178,0.00567614511962758,-0.00785652618291945,0.00705505887053806,0.0102194230183843
0.0951309125387798,0.0345751558548494,0.0562362686348702,0.0311415875197937,0.000226398411592332,0.056486572370329,0.00756422489782094,0.0352845068392391,0.0132929235436852
-0.0880598073948561,-0.034552747020014,-0.0049519794870628,-0.00412064298995543,0.00435592201773153,-0.0556221723190988,-0.00402957195162966,0.00592501847004156,-0.00809596644693449
0.0075166131151665,0.00717776397915123,-0.00266955303250085,-0.0380969826472534,-0.00753282120396408,-0.00617106249995405,-0.0101518314608489,-0.00816689943434873,-0.0172226721168485
-0.0563158895118733,-0.0382330487934421,-0.0435647267573899,-0.0229647940371566,0.00173484106669196,-0.0214662453391997,0.0323256032485477,-0.0233932241735527,0.0203081598238503
-0.0213845596829919,-0.0178851018119596,-0.00842403735968468,-0.0120561489576175,-0.00676854511215331,-0.0738134586146479,-0.0169181763356422,-0.0164851705893206,-0.00664927521307199
-0.0226433478788378,-0.0305705589688538,-0.00180183164133268,-0.00374047310131597,-0.0274482591060904,-0.0470133315139436,-0.040189212332044,-0.0374939522798305,-0.032439145459139
-0.064843891666263,-0.0378703182581471,-0.0290220804111886,0.042730266411608,-0.00477620090224832,-0.0528505371268366,-0.0195091566118331,0.00551888638839882,-0.0202384682051733
0.0766267677223015,0.0347458714788926,0.0117125496508537,0.0142218141679732,-0.0274305734386628,0.0615336855325394,0.00563834282336702,0.0171813319438292,-0.0115028871697336
0.088272829011957,0.0487650766770883,0.0258591511013532,0.0368490060917105,0.026394837108104,0.039008959946075,0.0487498074866229,0.0287528600428805,0.0570770065441387
0.00714442420064894,0.0254064840281849,0.00558635717415397,-0.017077448360617,0.00994262854661778,-0.0331458455629402,0.00365385593220626,0.0123198002812281,0.00734834274714543
0.0178968783637855,0.00530594267639292,0.0214505730301701,0.0179989234152414,-0.0103325341080089,-0.0121487924418345,-0.00773504930352858,-0.00754127154538939,0.0102878959321384
-0.0874314197543124,-0.0288020827696756,-0.0182696942134065,-0.0553479294982149,0.00205120286005698,-0.104271349472133,-0.00847080431263124,-0.0182098131752287,-0.0114149912726152
-0.00908001678444896,-0.0237056594636163,-0.00289201105508828,-0.0191599794203067,0.0178563828329175,0.030440542832996,-0.00121288075250819,-0.0223351602939339,-0.000249526869515318
-0.0391062341877043,0.0162145126285331,-0.0344951188675148,-0.00872970129327872,0.00311431709900082,-0.0712852777186263,0.000270809008980541,0.000928410997070321,-0.0175544151514583
-0.0507680972247296,-0.0359518306414731,0.0190451053155656,-0.0164320516826666,-0.0212904303622091,-0.0245964678751644,-0.0419467671543009,-0.03913589335485,-0.0104763915482216
-0.0103360332114888,0.00802508634110065,0.0300706180010418,0.0176141464055361,0.00427048326954361,-0.00202347818953678,-0.00112996286026402,-0.00105551795171386,0.000314822161814067
-0.0694682850056759,0.0222395157416733,-0.0359858376596087,-0.0336847389058007,0.000977207282760147,-0.0551142873615217,0.000393503103272158,-0.0106204001485355,-0.0164801038074567
0.105414481144627,0.0537682212552684,0.0298601514926861,0.0282349706459268,0.0238679356561299,0.10298510861737,0.00452694196810804,0.0332058066295226,0.0374771101801441
0.0333172230019463,0.0219600150402075,0.0188512619674883,-0.0231804728133304,0.01425832379002,-0.0445179683594557,0.00454024117409934,0.0189145359301736,0.0202357424066545
0.0660462539552651,0.0442497079603821,0.0542895959561282,-0.00126908524374225,-0.0291306086848591,0.000748231863459894,-0.0161804911706389,-0.00216337404017213,0.00350988024023067
0.023147727875964,0.0137049992989267,0.0422074545431855,0.0293148375318678,0.0130657278754074,0.0199097378452097,-0.00664903516743002,0.00227746161256314,-0.00863730260417156
-0.0341565270361512,0.00946767579508906,-0.0258003484138373,0.00901481650485599,0.00761650799335358,-0.0967772571060992,-0.00365167414692467,0.000838539555776646,0.000101907345963635
0.0277504434474032,-0.00973981616253704,0.00408942384948084,0.0377508792808964,0.0211902673156124,0.0437068957849838,0.0329137960651087,0.0455913915097347,0.0331343426589691
-0.0366040058323889,-0.0177442143157331,-0.0194923956867984,-0.0164656353344047,0.00706413658899397,-0.0393329606830957,-0.00559827957544013,-0.0350669793844195,0.000200293736610979
-0.11302742556016,-0.0667966427586863,-0.0256498887351536,-0.040146176984501,0.000301012967208485,-0.0151102072576284,-0.0136058215554612,-0.00578567801707319,-0.029505544574637
-0.0151274170331141,0.0156839548730308,0.00866870389161855,-0.0144279193305913,0.00129557593013728,-0.0320471547798852,0.00140619984738665,0.0130463842782107,0.00640020219887209
0.0089729417483517,-0.0127638601485308,-0.00439886377141796,-0.0376419184024548,-0.0343741596939718,-0.0414588669728205,-0.0195646999869204,-0.0354874949495116,-0.0616384139401261
-0.0568583222489134,-0.00102924774422514,-0.0140669386876441,-0.0333962635049819,0.00986799259302456,-0.0450047880194923,-0.0105411767526071,-0.00757238738655766,-0.010520426498254
0.0295652393755342,0.0299940644260891,-0.000196132264358436,-0.019527970245421,0.0196190531374956,0.0114111792770432,0.00834366978594352,0.0106697919586335,0.0135303317819833
0.00256800219568242,0.020467982953742,-0.0127060068106177,0.05821227420906,0.0245442483167683,-0.00191952594155212,0.0306458478048072,0.00656425194321628,0.0440816019796436
-0.0789842111008093,-0.0223407447968184,-0.0168466054603174,0.00212683972788168,-0.0266923321450078,-0.0392916478845527,-0.0251754297593488,-0.0127359927479556,-0.0123304936514042
0.00472959819181986,-0.00344105076587323,0.00238901781407593,0.0188153602550195,-0.0192219917220396,0.0209001615321767,0.00122460993440073,0.0233288742481154,0.00509522578343271
0.0591217439602429,-0.0104435426437106,0.00486205226772878,-0.00294430296996306,0.0010746759505902,0.0311143923205706,-0.00719086869963951,0.0186322651651335,-0.000924813108495713
-0.0763604765007601,-0.0823975519672136,-0.0400167087349201,0.0158937029494586,0.00549857239435063,-0.0735477689406443,-0.000280515179649815,-0.0123364095541164,0.00576285510335107
-0.0345433706831626,-0.00295541263433582,-0.0228634422145361,-0.00459435141641236,-0.000151026682052979,-0.0036219269225321,-0.00274030582557254,-0.010825496624447,0.00328045047117702
0.0447740001900499,0.0063561803043549,-0.00775728942338667,-0.00662268795155888,0.00609517301236452,0.0391749177282999,0.0242272060456569,0.0126018051503751,0.00252301231299111
-0.110164657397034,-0.0603718576844823,-0.0285682843854829,-0.0606811891983523,-0.02779377022408,-0.0824650276574228,-0.0619521256026436,-0.0122906120472088,-0.0281057176212198
0.039546286492169,0.0125824067330563,0.0195661567666469,0.0317854355370499,-0.00645512098257814,0.00292163685269204,0.00315948100570029,0.0157865800370086,-0.00535554167138076
0.0445069252319716,0.0405805171020073,0.011570553064833,0.0227951479838791,0.00381403712280669,0.0440120588480858,-0.000445776159484895,0.0393348560611083,0.0207318419305764
0.0605690361468391,-0.0159636889131496,0.00406921469159145,0.0203937726349788,0.00323117749028176,0.0507655382420134,0.00400203493427658,0.000152689406753562,0.0153069471464228
0.00705354348034273,0.0149746999006276,0.0135792913263584,0.0411399819172722,-0.001091003176751,0.0412593432382186,-0.00788811965323557,0.00975256123350927,0.00649544713079995
-0.0057518325638404,0.0110864261663445,-0.00595796874105309,-0.012524427952604,-0.00255319436640258,0.0119700663652831,-0.0062089058549939,-0.0205521609096947,-0.0275261555805928
0.0557721724042414,0.0374378657937629,0.0228085044024359,0.0444637381294334,0.0110729623253557,0.0936547051502139,-0.00777463433258914,0.00391944894266565,0.0153450248636401
0.0487005367428128,-0.0121991215981142,-0.00169553373788978,0.000561040922166714,0.00172554289841907,0.083300516522884,-0.0159302987486399,-0.0300588981916604,-0.0144077576164504
-0.0197914974267744,-0.0210696597295469,-0.0235726834304387,-0.0382709847831373,-0.0088275717106132,-0.0530326088062117,-0.00571572610739681,-0.0134467040865718,-0.0136961816822013
0.0284161936317808,0.0101452178524126,0.0539129269551753,0.0598693613853076,6.97861849646734e-05,0.0425300996737875,-0.0093974534776669,-0.000322475253904428,0.0102417004604399
-0.0371864512576451,-0.0514470916060818,-0.0234635343288206,-0.0321915411855006,-0.0135549744839318,-0.0791430610867657,-0.0284054203656534,-0.0230466730832964,-0.011875220621626
0.0449870716229309,-0.0133069931974087,-0.00876708068121223,0.0238631242106964,0.0128941074999587,0.0505212376519731,0.00184544771474994,0.0153877361495583,0.00802229312551027
-0.0388179477408294,0.00371450683215452,-0.0135510726924761,0.00333463789783941,-0.00880634590669655,-0.0659557464594858,-0.0184800764991561,0.00555159711692618,0.00717316271675736
-0.0242295790135573,0.0158924010295009,-0.0113698989962919,0.026753523709403,-0.0150220637462663,0.0249406087783116,0.00330413847838222,0.0244830846473884,-0.0139589869165694
-0.0751660442754715,-0.0297569816928614,-0.0252290335884222,-0.0467959513435031,-0.00876917223761284,-0.074276248664696,-0.00241167737222378,-0.0250794351208308,-0.00692957804755537
0.0634436135047,0.0197526984924392,0.0140399879980512,-0.0254625402427916,0.0149127198788565,0.0919047777216478,0.0167352563699941,-0.00152494682435069,-5.89439962715686e-05
-0.0659668309678179,-0.00885312637526109,-0.0147910978770982,0.00664015130792367,0.0138295294473617,-0.0530335997308291,0.00752529943789083,-0.00773540208232586,0.00878816937764912
0.0174755380778242,0.0140079583029573,-0.00322875605805877,0.0290162146071178,0.00208077444592897,-0.0621452436607272,0.0222279465792846,0.0280317307068316,0.0159856725839646
0.0901411513966592,0.0568880306431776,0.0264769981102233,0.0164198349038842,0.00165351472749504,0.0921666830427865,0.00461490069157857,0.00550102441912987,0.0250682599877336
0.0244258116769193,0.0092571614756411,-0.0179742859688115,0.0399313888039882,-0.0109473762727149,0.0616911210381775,0.00838717596302894,0.00515041130056319,0.0133463905326975
0.0106079086998961,0.00929778034822641,0.00422240465810503,-0.000947539044884927,-0.00924237332387917,-0.0310882365280429,-0.020428553152213,0.0158099092971451,0.00496204551265046
-0.0700688894473207,-0.0540098070484007,-0.0434883755871978,-0.0645318313283147,0.00430639349579766,-0.0969373025181452,0.0126501793626468,-0.0381655317799992,-0.0228847108601912
-0.00179352581143791,-0.0218335164942511,0.00701830356892573,-0.00159927714999475,-0.0131528442947085,0.00537731010162987,0.00441939645601114,0.0123760144695339,-0.0227508479294158
0.0239623339274321,0.00357863947185503,-0.00794971259701727,0.0489019484105017,0.0169052541481972,0.0508561077775309,0.028385014308587,0.0223725417041277,0.0192545243693491
-0.0696544808550529,-0.0250446784184749,-0.0323989788612824,-0.0435241295331171,-0.0177336234046245,-0.0852132051801084,0.0203735563276361,-0.0479545876766227,-0.0496201511663312
0.0392109563078882,-0.0235957522748521,-0.0185375705793608,0.0201585006011277,0.00161154278995301,0.0431723466085866,0.0179071483373153,-0.00938441957264633,-0.0052346456521682
0.0493334843911169,0.00561070029214576,0.0275901118428534,0.0548034944742488,-0.00251591806333456,0.11869803819638,0.0403122324326865,0.00980275837173883,0.0403713880451134
0.0584127351901407,-0.0100329746097222,0.00264114812852805,0.0305721893815726,0.0336201881994716,-0.0307878282811299,0.0213752970608958,0.0194772209727846,-0.00308696880734234
0.0699854875903433,0.0274177861461931,0.0153833765531147,0.0169858510875375,-0.00113702605472415,0.0231170268435055,0.0185662751342235,0.0176562029810214,0.00199726230531297
0.0173050955883257,-0.0060273265439561,0.0156546180542491,0.017840360522233,0.00163452954789294,0.067577845863791,0.0121562823836728,0.000726474226394914,0.01172374800339
-0.0123618916976325,0.0122597469047152,0.00243645856351551,0.00987984676923584,0.000126152476987959,-0.00496839939472785,0.00664985973934818,0.00212783912504395,0.00711627698389029
-0.0384115863673572,-0.0384146369192313,-0.053435195335432,-0.0148876989236802,-0.011489243445372,-0.0586239216019098,-0.0243660679592719,-0.00596834954553118,-0.00955306057962636
-0.0291666081318201,0.000598315595127116,7.12545376880553e-05,-0.0321063090116009,-0.0145657106790355,-0.0171909228632496,-0.0153575186086986,-0.00764433528624928,-0.00672988989774186
-0.0509795318178826,-0.0268977621291056,-0.0215408849158619,-0.0316457997340977,0.012471262720753,-0.00373320547792981,0.00187619009806664,0.00172891301367379,0.00492729924615643
-0.0190644482409953,0.0173480236166205,0.0123787170045784,-0.0145728082856834,-0.0119034647764882,-0.012379471081339,-0.0104162396842979,0.00805599599397262,0.00458490890649185
0.0464414089841634,0.00775703190821097,-0.0110488691585749,-0.0108675814537329,0.0172492725185944,-0.0281454478663418,0.010931058581289,0.0372228850582062,0.0280110159077004
0.116746015119065,0.0368829287090405,0.0198793973709183,-0.0299185217501309,-0.0120682310084473,0.0062527996167759,-0.0241993365518151,-0.00223712615585975,-0.0125413221954087
-0.0030721183362262,-0.00999440599788591,-0.00554287422841736,0.00560221538732173,-0.00791062419102112,-0.0218376252995348,-0.0268981843244808,-0.0160387557686878,0.00867960352558421
0.0710431917985597,0.0395375412896927,0.0484045014352596,0.00716404072352929,-0.00483714416968198,0.0472966121141999,-0.0208876018390049,-0.017890698318,-0.0163624088241525
-0.0258956932724034,0.0213578897524363,-0.0110219527892876,-0.0136641465808291,0.00346346575203159,-0.027226827035863,-0.00485952642567106,0.0139187207863126,0.000954287572191229
-0.0435402516864892,-0.0266686836206986,-0.0211913364999233,-0.00703390403675662,0.0090126287450114,-0.0387467845057627,0.00433324902936322,-0.0126610937066884,0.00714739913683946
0.0599464429905342,-0.00969734413166065,-0.00571774570499163,0.00058577366385374,0.0132009619937565,0.0635788572493984,0.0187817223861689,0.00808592130469451,0.00770209075866738
0.146676055293681,0.0253264013501269,0.029083247317419,0.0375602787918765,0.0150970047838343,0.0953102614918984,0.0213691032779807,0.0256808940662208,0.022591138691868
0.0141776765802572,-0.0292808504299139,0.00047748710182252,0.0145598587149334,-0.0133740352919368,-0.0275082430270024,-0.00255533254023163,-0.031063121603061,-0.011420976122873
0.00895667965492349,-0.0450754910274906,-0.0168035187537514,0.00223359825443526,-0.00136326029113144,-0.000470690501462318,-0.00614926956031974,-0.00867511429652223,-0.0102133413421578
0.0216025004313253,-0.0124696880592388,-0.0247252779332683,0.0288051889451437,-0.00138569334991893,0.0346148235842459,-0.00336228336757426,0.00870574870788897,0.0195041748149155
0.0173411406578593,0.0128078213751167,0.0178429495298977,0.0273552874033529,0.00726668881371724,-0.0356055979350689,-0.00496269798583484,0.0147360917491328,0.00663658315352622
0.0197282608815814,0.0116086506409451,0.00515530318184517,0.00664153745826188,-0.00567700830412123,0.0271688481566208,-0.0219699532193323,0.0226923834425394,0.0192780693296996
-0.0342297187354402,-0.0406172878505359,-0.0182681742446276,-0.0320624472871322,-0.00409360291982192,-0.0571362011136851,-0.00365462229688198,-0.00721947728963048,-0.0091156098615341
-0.0206103144276223,-0.00412025229334108,-0.0250511392087992,-0.0258305508442738,-0.0118190001838403,-0.0697462464768599,-0.000878401361705438,0.00495936232409067,-0.0133376822922332
0.0144646092521112,0.014775267097127,-0.00405110274923111,-0.0104128912980755,0.0205849950580452,0.0138578825981141,0.0172136320339831,0.0125635114372738,0.0237938549592975
0.0883437856951866,0.00489699432703312,0.0182646513439158,0.0201731140527223,0.0123219623779159,-0.0105184921055923,0.00132054763437114,0.00367367197072605,-0.00177583167072712
-0.0776287313744312,-0.0392343985842088,-0.0381971915646933,-0.0214289146658863,-0.00852534151574219,-0.084209146074789,-0.0264519933641757,-0.0110686333525992,-0.0209249507654903
0.0880284089746113,0.0472159439513323,0.0415770702989449,0.126513302758165,0.0132868782721526,0.0489651377229039,0.00451861085384594,0.0345634226441581,0.0445472289720155
-0.0519451219385056,-0.0118525398439189,-0.0184886960214957,-0.0250651558348279,0.00569024519609983,-0.0554675732792338,0.00117401035259728,0.00695760084003853,0.0080068272262449
-0.0179829346703637,0.00827479886873564,-0.0115039035916928,-0.0253037756918018,0.00376697643757732,-0.0368944778100734,-0.00926414207240844,0.000782195427806628,0.0127853498357694
0.0652940080444121,0.00861412796570259,0.00773563643200552,0.0204955809727011,-0.0100708050534371,0.037117821067488,-0.000456507143190489,0.0222420702247612,-0.000353746601380676
-0.0401922612452835,-0.0130307040964539,-0.0155063191339608,-0.0336176332708051,0.000181372139799179,-0.0508774831306172,-0.0167441602040254,0.0182335620198989,0.0189957955158715
0.0331146139510503,-0.0342105954826286,-0.014323778396637,0.00614384596560135,-0.00353600349950638,-0.0788054035607547,0.00468922907558787,-0.0115515777579533,0.00333782433253433
-0.0633968678241539,-0.0268735185776079,-0.0180072416790594,-0.0427355993794157,-0.0103623482700951,-0.0465291488188848,0.000172559323774037,-0.0327956737222195,-0.016668344936117
0.0302413012388038,0.0154640855254062,0.0265420391354871,0.0392094426358707,0.00533658996781476,0.063572770432433,-0.0213470716786866,0.0105703035793622,0.011285349413321
0.00686277274010424,0.00880095963580738,0.00842774263461497,0.00878288611730823,0.0117453347973323,-0.00496176068189315,-0.00341223437059246,0.00498208689705805,-0.00428649728250366
-0.0177596392421599,-0.0107111080995537,-0.00917137975693883,0.0338816832734126,-0.00546275728481529,0.0422520455996754,-0.00933074091965709,0.00213449660464466,-0.00980847167453899
0.000451064937898872,-0.00508178907918304,0.00378309062581627,0.0154380654436144,0.00836550917877204,0.0184985059519666,-0.00253811542400323,0.011495053230024,0.0212534828923302
-0.0529668237665572,-0.0120411184853199,-0.0180112245571839,-0.0399414012386026,0.0010284467857171,-0.0601832495219174,0.00902484021058472,-0.0107419271168392,-0.0107497253026985
0.0206004217311205,0.00295430722939557,0.00282488014393262,0.00390788336692601,-0.0127293331286948,0.00747621799048592,-0.0118346505671484,0.00297651986059639,-0.0261109027762811
0.0231702141727151,0.0100201462682836,-0.0155236478143554,0.00479920994957889,0.0147213125941482,-0.0137526099949959,0.0248396916503544,0.012989964398105,0.0078923523837606
-0.0902528462843824,-0.0150834089429246,-0.0131773671605363,-0.0452104108611198,0.0039488952235506,-0.0640431125022978,-0.00820169568452584,-0.000922964620859675,0.000530938845749983
-0.0290545073679879,0.00524353776049131,-0.00180655910926769,0.00626791808034973,0.00177912901895139,-0.0195900209698856,0.000190339343599141,-0.00231369017778494,0.0012512462786271
-0.00939376960374345,0.00781823097245369,0.0185229983008758,-0.0135373169381425,0.00713116155424303,0.0288780290776057,0.00356812118050028,-0.029529857547906,0.00318981226534678
-0.0689230564505878,-0.0461180621690751,-0.0210979788653958,-0.0193653578063103,-0.0115115267716493,-0.0293230873250311,-0.0142918029028757,-0.0271050129745577,-0.0357022070852203
0.0802059446001295,0.0369871938432463,0.0307426945964543,0.0484322177329298,0.00583464893316996,0.124536910247433,-0.00209006733412635,0.0219016416934501,0.0059881907981554
-0.03033601127682,0.00816233044077424,-0.0201226277195342,0.00556972034303856,0.0139372489208265,0.00916851280867105,-0.00653572142147158,-0.00469925807202307,0.00206533710908791
0.147186142968955,0.0534158554214183,0.0475749362675014,0.0169614491498282,0.0106945623286335,0.0640627444240912,-0.000427578863233716,0.00693774932468004,0.00616858749070822
0.0178264467411674,0.0460609254084548,0.0184800663335794,0.0331549859574041,-0.0194889452231074,-0.0277523474254438,0.000290228485435098,0.00951665501779226,-0.010861242920946
-0.00653832564537131,0.0213648995894498,-0.00135573053613326,0.0246444880767792,-0.00536267318146562,-0.0313511384124823,0.0157497968695645,0.00803201972712892,-0.0168115056677496
0.0417824035750261,-0.0104299336097571,0.0160714440631242,-0.00669925966608914,0.0181155956954192,0.0286252512983966,0.0230230579107626,0.0144130152346833,0.0273174443517044
-0.0820141995656837,-0.0246495396351387,-0.0420429611302685,-0.0397227049410605,-0.0144698941804156,-0.113954070319389,-0.0105598457602531,-0.0219668388291431,0.00175629079278814
0.0161698742932407,0.00647312549985562,0.00530005814912093,0.0373561755082285,0.00335544839983949,-0.0134731016542826,0.0130190174683676,0.025976312911011,0.00119217949259503
0.0164597064948,0.00662367792153159,0.0120816496878832,0.0580334136882424,-0.00142912567578311,-0.00230912928073348,0.0133685307314528,0.0264277301405023,0.00827529535790722
-0.060517354666553,-0.0187142635910049,0.00494023004738081,-0.0219446698246136,-0.0401525347769691,-0.0732003727360451,-0.0113292428206557,-0.05139833973808,-0.0323463853235051
-0.0551833860862151,-0.0180838180613134,-0.0143638921183759,-0.0234957689396468,-0.021898267125872,0.00079579903270337,-0.00933936755703759,-0.0122294406863015,-0.0272319270604173
0.121258010633404,0.0203438519336105,0.0284541993124718,0.102904691017717,0.0162248643957666,0.147531635587412,0.00702321388403195,0.0390936958603807,0.0209014739177767
-0.039231239261161,-0.029182984529549,-0.0321638699233627,-0.0525276296734785,-0.0175795406673319,-0.0220738346707999,-0.0282049837459633,-0.0248964995073052,-0.0333604410439014
-0.0366805374034967,-0.00862029254182756,0.00431116534849266,-0.0145132267570926,-0.00524120996070585,-0.0358555205584086,-0.00756636908520163,-0.00149621486635288,0.00486396950633051
-0.0837685888597979,-0.0100832201197645,-0.0126067163669081,0.0243171489884694,-0.00237856315228819,-0.0965372804667451,0.000363000998294303,-0.00905121448635438,-0.00571642094012307
0.0671969567356554,0.033923769295268,0.0174646039009165,0.0814083564339084,0.0256539670844346,-0.0201386174703451,0.0299759979365057,0.0333259937680452,0.0401309075516309
-0.0133454487511244,-0.0208871991358734,-0.0266021479222297,-0.00167502509224605,-0.000339338968228702,-0.00197471580767535,-0.00411295769444203,0.00625778907346425,0.0132412140393725
0.0724756272182722,0.0246769101390998,0.0110417277382604,0.0123391294511237,0.0206129617186888,0.0498912121081085,0.0366526207815337,0.0297236269573493,0.0258712987008978
0.0502097525475069,0.0308092913972654,0.0415874367949711,0.0610086416040831,0.0146080885255066,0.130873998705518,1.7463377810396e-05,0.00193943814502872,0.0226605169991139
-0.136494451211323,-0.0971514783714832,-0.0224685649512299,-0.0606909687061331,-0.0214036713848839,-0.101728397646237,-0.0177032553687891,-0.0510704980450237,-0.0518725106423771
0.00593656703672087,0.0293777583728777,0.0229665209451891,0.0566997533463694,0.0183140378331856,0.0273878731106395,0.0160625171044485,0.0282411380377807,0.0329020039893438
-0.0394640208461253,-0.0491467709223834,-0.00653306386083368,-0.00562166920165623,-0.0126635088716457,-0.0504027614437059,-0.00299039095999545,-0.0135937659731649,-0.0124202411076691
-0.0131406282276477,-0.000312677373085033,-0.0187089621960043,0.0296269217052407,0.0151643719519482,-0.0277422476902335,0.0102665115694451,-0.0045483693950543,-0.0106171702704048
-0.0391296008417878,0.00596842819728951,-0.00669328796242378,-0.0104647587036639,0.00565768762839544,-0.032818900807702,-0.0205070716531721,0.00372061756103463,0.00538833389086546
-0.0297129026230703,-0.00567551454490837,-0.0103191427688151,0.0127688842648317,0.00992144394818083,0.00546402873151867,-0.00408582334999342,0.00553756341730017,0.0147376887604178
0.00366715851993898,0.00219675537812932,0.0168964530760483,-0.0106981741818757,-0.0097584113084494,0.0110329642402392,-0.00866334793074017,-0.000231474449758732,-0.00633619213403844
-0.0781734980280789,-0.0150093134232934,-0.0434115041625366,-0.0437009576196083,-0.0181157117438583,-0.0213889148989883,-0.0061055414352549,-0.0359742198779942,-0.0114601408516268
-0.040783770092904,-0.0189743887976229,-0.00974831872304688,-0.0224733966938234,0.0143702308045414,-0.0450318881513001,-0.0105641884180571,-0.0232218261839237,0.00115096576136751
0.0585221329906344,0.0364578101735763,0.0391152451541653,0.0326619325695732,-0.00134738709541025,0.026345190789623,-0.00478907594491843,-0.00535469043839263,-0.00382259368135489
-0.0240843261993651,0.0081078205358922,-0.0201856820470668,-0.0301983864763971,-0.00324323249700426,0.0118987923842093,-0.0120507048167705,-0.0268873342103736,-0.0264340802973685
0.0312828827175282,0.0144509517501022,0.0126284074636339,-0.0135421063743499,0.0173963344582668,0.0222360779944848,0.00534442297985376,0.00557131010857937,0.0233039236245335
-0.00167056889397045,0.0130427999914929,0.0109687209782848,-0.00747519994667689,-0.0355624577474453,0.0263797395676514,-0.0105310453344208,0.000638284538714315,-0.00694164652470888
-0.0172956974017705,-0.0115161721354387,-0.00624725462108361,-0.00275092033274212,-0.0276434178047634,-0.0678470675163828,-0.0148343896813311,0.00299573094076074,-0.0447062479029415
-0.047184881250052,-0.0250870906808867,-0.00658386986874018,-0.0215104157459561,-0.0277658176044101,-0.126692264493007,-0.0107296225149393,-0.00779060332581078,-0.0322037127758972
0.068354159341348,0.044743405631734,0.0434100543854558,0.0266144837653827,0.0339341677011838,0.073531635930875,0.0100618729412674,0.0278515407954772,0.0375656476293647
0.0535155099416888,0.0268979140327679,0.0148203668619448,-0.00750668046098507,-0.0246549117198004,-0.00905703930354222,-0.0151284878717143,-0.0307479994056871,-0.0179417299224242
-0.17135672403759,-0.0458116117614957,-0.0608696333531578,-0.0899297401346614,0.000604748884464844,-0.152046203270562,-0.000810567218225811,-0.014458450368218,-0.00973417964841912
-0.0156313515863851,0.00749349690374463,-0.0187248584509302,-0.00508904147022355,0.00399574626968535,-0.0332910891994735,0.0127641984739602,0.0187939495406444,0.00537676404622872
-0.07293724117669,-0.00734305541083102,-0.0239860337466877,-0.0380860162347015,-0.0134565064335898,-0.123162733239401,-0.017313276615862,-0.00999744821081534,-0.00363710070118194
0.0142842230318398,-0.0464441973522332,-0.0358176529565191,0.0213199571528383,0.00021790349543446,-0.0170155936148343,0.0250415141153451,0.00445798222147934,0.00468312291138336
-0.0239115874472686,-0.0190153758237677,-0.0330472709809176,0.00633683052119968,-0.00738701355311902,0.00512731802706892,-0.0188086584119903,-0.0128877215410733,-0.0168102377540771
-0.0408099673226008,-0.040776136851808,-0.0402111495646394,-0.009343731976734,-0.0135300890609063,-0.000190888230796399,-0.016925011840206,-0.00809953813776743,-0.00930982037908484
0.0119892952432821,0.0373912253259346,0.0460394984613871,0.023753936127511,0.00307980666548145,0.026430943831831,-0.0142742068477003,-0.0017494121885446,0.0250860190722278
-0.0821225473960368,-0.0439368251280723,-0.0578155239006559,-0.0623998436535195,-0.00425142386114055,-0.0823226768415045,0.000137031197474975,-0.0301746512272264,-0.000314493282315654
-0.0249454997418104,-0.0191576033842424,-0.0100504067752129,-0.0235664485675606,-8.09746319466091e-05,-0.0484583271359067,0.0149062654945666,0.0057996354499872,0.00524484131379197
0.0788699786934497,-0.0247949952164009,0.0175253083329107,0.019495567822398,0.0104245531759931,0.131915689453874,0.00643748928225568,0.0131126808888801,-1.82558391025902e-05
0.0294165622813721,-0.016416347778742,-0.0164056472788003,-0.0331930150492942,0.0192777594482943,-0.00317057802139757,0.00478015186044494,0.0277222308303326,0.0164849137066082
0.0412835463708774,0.0247672943461025,0.0199848160207455,0.0477475696876242,0.0046269322947467,0.0139839476826997,0.00150128355140849,0.00820695904656854,0.00152229427692975
-0.0989188509567825,-0.0395500254896866,-0.0420029455199842,-0.0435496578248135,-0.0163923860947581,-0.104353896007743,-0.0162900321397134,-0.0214276762302398,-0.0208958776406602
-0.00121594023313012,0.00677764187019321,-0.0078160548733853,0.0248464772694254,0.0175307938942539,-0.00682188038407994,0.00554816630334095,-0.00142479384278722,0.0128108189567032
-0.116316794383941,-0.0713432937190531,-0.0113687875552868,-0.058329519278798,-0.025821220561696,-0.108380061923862,-0.0287104006229677,-0.0519099882860106,-0.0876399876332082
-0.019832343669539,-0.0100365441535105,-0.000105110728597698,0.00565727818621194,0.00582731016203728,-0.0246629461940337,-0.00308593470179294,-0.000867447393179783,0.0082883639876474
-0.0161080095997281,0.00692982617308079,-0.00990655066613607,-0.0211127356541707,-0.021278024605869,-0.0164900559353403,-0.0174345827462377,-0.0270854811486353,-0.0324121455476355
0.0118225813926322,-0.0254844760782582,-0.0142038429118172,-0.0208999829448347,0.00692666687877786,0.0362466173121825,0.00259748627720565,0.00656520052936017,0.00998144363194051
-0.0502595958692138,-0.0133742675515164,0.000279879653253054,-0.0401734432752419,-0.00627812269115,-0.0648536725684704,-0.0195918209004719,-0.0324284906854194,-0.0208590171016144
0.0245697821007089,0.0201215857199094,0.0065557103457039,0.0327634182330559,0.00434516238192166,0.010518528511255,-0.0156931075532592,0.0262997027612222,0.0260475290604816
-0.00366819336827541,-0.0263778768164257,-0.0295918232032919,-0.00371131306253791,-0.00743814155581579,-0.0137742231269733,0.00963322099017866,-0.0104577874959616,-0.0181086446559546
0.0264460196369734,-0.0259663769832898,-0.0143832010837957,-0.0237454909215381,0.00590752776679472,0.0100542602414304,0.0111209659461948,-0.00841275602989518,0.00734398772038852
-0.00685730301788727,0.0254999450201564,0.0151267182252205,0.0237215055060682,-0.0103829948460082,0.0331080229607185,-0.017565500561405,-0.00686617131737413,-0.0174079613467425
0.01209352601067,-0.0171369681676384,-0.0198021854307124,0.0421380214007949,0.00849560150694178,-0.0210215240720801,0.00642097140645672,0.0044872502417299,0.00385181720507721
0.0277728212750117,0.0174246529246646,0.0193162984561118,0.0205515964869962,0.00881457946450977,0.0946343475463514,0.00216926031028473,-0.00333883475321423,0.0113980848821569
0.00271087429984663,0.00736875439542636,0.0156996319037884,0.0263844945810013,-0.00951355038284502,-0.0168322081021464,-0.0166973783407117,0.00650791097040046,-0.0305305669982606
-0.023933960373542,0.00552401635708015,-0.0173932598324518,-0.0308313245894518,0.0133605547163775,-0.021081338347398,0.00933172001150872,0.0111774246494654,0.00783662404485837
-0.000928129286934902,0.0198699950052521,0.0112076209482901,0.0388587628280808,0.00937268182598723,0.0286211970926776,0.00767607994735704,0.0264155858463736,0.000381978919268087
-0.0370796425913644,-0.0579919881574157,-0.0119515432651657,-0.0374430430038361,0.000647935101117249,-0.0628222384459076,0.000460031644074844,-0.00887660486882811,-0.00684904938858128
-0.105299444648288,-0.0347065285892587,0.00380761845657981,-0.0709173422785094,-0.0364469272304824,-0.131787550317081,0.00922985876962732,-0.0504158613491238,-0.0736871960336816
-0.0238603531097666,-0.0105715282495421,0.00503880728659474,-0.0156513133796228,-0.00663104020194817,-0.0325592554074882,-0.00199855407420086,-0.0255700317058138,-0.0195052253699671
-0.00672841555019187,-0.0210908271315173,-0.0212353624745399,-0.00994171673806679,0.0149921434100579,-0.00391329103112375,0.00546188326743278,0.0132410838131882,0.000994722343651623
-0.025397170044357,0.00448935481718243,-0.0276221952154772,0.00368796958636165,0.00432536466159808,0.0376170976625418,-0.00104308142091884,-0.0107027190026355,0.00461033933299294
-0.0130661139376746,0.0202595884715922,0.00344374876115491,0.0115254307381309,0.00410714246957118,-0.0122730800433977,0.010696771367745,0.00815426136527232,0.00994104174890902
-0.034580810536825,0.00186290853318887,0.00591213660951183,0.0195005560658513,-0.0182182910427195,-0.0456811915749772,-0.0152914331507026,0.0212523722712516,0.0128536540576843
0.106731769510899,0.0345435457748638,0.0363210519618817,0.0185089049711597,0.00380380659970021,0.100813329044504,-0.00412454870768593,-0.00323433234626676,0.0225020611464059
0.0115993622702617,-0.0230136957556023,0.000865667143862269,-0.00448938856288235,-0.00966673819911183,0.0292823124870006,-0.0231544061792666,0.00824492660293749,-0.00422060974817431
0.0901770444498997,0.0405638328219553,0.0332790401945843,0.018293602004933,0.0272111614827578,0.0995898354387548,0.0160589824220293,0.0133845015336722,0.0396700638585324
0.104830486555412,0.00318262523178612,0.0242545565207392,0.0144020072146613,-0.00627855991805103,0.141561321903016,-0.000709168241900195,0.00446076966734315,-0.00347889476958157
0.144980288730057,0.0320054528200888,0.037964031017043,0.0307946083851135,0.0263527459756517,0.151914205985004,0.00917676213906308,0.0276009446976756,0.0267355968604901
0.0532933706384911,0.0313254367708601,0.0192260974531514,0.0289483801096316,0.015717760003044,0.0102571533554059,0.00365384964657738,-0.0042636595836746,0.00569527219830101
-0.0422055184735153,-0.0136792537746603,-0.031126369417131,0.0027502918956319,-0.0128841473220458,-0.0934582862081022,-0.000238316806924344,-0.035213918054004,-0.0102221645265191
-0.00414854120473507,-0.00664343310088949,-0.0133453705157299,0.0173180928984017,0.0132812113251434,0.0738998916903599,-0.0022754191396599,-0.00629882671290625,0.00160195645736089
0.00868015298083536,0.00534074814736619,0.013546213452831,-0.00457129243280008,0.00129699267706514,0.00737775476051545,-0.0123446501376802,-0.0105836554316382,0.00940781282978854
-0.0235488956009424,0.0131466402089224,-0.0115702316144723,-0.0287942379344774,0.000904393191305613,-0.0524095509777465,-0.00775442744123336,-0.026609689035706,-0.00816977603042617
0.034445101711796,-0.0046633331049325,-0.0136036244603609,0.0336881485088356,0.000159936410843513,0.0270275275687168,0.00481272609377677,0.0202567041454115,0.011854205719329
-0.0763075287123825,-0.0302326629744324,-0.0523643160336618,-0.042663096109687,-0.00903053670793615,-0.0690413205956403,-0.0176641944283928,-0.0253946205438475,-0.0225503123250813
-0.0254865254816149,0.00846781348205992,-0.0105987247072523,-0.0489415313558907,-0.00113326468100043,-0.0243196195887508,-0.00578799438589835,-0.00449438325539102,-0.0251465608394341
-0.0989488622440799,-0.0286898284969762,-0.0078724134595964,-0.0244195339840558,-0.000577326175668621,-0.0768539824300488,-0.0129429283297475,0.00425721611512738,-0.0178309307582138
-0.020232036990973,-0.0198252770891561,-0.0158528277990314,-0.0220347499913618,-0.00876194975312759,-0.0540062722501833,-0.00219354034687267,0.00870250616144418,0.0115010227573677
0.0920862578926143,0.0802581199165286,0.066936459387691,0.0449194232652938,0.0252075221457496,0.0675297293074448,0.0207184350689011,0.0279423845675396,0.0184369338002912
0.153544309171032,0.0784891606054538,0.0578950835775072,0.0582707482639265,0.00724961036657586,-0.0389227397976453,0.0379507384770934,0.0356441931435449,0.0465642306979884
0.0113701312879194,0.0207090476279498,0.0185780894720502,-0.0170612797570236,0.00986403207860666,0.0118463081803414,-0.000320445106419781,-0.0131484368186104,0.00186540617458473
0.051600362258734,0.0133929316605074,0.000302863797153276,0.0349606994188104,-0.00383244999032397,0.0239718101433047,0.000788575183745692,0.0380966856668467,-0.0005827130404835
-0.0342887023189907,-0.000816751170486792,-0.0138674826919808,0.00661203181925791,0.00931263221041072,-0.00338497275624659,-0.0070205764560826,-0.0237234892898187,0.0098998268298165
-0.0100385072710785,-0.0487144713623392,-0.0384663644919874,-0.0207079970534003,-0.0238779526649139,0.000253667678627207,-0.0261965873076026,-0.00394744323107774,-0.022367320714728
-0.0144359868196804,-0.00111105585395614,-0.0281597401722104,0.00992226976040688,0.000896956885164769,-0.0214177287809943,0.00515625285422358,-0.00438515454580163,0.00353598392898446
0.0227498967440042,0.0205923264999623,0.0019530743085663,0.0416151112902583,0.01172957129591,0.0446765661476657,0.0101739483593798,0.0174865087216688,0.0211708156724939
-0.0662619849908053,-0.0126655780652287,-0.0593929327144351,-0.0182196252809979,-0.0278225394686452,-0.0754972401644184,-0.00498146218024972,-0.0105037670466796,-0.0129401446151066
0.0266994875141722,0.0198888113233335,0.00852933281138946,0.0123668098243219,0.00398062966389783,0.0357074461212997,-0.00630916558526582,0.0107100820911095,0.005493267185876
-0.043109480282987,-0.00488569993164961,0.00423157647425558,-0.0258461045712386,0.00364135718052637,-0.0381744526875631,0.00168412130330537,0.00292469328523455,0.00106238353644678
-0.0392492413567035,-0.0172180072866678,0.00514771364706267,0.00233598844165815,-0.0122517988007713,-0.061038740502094,-0.01543861922607,-0.0154488840271737,-0.016814905840222
-0.00399907463160859,-0.0159098546444597,-0.0244636055328235,-0.00476508179676762,0.00120162528753006,0.00148902574377817,0.0249886377400787,0.0167954602920125,0.010220882899765
0.0188532360410138,-0.0108754518978511,0.0250485672136804,-0.0151316785589029,-0.0196568488791789,0.0398897964684452,-0.0125745150183988,-0.0133814715364255,-0.026652634260693
-0.015695520419541,0.0145677231855638,-0.0191852789218588,-0.00242725542454435,-0.00137090062959345,-0.0104847455413572,-0.0021874162069841,0.00687479890070842,-0.00352090072626728
-0.0044977957747672,-0.0335782469197517,-0.0319470016214438,-0.0220262064033624,0.0115991557216431,0.013613426975166,0.00301655060913483,0.0101156893406399,0.0142862293306618
0.0769561594413938,0.0207788389001959,0.0109635232370047,0.0219579938244249,-0.000554592546227079,0.0852871386111471,-0.00190285042918938,0.0155856587274819,0.0198551607225418
-0.0499840451019864,-0.0243987334342033,-0.0380092209539253,0.00289289588823363,-0.0154869343054399,0.0644349987931181,-0.00221276220934144,-0.00936983528711812,-0.00821460414183042
0.0098479562537386,-0.0404339211175462,0.00408306964093391,0.0117974392118143,0.00640641890405036,0.00348395569045099,0.00067935284470453,0.00600185774637634,0.00502834708134288
-0.023023823317446,-0.0247584875671257,-0.00960599389910704,0.00892706569188995,0.0138383710811576,-0.0191732697519978,0.017337744653621,0.0190259876877998,0.0218354275196947
-0.0883109643408934,-0.0359429191878738,-0.053113044126944,-0.050252321491923,-0.0105877229341204,-0.0914283709541648,0.00327541093583231,-0.0329685538019837,-0.0131253051701651
0.038341732783291,0.0312495752052954,0.017373115730439,0.039573110626066,0.0341643326090134,0.060890479332647,0.0384398964844246,0.0320116566454244,0.0429877177957253
-0.0481560293564764,-0.0265810196659114,-0.0276183530834738,-0.0223805431682382,-0.0030852422781912,-0.00550232206004324,-0.00365867185514176,0.00683378736821748,0.00212933494468754
-0.000410235871600339,0.0335372693858734,0.0312382956281334,0.0216169772193099,0.0162966267722089,-0.0182249497494511,0.0356246363557959,0.0531809132802815,0.045407349391639
0.0450309992017795,-0.0228764491950831,0.000215096869120549,0.00042698072519613,0.00550940403225318,-0.0303186167423129,-0.00548139705604,0.0173627688567382,-0.00405685540515636
0.00273399052709118,0.00816069342429345,-0.0130709793685296,0.00265193336514536,0.00455521399469145,0.00899173014268713,-0.0137010445293281,0.0162242921054316,0.0154284365118282
-0.0872951440896121,0.00973876182396336,-0.0614904699709964,-0.0456685822835888,-0.012324624191463,-0.0835899844772887,-0.00121003801746993,-0.000325597193810762,-0.0122290431615877
-0.000866372886172826,-0.0157502055557427,-0.0195599643990173,-0.0348560328746925,-0.00736398339929689,-0.00517225435902893,-0.0056760846828109,-0.00109833375675523,0.000178489524618619
-0.0722796069790133,-0.0260013057066227,-0.0368754553913728,0.0124973910697235,-0.00238789070036239,-0.0582944430137695,-0.00534619367845549,0.0035354091478761,-0.00814232957074477
0.0126279473041738,0.0123628378429784,5.27432678253999e-05,0.0385186140348588,0.00612274697241921,0.00550283868444041,0.00525230445581946,0.0127491469740827,0.0245361432265078
0.0239047421158619,0.0162561734237457,-0.000366329563605874,0.0135305708985599,-0.00203231398037256,0.0120471405039112,0.00778472323482336,-0.00615129441567345,0.00290249661463252
-0.0459539642941245,-0.0353582537080412,-0.0123928629534447,-0.0203716918232932,-0.0345608713317274,-0.022237484224479,-0.0334495836500453,-0.0243396049939403,-0.0421172445453177
0.0739010741607655,0.0481386190907305,0.0486125009152556,0.0392079287253339,0.0319075132495099,0.0464362469886209,0.0371592407693133,0.041519277354046,0.0309336305076861
-0.0608938158625776,0.00124347370554012,-0.0355301058184902,-0.0192560366681456,0.00296328773662076,-0.0795305113150338,-0.0100278921189815,0.00742044880636639,-0.00375928364418943
0.0047967841653389,0.0198265621711388,0.00891053580812156,0.0127225050794924,0.0165467643071511,0.0475768291990738,0.0258855930883344,0.0159994034016728,0.013178863736858
-0.126487271073494,-0.00683825126956713,-0.0360052528528005,-0.0340880319801262,-0.010411005743841,-0.0957753555921588,-0.0183816807028072,-0.0361071760791804,-0.0222466236399834
-0.033519440294422,0.0319097658006326,-0.0158207481560551,-0.0193801617801724,-0.00481445052823742,-0.0448864471814116,-0.0260886674066211,-0.0345726275006952,-0.0437610582789689
-0.084714063811664,-0.0231923416733427,-0.0412314024221548,-0.0322640845952574,-0.0141970132208907,-0.0947431116219656,-0.0188992703656222,-0.0250234642464339,-0.00920305291483894
